

----------------------------------------------------
STRUCTURE by Pritchard, Stephens and Donnelly (2000)
     and Falush, Stephens and Pritchard (2003)
       Code by Pritchard, Falush and Hubisz
             Version 2.3.4 (Jul 2012)
----------------------------------------------------



Command line arguments:   bin\structure -m G:\My Drive\Hoban_Lab_Docs\Projects\Butternut_JUCI\Graphical_Stat_Results\PostIndRemoval\24pop\Reorg_Results\STR\butternut\50-50\mainparams -e G:\My Drive\Hoban_Lab_Docs\Projects\Butternut_JUCI\Graphical_Stat_Results\PostIndRemoval\24pop\Reorg_Results\STR\butternut\50-50\extraparams 
Input File:    G:\My Drive\Hoban_Lab_Docs\Projects\Butternut_JUCI\Graphical_Stat_Results\PostIndRemoval\24pop\Reorg_Results\STR\butternut\project_data

Run parameters:
   993 individuals
   11 loci
   7 populations assumed
   50000 Burn-in period
   50000 Reps


--------------------------------------------
Proportion of membership of each pre-defined
 population in each of the 7 clusters

Given    Inferred Clusters                                   Number of
 Pop       1      2      3      4      5      6      7      Individuals

  1:     0.245  0.049  0.355  0.042  0.209  0.053  0.047       40
  2:     0.188  0.028  0.353  0.045  0.310  0.038  0.038       45
  3:     0.439  0.027  0.238  0.030  0.172  0.048  0.045       62
  4:     0.315  0.047  0.165  0.034  0.352  0.055  0.031       48
  5:     0.224  0.052  0.333  0.042  0.271  0.039  0.040       87
  6:     0.263  0.031  0.386  0.042  0.183  0.057  0.039       70
  7:     0.041  0.132  0.072  0.227  0.049  0.198  0.282       22
  8:     0.027  0.212  0.026  0.313  0.024  0.169  0.230       11
  9:     0.041  0.096  0.056  0.259  0.200  0.165  0.182       33
 10:     0.052  0.170  0.040  0.245  0.195  0.191  0.108       48
 11:     0.032  0.089  0.042  0.221  0.319  0.132  0.164       48
 12:     0.051  0.148  0.055  0.267  0.033  0.266  0.179       90
 13:     0.033  0.057  0.027  0.145  0.020  0.158  0.560       63
 14:     0.076  0.136  0.100  0.261  0.029  0.259  0.140       16
 15:     0.068  0.184  0.119  0.122  0.081  0.332  0.093       31
 16:     0.014  0.785  0.017  0.068  0.059  0.026  0.031       16
 17:     0.097  0.056  0.091  0.168  0.027  0.113  0.448       24
 18:     0.046  0.154  0.075  0.433  0.036  0.144  0.112       12
 19:     0.043  0.187  0.070  0.247  0.035  0.206  0.213       54
 20:     0.043  0.311  0.070  0.199  0.050  0.251  0.076       96
 21:     0.031  0.368  0.086  0.145  0.020  0.171  0.181       22
 22:     0.061  0.572  0.088  0.095  0.086  0.067  0.031       23
 23:     0.037  0.379  0.027  0.240  0.026  0.226  0.065       13
 24:     0.118  0.110  0.059  0.263  0.051  0.197  0.203       19
--------------------------------------------

Allele-freq. divergence among pops (Net nucleotide distance),
computed using point estimates of P.

      1       2       3       4       5       6       7      
 1      -    0.0354  0.0204  0.0291  0.0350  0.0280  0.0319  
 2   0.0354     -    0.0368  0.0114  0.0477  0.0133  0.0199  
 3   0.0204  0.0368     -    0.0302  0.0340  0.0311  0.0320  
 4   0.0291  0.0114  0.0302     -    0.0343  0.0073  0.0084  
 5   0.0350  0.0477  0.0340  0.0343     -    0.0417  0.0357  
 6   0.0280  0.0133  0.0311  0.0073  0.0417     -    0.0119  
 7   0.0319  0.0199  0.0320  0.0084  0.0357  0.0119     -    

Average distances (expected heterozygosity) between individuals in same cluster:
cluster  1  : 0.8207 
cluster  2  : 0.8337 
cluster  3  : 0.8080 
cluster  4  : 0.8541 
cluster  5  : 0.8243 
cluster  6  : 0.8463 
cluster  7  : 0.8516 

--------------------------------------------
Estimated Ln Prob of Data   = -46496.8
Mean value of ln likelihood = -45065.1
Variance of ln likelihood   = 2863.3
Mean value of alpha         = 0.0556

Mean value of Fst_1         = 0.0616
Mean value of Fst_2         = 0.0351
Mean value of Fst_3         = 0.0598
Mean value of Fst_4         = 0.0175
Mean value of Fst_5         = 0.0689
Mean value of Fst_6         = 0.0233
Mean value of Fst_7         = 0.0271


Inferred ancestry of individuals:
        Label (%Miss) Pop:  Inferred clusters
  1    C3984    (0)    1 :  0.018 0.008 0.731 0.011 0.205 0.014 0.013 
  2    C3985    (0)    1 :  0.082 0.013 0.145 0.015 0.719 0.010 0.015 
  3    C3986    (0)    1 :  0.113 0.007 0.047 0.009 0.800 0.010 0.014 
  4    C4231    (0)    1 :  0.071 0.011 0.452 0.044 0.359 0.040 0.022 
  5    C4344    (0)    1 :  0.771 0.014 0.090 0.022 0.053 0.022 0.029 
  6    C4347   (18)    1 :  0.507 0.055 0.320 0.020 0.057 0.026 0.015 
  7    C4352   (18)    1 :  0.069 0.021 0.391 0.031 0.439 0.018 0.031 
  8    C4355    (9)    1 :  0.119 0.014 0.747 0.012 0.042 0.041 0.025 
  9    C4358   (18)    1 :  0.019 0.082 0.063 0.376 0.045 0.239 0.176 
 10    C4419    (9)    1 :  0.019 0.019 0.705 0.026 0.087 0.123 0.022 
 11    C4428    (9)    1 :  0.129 0.016 0.687 0.010 0.128 0.017 0.014 
 12    C4436    (0)    1 :  0.105 0.015 0.333 0.013 0.507 0.012 0.014 
 13    C4437   (18)    1 :  0.033 0.036 0.091 0.025 0.755 0.040 0.020 
 14    C4450    (0)    1 :  0.026 0.051 0.500 0.067 0.160 0.112 0.084 
 15    C4531    (0)    1 :  0.008 0.018 0.014 0.021 0.898 0.016 0.025 
 16    C1615    (0)    1 :  0.061 0.095 0.191 0.082 0.429 0.067 0.075 
 17    C1616    (0)    1 :  0.074 0.146 0.207 0.098 0.066 0.388 0.020 
 18    C1617    (9)    1 :  0.165 0.018 0.751 0.014 0.014 0.028 0.010 
 19    C1618    (0)    1 :  0.029 0.035 0.169 0.034 0.603 0.020 0.110 
 20    C1619    (0)    1 :  0.140 0.078 0.338 0.068 0.133 0.033 0.211 
 21    C1620    (9)    1 :  0.054 0.047 0.349 0.063 0.286 0.023 0.179 
 22    C1621    (0)    1 :  0.032 0.494 0.270 0.044 0.029 0.079 0.051 
 23    C1623    (9)    1 :  0.016 0.129 0.032 0.045 0.501 0.048 0.229 
 24    C1625    (0)    1 :  0.139 0.138 0.438 0.054 0.048 0.025 0.157 
 25    C1626    (0)    1 :  0.048 0.135 0.495 0.096 0.030 0.162 0.035 
 26    C1627    (9)    1 :  0.036 0.038 0.819 0.019 0.055 0.013 0.021 
 27    C1633    (0)    1 :  0.018 0.013 0.927 0.008 0.013 0.011 0.010 
 28    C1637    (0)    1 :  0.052 0.026 0.848 0.019 0.017 0.023 0.015 
 29    C1650    (0)    1 :  0.047 0.033 0.289 0.024 0.550 0.041 0.016 
 30    C3202    (0)    1 :  0.914 0.022 0.016 0.011 0.016 0.010 0.012 
 31    C3248    (0)    1 :  0.096 0.011 0.842 0.018 0.010 0.011 0.011 
 32    C3304    (9)    1 :  0.778 0.013 0.114 0.014 0.017 0.051 0.014 
 33    C3326    (0)    1 :  0.474 0.028 0.108 0.136 0.141 0.086 0.025 
 34    C3333    (0)    1 :  0.920 0.014 0.018 0.011 0.010 0.014 0.011 
 35    C3339   (18)    1 :  0.330 0.018 0.499 0.021 0.019 0.071 0.042 
 36    C3346    (0)    1 :  0.946 0.005 0.011 0.007 0.012 0.008 0.010 
 37    C3349    (0)    1 :  0.742 0.018 0.080 0.036 0.015 0.076 0.032 
 38    C3367   (18)    1 :  0.847 0.023 0.022 0.015 0.056 0.021 0.016 
 39    C3374    (0)    1 :  0.022 0.006 0.932 0.008 0.014 0.009 0.010 
 40    C3405    (0)    1 :  0.725 0.013 0.113 0.021 0.019 0.064 0.044 
 41    C4543    (0)    2 :  0.050 0.012 0.031 0.013 0.849 0.026 0.019 
 42    C4545    (9)    2 :  0.015 0.008 0.031 0.011 0.884 0.009 0.042 
 43    C4551    (9)    2 :  0.018 0.026 0.154 0.302 0.397 0.038 0.064 
 44    C4491    (0)    2 :  0.081 0.030 0.095 0.106 0.559 0.050 0.079 
 45    C4494    (0)    2 :  0.620 0.008 0.165 0.011 0.170 0.012 0.014 
 46    C4495    (0)    2 :  0.655 0.018 0.047 0.149 0.073 0.016 0.044 
 47    C4497    (9)    2 :  0.050 0.012 0.858 0.019 0.026 0.018 0.017 
 48    C4501    (0)    2 :  0.013 0.014 0.809 0.023 0.037 0.081 0.024 
 49    C4502    (0)    2 :  0.051 0.014 0.588 0.013 0.233 0.022 0.080 
 50    C4503    (0)    2 :  0.013 0.018 0.012 0.021 0.757 0.011 0.168 
 51    C4504    (0)    2 :  0.099 0.096 0.166 0.097 0.171 0.148 0.222 
 52    C4470    (0)    2 :  0.019 0.020 0.767 0.075 0.065 0.026 0.028 
 53    C4471    (0)    2 :  0.033 0.014 0.253 0.018 0.620 0.036 0.026 
 54    C4474    (9)    2 :  0.008 0.024 0.013 0.036 0.885 0.015 0.019 
 55    C4476    (0)    2 :  0.016 0.009 0.873 0.012 0.064 0.011 0.015 
 56    C4479    (0)    2 :  0.075 0.032 0.798 0.014 0.054 0.017 0.009 
 57    C4482    (0)    2 :  0.183 0.180 0.088 0.050 0.433 0.054 0.012 
 58    C4483    (0)    2 :  0.008 0.011 0.010 0.013 0.934 0.011 0.014 
 59    C4484    (0)    2 :  0.252 0.026 0.121 0.038 0.427 0.064 0.072 
 60    C4485    (0)    2 :  0.383 0.052 0.345 0.073 0.045 0.064 0.038 
 61    C4489    (0)    2 :  0.123 0.021 0.498 0.017 0.276 0.034 0.032 
 62    C4505    (0)    2 :  0.024 0.012 0.816 0.025 0.092 0.016 0.015 
 63    C4507    (0)    2 :  0.013 0.012 0.371 0.052 0.352 0.068 0.131 
 64    C4535    (0)    2 :  0.013 0.024 0.016 0.028 0.873 0.020 0.026 
 65    C4542    (0)    2 :  0.020 0.029 0.020 0.211 0.383 0.308 0.031 
 66    C4553    (9)    2 :  0.092 0.020 0.098 0.049 0.705 0.020 0.016 
 67    C4562   (18)    2 :  0.046 0.023 0.133 0.041 0.697 0.017 0.044 
 68    C4582   (18)    2 :  0.024 0.029 0.067 0.023 0.818 0.021 0.018 
 69    C4693    (0)    2 :  0.021 0.011 0.027 0.009 0.914 0.010 0.008 
 70    C4696    (0)    2 :  0.033 0.024 0.099 0.083 0.699 0.022 0.039 
 71    C3179    (0)    2 :  0.801 0.012 0.093 0.018 0.015 0.018 0.043 
 72    C3181    (0)    2 :  0.197 0.023 0.666 0.034 0.016 0.044 0.020 
 73    C3188    (0)    2 :  0.083 0.019 0.811 0.020 0.015 0.026 0.025 
 74    C3190    (0)    2 :  0.843 0.022 0.019 0.022 0.029 0.051 0.014 
 75    C3193    (0)    2 :  0.255 0.028 0.661 0.021 0.014 0.012 0.009 
 76    C3232    (0)    2 :  0.085 0.009 0.791 0.010 0.083 0.011 0.011 
 77    C3236    (0)    2 :  0.825 0.009 0.098 0.010 0.040 0.009 0.008 
 78    C3249    (0)    2 :  0.334 0.032 0.493 0.029 0.023 0.055 0.034 
 79    C3250    (0)    2 :  0.022 0.009 0.926 0.009 0.014 0.013 0.007 
 80    C3253    (0)    2 :  0.008 0.010 0.944 0.011 0.010 0.008 0.009 
 81    C3255    (0)    2 :  0.138 0.010 0.790 0.013 0.030 0.010 0.010 
 82    C3277    (0)    2 :  0.088 0.062 0.703 0.053 0.018 0.044 0.032 
 83    C3315    (0)    2 :  0.021 0.146 0.493 0.083 0.076 0.080 0.100 
 84    C3288    (0)    2 :  0.898 0.021 0.019 0.014 0.022 0.013 0.014 
 85    C3293    (0)    2 :  0.796 0.031 0.023 0.034 0.051 0.035 0.029 
 86    C4018    (0)    3 :  0.210 0.007 0.026 0.009 0.724 0.016 0.008 
 87    C3980    (0)    3 :  0.030 0.011 0.015 0.010 0.910 0.014 0.010 
 88    C3987    (0)    3 :  0.027 0.009 0.042 0.009 0.891 0.012 0.011 
 89    C3988    (0)    3 :  0.052 0.011 0.055 0.013 0.851 0.008 0.010 
 90    C3989    (0)    3 :  0.792 0.009 0.059 0.070 0.033 0.027 0.010 
 91    C4011    (0)    3 :  0.153 0.005 0.135 0.005 0.689 0.006 0.006 
 92    C4017    (0)    3 :  0.013 0.006 0.015 0.007 0.945 0.007 0.007 
 93    C4296    (0)    3 :  0.029 0.038 0.472 0.241 0.064 0.095 0.062 
 94    C4301    (9)    3 :  0.088 0.016 0.012 0.018 0.010 0.802 0.053 
 95    C4303    (0)    3 :  0.585 0.267 0.035 0.031 0.015 0.036 0.030 
 96    C4453    (0)    3 :  0.610 0.046 0.093 0.016 0.135 0.031 0.069 
 97    C4455    (9)    3 :  0.870 0.029 0.017 0.015 0.039 0.014 0.015 
 98    C4456   (18)    3 :  0.341 0.090 0.015 0.025 0.371 0.048 0.109 
 99    C4457    (9)    3 :  0.769 0.067 0.038 0.029 0.026 0.049 0.024 
100    C4459    (9)    3 :  0.363 0.019 0.339 0.032 0.217 0.018 0.013 
101    C4464   (18)    3 :  0.737 0.008 0.172 0.011 0.053 0.010 0.011 
102    C4467   (18)    3 :  0.243 0.009 0.691 0.009 0.031 0.009 0.009 
103    C4468    (9)    3 :  0.190 0.046 0.684 0.014 0.037 0.014 0.015 
104    C4783    (0)    3 :  0.201 0.013 0.011 0.030 0.721 0.011 0.012 
105    C4786    (0)    3 :  0.697 0.011 0.034 0.013 0.214 0.020 0.011 
106    C4789    (9)    3 :  0.394 0.012 0.163 0.015 0.360 0.048 0.008 
107    C4891    (0)    3 :  0.844 0.010 0.014 0.037 0.060 0.015 0.018 
108    C4896    (0)    3 :  0.345 0.042 0.017 0.041 0.470 0.061 0.024 
109    C4898    (0)    3 :  0.122 0.015 0.057 0.023 0.752 0.014 0.017 
110    C4901    (0)    3 :  0.817 0.009 0.011 0.011 0.131 0.014 0.007 
111    C4903    (9)    3 :  0.849 0.026 0.014 0.018 0.050 0.031 0.013 
112    C4904    (0)    3 :  0.238 0.008 0.021 0.033 0.669 0.019 0.011 
113    C3263    (0)    3 :  0.356 0.021 0.404 0.016 0.015 0.012 0.175 
114    C3271    (0)    3 :  0.096 0.013 0.789 0.026 0.025 0.026 0.025 
115    C3272    (0)    3 :  0.032 0.009 0.874 0.021 0.011 0.036 0.017 
116    C3276    (0)    3 :  0.482 0.032 0.025 0.038 0.019 0.334 0.071 
117    C3280    (9)    3 :  0.022 0.028 0.775 0.048 0.024 0.027 0.078 
118    C3305    (9)    3 :  0.011 0.008 0.935 0.010 0.012 0.013 0.010 
119    C3306    (0)    3 :  0.122 0.029 0.668 0.038 0.025 0.024 0.094 
120    C3324    (0)    3 :  0.018 0.016 0.735 0.057 0.020 0.016 0.138 
121    C3329    (0)    3 :  0.107 0.032 0.465 0.092 0.180 0.048 0.076 
122    C3336    (0)    3 :  0.061 0.013 0.823 0.027 0.020 0.041 0.015 
123    C3341   (18)    3 :  0.035 0.036 0.067 0.057 0.062 0.037 0.704 
124    C3409   (18)    3 :  0.152 0.052 0.491 0.069 0.068 0.105 0.064 
125    C3168    (9)    3 :  0.926 0.008 0.016 0.011 0.015 0.010 0.014 
126    C3170    (0)    3 :  0.889 0.008 0.044 0.012 0.017 0.019 0.012 
127    C3214   (18)    3 :  0.625 0.032 0.114 0.015 0.020 0.184 0.010 
128    C3227    (0)    3 :  0.921 0.012 0.011 0.010 0.014 0.021 0.010 
129    C3228    (0)    3 :  0.048 0.032 0.747 0.035 0.067 0.037 0.033 
130    C3279    (0)    3 :  0.822 0.020 0.021 0.055 0.012 0.055 0.014 
131    C3322    (0)    3 :  0.683 0.087 0.016 0.085 0.053 0.062 0.013 
132    C3303    (0)    3 :  0.791 0.015 0.047 0.041 0.016 0.056 0.033 
133    C3317    (0)    3 :  0.055 0.017 0.851 0.019 0.024 0.011 0.023 
134    C3355    (0)    3 :  0.642 0.011 0.267 0.014 0.034 0.011 0.020 
135    C3376    (9)    3 :  0.242 0.022 0.598 0.023 0.033 0.063 0.018 
136    C3401    (0)    3 :  0.120 0.024 0.744 0.028 0.035 0.028 0.021 
137    C3203    (9)    3 :  0.490 0.043 0.287 0.019 0.038 0.064 0.058 
138    C3245    (0)    3 :  0.921 0.018 0.014 0.012 0.009 0.017 0.009 
139    C3302    (0)    3 :  0.916 0.012 0.011 0.016 0.011 0.018 0.015 
140    C3307    (0)    3 :  0.604 0.081 0.048 0.039 0.101 0.013 0.114 
141    C3310    (0)    3 :  0.946 0.009 0.007 0.009 0.009 0.009 0.011 
142    C3312    (9)    3 :  0.384 0.034 0.435 0.053 0.050 0.022 0.022 
143    C3345    (0)    3 :  0.913 0.011 0.017 0.010 0.020 0.011 0.018 
144    C3371    (0)    3 :  0.914 0.010 0.014 0.012 0.008 0.010 0.031 
145    C3372    (0)    3 :  0.764 0.021 0.109 0.025 0.024 0.018 0.039 
146    C3380    (9)    3 :  0.944 0.007 0.013 0.006 0.016 0.008 0.006 
147    C3417    (0)    3 :  0.565 0.034 0.039 0.034 0.117 0.033 0.178 
148    C4569    (9)    4 :  0.018 0.049 0.062 0.131 0.410 0.207 0.124 
149    C4570    (9)    4 :  0.010 0.011 0.071 0.013 0.871 0.011 0.013 
150    C4571    (9)    4 :  0.024 0.024 0.369 0.014 0.535 0.018 0.016 
151    C4572    (9)    4 :  0.011 0.016 0.021 0.012 0.914 0.013 0.014 
152    C4573    (9)    4 :  0.013 0.454 0.195 0.068 0.140 0.091 0.038 
153    C4575    (9)    4 :  0.031 0.115 0.054 0.033 0.687 0.051 0.030 
154    C4577    (9)    4 :  0.014 0.007 0.023 0.017 0.918 0.011 0.011 
155    C4578    (9)    4 :  0.023 0.077 0.068 0.054 0.702 0.053 0.022 
156    C4600   (18)    4 :  0.023 0.036 0.030 0.145 0.687 0.051 0.027 
157    C4612    (9)    4 :  0.024 0.019 0.016 0.031 0.766 0.128 0.015 
158    C4621    (0)    4 :  0.057 0.017 0.041 0.009 0.857 0.013 0.006 
159    C4622    (9)    4 :  0.020 0.009 0.009 0.009 0.936 0.008 0.009 
160    C4623    (0)    4 :  0.202 0.049 0.080 0.041 0.299 0.053 0.275 
161    C4624    (0)    4 :  0.012 0.030 0.022 0.019 0.887 0.015 0.015 
162    C4625    (0)    4 :  0.015 0.519 0.162 0.071 0.143 0.073 0.018 
163    C4627    (0)    4 :  0.047 0.021 0.016 0.012 0.869 0.019 0.015 
164    C4631    (0)    4 :  0.012 0.020 0.012 0.024 0.773 0.012 0.147 
165    C4632    (0)    4 :  0.030 0.016 0.055 0.016 0.857 0.013 0.013 
166    C3939    (0)    4 :  0.082 0.008 0.021 0.014 0.841 0.022 0.011 
167    C3940    (0)    4 :  0.048 0.009 0.016 0.050 0.792 0.063 0.021 
168    C3945    (0)    4 :  0.021 0.006 0.016 0.013 0.929 0.007 0.008 
169    C4520    (0)    4 :  0.100 0.030 0.119 0.094 0.043 0.557 0.057 
170    C4522    (0)    4 :  0.159 0.009 0.024 0.010 0.777 0.012 0.009 
171    C3182    (0)    4 :  0.829 0.013 0.062 0.018 0.041 0.016 0.022 
172    C3189    (0)    4 :  0.066 0.105 0.678 0.057 0.021 0.048 0.025 
173    C3191    (9)    4 :  0.169 0.047 0.705 0.016 0.016 0.020 0.026 
174    C3196    (0)    4 :  0.831 0.022 0.081 0.019 0.012 0.021 0.013 
175    C3208    (0)    4 :  0.602 0.040 0.034 0.026 0.214 0.040 0.044 
176    C3211    (0)    4 :  0.930 0.008 0.012 0.011 0.014 0.013 0.011 
177    C3212    (0)    4 :  0.150 0.012 0.108 0.076 0.072 0.421 0.162 
178    C3213    (0)    4 :  0.892 0.012 0.020 0.018 0.010 0.024 0.023 
179    C3215    (0)    4 :  0.836 0.055 0.012 0.023 0.029 0.030 0.014 
180    C3217    (0)    4 :  0.469 0.018 0.414 0.025 0.015 0.026 0.033 
181    C3225    (9)    4 :  0.148 0.027 0.700 0.035 0.019 0.051 0.021 
182    C3226    (0)    4 :  0.489 0.011 0.287 0.010 0.178 0.010 0.014 
183    C3238    (9)    4 :  0.785 0.020 0.052 0.013 0.095 0.021 0.013 
184    C3239    (0)    4 :  0.104 0.014 0.804 0.013 0.023 0.018 0.024 
185    C3269   (18)    4 :  0.043 0.102 0.563 0.031 0.137 0.103 0.021 
186    C3273    (0)    4 :  0.317 0.041 0.560 0.017 0.029 0.028 0.009 
187    C3274    (0)    4 :  0.595 0.024 0.026 0.184 0.046 0.108 0.017 
188    C3354    (0)    4 :  0.851 0.017 0.063 0.024 0.017 0.017 0.011 
189    C3361    (0)    4 :  0.897 0.013 0.031 0.013 0.020 0.017 0.009 
190    C3289    (0)    4 :  0.919 0.013 0.016 0.012 0.013 0.016 0.010 
191    C3169    (0)    4 :  0.235 0.012 0.695 0.008 0.025 0.015 0.010 
192    C3199    (9)    4 :  0.703 0.034 0.098 0.016 0.108 0.023 0.018 
193    C3224    (0)    4 :  0.769 0.018 0.150 0.012 0.017 0.021 0.012 
194    C3261   (18)    4 :  0.751 0.009 0.153 0.019 0.044 0.013 0.012 
195    C3320    (0)    4 :  0.757 0.030 0.100 0.032 0.038 0.027 0.015 
196    C4151    (0)    5 :  0.014 0.009 0.017 0.009 0.935 0.007 0.007 
197    C4152    (0)    5 :  0.015 0.013 0.073 0.011 0.859 0.016 0.012 
198    C4153    (0)    5 :  0.494 0.025 0.077 0.024 0.323 0.043 0.014 
199    C4154   (18)    5 :  0.143 0.010 0.053 0.025 0.726 0.022 0.022 
200    C4157    (0)    5 :  0.042 0.017 0.398 0.133 0.372 0.023 0.016 
201    C4158    (0)    5 :  0.017 0.012 0.018 0.010 0.927 0.008 0.007 
202    C4163    (0)    5 :  0.013 0.006 0.016 0.007 0.946 0.006 0.007 
203    C4165    (0)    5 :  0.060 0.053 0.047 0.314 0.374 0.017 0.135 
204    C4248    (9)    5 :  0.222 0.023 0.659 0.027 0.034 0.020 0.015 
205    C4254    (0)    5 :  0.450 0.013 0.398 0.031 0.057 0.031 0.019 
206    C4371    (9)    5 :  0.015 0.013 0.898 0.015 0.024 0.012 0.023 
207    C3936    (0)    5 :  0.019 0.012 0.019 0.015 0.908 0.013 0.014 
208    C3937    (0)    5 :  0.024 0.009 0.015 0.010 0.924 0.008 0.009 
209    C3944    (0)    5 :  0.060 0.006 0.064 0.008 0.844 0.008 0.010 
210    C3954    (0)    5 :  0.050 0.032 0.814 0.009 0.071 0.017 0.007 
211    C3955    (9)    5 :  0.395 0.032 0.109 0.019 0.400 0.036 0.009 
212    C3961    (0)    5 :  0.059 0.010 0.042 0.015 0.815 0.021 0.039 
213    C3974    (0)    5 :  0.019 0.014 0.020 0.014 0.898 0.022 0.014 
214    C4024    (0)    5 :  0.047 0.013 0.210 0.023 0.624 0.026 0.058 
215    C4025    (0)    5 :  0.011 0.014 0.030 0.010 0.897 0.013 0.024 
216    C4028    (0)    5 :  0.040 0.050 0.080 0.030 0.724 0.049 0.028 
217    C4032   (18)    5 :  0.023 0.011 0.908 0.009 0.029 0.011 0.009 
218    C4033   (18)    5 :  0.667 0.016 0.244 0.014 0.035 0.013 0.012 
219    C4034    (0)    5 :  0.437 0.021 0.325 0.069 0.037 0.040 0.071 
220    C4041    (9)    5 :  0.063 0.016 0.649 0.040 0.028 0.119 0.085 
221    C4042   (18)    5 :  0.284 0.030 0.288 0.147 0.140 0.020 0.090 
222    C4043    (9)    5 :  0.115 0.022 0.643 0.022 0.158 0.020 0.021 
223    C4044    (9)    5 :  0.094 0.062 0.095 0.069 0.130 0.084 0.467 
224    C4045    (9)    5 :  0.306 0.042 0.465 0.035 0.116 0.021 0.015 
225    C4046    (9)    5 :  0.198 0.025 0.676 0.020 0.037 0.013 0.030 
226    C4047    (0)    5 :  0.850 0.031 0.029 0.035 0.018 0.023 0.014 
227    C4048    (9)    5 :  0.746 0.032 0.100 0.038 0.021 0.020 0.042 
228    C4055    (9)    5 :  0.039 0.034 0.793 0.028 0.064 0.025 0.017 
229    C4057   (18)    5 :  0.052 0.009 0.842 0.014 0.031 0.015 0.036 
230    C4059    (0)    5 :  0.361 0.024 0.505 0.014 0.058 0.024 0.014 
231    C4060    (9)    5 :  0.090 0.017 0.706 0.026 0.105 0.039 0.017 
232    C4064    (9)    5 :  0.029 0.219 0.517 0.136 0.040 0.037 0.021 
233    C4067    (0)    5 :  0.844 0.048 0.022 0.021 0.018 0.016 0.032 
234    C4068    (9)    5 :  0.854 0.026 0.038 0.020 0.027 0.019 0.016 
235    C4070    (9)    5 :  0.578 0.024 0.075 0.042 0.156 0.017 0.109 
236    C4075   (18)    5 :  0.840 0.015 0.051 0.020 0.028 0.023 0.022 
237    C4081    (9)    5 :  0.046 0.020 0.842 0.031 0.019 0.022 0.021 
238    C4082    (0)    5 :  0.716 0.039 0.092 0.022 0.082 0.033 0.016 
239    C4083    (0)    5 :  0.042 0.057 0.237 0.216 0.142 0.051 0.254 
240    C4086    (0)    5 :  0.113 0.107 0.690 0.025 0.026 0.026 0.012 
241    C4088    (9)    5 :  0.027 0.837 0.043 0.031 0.029 0.021 0.011 
242    C4092    (0)    5 :  0.039 0.009 0.758 0.021 0.104 0.023 0.046 
243    C4099    (9)    5 :  0.141 0.022 0.611 0.026 0.035 0.098 0.067 
244    C4104    (0)    5 :  0.210 0.020 0.085 0.021 0.606 0.015 0.043 
245    C4108   (18)    5 :  0.020 0.176 0.011 0.324 0.011 0.423 0.034 
246    C4118    (0)    5 :  0.016 0.034 0.790 0.081 0.019 0.041 0.019 
247    C4131    (0)    5 :  0.092 0.103 0.264 0.060 0.430 0.029 0.022 
248    C4133    (0)    5 :  0.025 0.010 0.918 0.011 0.015 0.012 0.009 
249    C4135    (0)    5 :  0.065 0.006 0.244 0.011 0.659 0.007 0.008 
250    C4136    (0)    5 :  0.029 0.108 0.021 0.070 0.678 0.070 0.024 
251    C4137    (9)    5 :  0.036 0.025 0.475 0.045 0.377 0.021 0.021 
252    C4139    (0)    5 :  0.032 0.008 0.041 0.013 0.884 0.013 0.009 
253    C4140    (9)    5 :  0.041 0.012 0.089 0.029 0.799 0.014 0.018 
254    C4167    (0)    5 :  0.013 0.027 0.071 0.037 0.802 0.014 0.036 
255    C4236    (0)    5 :  0.073 0.034 0.723 0.078 0.028 0.036 0.028 
256    C4237    (0)    5 :  0.016 0.672 0.066 0.046 0.069 0.107 0.024 
257    C4238    (0)    5 :  0.465 0.066 0.297 0.025 0.100 0.032 0.016 
258    C4241    (0)    5 :  0.547 0.017 0.301 0.025 0.066 0.025 0.019 
259    C4247    (9)    5 :  0.059 0.245 0.413 0.036 0.101 0.040 0.106 
260    C4257    (0)    5 :  0.736 0.023 0.142 0.017 0.030 0.035 0.017 
261    C4383    (0)    5 :  0.032 0.057 0.440 0.056 0.134 0.075 0.206 
262    C4397    (9)    5 :  0.012 0.009 0.863 0.016 0.083 0.009 0.008 
263    C4514    (0)    5 :  0.027 0.016 0.169 0.015 0.735 0.015 0.023 
264    C4519    (0)    5 :  0.221 0.008 0.027 0.016 0.604 0.109 0.014 
265    C4527    (0)    5 :  0.724 0.012 0.058 0.015 0.162 0.013 0.015 
266    C4534    (0)    5 :  0.658 0.017 0.099 0.032 0.080 0.064 0.050 
267    C4699    (0)    5 :  0.050 0.046 0.013 0.017 0.844 0.013 0.018 
268    C1541    (9)    5 :  0.729 0.012 0.208 0.013 0.018 0.009 0.011 
269    C1542    (9)    5 :  0.832 0.015 0.104 0.013 0.012 0.014 0.011 
270    C1544    (0)    5 :  0.176 0.049 0.667 0.027 0.033 0.031 0.017 
271    C1547    (9)    5 :  0.088 0.131 0.161 0.100 0.042 0.241 0.238 
272    C1553    (9)    5 :  0.098 0.066 0.036 0.161 0.303 0.208 0.128 
273    C1555    (9)    5 :  0.041 0.022 0.842 0.025 0.021 0.035 0.014 
274    C1557    (0)    5 :  0.038 0.021 0.859 0.018 0.031 0.015 0.017 
275    C1560    (0)    5 :  0.057 0.011 0.840 0.014 0.015 0.047 0.016 
276    C1565    (0)    5 :  0.588 0.014 0.228 0.054 0.037 0.021 0.059 
277    C1567    (0)    5 :  0.057 0.029 0.770 0.025 0.031 0.064 0.025 
278    C1569    (0)    5 :  0.202 0.016 0.653 0.021 0.068 0.016 0.024 
279    C1571    (0)    5 :  0.496 0.078 0.235 0.033 0.030 0.092 0.037 
280    C1576    (0)    5 :  0.071 0.051 0.661 0.020 0.147 0.028 0.023 
281    C1577    (9)    5 :  0.704 0.035 0.162 0.024 0.027 0.032 0.017 
282    C1579    (0)    5 :  0.280 0.018 0.611 0.029 0.025 0.023 0.015 
283    C3990    (0)    6 :  0.021 0.007 0.021 0.007 0.930 0.007 0.008 
284    C3991    (0)    6 :  0.038 0.045 0.046 0.022 0.762 0.031 0.056 
285    C3992    (0)    6 :  0.032 0.032 0.023 0.021 0.807 0.068 0.018 
286    C3994    (0)    6 :  0.153 0.046 0.427 0.031 0.158 0.051 0.134 
287    C4172    (0)    6 :  0.016 0.040 0.009 0.040 0.807 0.049 0.040 
288    C4173    (9)    6 :  0.045 0.013 0.015 0.018 0.501 0.017 0.390 
289    C4232    (9)    6 :  0.775 0.008 0.182 0.008 0.011 0.009 0.007 
290    C4234    (9)    6 :  0.392 0.011 0.550 0.011 0.017 0.011 0.009 
291    C4259    (0)    6 :  0.140 0.011 0.800 0.010 0.020 0.010 0.010 
292    C4260    (0)    6 :  0.911 0.007 0.029 0.008 0.027 0.010 0.008 
293    C4261    (9)    6 :  0.759 0.027 0.017 0.077 0.042 0.027 0.052 
294    C4262    (0)    6 :  0.122 0.013 0.393 0.047 0.308 0.036 0.080 
295    C4263    (0)    6 :  0.167 0.065 0.670 0.027 0.028 0.013 0.029 
296    C4267    (9)    6 :  0.097 0.030 0.729 0.021 0.095 0.014 0.013 
297    C4269    (0)    6 :  0.317 0.025 0.315 0.039 0.244 0.016 0.043 
298    C4272    (0)    6 :  0.018 0.008 0.925 0.011 0.013 0.013 0.011 
299    C4274    (0)    6 :  0.110 0.013 0.408 0.031 0.024 0.400 0.013 
300    C4276    (9)    6 :  0.047 0.060 0.047 0.030 0.012 0.782 0.023 
301    C4278    (0)    6 :  0.109 0.027 0.628 0.044 0.086 0.066 0.040 
302    C4280    (0)    6 :  0.540 0.014 0.172 0.051 0.164 0.037 0.021 
303    C4281    (0)    6 :  0.107 0.019 0.785 0.021 0.038 0.014 0.016 
304    C4282    (0)    6 :  0.371 0.068 0.090 0.160 0.018 0.031 0.262 
305    C4284    (9)    6 :  0.058 0.009 0.699 0.009 0.207 0.009 0.009 
306    C4286    (9)    6 :  0.490 0.029 0.086 0.047 0.240 0.082 0.026 
307    C4287    (0)    6 :  0.537 0.012 0.102 0.069 0.151 0.065 0.063 
308    C4290    (0)    6 :  0.018 0.189 0.242 0.067 0.038 0.351 0.095 
309    C4307   (18)    6 :  0.460 0.017 0.232 0.037 0.180 0.032 0.042 
310    C4310    (9)    6 :  0.242 0.060 0.543 0.019 0.061 0.062 0.013 
311    C4311   (18)    6 :  0.660 0.023 0.166 0.031 0.036 0.060 0.024 
312    C4312    (0)    6 :  0.416 0.017 0.486 0.014 0.036 0.014 0.017 
313    C4314    (0)    6 :  0.118 0.132 0.661 0.032 0.018 0.026 0.013 
314    C4318    (9)    6 :  0.080 0.011 0.762 0.027 0.040 0.022 0.058 
315    C4321    (9)    6 :  0.447 0.014 0.244 0.028 0.140 0.072 0.055 
316    C4324    (0)    6 :  0.117 0.014 0.692 0.024 0.064 0.034 0.055 
317    C4334    (0)    6 :  0.020 0.011 0.850 0.013 0.047 0.019 0.040 
318    C4529    (0)    6 :  0.346 0.041 0.496 0.029 0.029 0.026 0.032 
319    C1582    (9)    6 :  0.114 0.015 0.673 0.014 0.155 0.015 0.013 
320    C1583    (0)    6 :  0.127 0.051 0.728 0.022 0.027 0.026 0.019 
321    C1584    (9)    6 :  0.040 0.020 0.859 0.013 0.030 0.027 0.011 
322    C1585    (0)    6 :  0.016 0.014 0.924 0.007 0.023 0.011 0.007 
323    C1586    (0)    6 :  0.036 0.026 0.821 0.023 0.031 0.012 0.051 
324    C1589    (0)    6 :  0.096 0.012 0.686 0.011 0.170 0.013 0.012 
325    C1591    (0)    6 :  0.038 0.010 0.898 0.008 0.028 0.010 0.009 
326    C1592    (0)    6 :  0.056 0.019 0.833 0.022 0.016 0.021 0.034 
327    C1594    (0)    6 :  0.118 0.062 0.730 0.017 0.038 0.021 0.015 
328    C1597    (9)    6 :  0.639 0.025 0.175 0.039 0.038 0.055 0.029 
329    C1598    (9)    6 :  0.077 0.043 0.633 0.020 0.191 0.019 0.016 
330    C1599    (0)    6 :  0.273 0.011 0.648 0.017 0.012 0.027 0.012 
331    C1601    (0)    6 :  0.202 0.069 0.149 0.070 0.442 0.033 0.035 
332    C1605    (0)    6 :  0.157 0.137 0.205 0.099 0.074 0.278 0.050 
333    C1609    (0)    6 :  0.020 0.009 0.922 0.008 0.023 0.009 0.009 
334    C1610    (0)    6 :  0.396 0.105 0.248 0.116 0.017 0.101 0.016 
335    C1611    (0)    6 :  0.904 0.010 0.022 0.013 0.011 0.010 0.030 
336    C1612    (0)    6 :  0.927 0.009 0.032 0.008 0.010 0.008 0.006 
337    C1613    (0)    6 :  0.591 0.036 0.241 0.021 0.027 0.032 0.053 
338    C3173    (9)    6 :  0.316 0.035 0.439 0.068 0.036 0.052 0.054 
339    C3204    (0)    6 :  0.858 0.016 0.053 0.015 0.022 0.020 0.016 
340    C3223    (9)    6 :  0.527 0.017 0.034 0.038 0.018 0.281 0.085 
341    C3262    (0)    6 :  0.252 0.089 0.514 0.028 0.039 0.053 0.025 
342    C3270    (0)    6 :  0.601 0.016 0.176 0.026 0.143 0.022 0.016 
343    C3300    (0)    6 :  0.238 0.010 0.453 0.010 0.264 0.014 0.011 
344    C3330    (0)    6 :  0.173 0.014 0.622 0.047 0.086 0.034 0.025 
345    C3390    (9)    6 :  0.483 0.017 0.365 0.024 0.069 0.020 0.021 
346    C3424    (9)    6 :  0.610 0.015 0.230 0.050 0.039 0.038 0.018 
347    C3958    (0)    6 :  0.020 0.007 0.044 0.011 0.899 0.009 0.010 
348    C3962    (0)    6 :  0.016 0.007 0.036 0.024 0.895 0.010 0.012 
349    C4019    (0)    6 :  0.013 0.031 0.012 0.667 0.169 0.059 0.048 
350    C3995   (18)    6 :  0.039 0.017 0.022 0.021 0.857 0.014 0.031 
351    C4000    (0)    6 :  0.107 0.015 0.024 0.135 0.634 0.026 0.058 
352    C4002    (0)    6 :  0.052 0.013 0.021 0.021 0.867 0.010 0.016 
353    C1692    (0)    7 :  0.040 0.059 0.023 0.375 0.140 0.333 0.031 
354    C1693    (0)    7 :  0.230 0.020 0.126 0.067 0.041 0.333 0.185 
355    C1694    (0)    7 :  0.060 0.134 0.154 0.119 0.018 0.181 0.334 
356    C1698    (0)    7 :  0.008 0.100 0.053 0.372 0.008 0.313 0.145 
357    C1699    (0)    7 :  0.030 0.592 0.021 0.074 0.023 0.200 0.059 
358    C1700    (0)    7 :  0.051 0.084 0.049 0.389 0.097 0.129 0.200 
359    C1701    (0)    7 :  0.014 0.422 0.030 0.438 0.013 0.049 0.034 
360    C1702    (0)    7 :  0.015 0.167 0.013 0.496 0.020 0.211 0.078 
361    C1703    (0)    7 :  0.010 0.073 0.017 0.371 0.024 0.119 0.385 
362    C1704    (0)    7 :  0.018 0.021 0.544 0.100 0.026 0.107 0.184 
363    C1705    (0)    7 :  0.012 0.019 0.012 0.037 0.319 0.193 0.409 
364    C1706    (0)    7 :  0.019 0.576 0.019 0.142 0.012 0.168 0.064 
365    C1707    (0)    7 :  0.136 0.191 0.208 0.046 0.025 0.360 0.034 
366    C1708    (0)    7 :  0.013 0.022 0.020 0.097 0.014 0.035 0.799 
367    C1709    (0)    7 :  0.026 0.026 0.023 0.074 0.076 0.028 0.747 
368    C1710    (0)    7 :  0.021 0.123 0.047 0.550 0.025 0.112 0.123 
369    C1712    (0)    7 :  0.010 0.017 0.008 0.187 0.029 0.031 0.717 
370    C1714    (0)    7 :  0.011 0.023 0.022 0.038 0.012 0.019 0.875 
371    C1715    (0)    7 :  0.020 0.130 0.019 0.258 0.019 0.531 0.023 
372    C1717    (0)    7 :  0.062 0.030 0.042 0.141 0.016 0.644 0.066 
373    C1718   (18)    7 :  0.015 0.051 0.092 0.550 0.016 0.223 0.052 
374    C1719    (0)    7 :  0.072 0.021 0.044 0.082 0.099 0.023 0.658 
375    C1656    (0)    8 :  0.012 0.598 0.009 0.171 0.065 0.065 0.078 
376    C1657   (18)    8 :  0.033 0.269 0.014 0.097 0.020 0.081 0.486 
377    C1658    (0)    8 :  0.008 0.158 0.009 0.415 0.011 0.359 0.041 
378    C1659    (0)    8 :  0.074 0.164 0.029 0.077 0.022 0.616 0.018 
379    C1661    (9)    8 :  0.039 0.095 0.094 0.460 0.025 0.179 0.107 
380    C1665    (0)    8 :  0.031 0.289 0.018 0.472 0.013 0.129 0.048 
381    C1667    (9)    8 :  0.008 0.019 0.007 0.036 0.005 0.017 0.908 
382    C1676    (9)    8 :  0.015 0.211 0.014 0.554 0.032 0.032 0.143 
383    C1681    (9)    8 :  0.014 0.295 0.059 0.185 0.019 0.298 0.129 
384    C1682    (0)    8 :  0.018 0.136 0.015 0.219 0.020 0.053 0.539 
385    C1685    (0)    8 :  0.043 0.101 0.012 0.758 0.029 0.026 0.032 
386    C4707    (0)    9 :  0.025 0.024 0.035 0.775 0.095 0.017 0.029 
387    C4747    (0)    9 :  0.217 0.023 0.031 0.062 0.120 0.096 0.451 
388    C4772    (0)    9 :  0.061 0.063 0.033 0.210 0.548 0.057 0.028 
389    C4781    (0)    9 :  0.011 0.017 0.074 0.064 0.056 0.069 0.708 
390    C4782    (0)    9 :  0.020 0.068 0.164 0.248 0.092 0.211 0.197 
391    C4787    (0)    9 :  0.014 0.039 0.030 0.064 0.099 0.703 0.050 
392    C4790    (0)    9 :  0.015 0.046 0.021 0.215 0.110 0.023 0.570 
393    C4803    (0)    9 :  0.058 0.038 0.036 0.257 0.118 0.389 0.104 
394    C4813    (0)    9 :  0.025 0.042 0.007 0.050 0.796 0.051 0.028 
395    C4837    (0)    9 :  0.046 0.026 0.017 0.515 0.184 0.177 0.035 
396    C4838    (0)    9 :  0.011 0.071 0.012 0.124 0.127 0.611 0.043 
397    C4843    (0)    9 :  0.052 0.150 0.013 0.533 0.073 0.118 0.061 
398    C4857    (0)    9 :  0.031 0.022 0.047 0.025 0.828 0.030 0.017 
399    C4828    (0)    9 :  0.318 0.230 0.053 0.148 0.031 0.161 0.059 
400    C4835    (0)    9 :  0.018 0.059 0.021 0.042 0.705 0.136 0.018 
401    C4836    (9)    9 :  0.024 0.039 0.033 0.211 0.334 0.243 0.115 
402    C4842    (0)    9 :  0.023 0.306 0.010 0.379 0.058 0.110 0.114 
403    C4863    (9)    9 :  0.015 0.022 0.045 0.147 0.051 0.544 0.176 
404    C4744    (0)    9 :  0.055 0.151 0.010 0.355 0.032 0.120 0.277 
405    C4745    (0)    9 :  0.017 0.180 0.026 0.302 0.114 0.317 0.044 
406    C4768    (0)    9 :  0.028 0.059 0.071 0.350 0.201 0.024 0.267 
407    C4769    (0)    9 :  0.015 0.503 0.011 0.105 0.195 0.110 0.061 
408    C4771    (0)    9 :  0.011 0.056 0.011 0.783 0.023 0.069 0.047 
409    C4784    (0)    9 :  0.016 0.064 0.056 0.057 0.200 0.046 0.560 
410    C4785    (0)    9 :  0.017 0.053 0.035 0.033 0.029 0.022 0.812 
411    C4795    (0)    9 :  0.035 0.029 0.044 0.042 0.087 0.082 0.681 
412    C4796    (0)    9 :  0.012 0.031 0.020 0.680 0.015 0.118 0.124 
413    C4800    (0)    9 :  0.009 0.018 0.015 0.131 0.312 0.501 0.014 
414    C4801    (0)    9 :  0.009 0.229 0.053 0.059 0.553 0.051 0.048 
415    C4802    (0)    9 :  0.017 0.094 0.754 0.050 0.020 0.045 0.020 
416    C4805    (0)    9 :  0.012 0.148 0.018 0.457 0.147 0.044 0.175 
417    C4806    (0)    9 :  0.008 0.215 0.013 0.586 0.076 0.077 0.025 
418    C4850    (0)    9 :  0.098 0.061 0.047 0.500 0.180 0.082 0.033 
419    C4748    (0)   10 :  0.009 0.625 0.009 0.025 0.170 0.086 0.075 
420    C4753    (0)   10 :  0.014 0.090 0.031 0.537 0.042 0.138 0.149 
421    C4754    (0)   10 :  0.012 0.043 0.026 0.664 0.176 0.024 0.056 
422    C4760    (0)   10 :  0.076 0.018 0.069 0.202 0.384 0.225 0.026 
423    C4761    (0)   10 :  0.009 0.388 0.021 0.047 0.408 0.037 0.091 
424    C4762    (0)   10 :  0.025 0.049 0.012 0.052 0.222 0.149 0.491 
425    C4791    (0)   10 :  0.009 0.040 0.012 0.261 0.213 0.402 0.064 
426    C4810    (0)   10 :  0.046 0.721 0.101 0.031 0.026 0.057 0.019 
427    C4812    (0)   10 :  0.059 0.232 0.043 0.366 0.054 0.220 0.027 
428    C4821    (0)   10 :  0.113 0.034 0.033 0.448 0.170 0.126 0.075 
429    C4864    (0)   10 :  0.029 0.019 0.035 0.142 0.730 0.028 0.017 
430    C4866    (0)   10 :  0.064 0.635 0.009 0.090 0.037 0.126 0.040 
431    C1722    (0)   10 :  0.025 0.381 0.060 0.156 0.014 0.328 0.036 
432    C1724    (0)   10 :  0.010 0.692 0.007 0.054 0.017 0.206 0.014 
433    C1725    (0)   10 :  0.061 0.437 0.039 0.147 0.012 0.247 0.056 
434    C1726    (0)   10 :  0.015 0.082 0.009 0.458 0.018 0.317 0.101 
435    C1731    (0)   10 :  0.062 0.448 0.013 0.144 0.067 0.174 0.093 
436    C1733    (9)   10 :  0.037 0.299 0.026 0.115 0.032 0.471 0.021 
437    C1734    (0)   10 :  0.074 0.046 0.013 0.328 0.068 0.443 0.028 
438    C1735    (0)   10 :  0.019 0.217 0.009 0.143 0.008 0.575 0.028 
439    C1738    (0)   10 :  0.076 0.389 0.013 0.074 0.027 0.406 0.015 
440    C1740    (9)   10 :  0.242 0.162 0.040 0.296 0.034 0.179 0.046 
441    C1741    (0)   10 :  0.062 0.021 0.071 0.113 0.301 0.294 0.138 
442    C1742    (0)   10 :  0.017 0.040 0.014 0.856 0.021 0.037 0.015 
443    C1743    (0)   10 :  0.050 0.130 0.018 0.137 0.022 0.212 0.430 
444    C1745    (0)   10 :  0.027 0.101 0.032 0.407 0.065 0.335 0.033 
445    C1746    (0)   10 :  0.038 0.347 0.032 0.189 0.096 0.184 0.114 
446    C1747    (0)   10 :  0.019 0.212 0.326 0.051 0.018 0.232 0.141 
447    C4742    (9)   10 :  0.036 0.044 0.019 0.171 0.602 0.038 0.090 
448    C4752    (0)   10 :  0.027 0.039 0.017 0.013 0.857 0.030 0.017 
449    C4792    (0)   10 :  0.102 0.098 0.067 0.162 0.435 0.057 0.079 
450    C4811    (0)   10 :  0.035 0.015 0.029 0.021 0.846 0.036 0.018 
451    C4814    (0)   10 :  0.040 0.037 0.022 0.182 0.600 0.048 0.071 
452    C4815    (0)   10 :  0.035 0.025 0.078 0.072 0.054 0.694 0.042 
453    C4818    (0)   10 :  0.234 0.150 0.027 0.093 0.283 0.151 0.062 
454    C4819    (0)   10 :  0.049 0.139 0.018 0.124 0.572 0.047 0.052 
455    C4826    (0)   10 :  0.009 0.077 0.010 0.544 0.041 0.256 0.063 
456    C4829    (0)   10 :  0.025 0.063 0.082 0.301 0.026 0.143 0.361 
457    C4830    (0)   10 :  0.024 0.013 0.008 0.735 0.046 0.045 0.129 
458    C4831    (0)   10 :  0.018 0.037 0.044 0.037 0.817 0.015 0.032 
459    C4832    (0)   10 :  0.017 0.087 0.012 0.292 0.042 0.047 0.502 
460    C4858    (0)   10 :  0.008 0.016 0.034 0.051 0.292 0.054 0.545 
461    C4757    (0)   10 :  0.141 0.189 0.035 0.328 0.117 0.145 0.046 
462    C4770    (9)   10 :  0.339 0.017 0.202 0.037 0.055 0.304 0.046 
463    C4808    (0)   10 :  0.014 0.024 0.035 0.681 0.108 0.070 0.068 
464    C4809    (0)   10 :  0.010 0.044 0.012 0.862 0.014 0.043 0.015 
465    C4820    (0)   10 :  0.033 0.126 0.016 0.275 0.050 0.217 0.282 
466    C4824    (0)   10 :  0.009 0.016 0.014 0.233 0.037 0.486 0.206 
467    C4706    (0)   11 :  0.016 0.363 0.009 0.233 0.032 0.297 0.050 
468    C4708    (0)   11 :  0.019 0.010 0.019 0.010 0.922 0.009 0.010 
469    C4709    (0)   11 :  0.018 0.032 0.017 0.049 0.058 0.067 0.758 
470    C4714    (0)   11 :  0.036 0.029 0.043 0.086 0.347 0.040 0.418 
471    C4722    (0)   11 :  0.017 0.118 0.017 0.216 0.186 0.041 0.406 
472    C4726    (0)   11 :  0.081 0.249 0.065 0.129 0.151 0.296 0.029 
473    C4733    (0)   11 :  0.032 0.069 0.061 0.245 0.459 0.029 0.105 
474    C4734    (0)   11 :  0.025 0.273 0.018 0.379 0.155 0.102 0.049 
475    C4737    (0)   11 :  0.009 0.024 0.032 0.070 0.037 0.020 0.808 
476    C4882    (0)   11 :  0.021 0.122 0.009 0.675 0.018 0.095 0.059 
477    C4883    (0)   11 :  0.014 0.011 0.017 0.017 0.192 0.013 0.735 
478    C4702    (9)   11 :  0.080 0.086 0.118 0.248 0.124 0.154 0.190 
479    C4703    (0)   11 :  0.023 0.036 0.031 0.076 0.730 0.047 0.057 
480    C4727    (0)   11 :  0.016 0.404 0.008 0.183 0.155 0.106 0.129 
481    C4732    (0)   11 :  0.019 0.031 0.016 0.079 0.087 0.067 0.699 
482    C4735    (0)   11 :  0.018 0.025 0.031 0.226 0.057 0.605 0.038 
483    C4736    (0)   11 :  0.029 0.028 0.019 0.021 0.824 0.016 0.062 
484    C4746    (0)   11 :  0.020 0.041 0.009 0.110 0.451 0.079 0.290 
485    C4777    (0)   11 :  0.019 0.052 0.016 0.627 0.008 0.257 0.021 
486    C4846    (0)   11 :  0.081 0.064 0.155 0.153 0.429 0.028 0.090 
487    C4847    (0)   11 :  0.013 0.167 0.008 0.687 0.052 0.038 0.035 
488    C4884    (0)   11 :  0.009 0.024 0.018 0.258 0.236 0.280 0.176 
489    C4705    (0)   11 :  0.025 0.018 0.025 0.156 0.272 0.490 0.015 
490    C4711    (0)   11 :  0.016 0.556 0.022 0.079 0.169 0.021 0.137 
491    C4713    (9)   11 :  0.166 0.097 0.021 0.062 0.067 0.510 0.076 
492    C4716    (0)   11 :  0.020 0.067 0.030 0.379 0.167 0.214 0.122 
493    C4717    (0)   11 :  0.014 0.036 0.042 0.045 0.812 0.025 0.026 
494    C4719    (0)   11 :  0.011 0.025 0.014 0.894 0.015 0.014 0.027 
495    C4721    (0)   11 :  0.017 0.015 0.026 0.016 0.901 0.014 0.011 
496    C4729    (0)   11 :  0.020 0.030 0.009 0.557 0.207 0.151 0.025 
497    C4730    (0)   11 :  0.020 0.032 0.019 0.034 0.827 0.023 0.045 
498    C4773    (0)   11 :  0.015 0.029 0.018 0.013 0.907 0.009 0.009 
499    C4861    (0)   11 :  0.019 0.050 0.015 0.819 0.042 0.037 0.019 
500    C4890    (0)   11 :  0.011 0.020 0.019 0.123 0.693 0.048 0.086 
501    C4718    (0)   11 :  0.011 0.052 0.048 0.357 0.116 0.247 0.169 
502    C4724    (0)   11 :  0.014 0.048 0.011 0.089 0.658 0.149 0.032 
503    C4738    (0)   11 :  0.012 0.283 0.016 0.031 0.619 0.022 0.017 
504    C4739    (0)   11 :  0.034 0.121 0.034 0.621 0.080 0.080 0.029 
