

----------------------------------------------------
STRUCTURE by Pritchard, Stephens and Donnelly (2000)
     and Falush, Stephens and Pritchard (2003)
       Code by Pritchard, Falush and Hubisz
             Version 2.3.4 (Jul 2012)
----------------------------------------------------



Command line arguments:   bin\structure -m G:\My Drive\Hoban_Lab_Docs\Projects\Butternut_JUCI\Graphical_Stat_Results\PostIndRemoval\24pop\Reorg_Results\STR\butternut\50-50\mainparams -e G:\My Drive\Hoban_Lab_Docs\Projects\Butternut_JUCI\Graphical_Stat_Results\PostIndRemoval\24pop\Reorg_Results\STR\butternut\50-50\extraparams 
Input File:    G:\My Drive\Hoban_Lab_Docs\Projects\Butternut_JUCI\Graphical_Stat_Results\PostIndRemoval\24pop\Reorg_Results\STR\butternut\project_data

Run parameters:
   993 individuals
   11 loci
   8 populations assumed
   50000 Burn-in period
   50000 Reps


--------------------------------------------
Proportion of membership of each pre-defined
 population in each of the 8 clusters

Given    Inferred Clusters                                          Number of
 Pop       1      2      3      4      5      6      7      8      Individuals

  1:     0.352  0.047  0.038  0.051  0.042  0.046  0.185  0.239       40
  2:     0.324  0.028  0.031  0.050  0.035  0.050  0.299  0.183       45
  3:     0.228  0.026  0.047  0.036  0.044  0.034  0.170  0.415       62
  4:     0.156  0.046  0.051  0.040  0.030  0.036  0.336  0.306       48
  5:     0.315  0.050  0.043  0.041  0.038  0.039  0.264  0.210       87
  6:     0.351  0.029  0.054  0.045  0.036  0.043  0.178  0.264       70
  7:     0.063  0.094  0.124  0.205  0.231  0.211  0.039  0.033       22
  8:     0.026  0.162  0.115  0.220  0.198  0.232  0.022  0.025       11
  9:     0.051  0.068  0.108  0.219  0.155  0.187  0.178  0.035       33
 10:     0.035  0.138  0.136  0.207  0.094  0.179  0.164  0.047       48
 11:     0.041  0.077  0.092  0.179  0.150  0.152  0.281  0.028       48
 12:     0.048  0.123  0.207  0.201  0.131  0.217  0.031  0.043       90
 13:     0.025  0.044  0.142  0.113  0.505  0.121  0.019  0.031       63
 14:     0.093  0.110  0.219  0.196  0.101  0.190  0.028  0.063       16
 15:     0.101  0.148  0.296  0.123  0.070  0.125  0.077  0.060       31
 16:     0.017  0.761  0.022  0.050  0.028  0.058  0.052  0.013       16
 17:     0.079  0.042  0.100  0.142  0.369  0.160  0.024  0.084       24
 18:     0.065  0.132  0.072  0.272  0.092  0.296  0.032  0.041       12
 19:     0.060  0.149  0.166  0.191  0.167  0.200  0.031  0.036       54
 20:     0.058  0.261  0.222  0.153  0.063  0.160  0.045  0.038       96
 21:     0.067  0.296  0.161  0.132  0.145  0.153  0.018  0.028       22
 22:     0.075  0.551  0.072  0.073  0.028  0.072  0.080  0.050       23
 23:     0.026  0.325  0.223  0.153  0.060  0.154  0.023  0.035       13
 24:     0.050  0.083  0.136  0.219  0.150  0.239  0.041  0.082       19
--------------------------------------------

Allele-freq. divergence among pops (Net nucleotide distance),
computed using point estimates of P.

      1       2       3       4       5       6       7       8      
 1      -    0.0405  0.0366  0.0294  0.0360  0.0298  0.0355  0.0218  
 2   0.0405     -    0.0162  0.0127  0.0247  0.0123  0.0526  0.0397  
 3   0.0366  0.0162     -    0.0083  0.0167  0.0079  0.0488  0.0327  
 4   0.0294  0.0127  0.0083     -    0.0088  0.0002  0.0347  0.0283  
 5   0.0360  0.0247  0.0167  0.0088     -    0.0090  0.0391  0.0363  
 6   0.0298  0.0123  0.0079  0.0002  0.0090     -    0.0370  0.0281  
 7   0.0355  0.0526  0.0488  0.0347  0.0391  0.0370     -    0.0372  
 8   0.0218  0.0397  0.0327  0.0283  0.0363  0.0281  0.0372     -    

Average distances (expected heterozygosity) between individuals in same cluster:
cluster  1  : 0.8045 
cluster  2  : 0.8295 
cluster  3  : 0.8411 
cluster  4  : 0.8565 
cluster  5  : 0.8477 
cluster  6  : 0.8569 
cluster  7  : 0.8202 
cluster  8  : 0.8162 

--------------------------------------------
Estimated Ln Prob of Data   = -46718.3
Mean value of ln likelihood = -44894.3
Variance of ln likelihood   = 3648.0
Mean value of alpha         = 0.0570

Mean value of Fst_1         = 0.0677
Mean value of Fst_2         = 0.0432
Mean value of Fst_3         = 0.0320
Mean value of Fst_4         = 0.0194
Mean value of Fst_5         = 0.0342
Mean value of Fst_6         = 0.0194
Mean value of Fst_7         = 0.0775
Mean value of Fst_8         = 0.0693


Inferred ancestry of individuals:
        Label (%Miss) Pop:  Inferred clusters
  1    C3984    (0)    1 :  0.680 0.007 0.012 0.014 0.013 0.014 0.246 0.014 
  2    C3985    (0)    1 :  0.172 0.015 0.010 0.021 0.015 0.016 0.678 0.074 
  3    C3986    (0)    1 :  0.077 0.008 0.012 0.012 0.017 0.011 0.745 0.119 
  4    C4231    (0)    1 :  0.489 0.012 0.031 0.045 0.019 0.041 0.297 0.066 
  5    C4344    (0)    1 :  0.089 0.015 0.016 0.024 0.026 0.028 0.046 0.756 
  6    C4347   (18)    1 :  0.277 0.056 0.026 0.020 0.014 0.019 0.045 0.543 
  7    C4352   (18)    1 :  0.415 0.019 0.018 0.032 0.031 0.027 0.393 0.066 
  8    C4355    (9)    1 :  0.692 0.015 0.046 0.021 0.026 0.019 0.049 0.133 
  9    C4358   (18)    1 :  0.051 0.047 0.056 0.389 0.072 0.332 0.034 0.018 
 10    C4419    (9)    1 :  0.686 0.018 0.084 0.039 0.021 0.033 0.100 0.019 
 11    C4428    (9)    1 :  0.691 0.018 0.021 0.013 0.014 0.012 0.130 0.101 
 12    C4436    (0)    1 :  0.431 0.017 0.014 0.016 0.016 0.015 0.383 0.108 
 13    C4437   (18)    1 :  0.126 0.043 0.039 0.058 0.021 0.039 0.630 0.043 
 14    C4450    (0)    1 :  0.479 0.040 0.070 0.099 0.063 0.088 0.136 0.025 
 15    C4531    (0)    1 :  0.014 0.020 0.014 0.035 0.029 0.026 0.853 0.009 
 16    C1615    (0)    1 :  0.205 0.096 0.051 0.085 0.077 0.074 0.364 0.049 
 17    C1616    (0)    1 :  0.205 0.169 0.176 0.145 0.019 0.133 0.069 0.083 
 18    C1617    (9)    1 :  0.720 0.019 0.035 0.015 0.011 0.015 0.014 0.171 
 19    C1618    (0)    1 :  0.221 0.040 0.022 0.038 0.133 0.035 0.478 0.035 
 20    C1619    (0)    1 :  0.336 0.069 0.024 0.067 0.181 0.080 0.132 0.110 
 21    C1620    (9)    1 :  0.367 0.059 0.018 0.077 0.167 0.062 0.199 0.051 
 22    C1621    (0)    1 :  0.253 0.412 0.063 0.081 0.044 0.087 0.026 0.034 
 23    C1623    (9)    1 :  0.030 0.123 0.057 0.085 0.219 0.091 0.379 0.016 
 24    C1625    (0)    1 :  0.402 0.138 0.021 0.067 0.126 0.089 0.045 0.113 
 25    C1626    (0)    1 :  0.492 0.110 0.084 0.119 0.039 0.090 0.022 0.044 
 26    C1627    (9)    1 :  0.822 0.044 0.009 0.019 0.021 0.018 0.043 0.024 
 27    C1633    (0)    1 :  0.922 0.014 0.009 0.009 0.010 0.009 0.012 0.014 
 28    C1637    (0)    1 :  0.844 0.026 0.019 0.021 0.014 0.018 0.016 0.041 
 29    C1650    (0)    1 :  0.243 0.029 0.056 0.024 0.014 0.024 0.557 0.053 
 30    C3202    (0)    1 :  0.015 0.019 0.011 0.014 0.011 0.012 0.021 0.897 
 31    C3248    (0)    1 :  0.748 0.013 0.010 0.022 0.013 0.021 0.010 0.163 
 32    C3304    (9)    1 :  0.126 0.013 0.050 0.027 0.014 0.026 0.019 0.724 
 33    C3326    (0)    1 :  0.103 0.028 0.056 0.145 0.024 0.105 0.099 0.439 
 34    C3333    (0)    1 :  0.015 0.014 0.014 0.014 0.010 0.013 0.010 0.909 
 35    C3339   (18)    1 :  0.508 0.016 0.074 0.035 0.036 0.030 0.014 0.286 
 36    C3346    (0)    1 :  0.013 0.006 0.008 0.008 0.011 0.008 0.014 0.933 
 37    C3349    (0)    1 :  0.086 0.016 0.073 0.034 0.033 0.039 0.014 0.704 
 38    C3367   (18)    1 :  0.019 0.023 0.027 0.018 0.017 0.018 0.042 0.835 
 39    C3374    (0)    1 :  0.917 0.006 0.009 0.009 0.010 0.009 0.016 0.024 
 40    C3405    (0)    1 :  0.095 0.012 0.074 0.029 0.040 0.027 0.017 0.707 
 41    C4543    (0)    2 :  0.027 0.012 0.033 0.017 0.020 0.016 0.830 0.045 
 42    C4545    (9)    2 :  0.034 0.008 0.010 0.010 0.061 0.011 0.851 0.015 
 43    C4551    (9)    2 :  0.149 0.025 0.029 0.174 0.072 0.138 0.395 0.019 
 44    C4491    (0)    2 :  0.087 0.031 0.034 0.110 0.062 0.090 0.495 0.091 
 45    C4494    (0)    2 :  0.129 0.009 0.012 0.014 0.013 0.012 0.194 0.616 
 46    C4495    (0)    2 :  0.037 0.019 0.017 0.121 0.045 0.102 0.076 0.584 
 47    C4497    (9)    2 :  0.823 0.012 0.016 0.021 0.019 0.024 0.033 0.052 
 48    C4501    (0)    2 :  0.763 0.013 0.056 0.044 0.019 0.048 0.041 0.015 
 49    C4502    (0)    2 :  0.618 0.012 0.022 0.015 0.082 0.016 0.189 0.046 
 50    C4503    (0)    2 :  0.012 0.019 0.012 0.021 0.189 0.022 0.710 0.014 
 51    C4504    (0)    2 :  0.115 0.038 0.059 0.204 0.090 0.310 0.136 0.048 
 52    C4470    (0)    2 :  0.620 0.019 0.020 0.098 0.021 0.101 0.092 0.029 
 53    C4471    (0)    2 :  0.200 0.014 0.026 0.034 0.023 0.029 0.645 0.029 
 54    C4474    (9)    2 :  0.012 0.024 0.016 0.034 0.018 0.029 0.859 0.008 
 55    C4476    (0)    2 :  0.812 0.011 0.010 0.016 0.016 0.017 0.098 0.019 
 56    C4479    (0)    2 :  0.750 0.044 0.016 0.014 0.009 0.014 0.064 0.088 
 57    C4482    (0)    2 :  0.085 0.166 0.039 0.070 0.010 0.075 0.411 0.144 
 58    C4483    (0)    2 :  0.009 0.011 0.011 0.019 0.015 0.018 0.910 0.008 
 59    C4484    (0)    2 :  0.097 0.024 0.071 0.047 0.066 0.045 0.434 0.217 
 60    C4485    (0)    2 :  0.195 0.044 0.036 0.084 0.030 0.111 0.054 0.446 
 61    C4489    (0)    2 :  0.436 0.021 0.030 0.026 0.032 0.024 0.326 0.106 
 62    C4505    (0)    2 :  0.766 0.013 0.018 0.024 0.015 0.027 0.111 0.026 
 63    C4507    (0)    2 :  0.368 0.010 0.047 0.085 0.114 0.053 0.310 0.013 
 64    C4535    (0)    2 :  0.020 0.028 0.023 0.035 0.029 0.030 0.823 0.013 
 65    C4542    (0)    2 :  0.019 0.027 0.260 0.187 0.031 0.187 0.273 0.017 
 66    C4553    (9)    2 :  0.082 0.020 0.019 0.047 0.017 0.042 0.677 0.097 
 67    C4562   (18)    2 :  0.125 0.026 0.016 0.039 0.046 0.035 0.658 0.054 
 68    C4582   (18)    2 :  0.072 0.029 0.019 0.030 0.019 0.023 0.782 0.026 
 69    C4693    (0)    2 :  0.029 0.014 0.010 0.010 0.008 0.008 0.899 0.022 
 70    C4696    (0)    2 :  0.101 0.024 0.022 0.104 0.040 0.087 0.584 0.037 
 71    C3179    (0)    2 :  0.084 0.012 0.019 0.026 0.049 0.024 0.016 0.769 
 72    C3181    (0)    2 :  0.645 0.024 0.043 0.042 0.016 0.053 0.017 0.160 
 73    C3188    (0)    2 :  0.700 0.021 0.026 0.042 0.027 0.038 0.019 0.127 
 74    C3190    (0)    2 :  0.018 0.024 0.058 0.022 0.013 0.021 0.030 0.813 
 75    C3193    (0)    2 :  0.566 0.030 0.011 0.024 0.009 0.026 0.016 0.320 
 76    C3232    (0)    2 :  0.714 0.008 0.013 0.015 0.012 0.012 0.112 0.114 
 77    C3236    (0)    2 :  0.107 0.009 0.009 0.012 0.009 0.011 0.041 0.803 
 78    C3249    (0)    2 :  0.462 0.031 0.044 0.036 0.028 0.036 0.020 0.342 
 79    C3250    (0)    2 :  0.910 0.009 0.013 0.009 0.008 0.009 0.015 0.028 
 80    C3253    (0)    2 :  0.926 0.013 0.008 0.012 0.009 0.010 0.013 0.010 
 81    C3255    (0)    2 :  0.784 0.010 0.010 0.016 0.009 0.016 0.036 0.120 
 82    C3277    (0)    2 :  0.615 0.070 0.029 0.071 0.034 0.068 0.018 0.095 
 83    C3315    (0)    2 :  0.410 0.185 0.056 0.091 0.088 0.077 0.073 0.020 
 84    C3288    (0)    2 :  0.017 0.022 0.014 0.015 0.014 0.013 0.020 0.885 
 85    C3293    (0)    2 :  0.022 0.030 0.033 0.076 0.029 0.074 0.052 0.683 
 86    C4018    (0)    3 :  0.027 0.008 0.016 0.011 0.008 0.010 0.685 0.235 
 87    C3980    (0)    3 :  0.016 0.012 0.014 0.012 0.010 0.011 0.896 0.029 
 88    C3987    (0)    3 :  0.041 0.011 0.012 0.012 0.010 0.011 0.880 0.023 
 89    C3988    (0)    3 :  0.069 0.012 0.007 0.014 0.012 0.015 0.815 0.056 
 90    C3989    (0)    3 :  0.048 0.009 0.017 0.104 0.008 0.104 0.038 0.672 
 91    C4011    (0)    3 :  0.141 0.006 0.006 0.006 0.006 0.006 0.700 0.130 
 92    C4017    (0)    3 :  0.016 0.006 0.007 0.007 0.007 0.007 0.937 0.013 
 93    C4296    (0)    3 :  0.400 0.033 0.051 0.213 0.049 0.170 0.052 0.030 
 94    C4301    (9)    3 :  0.011 0.010 0.823 0.041 0.036 0.028 0.010 0.042 
 95    C4303    (0)    3 :  0.025 0.257 0.039 0.031 0.025 0.027 0.014 0.582 
 96    C4453    (0)    3 :  0.115 0.041 0.035 0.032 0.085 0.029 0.139 0.525 
 97    C4455    (9)    3 :  0.014 0.032 0.014 0.021 0.018 0.017 0.045 0.839 
 98    C4456   (18)    3 :  0.016 0.071 0.054 0.045 0.138 0.040 0.309 0.327 
 99    C4457    (9)    3 :  0.040 0.062 0.044 0.060 0.026 0.065 0.031 0.672 
100    C4459    (9)    3 :  0.256 0.023 0.016 0.027 0.012 0.027 0.217 0.424 
101    C4464   (18)    3 :  0.187 0.008 0.009 0.011 0.010 0.011 0.056 0.708 
102    C4467   (18)    3 :  0.673 0.008 0.007 0.009 0.009 0.011 0.037 0.246 
103    C4468    (9)    3 :  0.688 0.046 0.013 0.016 0.012 0.016 0.038 0.169 
104    C4783    (0)    3 :  0.009 0.014 0.010 0.030 0.011 0.025 0.703 0.199 
105    C4786    (0)    3 :  0.031 0.011 0.024 0.014 0.011 0.014 0.218 0.678 
106    C4789    (9)    3 :  0.193 0.012 0.077 0.018 0.010 0.018 0.374 0.299 
107    C4891    (0)    3 :  0.013 0.011 0.017 0.028 0.020 0.027 0.073 0.811 
108    C4896    (0)    3 :  0.014 0.041 0.061 0.057 0.019 0.052 0.465 0.291 
109    C4898    (0)    3 :  0.055 0.014 0.013 0.025 0.016 0.024 0.744 0.109 
110    C4901    (0)    3 :  0.012 0.010 0.017 0.013 0.007 0.009 0.119 0.813 
111    C4903    (9)    3 :  0.017 0.025 0.038 0.021 0.012 0.027 0.053 0.807 
112    C4904    (0)    3 :  0.019 0.008 0.014 0.039 0.010 0.041 0.691 0.177 
113    C3263    (0)    3 :  0.414 0.026 0.012 0.031 0.161 0.029 0.016 0.312 
114    C3271    (0)    3 :  0.765 0.012 0.023 0.024 0.025 0.027 0.023 0.101 
115    C3272    (0)    3 :  0.837 0.009 0.037 0.022 0.017 0.028 0.013 0.037 
116    C3276    (0)    3 :  0.026 0.025 0.288 0.066 0.075 0.063 0.016 0.441 
117    C3280    (9)    3 :  0.710 0.029 0.026 0.049 0.080 0.053 0.026 0.029 
118    C3305    (9)    3 :  0.928 0.008 0.011 0.010 0.011 0.010 0.012 0.010 
119    C3306    (0)    3 :  0.639 0.024 0.017 0.059 0.076 0.060 0.021 0.103 
120    C3324    (0)    3 :  0.672 0.016 0.015 0.049 0.148 0.060 0.020 0.020 
121    C3329    (0)    3 :  0.448 0.027 0.035 0.093 0.080 0.087 0.124 0.106 
122    C3336    (0)    3 :  0.778 0.014 0.046 0.025 0.017 0.027 0.023 0.071 
123    C3341   (18)    3 :  0.064 0.032 0.025 0.070 0.653 0.068 0.055 0.033 
124    C3409   (18)    3 :  0.451 0.043 0.088 0.097 0.058 0.094 0.047 0.123 
125    C3168    (9)    3 :  0.013 0.009 0.012 0.012 0.010 0.012 0.015 0.918 
126    C3170    (0)    3 :  0.053 0.008 0.020 0.016 0.012 0.016 0.018 0.858 
127    C3214   (18)    3 :  0.073 0.028 0.215 0.016 0.010 0.014 0.022 0.621 
128    C3227    (0)    3 :  0.012 0.011 0.032 0.010 0.009 0.010 0.017 0.900 
129    C3228    (0)    3 :  0.691 0.031 0.036 0.044 0.034 0.037 0.074 0.052 
130    C3279    (0)    3 :  0.029 0.016 0.038 0.065 0.013 0.066 0.015 0.758 
131    C3322    (0)    3 :  0.020 0.056 0.083 0.096 0.013 0.078 0.064 0.591 
132    C3303    (0)    3 :  0.040 0.015 0.063 0.037 0.032 0.036 0.017 0.761 
133    C3317    (0)    3 :  0.825 0.017 0.011 0.021 0.023 0.020 0.024 0.058 
134    C3355    (0)    3 :  0.310 0.012 0.010 0.014 0.020 0.015 0.026 0.593 
135    C3376    (9)    3 :  0.541 0.018 0.073 0.030 0.016 0.030 0.030 0.261 
136    C3401    (0)    3 :  0.700 0.027 0.028 0.032 0.022 0.032 0.037 0.122 
137    C3203    (9)    3 :  0.260 0.039 0.066 0.031 0.060 0.027 0.044 0.473 
138    C3245    (0)    3 :  0.024 0.018 0.019 0.018 0.010 0.021 0.009 0.881 
139    C3302    (0)    3 :  0.011 0.013 0.017 0.016 0.015 0.018 0.011 0.899 
140    C3307    (0)    3 :  0.047 0.088 0.011 0.058 0.131 0.061 0.108 0.495 
141    C3310    (0)    3 :  0.008 0.008 0.010 0.010 0.012 0.011 0.009 0.934 
142    C3312    (9)    3 :  0.436 0.034 0.017 0.050 0.017 0.053 0.055 0.337 
143    C3345    (0)    3 :  0.018 0.011 0.013 0.016 0.022 0.016 0.020 0.882 
144    C3371    (0)    3 :  0.014 0.011 0.010 0.015 0.036 0.017 0.008 0.889 
145    C3372    (0)    3 :  0.107 0.022 0.016 0.035 0.040 0.029 0.023 0.728 
146    C3380    (9)    3 :  0.012 0.007 0.007 0.007 0.007 0.007 0.016 0.937 
147    C3417    (0)    3 :  0.046 0.028 0.020 0.056 0.192 0.055 0.125 0.478 
148    C4569    (9)    4 :  0.057 0.046 0.122 0.210 0.109 0.135 0.305 0.017 
149    C4570    (9)    4 :  0.065 0.012 0.011 0.014 0.013 0.015 0.860 0.010 
150    C4571    (9)    4 :  0.372 0.024 0.019 0.016 0.017 0.015 0.512 0.026 
151    C4572    (9)    4 :  0.023 0.019 0.014 0.013 0.016 0.012 0.892 0.011 
152    C4573    (9)    4 :  0.164 0.463 0.083 0.072 0.030 0.068 0.107 0.012 
153    C4575    (9)    4 :  0.055 0.092 0.061 0.048 0.029 0.050 0.638 0.026 
154    C4577    (9)    4 :  0.022 0.008 0.011 0.016 0.012 0.015 0.903 0.013 
155    C4578    (9)    4 :  0.077 0.062 0.046 0.055 0.020 0.052 0.667 0.021 
156    C4600   (18)    4 :  0.034 0.029 0.033 0.152 0.023 0.139 0.570 0.022 
157    C4612    (9)    4 :  0.019 0.017 0.162 0.030 0.015 0.031 0.701 0.025 
158    C4621    (0)    4 :  0.044 0.018 0.015 0.010 0.007 0.010 0.841 0.055 
159    C4622    (9)    4 :  0.009 0.009 0.008 0.009 0.008 0.009 0.931 0.016 
160    C4623    (0)    4 :  0.096 0.051 0.049 0.085 0.248 0.072 0.220 0.178 
161    C4624    (0)    4 :  0.023 0.036 0.019 0.021 0.013 0.016 0.859 0.013 
162    C4625    (0)    4 :  0.180 0.460 0.054 0.066 0.019 0.070 0.137 0.014 
163    C4627    (0)    4 :  0.016 0.022 0.024 0.018 0.017 0.017 0.822 0.064 
164    C4631    (0)    4 :  0.011 0.019 0.012 0.021 0.190 0.024 0.710 0.012 
165    C4632    (0)    4 :  0.063 0.018 0.012 0.018 0.016 0.019 0.820 0.035 
166    C3939    (0)    4 :  0.018 0.010 0.024 0.018 0.011 0.017 0.831 0.070 
167    C3940    (0)    4 :  0.017 0.008 0.055 0.052 0.021 0.039 0.768 0.041 
168    C3945    (0)    4 :  0.015 0.006 0.007 0.011 0.008 0.011 0.924 0.019 
169    C4520    (0)    4 :  0.097 0.023 0.527 0.111 0.040 0.093 0.030 0.080 
170    C4522    (0)    4 :  0.026 0.009 0.013 0.012 0.010 0.012 0.761 0.157 
171    C3182    (0)    4 :  0.090 0.013 0.015 0.021 0.027 0.020 0.048 0.765 
172    C3189    (0)    4 :  0.558 0.118 0.037 0.080 0.023 0.082 0.027 0.075 
173    C3191    (9)    4 :  0.619 0.044 0.016 0.028 0.029 0.025 0.018 0.220 
174    C3196    (0)    4 :  0.081 0.021 0.022 0.020 0.013 0.021 0.013 0.810 
175    C3208    (0)    4 :  0.028 0.041 0.039 0.027 0.042 0.026 0.223 0.572 
176    C3211    (0)    4 :  0.015 0.008 0.015 0.013 0.010 0.013 0.017 0.909 
177    C3212    (0)    4 :  0.105 0.011 0.351 0.108 0.117 0.111 0.065 0.132 
178    C3213    (0)    4 :  0.022 0.010 0.028 0.027 0.020 0.027 0.010 0.857 
179    C3215    (0)    4 :  0.012 0.037 0.045 0.021 0.013 0.016 0.024 0.833 
180    C3217    (0)    4 :  0.436 0.014 0.021 0.027 0.031 0.031 0.016 0.424 
181    C3225    (9)    4 :  0.661 0.029 0.058 0.038 0.018 0.044 0.021 0.131 
182    C3226    (0)    4 :  0.278 0.013 0.011 0.012 0.014 0.013 0.216 0.443 
183    C3238    (9)    4 :  0.051 0.019 0.022 0.017 0.012 0.016 0.105 0.758 
184    C3239    (0)    4 :  0.741 0.016 0.024 0.023 0.025 0.019 0.024 0.128 
185    C3269   (18)    4 :  0.494 0.112 0.095 0.041 0.019 0.033 0.159 0.046 
186    C3273    (0)    4 :  0.515 0.048 0.026 0.021 0.009 0.025 0.031 0.326 
187    C3274    (0)    4 :  0.026 0.020 0.074 0.159 0.013 0.128 0.028 0.553 
188    C3354    (0)    4 :  0.063 0.017 0.014 0.028 0.010 0.029 0.017 0.821 
189    C3361    (0)    4 :  0.031 0.014 0.016 0.015 0.009 0.014 0.017 0.884 
190    C3289    (0)    4 :  0.012 0.015 0.014 0.013 0.010 0.014 0.014 0.908 
191    C3169    (0)    4 :  0.674 0.011 0.017 0.012 0.010 0.011 0.032 0.234 
192    C3199    (9)    4 :  0.082 0.038 0.027 0.017 0.018 0.017 0.107 0.693 
193    C3224    (0)    4 :  0.142 0.016 0.031 0.011 0.013 0.013 0.015 0.759 
194    C3261   (18)    4 :  0.135 0.010 0.009 0.023 0.014 0.020 0.045 0.744 
195    C3320    (0)    4 :  0.100 0.032 0.028 0.038 0.012 0.041 0.039 0.710 
196    C4151    (0)    5 :  0.018 0.010 0.007 0.010 0.008 0.009 0.925 0.014 
197    C4152    (0)    5 :  0.088 0.015 0.011 0.013 0.014 0.012 0.834 0.013 
198    C4153    (0)    5 :  0.076 0.026 0.052 0.035 0.015 0.028 0.347 0.420 
199    C4154   (18)    5 :  0.049 0.009 0.018 0.030 0.021 0.031 0.708 0.134 
200    C4157    (0)    5 :  0.398 0.017 0.014 0.140 0.015 0.096 0.285 0.036 
201    C4158    (0)    5 :  0.017 0.013 0.008 0.010 0.008 0.010 0.914 0.019 
202    C4163    (0)    5 :  0.015 0.006 0.006 0.007 0.007 0.007 0.939 0.012 
203    C4165    (0)    5 :  0.037 0.037 0.009 0.228 0.099 0.258 0.278 0.054 
204    C4248    (9)    5 :  0.649 0.023 0.014 0.036 0.013 0.033 0.034 0.198 
205    C4254    (0)    5 :  0.434 0.012 0.032 0.027 0.018 0.030 0.061 0.386 
206    C4371    (9)    5 :  0.861 0.015 0.011 0.019 0.028 0.021 0.028 0.017 
207    C3936    (0)    5 :  0.021 0.012 0.014 0.019 0.015 0.016 0.884 0.019 
208    C3937    (0)    5 :  0.015 0.010 0.008 0.009 0.009 0.008 0.918 0.023 
209    C3944    (0)    5 :  0.080 0.007 0.008 0.010 0.011 0.008 0.828 0.048 
210    C3954    (0)    5 :  0.763 0.037 0.024 0.012 0.007 0.012 0.090 0.056 
211    C3955    (9)    5 :  0.112 0.032 0.029 0.027 0.008 0.024 0.425 0.344 
212    C3961    (0)    5 :  0.035 0.010 0.022 0.017 0.042 0.016 0.820 0.039 
213    C3974    (0)    5 :  0.021 0.015 0.025 0.017 0.014 0.014 0.874 0.019 
214    C4024    (0)    5 :  0.221 0.014 0.027 0.029 0.069 0.023 0.577 0.040 
215    C4025    (0)    5 :  0.031 0.015 0.016 0.015 0.031 0.012 0.866 0.013 
216    C4028    (0)    5 :  0.082 0.052 0.060 0.045 0.034 0.036 0.648 0.044 
217    C4032   (18)    5 :  0.876 0.011 0.011 0.011 0.009 0.011 0.036 0.036 
218    C4033   (18)    5 :  0.216 0.015 0.012 0.015 0.012 0.016 0.036 0.678 
219    C4034    (0)    5 :  0.263 0.021 0.037 0.076 0.071 0.067 0.033 0.433 
220    C4041    (9)    5 :  0.595 0.015 0.121 0.048 0.084 0.045 0.028 0.064 
221    C4042   (18)    5 :  0.261 0.027 0.016 0.114 0.095 0.110 0.126 0.252 
222    C4043    (9)    5 :  0.656 0.021 0.016 0.024 0.018 0.022 0.158 0.086 
223    C4044    (9)    5 :  0.104 0.055 0.050 0.090 0.408 0.085 0.129 0.079 
224    C4045    (9)    5 :  0.465 0.046 0.018 0.033 0.013 0.035 0.127 0.262 
225    C4046    (9)    5 :  0.642 0.025 0.014 0.019 0.037 0.019 0.039 0.205 
226    C4047    (0)    5 :  0.031 0.030 0.024 0.036 0.016 0.034 0.018 0.812 
227    C4048    (9)    5 :  0.102 0.037 0.019 0.046 0.049 0.051 0.020 0.677 
228    C4055    (9)    5 :  0.746 0.036 0.027 0.029 0.017 0.032 0.078 0.036 
229    C4057   (18)    5 :  0.821 0.009 0.016 0.016 0.034 0.018 0.035 0.049 
230    C4059    (0)    5 :  0.499 0.025 0.030 0.020 0.014 0.016 0.062 0.335 
231    C4060    (9)    5 :  0.678 0.016 0.032 0.030 0.017 0.027 0.125 0.076 
232    C4064    (9)    5 :  0.482 0.201 0.033 0.106 0.017 0.093 0.038 0.030 
233    C4067    (0)    5 :  0.032 0.077 0.016 0.031 0.037 0.035 0.017 0.755 
234    C4068    (9)    5 :  0.041 0.026 0.024 0.027 0.019 0.024 0.031 0.808 
235    C4070    (9)    5 :  0.092 0.025 0.018 0.052 0.116 0.053 0.150 0.494 
236    C4075   (18)    5 :  0.067 0.017 0.029 0.027 0.024 0.024 0.030 0.782 
237    C4081    (9)    5 :  0.794 0.023 0.026 0.032 0.019 0.030 0.022 0.054 
238    C4082    (0)    5 :  0.112 0.042 0.051 0.022 0.016 0.022 0.105 0.629 
239    C4083    (0)    5 :  0.197 0.049 0.027 0.207 0.173 0.181 0.124 0.043 
240    C4086    (0)    5 :  0.598 0.147 0.022 0.031 0.011 0.030 0.029 0.133 
241    C4088    (9)    5 :  0.038 0.826 0.023 0.026 0.010 0.025 0.026 0.025 
242    C4092    (0)    5 :  0.648 0.009 0.018 0.036 0.058 0.033 0.139 0.059 
243    C4099    (9)    5 :  0.541 0.020 0.094 0.039 0.075 0.037 0.035 0.161 
244    C4104    (0)    5 :  0.076 0.018 0.014 0.028 0.043 0.025 0.609 0.187 
245    C4108   (18)    5 :  0.011 0.056 0.651 0.091 0.023 0.139 0.011 0.018 
246    C4118    (0)    5 :  0.652 0.041 0.047 0.127 0.015 0.083 0.020 0.015 
247    C4131    (0)    5 :  0.191 0.110 0.020 0.058 0.018 0.060 0.441 0.103 
248    C4133    (0)    5 :  0.895 0.010 0.015 0.013 0.009 0.013 0.015 0.029 
249    C4135    (0)    5 :  0.240 0.005 0.006 0.013 0.008 0.013 0.667 0.048 
250    C4136    (0)    5 :  0.024 0.129 0.047 0.068 0.024 0.041 0.644 0.022 
251    C4137    (9)    5 :  0.411 0.026 0.015 0.047 0.020 0.042 0.400 0.039 
252    C4139    (0)    5 :  0.043 0.007 0.013 0.014 0.011 0.015 0.864 0.033 
253    C4140    (9)    5 :  0.083 0.012 0.014 0.024 0.020 0.022 0.777 0.049 
254    C4167    (0)    5 :  0.100 0.039 0.013 0.060 0.044 0.038 0.692 0.015 
255    C4236    (0)    5 :  0.676 0.030 0.026 0.084 0.031 0.064 0.027 0.061 
256    C4237    (0)    5 :  0.060 0.634 0.085 0.067 0.023 0.056 0.061 0.015 
257    C4238    (0)    5 :  0.298 0.068 0.032 0.028 0.015 0.028 0.092 0.439 
258    C4241    (0)    5 :  0.280 0.018 0.025 0.026 0.020 0.028 0.063 0.539 
259    C4247    (9)    5 :  0.349 0.223 0.045 0.072 0.096 0.058 0.101 0.057 
260    C4257    (0)    5 :  0.155 0.021 0.064 0.016 0.019 0.019 0.036 0.669 
261    C4383    (0)    5 :  0.381 0.057 0.063 0.057 0.224 0.050 0.138 0.031 
262    C4397    (9)    5 :  0.841 0.010 0.009 0.018 0.008 0.016 0.086 0.013 
263    C4514    (0)    5 :  0.115 0.014 0.014 0.018 0.026 0.019 0.764 0.028 
264    C4519    (0)    5 :  0.030 0.008 0.158 0.021 0.014 0.019 0.539 0.211 
265    C4527    (0)    5 :  0.040 0.013 0.011 0.015 0.017 0.015 0.166 0.722 
266    C4534    (0)    5 :  0.084 0.016 0.065 0.047 0.061 0.048 0.090 0.589 
267    C4699    (0)    5 :  0.013 0.050 0.017 0.023 0.023 0.021 0.791 0.062 
268    C1541    (9)    5 :  0.221 0.012 0.009 0.013 0.012 0.014 0.016 0.701 
269    C1542    (9)    5 :  0.135 0.014 0.015 0.014 0.011 0.012 0.013 0.785 
270    C1544    (0)    5 :  0.593 0.050 0.042 0.026 0.015 0.028 0.030 0.218 
271    C1547    (9)    5 :  0.134 0.098 0.325 0.084 0.160 0.100 0.040 0.059 
272    C1553    (9)    5 :  0.034 0.056 0.163 0.147 0.115 0.155 0.262 0.068 
273    C1555    (9)    5 :  0.836 0.021 0.031 0.023 0.012 0.025 0.017 0.036 
274    C1557    (0)    5 :  0.855 0.025 0.014 0.017 0.017 0.018 0.023 0.032 
275    C1560    (0)    5 :  0.827 0.010 0.055 0.017 0.015 0.015 0.017 0.044 
276    C1565    (0)    5 :  0.182 0.016 0.019 0.053 0.058 0.050 0.038 0.583 
277    C1567    (0)    5 :  0.734 0.027 0.077 0.024 0.031 0.023 0.033 0.052 
278    C1569    (0)    5 :  0.606 0.018 0.018 0.021 0.029 0.022 0.056 0.231 
279    C1571    (0)    5 :  0.244 0.077 0.129 0.037 0.037 0.039 0.034 0.404 
280    C1576    (0)    5 :  0.567 0.064 0.041 0.029 0.024 0.026 0.172 0.078 
281    C1577    (9)    5 :  0.161 0.036 0.038 0.025 0.015 0.027 0.024 0.674 
282    C1579    (0)    5 :  0.591 0.020 0.020 0.030 0.016 0.030 0.022 0.272 
283    C3990    (0)    6 :  0.020 0.007 0.007 0.008 0.007 0.007 0.919 0.025 
284    C3991    (0)    6 :  0.041 0.049 0.030 0.032 0.052 0.028 0.733 0.036 
285    C3992    (0)    6 :  0.026 0.035 0.066 0.026 0.016 0.026 0.775 0.030 
286    C3994    (0)    6 :  0.361 0.039 0.037 0.056 0.124 0.063 0.147 0.174 
287    C4172    (0)    6 :  0.008 0.052 0.040 0.060 0.050 0.044 0.728 0.016 
288    C4173    (9)    6 :  0.015 0.012 0.017 0.019 0.404 0.015 0.473 0.045 
289    C4232    (9)    6 :  0.111 0.008 0.009 0.007 0.007 0.008 0.011 0.839 
290    C4234    (9)    6 :  0.385 0.012 0.010 0.012 0.009 0.012 0.015 0.545 
291    C4259    (0)    6 :  0.782 0.011 0.008 0.010 0.011 0.011 0.025 0.142 
292    C4260    (0)    6 :  0.029 0.008 0.010 0.010 0.008 0.009 0.024 0.903 
293    C4261    (9)    6 :  0.017 0.024 0.041 0.061 0.053 0.052 0.034 0.719 
294    C4262    (0)    6 :  0.436 0.013 0.042 0.038 0.091 0.035 0.246 0.098 
295    C4263    (0)    6 :  0.633 0.074 0.013 0.024 0.031 0.026 0.031 0.167 
296    C4267    (9)    6 :  0.581 0.037 0.016 0.023 0.014 0.023 0.154 0.152 
297    C4269    (0)    6 :  0.304 0.022 0.016 0.043 0.044 0.038 0.210 0.323 
298    C4272    (0)    6 :  0.902 0.008 0.013 0.016 0.011 0.015 0.015 0.020 
299    C4274    (0)    6 :  0.390 0.013 0.383 0.040 0.012 0.032 0.027 0.103 
300    C4276    (9)    6 :  0.031 0.032 0.824 0.026 0.016 0.025 0.010 0.037 
301    C4278    (0)    6 :  0.566 0.023 0.058 0.067 0.031 0.066 0.095 0.094 
302    C4280    (0)    6 :  0.156 0.014 0.027 0.047 0.019 0.045 0.173 0.518 
303    C4281    (0)    6 :  0.703 0.025 0.016 0.024 0.019 0.021 0.036 0.157 
304    C4282    (0)    6 :  0.079 0.063 0.024 0.139 0.170 0.160 0.019 0.346 
305    C4284    (9)    6 :  0.675 0.009 0.008 0.010 0.010 0.009 0.214 0.065 
306    C4286    (9)    6 :  0.080 0.025 0.081 0.049 0.028 0.039 0.198 0.500 
307    C4287    (0)    6 :  0.118 0.012 0.063 0.067 0.068 0.060 0.134 0.477 
308    C4290    (0)    6 :  0.158 0.143 0.441 0.079 0.065 0.057 0.040 0.017 
309    C4307   (18)    6 :  0.186 0.013 0.021 0.123 0.021 0.137 0.154 0.345 
310    C4310    (9)    6 :  0.510 0.063 0.074 0.021 0.012 0.026 0.067 0.228 
311    C4311   (18)    6 :  0.160 0.018 0.054 0.036 0.022 0.036 0.029 0.645 
312    C4312    (0)    6 :  0.418 0.015 0.015 0.018 0.014 0.017 0.034 0.469 
313    C4314    (0)    6 :  0.489 0.160 0.025 0.044 0.012 0.046 0.023 0.202 
314    C4318    (9)    6 :  0.705 0.012 0.015 0.046 0.035 0.060 0.046 0.082 
315    C4321    (9)    6 :  0.209 0.011 0.087 0.034 0.057 0.030 0.140 0.430 
316    C4324    (0)    6 :  0.674 0.011 0.037 0.029 0.054 0.024 0.076 0.095 
317    C4334    (0)    6 :  0.827 0.009 0.019 0.017 0.040 0.018 0.050 0.019 
318    C4529    (0)    6 :  0.319 0.035 0.025 0.040 0.030 0.040 0.032 0.480 
319    C1582    (9)    6 :  0.626 0.015 0.018 0.016 0.014 0.016 0.170 0.126 
320    C1583    (0)    6 :  0.653 0.053 0.025 0.029 0.018 0.028 0.029 0.164 
321    C1584    (9)    6 :  0.832 0.021 0.038 0.011 0.010 0.014 0.034 0.041 
322    C1585    (0)    6 :  0.897 0.014 0.011 0.008 0.007 0.008 0.038 0.017 
323    C1586    (0)    6 :  0.745 0.024 0.012 0.025 0.061 0.026 0.031 0.076 
324    C1589    (0)    6 :  0.688 0.011 0.012 0.014 0.012 0.011 0.155 0.098 
325    C1591    (0)    6 :  0.878 0.011 0.012 0.009 0.009 0.008 0.031 0.043 
326    C1592    (0)    6 :  0.770 0.020 0.023 0.021 0.028 0.027 0.015 0.096 
327    C1594    (0)    6 :  0.648 0.063 0.020 0.023 0.015 0.020 0.043 0.168 
328    C1597    (9)    6 :  0.152 0.026 0.057 0.038 0.029 0.038 0.039 0.620 
329    C1598    (9)    6 :  0.565 0.042 0.022 0.023 0.015 0.022 0.227 0.084 
330    C1599    (0)    6 :  0.608 0.009 0.031 0.019 0.010 0.019 0.012 0.291 
331    C1601    (0)    6 :  0.149 0.075 0.025 0.066 0.026 0.068 0.408 0.182 
332    C1605    (0)    6 :  0.132 0.081 0.133 0.234 0.038 0.241 0.062 0.078 
333    C1609    (0)    6 :  0.898 0.009 0.010 0.009 0.008 0.009 0.032 0.024 
334    C1610    (0)    6 :  0.199 0.088 0.092 0.089 0.014 0.097 0.015 0.407 
335    C1611    (0)    6 :  0.039 0.011 0.012 0.028 0.037 0.033 0.012 0.828 
336    C1612    (0)    6 :  0.053 0.010 0.008 0.010 0.007 0.009 0.010 0.894 
337    C1613    (0)    6 :  0.200 0.039 0.038 0.023 0.044 0.022 0.031 0.603 
338    C3173    (9)    6 :  0.401 0.039 0.048 0.071 0.044 0.061 0.041 0.296 
339    C3204    (0)    6 :  0.043 0.017 0.018 0.016 0.016 0.019 0.025 0.847 
340    C3223    (9)    6 :  0.031 0.016 0.184 0.122 0.073 0.123 0.021 0.429 
341    C3262    (0)    6 :  0.450 0.088 0.051 0.040 0.028 0.049 0.040 0.255 
342    C3270    (0)    6 :  0.168 0.015 0.024 0.027 0.016 0.026 0.158 0.566 
343    C3300    (0)    6 :  0.426 0.009 0.013 0.013 0.010 0.013 0.303 0.212 
344    C3330    (0)    6 :  0.550 0.013 0.025 0.057 0.019 0.054 0.114 0.168 
345    C3390    (9)    6 :  0.324 0.019 0.017 0.025 0.027 0.029 0.084 0.475 
346    C3424    (9)    6 :  0.188 0.015 0.027 0.058 0.017 0.043 0.040 0.612 
347    C3958    (0)    6 :  0.050 0.007 0.008 0.014 0.015 0.012 0.876 0.020 
348    C3962    (0)    6 :  0.034 0.006 0.009 0.028 0.010 0.025 0.870 0.018 
349    C4019    (0)    6 :  0.011 0.027 0.019 0.462 0.029 0.352 0.089 0.010 
350    C3995   (18)    6 :  0.019 0.017 0.012 0.025 0.035 0.019 0.841 0.033 
351    C4000    (0)    6 :  0.029 0.015 0.023 0.085 0.074 0.078 0.582 0.114 
352    C4002    (0)    6 :  0.025 0.014 0.009 0.023 0.018 0.019 0.827 0.065 
353    C1692    (0)    7 :  0.016 0.038 0.088 0.380 0.027 0.314 0.115 0.022 
354    C1693    (0)    7 :  0.070 0.015 0.137 0.213 0.118 0.268 0.036 0.142 
355    C1694    (0)    7 :  0.106 0.099 0.109 0.134 0.312 0.169 0.018 0.052 
356    C1698    (0)    7 :  0.045 0.073 0.088 0.337 0.142 0.298 0.008 0.009 
357    C1699    (0)    7 :  0.019 0.384 0.096 0.191 0.043 0.220 0.019 0.029 
358    C1700    (0)    7 :  0.040 0.048 0.068 0.338 0.143 0.254 0.070 0.040 
359    C1701    (0)    7 :  0.027 0.349 0.029 0.256 0.025 0.287 0.013 0.013 
360    C1702    (0)    7 :  0.012 0.088 0.058 0.356 0.057 0.404 0.014 0.011 
361    C1703    (0)    7 :  0.015 0.057 0.131 0.259 0.274 0.233 0.022 0.009 
362    C1704    (0)    7 :  0.466 0.021 0.058 0.106 0.201 0.101 0.026 0.022 
363    C1705    (0)    7 :  0.014 0.018 0.215 0.053 0.455 0.040 0.195 0.011 
364    C1706    (0)    7 :  0.019 0.378 0.105 0.185 0.041 0.244 0.010 0.018 
365    C1707    (0)    7 :  0.234 0.148 0.323 0.071 0.042 0.046 0.019 0.116 
366    C1708    (0)    7 :  0.022 0.023 0.019 0.190 0.491 0.227 0.015 0.013 
367    C1709    (0)    7 :  0.020 0.026 0.020 0.092 0.658 0.080 0.079 0.024 
368    C1710    (0)    7 :  0.037 0.077 0.041 0.363 0.067 0.375 0.022 0.017 
369    C1712    (0)    7 :  0.009 0.014 0.034 0.167 0.497 0.238 0.030 0.011 
370    C1714    (0)    7 :  0.021 0.017 0.019 0.091 0.746 0.082 0.013 0.011 
371    C1715    (0)    7 :  0.022 0.098 0.411 0.209 0.022 0.202 0.019 0.017 
372    C1717    (0)    7 :  0.049 0.027 0.477 0.142 0.063 0.172 0.018 0.052 
373    C1718   (18)    7 :  0.085 0.062 0.175 0.305 0.035 0.310 0.014 0.015 
374    C1719    (0)    7 :  0.037 0.018 0.021 0.080 0.613 0.075 0.091 0.066 
375    C1656    (0)    8 :  0.010 0.468 0.041 0.173 0.069 0.174 0.054 0.011 
376    C1657   (18)    8 :  0.014 0.178 0.072 0.158 0.368 0.156 0.020 0.033 
377    C1658    (0)    8 :  0.010 0.106 0.165 0.361 0.041 0.299 0.010 0.008 
378    C1659    (0)    8 :  0.028 0.127 0.478 0.130 0.020 0.131 0.021 0.065 
379    C1661    (9)    8 :  0.096 0.079 0.104 0.242 0.073 0.348 0.022 0.035 
380    C1665    (0)    8 :  0.020 0.219 0.070 0.295 0.027 0.329 0.012 0.029 
381    C1667    (9)    8 :  0.007 0.018 0.013 0.044 0.842 0.063 0.006 0.007 
382    C1676    (9)    8 :  0.015 0.145 0.023 0.313 0.134 0.324 0.030 0.014 
383    C1681    (9)    8 :  0.057 0.270 0.224 0.163 0.105 0.150 0.018 0.013 
384    C1682    (0)    8 :  0.017 0.076 0.060 0.164 0.460 0.187 0.020 0.015 
385    C1685    (0)    8 :  0.014 0.098 0.015 0.376 0.041 0.384 0.029 0.044 
386    C4707    (0)    9 :  0.037 0.023 0.015 0.422 0.036 0.362 0.084 0.022 
387    C4747    (0)    9 :  0.035 0.019 0.074 0.105 0.409 0.107 0.097 0.155 
388    C4772    (0)    9 :  0.031 0.067 0.049 0.162 0.028 0.122 0.485 0.056 
389    C4781    (0)    9 :  0.067 0.014 0.033 0.074 0.715 0.054 0.032 0.010 
390    C4782    (0)    9 :  0.123 0.054 0.128 0.258 0.112 0.225 0.079 0.022 
391    C4787    (0)    9 :  0.027 0.027 0.566 0.100 0.048 0.116 0.102 0.014 
392    C4790    (0)    9 :  0.020 0.030 0.017 0.157 0.529 0.149 0.083 0.015 
393    C4803    (0)    9 :  0.033 0.025 0.261 0.228 0.080 0.224 0.100 0.049 
394    C4813    (0)    9 :  0.008 0.042 0.040 0.061 0.028 0.058 0.738 0.026 
395    C4837    (0)    9 :  0.016 0.022 0.048 0.424 0.028 0.304 0.116 0.040 
396    C4838    (0)    9 :  0.012 0.056 0.529 0.131 0.047 0.101 0.113 0.011 
397    C4843    (0)    9 :  0.012 0.061 0.021 0.441 0.027 0.347 0.049 0.041 
398    C4857    (0)    9 :  0.042 0.024 0.032 0.038 0.015 0.027 0.791 0.029 
399    C4828    (0)    9 :  0.053 0.150 0.126 0.151 0.063 0.184 0.029 0.244 
400    C4835    (0)    9 :  0.024 0.066 0.086 0.049 0.020 0.043 0.696 0.017 
401    C4836    (9)    9 :  0.035 0.029 0.175 0.183 0.133 0.154 0.268 0.023 
402    C4842    (0)    9 :  0.009 0.199 0.032 0.376 0.067 0.249 0.046 0.022 
403    C4863    (9)    9 :  0.043 0.019 0.283 0.258 0.130 0.208 0.045 0.015 
404    C4744    (0)    9 :  0.010 0.074 0.070 0.285 0.200 0.294 0.025 0.043 
405    C4745    (0)    9 :  0.026 0.107 0.097 0.331 0.030 0.291 0.103 0.015 
406    C4768    (0)    9 :  0.055 0.048 0.016 0.229 0.226 0.213 0.182 0.031 
407    C4769    (0)    9 :  0.010 0.372 0.120 0.144 0.067 0.111 0.162 0.013 
408    C4771    (0)    9 :  0.011 0.026 0.035 0.474 0.035 0.394 0.014 0.010 
409    C4784    (0)    9 :  0.052 0.046 0.043 0.135 0.419 0.104 0.185 0.017 
410    C4785    (0)    9 :  0.034 0.048 0.020 0.060 0.736 0.058 0.027 0.017 
411    C4795    (0)    9 :  0.045 0.024 0.101 0.059 0.599 0.059 0.084 0.030 
412    C4796    (0)    9 :  0.019 0.030 0.060 0.426 0.071 0.372 0.011 0.012 
413    C4800    (0)    9 :  0.018 0.017 0.239 0.207 0.014 0.199 0.297 0.009 
414    C4801    (0)    9 :  0.051 0.176 0.050 0.075 0.050 0.066 0.524 0.009 
415    C4802    (0)    9 :  0.653 0.119 0.044 0.060 0.017 0.061 0.021 0.026 
416    C4805    (0)    9 :  0.015 0.093 0.031 0.390 0.087 0.290 0.084 0.010 
417    C4806    (0)    9 :  0.012 0.107 0.069 0.409 0.014 0.330 0.051 0.008 
418    C4850    (0)    9 :  0.044 0.043 0.043 0.312 0.028 0.286 0.157 0.085 
419    C4748    (0)   10 :  0.009 0.508 0.087 0.079 0.094 0.062 0.152 0.009 
420    C4753    (0)   10 :  0.026 0.060 0.060 0.375 0.078 0.346 0.041 0.013 
421    C4754    (0)   10 :  0.027 0.039 0.018 0.400 0.045 0.321 0.136 0.013 
422    C4760    (0)   10 :  0.063 0.018 0.193 0.252 0.022 0.177 0.208 0.068 
423    C4761    (0)   10 :  0.021 0.348 0.037 0.055 0.104 0.059 0.366 0.008 
424    C4762    (0)   10 :  0.010 0.035 0.118 0.075 0.527 0.043 0.170 0.022 
425    C4791    (0)   10 :  0.013 0.029 0.276 0.231 0.067 0.191 0.185 0.008 
426    C4810    (0)   10 :  0.076 0.742 0.032 0.033 0.019 0.030 0.024 0.045 
427    C4812    (0)   10 :  0.035 0.177 0.175 0.273 0.025 0.220 0.042 0.053 
428    C4821    (0)   10 :  0.027 0.025 0.056 0.335 0.044 0.320 0.106 0.088 
429    C4864    (0)   10 :  0.036 0.021 0.024 0.157 0.021 0.120 0.585 0.035 
430    C4866    (0)   10 :  0.009 0.401 0.227 0.122 0.051 0.089 0.033 0.069 
431    C1722    (0)   10 :  0.043 0.264 0.335 0.154 0.030 0.139 0.012 0.023 
432    C1724    (0)   10 :  0.007 0.691 0.150 0.060 0.013 0.052 0.016 0.011 
433    C1725    (0)   10 :  0.032 0.270 0.165 0.170 0.045 0.253 0.011 0.054 
434    C1726    (0)   10 :  0.010 0.061 0.178 0.330 0.087 0.307 0.014 0.013 
435    C1731    (0)   10 :  0.013 0.290 0.121 0.206 0.077 0.176 0.058 0.058 
436    C1733    (9)   10 :  0.025 0.276 0.347 0.134 0.018 0.140 0.031 0.028 
437    C1734    (0)   10 :  0.014 0.037 0.281 0.335 0.028 0.184 0.057 0.065 
438    C1735    (0)   10 :  0.009 0.209 0.288 0.225 0.027 0.216 0.008 0.018 
439    C1738    (0)   10 :  0.012 0.384 0.283 0.112 0.016 0.068 0.029 0.097 
440    C1740    (9)   10 :  0.034 0.092 0.085 0.285 0.031 0.250 0.030 0.194 
441    C1741    (0)   10 :  0.064 0.015 0.162 0.163 0.117 0.170 0.263 0.047 
442    C1742    (0)   10 :  0.015 0.037 0.026 0.470 0.011 0.405 0.019 0.018 
443    C1743    (0)   10 :  0.017 0.074 0.205 0.113 0.385 0.148 0.020 0.038 
444    C1745    (0)   10 :  0.023 0.036 0.081 0.376 0.018 0.414 0.035 0.018 
445    C1746    (0)   10 :  0.036 0.223 0.186 0.162 0.127 0.158 0.071 0.037 
446    C1747    (0)   10 :  0.240 0.195 0.203 0.089 0.137 0.097 0.018 0.020 
447    C4742    (9)   10 :  0.017 0.044 0.033 0.182 0.088 0.125 0.478 0.035 
448    C4752    (0)   10 :  0.017 0.036 0.028 0.024 0.022 0.021 0.827 0.026 
449    C4792    (0)   10 :  0.073 0.112 0.040 0.164 0.094 0.132 0.292 0.093 
450    C4811    (0)   10 :  0.024 0.016 0.028 0.027 0.018 0.026 0.833 0.029 
451    C4814    (0)   10 :  0.020 0.040 0.030 0.167 0.074 0.118 0.517 0.034 
452    C4815    (0)   10 :  0.062 0.029 0.520 0.141 0.042 0.118 0.053 0.035 
453    C4818    (0)   10 :  0.025 0.107 0.212 0.094 0.064 0.093 0.230 0.176 
454    C4819    (0)   10 :  0.018 0.097 0.026 0.186 0.033 0.171 0.430 0.039 
455    C4826    (0)   10 :  0.011 0.069 0.074 0.432 0.049 0.324 0.032 0.008 
456    C4829    (0)   10 :  0.079 0.044 0.090 0.295 0.178 0.272 0.021 0.021 
457    C4830    (0)   10 :  0.009 0.010 0.029 0.425 0.098 0.375 0.031 0.024 
458    C4831    (0)   10 :  0.054 0.041 0.014 0.045 0.041 0.035 0.754 0.016 
459    C4832    (0)   10 :  0.012 0.077 0.043 0.250 0.375 0.186 0.041 0.015 
460    C4858    (0)   10 :  0.029 0.015 0.058 0.070 0.473 0.050 0.298 0.008 
