

----------------------------------------------------
STRUCTURE by Pritchard, Stephens and Donnelly (2000)
     and Falush, Stephens and Pritchard (2003)
       Code by Pritchard, Falush and Hubisz
             Version 2.3.4 (Jul 2012)
----------------------------------------------------



Command line arguments:   bin\structure -m G:\My Drive\Hoban_Lab_Docs\Projects\Butternut_JUCI\Graphical_Stat_Results\PostIndRemoval\24pop\Reorg_Results\STR\butternut\50-50\mainparams -e G:\My Drive\Hoban_Lab_Docs\Projects\Butternut_JUCI\Graphical_Stat_Results\PostIndRemoval\24pop\Reorg_Results\STR\butternut\50-50\extraparams 
Input File:    G:\My Drive\Hoban_Lab_Docs\Projects\Butternut_JUCI\Graphical_Stat_Results\PostIndRemoval\24pop\Reorg_Results\STR\butternut\project_data

Run parameters:
   993 individuals
   11 loci
   9 populations assumed
   50000 Burn-in period
   50000 Reps


--------------------------------------------
Proportion of membership of each pre-defined
 population in each of the 9 clusters

Given    Inferred Clusters                                                 Number of
 Pop       1      2      3      4      5      6      7      8      9      Individuals

  1:     0.028  0.034  0.099  0.408  0.037  0.032  0.181  0.035  0.146       40
  2:     0.030  0.024  0.263  0.069  0.029  0.037  0.151  0.037  0.360       45
  3:     0.035  0.023  0.138  0.205  0.042  0.027  0.390  0.030  0.110       62
  4:     0.027  0.042  0.324  0.068  0.047  0.033  0.266  0.035  0.159       48
  5:     0.034  0.045  0.216  0.214  0.034  0.035  0.160  0.033  0.228       87
  6:     0.033  0.029  0.151  0.187  0.047  0.036  0.194  0.038  0.284       70
  7:     0.229  0.083  0.041  0.064  0.113  0.198  0.024  0.184  0.064       22
  8:     0.209  0.136  0.019  0.027  0.112  0.275  0.027  0.175  0.019       11
  9:     0.149  0.058  0.179  0.039  0.115  0.199  0.036  0.169  0.057       33
 10:     0.087  0.125  0.167  0.039  0.128  0.193  0.057  0.166  0.039       48
 11:     0.141  0.070  0.286  0.050  0.091  0.165  0.030  0.134  0.034       48
 12:     0.135  0.114  0.031  0.039  0.207  0.191  0.042  0.199  0.041       90
 13:     0.497  0.041  0.019  0.027  0.131  0.109  0.029  0.124  0.024       63
 14:     0.095  0.092  0.026  0.048  0.206  0.189  0.070  0.197  0.076       16
 15:     0.066  0.141  0.075  0.053  0.295  0.107  0.051  0.117  0.095       31
 16:     0.026  0.734  0.057  0.036  0.021  0.055  0.012  0.047  0.012       16
 17:     0.329  0.039  0.021  0.156  0.094  0.124  0.067  0.135  0.036       24
 18:     0.087  0.118  0.037  0.087  0.068  0.238  0.039  0.300  0.026       12
 19:     0.161  0.148  0.032  0.041  0.158  0.192  0.035  0.188  0.045       54
 20:     0.057  0.250  0.041  0.037  0.204  0.162  0.036  0.155  0.058       96
 21:     0.140  0.285  0.018  0.031  0.150  0.136  0.026  0.145  0.070       22
 22:     0.026  0.528  0.075  0.040  0.069  0.078  0.041  0.056  0.089       23
 23:     0.051  0.330  0.022  0.036  0.198  0.145  0.033  0.169  0.017       13
 24:     0.152  0.080  0.041  0.041  0.125  0.203  0.075  0.233  0.051       19
--------------------------------------------

Allele-freq. divergence among pops (Net nucleotide distance),
computed using point estimates of P.

      1       2       3       4       5       6       7       8       9      
 1      -    0.0263  0.0405  0.0354  0.0169  0.0102  0.0379  0.0095  0.0384  
 2   0.0263     -    0.0542  0.0440  0.0176  0.0128  0.0417  0.0131  0.0411  
 3   0.0405  0.0542     -    0.0407  0.0487  0.0375  0.0395  0.0381  0.0380  
 4   0.0354  0.0440  0.0407     -    0.0384  0.0309  0.0276  0.0304  0.0213  
 5   0.0169  0.0176  0.0487  0.0384     -    0.0084  0.0331  0.0071  0.0355  
 6   0.0102  0.0128  0.0375  0.0309  0.0084     -    0.0301  0.0004  0.0314  
 7   0.0379  0.0417  0.0395  0.0276  0.0331  0.0301     -    0.0288  0.0258  
 8   0.0095  0.0131  0.0381  0.0304  0.0071  0.0004  0.0288     -    0.0301  
 9   0.0384  0.0411  0.0380  0.0213  0.0355  0.0314  0.0258  0.0301     -    

Average distances (expected heterozygosity) between individuals in same cluster:
cluster  1  : 0.8471 
cluster  2  : 0.8277 
cluster  3  : 0.8183 
cluster  4  : 0.8038 
cluster  5  : 0.8402 
cluster  6  : 0.8561 
cluster  7  : 0.8197 
cluster  8  : 0.8571 
cluster  9  : 0.8071 

--------------------------------------------
Estimated Ln Prob of Data   = -46606.7
Mean value of ln likelihood = -44664.9
Variance of ln likelihood   = 3883.6
Mean value of alpha         = 0.0539

Mean value of Fst_1         = 0.0362
Mean value of Fst_2         = 0.0459
Mean value of Fst_3         = 0.0764
Mean value of Fst_4         = 0.0710
Mean value of Fst_5         = 0.0328
Mean value of Fst_6         = 0.0220
Mean value of Fst_7         = 0.0696
Mean value of Fst_8         = 0.0204
Mean value of Fst_9         = 0.0804


Inferred ancestry of individuals:
        Label (%Miss) Pop:  Inferred clusters
  1    C3984    (0)    1 :  0.013 0.008 0.116 0.139 0.014 0.012 0.015 0.014 0.669 
  2    C3985    (0)    1 :  0.012 0.009 0.139 0.756 0.010 0.014 0.021 0.015 0.024 
  3    C3986    (0)    1 :  0.017 0.008 0.418 0.313 0.011 0.012 0.165 0.011 0.047 
  4    C4231    (0)    1 :  0.013 0.011 0.176 0.074 0.030 0.034 0.033 0.028 0.602 
  5    C4344    (0)    1 :  0.023 0.013 0.035 0.528 0.025 0.028 0.265 0.029 0.054 
  6    C4347   (18)    1 :  0.011 0.046 0.027 0.485 0.020 0.016 0.311 0.016 0.069 
  7    C4352   (18)    1 :  0.031 0.020 0.171 0.431 0.017 0.033 0.058 0.026 0.212 
  8    C4355    (9)    1 :  0.020 0.012 0.027 0.120 0.033 0.012 0.050 0.018 0.709 
  9    C4358   (18)    1 :  0.062 0.058 0.027 0.137 0.102 0.217 0.015 0.346 0.036 
 10    C4419    (9)    1 :  0.022 0.016 0.101 0.238 0.127 0.023 0.018 0.041 0.414 
 11    C4428    (9)    1 :  0.016 0.019 0.082 0.362 0.021 0.014 0.183 0.012 0.290 
 12    C4436    (0)    1 :  0.009 0.010 0.024 0.901 0.007 0.009 0.020 0.008 0.012 
 13    C4437   (18)    1 :  0.019 0.033 0.235 0.546 0.032 0.038 0.035 0.034 0.028 
 14    C4450    (0)    1 :  0.064 0.035 0.056 0.542 0.063 0.070 0.021 0.067 0.083 
 15    C4531    (0)    1 :  0.028 0.021 0.813 0.050 0.020 0.027 0.008 0.023 0.011 
 16    C1615    (0)    1 :  0.043 0.047 0.138 0.552 0.032 0.057 0.038 0.045 0.046 
 17    C1616    (0)    1 :  0.017 0.114 0.039 0.247 0.266 0.077 0.035 0.086 0.119 
 18    C1617    (9)    1 :  0.009 0.015 0.009 0.854 0.022 0.011 0.032 0.012 0.037 
 19    C1618    (0)    1 :  0.067 0.023 0.167 0.629 0.019 0.028 0.020 0.020 0.028 
 20    C1619    (0)    1 :  0.034 0.023 0.028 0.824 0.012 0.025 0.022 0.017 0.016 
 21    C1620    (9)    1 :  0.020 0.014 0.028 0.878 0.010 0.014 0.010 0.012 0.014 
 22    C1621    (0)    1 :  0.042 0.368 0.020 0.277 0.059 0.055 0.023 0.066 0.088 
 23    C1623    (9)    1 :  0.239 0.138 0.322 0.061 0.049 0.085 0.016 0.068 0.022 
 24    C1625    (0)    1 :  0.022 0.025 0.008 0.876 0.011 0.016 0.015 0.016 0.011 
 25    C1626    (0)    1 :  0.022 0.068 0.015 0.682 0.052 0.046 0.021 0.049 0.044 
 26    C1627    (9)    1 :  0.011 0.018 0.014 0.902 0.007 0.009 0.013 0.009 0.017 
 27    C1633    (0)    1 :  0.009 0.012 0.012 0.839 0.013 0.009 0.010 0.009 0.088 
 28    C1637    (0)    1 :  0.008 0.017 0.011 0.895 0.012 0.012 0.015 0.011 0.019 
 29    C1650    (0)    1 :  0.011 0.022 0.431 0.036 0.039 0.020 0.046 0.020 0.374 
 30    C3202    (0)    1 :  0.011 0.015 0.014 0.014 0.009 0.010 0.900 0.011 0.015 
 31    C3248    (0)    1 :  0.011 0.011 0.008 0.113 0.010 0.018 0.043 0.014 0.772 
 32    C3304    (9)    1 :  0.012 0.013 0.015 0.201 0.070 0.019 0.444 0.030 0.197 
 33    C3326    (0)    1 :  0.020 0.026 0.104 0.210 0.056 0.094 0.327 0.098 0.065 
 34    C3333    (0)    1 :  0.014 0.020 0.014 0.034 0.019 0.016 0.825 0.021 0.038 
 35    C3339   (18)    1 :  0.019 0.009 0.008 0.827 0.035 0.016 0.053 0.017 0.015 
 36    C3346    (0)    1 :  0.010 0.007 0.015 0.024 0.009 0.009 0.902 0.008 0.017 
 37    C3349    (0)    1 :  0.031 0.014 0.011 0.069 0.065 0.034 0.668 0.034 0.074 
 38    C3367   (18)    1 :  0.013 0.018 0.027 0.041 0.018 0.015 0.839 0.015 0.013 
 39    C3374    (0)    1 :  0.010 0.006 0.023 0.566 0.010 0.009 0.030 0.010 0.337 
 40    C3405    (0)    1 :  0.037 0.011 0.013 0.041 0.062 0.027 0.676 0.026 0.108 
 41    C4543    (0)    2 :  0.017 0.011 0.792 0.014 0.025 0.013 0.051 0.015 0.063 
 42    C4545    (9)    2 :  0.055 0.007 0.814 0.053 0.010 0.011 0.022 0.010 0.018 
 43    C4551    (9)    2 :  0.051 0.023 0.483 0.074 0.028 0.130 0.014 0.097 0.100 
 44    C4491    (0)    2 :  0.065 0.026 0.468 0.056 0.037 0.077 0.053 0.079 0.138 
 45    C4494    (0)    2 :  0.012 0.007 0.102 0.015 0.010 0.009 0.422 0.011 0.411 
 46    C4495    (0)    2 :  0.031 0.017 0.051 0.023 0.012 0.076 0.703 0.051 0.036 
 47    C4497    (9)    2 :  0.016 0.010 0.023 0.048 0.013 0.016 0.028 0.018 0.830 
 48    C4501    (0)    2 :  0.018 0.014 0.037 0.088 0.105 0.036 0.012 0.041 0.649 
 49    C4502    (0)    2 :  0.052 0.010 0.081 0.595 0.019 0.012 0.039 0.014 0.177 
 50    C4503    (0)    2 :  0.185 0.015 0.711 0.015 0.011 0.020 0.012 0.018 0.013 
 51    C4504    (0)    2 :  0.058 0.038 0.076 0.016 0.057 0.173 0.045 0.193 0.344 
 52    C4470    (0)    2 :  0.015 0.014 0.044 0.011 0.015 0.035 0.011 0.043 0.812 
 53    C4471    (0)    2 :  0.013 0.009 0.241 0.010 0.014 0.015 0.015 0.016 0.667 
 54    C4474    (9)    2 :  0.016 0.018 0.877 0.008 0.014 0.026 0.007 0.021 0.015 
 55    C4476    (0)    2 :  0.010 0.007 0.043 0.024 0.008 0.010 0.009 0.009 0.880 
 56    C4479    (0)    2 :  0.008 0.034 0.040 0.070 0.014 0.013 0.037 0.012 0.772 
 57    C4482    (0)    2 :  0.009 0.129 0.273 0.044 0.039 0.062 0.129 0.062 0.253 
 58    C4483    (0)    2 :  0.013 0.009 0.911 0.007 0.010 0.014 0.010 0.016 0.011 
 59    C4484    (0)    2 :  0.058 0.021 0.456 0.034 0.057 0.034 0.161 0.034 0.144 
 60    C4485    (0)    2 :  0.019 0.028 0.023 0.012 0.027 0.033 0.145 0.041 0.672 
 61    C4489    (0)    2 :  0.026 0.020 0.266 0.170 0.028 0.018 0.066 0.021 0.386 
 62    C4505    (0)    2 :  0.015 0.013 0.078 0.104 0.016 0.032 0.020 0.027 0.695 
 63    C4507    (0)    2 :  0.080 0.010 0.246 0.050 0.045 0.063 0.014 0.069 0.424 
 64    C4535    (0)    2 :  0.031 0.024 0.817 0.024 0.024 0.024 0.014 0.030 0.013 
 65    C4542    (0)    2 :  0.031 0.026 0.319 0.017 0.259 0.158 0.026 0.148 0.015 
 66    C4553    (9)    2 :  0.017 0.018 0.427 0.060 0.021 0.050 0.086 0.041 0.279 
 67    C4562   (18)    2 :  0.035 0.023 0.543 0.090 0.015 0.037 0.039 0.032 0.186 
 68    C4582   (18)    2 :  0.021 0.034 0.697 0.041 0.022 0.030 0.029 0.024 0.102 
 69    C4693    (0)    2 :  0.008 0.011 0.889 0.020 0.011 0.009 0.024 0.008 0.020 
 70    C4696    (0)    2 :  0.038 0.026 0.603 0.118 0.022 0.073 0.029 0.055 0.037 
 71    C3179    (0)    2 :  0.046 0.011 0.015 0.246 0.018 0.026 0.552 0.026 0.060 
 72    C3181    (0)    2 :  0.014 0.019 0.014 0.056 0.029 0.028 0.157 0.036 0.648 
 73    C3188    (0)    2 :  0.018 0.012 0.014 0.018 0.016 0.017 0.027 0.023 0.855 
 74    C3190    (0)    2 :  0.011 0.017 0.023 0.014 0.044 0.017 0.847 0.015 0.013 
 75    C3193    (0)    2 :  0.007 0.023 0.011 0.016 0.010 0.016 0.098 0.014 0.805 
 76    C3232    (0)    2 :  0.010 0.008 0.058 0.033 0.010 0.010 0.039 0.011 0.821 
 77    C3236    (0)    2 :  0.008 0.008 0.041 0.127 0.009 0.009 0.757 0.010 0.032 
 78    C3249    (0)    2 :  0.024 0.027 0.016 0.079 0.036 0.025 0.181 0.030 0.582 
 79    C3250    (0)    2 :  0.007 0.008 0.010 0.020 0.011 0.008 0.016 0.009 0.912 
 80    C3253    (0)    2 :  0.009 0.015 0.014 0.185 0.010 0.013 0.009 0.013 0.733 
 81    C3255    (0)    2 :  0.009 0.010 0.032 0.088 0.010 0.012 0.155 0.013 0.673 
 82    C3277    (0)    2 :  0.029 0.060 0.020 0.200 0.031 0.056 0.052 0.066 0.485 
 83    C3315    (0)    2 :  0.083 0.165 0.085 0.064 0.066 0.063 0.017 0.077 0.380 
 84    C3288    (0)    2 :  0.013 0.017 0.015 0.023 0.011 0.012 0.875 0.012 0.022 
 85    C3293    (0)    2 :  0.027 0.027 0.034 0.012 0.024 0.049 0.737 0.052 0.038 
 86    C4018    (0)    3 :  0.008 0.007 0.529 0.019 0.015 0.010 0.350 0.009 0.055 
 87    C3980    (0)    3 :  0.009 0.011 0.887 0.012 0.014 0.010 0.023 0.011 0.024 
 88    C3987    (0)    3 :  0.011 0.010 0.791 0.090 0.012 0.011 0.023 0.010 0.043 
 89    C3988    (0)    3 :  0.010 0.009 0.580 0.274 0.006 0.015 0.029 0.015 0.061 
 90    C3989    (0)    3 :  0.006 0.007 0.019 0.016 0.011 0.062 0.760 0.069 0.051 
 91    C4011    (0)    3 :  0.006 0.005 0.540 0.064 0.006 0.006 0.099 0.006 0.269 
 92    C4017    (0)    3 :  0.007 0.006 0.924 0.011 0.007 0.006 0.013 0.006 0.020 
 93    C4296    (0)    3 :  0.038 0.032 0.035 0.283 0.047 0.173 0.023 0.149 0.220 
 94    C4301    (9)    3 :  0.038 0.009 0.009 0.012 0.747 0.036 0.092 0.048 0.010 
 95    C4303    (0)    3 :  0.024 0.245 0.012 0.184 0.042 0.032 0.412 0.030 0.018 
 96    C4453    (0)    3 :  0.072 0.038 0.094 0.065 0.027 0.022 0.571 0.020 0.091 
 97    C4455    (9)    3 :  0.014 0.030 0.025 0.012 0.011 0.013 0.859 0.011 0.024 
 98    C4456   (18)    3 :  0.092 0.052 0.184 0.066 0.037 0.031 0.498 0.030 0.010 
 99    C4457    (9)    3 :  0.022 0.060 0.024 0.100 0.047 0.057 0.540 0.076 0.074 
100    C4459    (9)    3 :  0.010 0.018 0.153 0.045 0.013 0.029 0.271 0.022 0.440 
101    C4464   (18)    3 :  0.009 0.008 0.060 0.173 0.009 0.010 0.497 0.011 0.223 
102    C4467   (18)    3 :  0.008 0.008 0.034 0.183 0.007 0.010 0.158 0.009 0.582 
103    C4468    (9)    3 :  0.014 0.054 0.042 0.272 0.014 0.017 0.130 0.016 0.441 
104    C4783    (0)    3 :  0.010 0.012 0.469 0.008 0.011 0.024 0.433 0.022 0.012 
105    C4786    (0)    3 :  0.009 0.008 0.125 0.039 0.017 0.012 0.758 0.011 0.022 
106    C4789    (9)    3 :  0.008 0.009 0.301 0.043 0.065 0.016 0.380 0.016 0.162 
107    C4891    (0)    3 :  0.018 0.008 0.043 0.016 0.010 0.021 0.851 0.019 0.013 
108    C4896    (0)    3 :  0.016 0.039 0.342 0.017 0.071 0.040 0.369 0.073 0.033 
109    C4898    (0)    3 :  0.012 0.012 0.579 0.039 0.010 0.019 0.256 0.023 0.051 
110    C4901    (0)    3 :  0.006 0.008 0.122 0.017 0.015 0.010 0.792 0.010 0.019 
111    C4903    (9)    3 :  0.011 0.022 0.039 0.025 0.029 0.023 0.814 0.021 0.017 
112    C4904    (0)    3 :  0.009 0.008 0.611 0.017 0.013 0.023 0.268 0.027 0.025 
113    C3263    (0)    3 :  0.035 0.010 0.007 0.856 0.008 0.012 0.038 0.011 0.022 
114    C3271    (0)    3 :  0.010 0.007 0.008 0.902 0.014 0.011 0.019 0.012 0.017 
115    C3272    (0)    3 :  0.021 0.009 0.013 0.523 0.050 0.026 0.048 0.034 0.276 
116    C3276    (0)    3 :  0.071 0.024 0.016 0.026 0.270 0.037 0.444 0.091 0.020 
117    C3280    (9)    3 :  0.076 0.028 0.028 0.477 0.027 0.056 0.022 0.044 0.243 
118    C3305    (9)    3 :  0.011 0.008 0.010 0.899 0.013 0.009 0.008 0.010 0.032 
119    C3306    (0)    3 :  0.021 0.010 0.008 0.891 0.008 0.017 0.017 0.015 0.013 
120    C3324    (0)    3 :  0.105 0.013 0.015 0.727 0.015 0.026 0.013 0.029 0.057 
121    C3329    (0)    3 :  0.050 0.020 0.098 0.487 0.027 0.078 0.074 0.055 0.110 
122    C3336    (0)    3 :  0.019 0.016 0.026 0.538 0.064 0.025 0.087 0.033 0.191 
123    C3341   (18)    3 :  0.564 0.031 0.059 0.081 0.029 0.084 0.031 0.069 0.053 
124    C3409   (18)    3 :  0.043 0.033 0.051 0.458 0.073 0.055 0.081 0.098 0.107 
125    C3168    (9)    3 :  0.011 0.008 0.016 0.029 0.010 0.013 0.883 0.014 0.015 
126    C3170    (0)    3 :  0.013 0.007 0.017 0.034 0.021 0.014 0.738 0.016 0.140 
127    C3214   (18)    3 :  0.012 0.042 0.024 0.109 0.178 0.020 0.532 0.018 0.064 
128    C3227    (0)    3 :  0.008 0.010 0.017 0.014 0.025 0.010 0.899 0.009 0.008 
129    C3228    (0)    3 :  0.039 0.032 0.075 0.183 0.043 0.032 0.031 0.043 0.521 
130    C3279    (0)    3 :  0.010 0.016 0.012 0.125 0.032 0.044 0.691 0.058 0.013 
131    C3322    (0)    3 :  0.010 0.041 0.051 0.013 0.040 0.034 0.723 0.068 0.019 
132    C3303    (0)    3 :  0.026 0.012 0.013 0.185 0.039 0.030 0.642 0.039 0.014 
133    C3317    (0)    3 :  0.012 0.015 0.013 0.853 0.010 0.016 0.019 0.017 0.044 
134    C3355    (0)    3 :  0.014 0.009 0.026 0.472 0.009 0.012 0.405 0.010 0.042 
135    C3376    (9)    3 :  0.015 0.017 0.029 0.250 0.069 0.024 0.141 0.023 0.432 
136    C3401    (0)    3 :  0.014 0.018 0.020 0.786 0.021 0.021 0.039 0.021 0.059 
137    C3203    (9)    3 :  0.047 0.028 0.034 0.115 0.057 0.023 0.373 0.025 0.297 
138    C3245    (0)    3 :  0.013 0.032 0.013 0.174 0.033 0.024 0.533 0.036 0.141 
139    C3302    (0)    3 :  0.013 0.011 0.008 0.014 0.014 0.014 0.899 0.015 0.011 
140    C3307    (0)    3 :  0.123 0.073 0.092 0.050 0.010 0.034 0.514 0.036 0.067 
141    C3310    (0)    3 :  0.010 0.007 0.008 0.009 0.010 0.010 0.928 0.010 0.009 
142    C3312    (9)    3 :  0.015 0.025 0.033 0.105 0.013 0.041 0.163 0.037 0.569 
143    C3345    (0)    3 :  0.022 0.010 0.016 0.017 0.011 0.011 0.879 0.013 0.022 
144    C3371    (0)    3 :  0.032 0.009 0.007 0.014 0.009 0.013 0.885 0.015 0.018 
145    C3372    (0)    3 :  0.036 0.020 0.020 0.126 0.016 0.022 0.655 0.027 0.079 
146    C3380    (9)    3 :  0.006 0.007 0.015 0.012 0.008 0.006 0.923 0.006 0.017 
147    C3417    (0)    3 :  0.163 0.023 0.067 0.035 0.019 0.044 0.543 0.058 0.047 
148    C4569    (9)    4 :  0.105 0.042 0.331 0.041 0.132 0.130 0.014 0.122 0.084 
149    C4570    (9)    4 :  0.012 0.011 0.838 0.019 0.010 0.013 0.011 0.012 0.074 
150    C4571    (9)    4 :  0.016 0.023 0.550 0.074 0.017 0.017 0.027 0.016 0.259 
151    C4572    (9)    4 :  0.012 0.018 0.871 0.024 0.013 0.011 0.011 0.011 0.027 
152    C4573    (9)    4 :  0.028 0.380 0.162 0.060 0.090 0.079 0.014 0.085 0.104 
153    C4575    (9)    4 :  0.019 0.076 0.674 0.033 0.042 0.040 0.024 0.043 0.048 
154    C4577    (9)    4 :  0.011 0.007 0.891 0.020 0.008 0.015 0.014 0.013 0.022 
155    C4578    (9)    4 :  0.022 0.054 0.669 0.035 0.041 0.044 0.019 0.050 0.065 
156    C4600   (18)    4 :  0.021 0.025 0.572 0.051 0.041 0.126 0.023 0.112 0.030 
157    C4612    (9)    4 :  0.015 0.016 0.710 0.014 0.145 0.026 0.027 0.026 0.022 
158    C4621    (0)    4 :  0.006 0.015 0.744 0.024 0.017 0.012 0.085 0.011 0.086 
159    C4622    (9)    4 :  0.008 0.009 0.905 0.012 0.007 0.010 0.027 0.009 0.012 
160    C4623    (0)    4 :  0.185 0.046 0.239 0.181 0.044 0.042 0.156 0.053 0.054 
161    C4624    (0)    4 :  0.014 0.047 0.823 0.026 0.020 0.018 0.013 0.018 0.022 
162    C4625    (0)    4 :  0.015 0.458 0.103 0.095 0.055 0.089 0.014 0.060 0.113 
163    C4627    (0)    4 :  0.018 0.021 0.764 0.011 0.022 0.019 0.085 0.020 0.041 
164    C4631    (0)    4 :  0.179 0.015 0.716 0.013 0.010 0.024 0.012 0.018 0.013 
165    C4632    (0)    4 :  0.012 0.016 0.792 0.024 0.013 0.014 0.025 0.013 0.092 
166    C3939    (0)    4 :  0.011 0.008 0.799 0.015 0.021 0.013 0.078 0.015 0.041 
167    C3940    (0)    4 :  0.020 0.007 0.748 0.012 0.048 0.026 0.094 0.032 0.014 
168    C3945    (0)    4 :  0.008 0.005 0.890 0.022 0.007 0.011 0.022 0.012 0.025 
169    C4520    (0)    4 :  0.051 0.023 0.027 0.030 0.428 0.094 0.103 0.129 0.115 
170    C4522    (0)    4 :  0.011 0.008 0.474 0.016 0.013 0.013 0.390 0.012 0.064 
171    C3182    (0)    4 :  0.023 0.012 0.043 0.304 0.014 0.020 0.505 0.020 0.059 
172    C3189    (0)    4 :  0.017 0.085 0.024 0.049 0.028 0.052 0.038 0.058 0.647 
173    C3191    (9)    4 :  0.019 0.033 0.014 0.045 0.014 0.013 0.063 0.019 0.779 
174    C3196    (0)    4 :  0.017 0.025 0.013 0.117 0.040 0.024 0.419 0.029 0.317 
175    C3208    (0)    4 :  0.046 0.034 0.248 0.029 0.041 0.024 0.491 0.029 0.058 
176    C3211    (0)    4 :  0.013 0.009 0.020 0.022 0.017 0.015 0.846 0.015 0.042 
177    C3212    (0)    4 :  0.125 0.010 0.044 0.071 0.290 0.090 0.193 0.102 0.076 
178    C3213    (0)    4 :  0.019 0.010 0.008 0.045 0.023 0.024 0.825 0.027 0.018 
179    C3215    (0)    4 :  0.010 0.033 0.018 0.008 0.025 0.017 0.864 0.016 0.009 
180    C3217    (0)    4 :  0.033 0.013 0.015 0.137 0.021 0.024 0.363 0.022 0.372 
181    C3225    (9)    4 :  0.020 0.026 0.019 0.211 0.072 0.045 0.184 0.057 0.366 
182    C3226    (0)    4 :  0.012 0.012 0.132 0.080 0.009 0.010 0.561 0.011 0.173 
183    C3238    (9)    4 :  0.011 0.018 0.107 0.027 0.022 0.015 0.648 0.015 0.136 
184    C3239    (0)    4 :  0.019 0.012 0.015 0.025 0.016 0.011 0.057 0.012 0.832 
185    C3269   (18)    4 :  0.021 0.136 0.191 0.200 0.117 0.038 0.049 0.049 0.198 
186    C3273    (0)    4 :  0.008 0.044 0.026 0.438 0.022 0.025 0.285 0.027 0.125 
187    C3274    (0)    4 :  0.012 0.020 0.057 0.029 0.074 0.121 0.548 0.115 0.023 
188    C3354    (0)    4 :  0.011 0.019 0.022 0.100 0.019 0.036 0.561 0.040 0.191 
189    C3361    (0)    4 :  0.010 0.014 0.021 0.032 0.019 0.017 0.821 0.015 0.051 
190    C3289    (0)    4 :  0.008 0.011 0.011 0.009 0.014 0.010 0.911 0.011 0.015 
191    C3169    (0)    4 :  0.007 0.010 0.015 0.042 0.013 0.008 0.058 0.008 0.839 
192    C3199    (9)    4 :  0.017 0.042 0.087 0.047 0.025 0.015 0.619 0.017 0.132 
193    C3224    (0)    4 :  0.012 0.015 0.012 0.101 0.028 0.014 0.731 0.011 0.075 
194    C3261   (18)    4 :  0.013 0.008 0.045 0.054 0.011 0.017 0.472 0.019 0.359 
195    C3320    (0)    4 :  0.012 0.028 0.032 0.170 0.032 0.033 0.356 0.042 0.295 
196    C4151    (0)    5 :  0.007 0.009 0.911 0.023 0.007 0.008 0.010 0.009 0.017 
197    C4152    (0)    5 :  0.013 0.012 0.822 0.081 0.013 0.010 0.013 0.012 0.026 
198    C4153    (0)    5 :  0.014 0.024 0.227 0.048 0.055 0.025 0.367 0.029 0.213 
199    C4154   (18)    5 :  0.022 0.010 0.550 0.035 0.020 0.030 0.202 0.031 0.100 
200    C4157    (0)    5 :  0.012 0.013 0.102 0.740 0.012 0.036 0.016 0.035 0.034 
201    C4158    (0)    5 :  0.007 0.010 0.907 0.020 0.007 0.010 0.016 0.009 0.015 
202    C4163    (0)    5 :  0.006 0.006 0.917 0.009 0.006 0.007 0.017 0.006 0.026 
203    C4165    (0)    5 :  0.066 0.040 0.272 0.021 0.009 0.244 0.120 0.169 0.058 
204    C4248    (9)    5 :  0.013 0.021 0.026 0.184 0.016 0.024 0.113 0.029 0.575 
205    C4254    (0)    5 :  0.017 0.011 0.071 0.137 0.034 0.022 0.464 0.029 0.215 
206    C4371    (9)    5 :  0.034 0.015 0.028 0.086 0.011 0.015 0.014 0.020 0.777 
207    C3936    (0)    5 :  0.014 0.012 0.782 0.013 0.015 0.015 0.020 0.017 0.112 
208    C3937    (0)    5 :  0.009 0.010 0.879 0.012 0.008 0.009 0.048 0.008 0.017 
209    C3944    (0)    5 :  0.011 0.007 0.669 0.068 0.007 0.009 0.058 0.008 0.162 
210    C3954    (0)    5 :  0.006 0.029 0.046 0.074 0.015 0.009 0.027 0.010 0.783 
211    C3955    (9)    5 :  0.008 0.027 0.206 0.116 0.026 0.026 0.192 0.023 0.375 
212    C3961    (0)    5 :  0.049 0.010 0.755 0.029 0.021 0.013 0.067 0.017 0.039 
213    C3974    (0)    5 :  0.015 0.014 0.809 0.011 0.035 0.014 0.022 0.016 0.063 
214    C4024    (0)    5 :  0.067 0.011 0.245 0.487 0.029 0.023 0.032 0.029 0.078 
215    C4025    (0)    5 :  0.023 0.016 0.837 0.046 0.017 0.012 0.011 0.012 0.026 
216    C4028    (0)    5 :  0.036 0.056 0.570 0.036 0.038 0.057 0.082 0.042 0.084 
217    C4032   (18)    5 :  0.008 0.009 0.023 0.084 0.010 0.008 0.010 0.009 0.838 
218    C4033   (18)    5 :  0.011 0.014 0.036 0.459 0.012 0.019 0.324 0.015 0.109 
219    C4034    (0)    5 :  0.063 0.020 0.042 0.298 0.042 0.061 0.233 0.076 0.165 
220    C4041    (9)    5 :  0.053 0.012 0.019 0.568 0.074 0.029 0.037 0.032 0.174 
221    C4042   (18)    5 :  0.037 0.012 0.048 0.652 0.009 0.047 0.081 0.036 0.076 
222    C4043    (9)    5 :  0.019 0.020 0.085 0.154 0.015 0.017 0.062 0.019 0.609 
223    C4044    (9)    5 :  0.424 0.048 0.099 0.037 0.044 0.060 0.084 0.069 0.134 
224    C4045    (9)    5 :  0.012 0.035 0.062 0.223 0.014 0.028 0.141 0.024 0.462 
225    C4046    (9)    5 :  0.015 0.013 0.017 0.841 0.010 0.011 0.035 0.010 0.049 
226    C4047    (0)    5 :  0.015 0.028 0.015 0.034 0.022 0.030 0.801 0.021 0.034 
227    C4048    (9)    5 :  0.036 0.037 0.013 0.332 0.019 0.034 0.462 0.026 0.040 
228    C4055    (9)    5 :  0.020 0.037 0.063 0.360 0.030 0.033 0.033 0.033 0.390 
229    C4057   (18)    5 :  0.038 0.011 0.015 0.161 0.017 0.016 0.040 0.018 0.683 
230    C4059    (0)    5 :  0.008 0.013 0.020 0.879 0.013 0.008 0.038 0.008 0.013 
231    C4060    (9)    5 :  0.014 0.015 0.055 0.053 0.026 0.017 0.086 0.020 0.713 
232    C4064    (9)    5 :  0.015 0.185 0.028 0.238 0.026 0.165 0.029 0.071 0.244 
233    C4067    (0)    5 :  0.047 0.119 0.020 0.099 0.018 0.041 0.567 0.039 0.050 
234    C4068    (9)    5 :  0.018 0.028 0.035 0.055 0.024 0.026 0.708 0.025 0.081 
235    C4070    (9)    5 :  0.033 0.011 0.033 0.786 0.010 0.021 0.074 0.016 0.014 
236    C4075   (18)    5 :  0.019 0.013 0.020 0.046 0.020 0.021 0.791 0.020 0.049 
237    C4081    (9)    5 :  0.015 0.015 0.016 0.147 0.017 0.031 0.024 0.023 0.711 
238    C4082    (0)    5 :  0.020 0.036 0.074 0.029 0.030 0.024 0.603 0.027 0.158 
239    C4083    (0)    5 :  0.172 0.048 0.099 0.104 0.027 0.141 0.031 0.157 0.222 
240    C4086    (0)    5 :  0.010 0.053 0.015 0.016 0.015 0.016 0.033 0.017 0.826 
241    C4088    (9)    5 :  0.009 0.788 0.024 0.023 0.018 0.043 0.020 0.026 0.049 
242    C4092    (0)    5 :  0.036 0.008 0.055 0.068 0.015 0.016 0.034 0.025 0.743 
243    C4099    (9)    5 :  0.046 0.017 0.025 0.107 0.070 0.027 0.093 0.026 0.590 
244    C4104    (0)    5 :  0.054 0.019 0.356 0.025 0.013 0.025 0.312 0.026 0.169 
245    C4108   (18)    5 :  0.026 0.061 0.010 0.012 0.464 0.191 0.022 0.205 0.010 
246    C4118    (0)    5 :  0.011 0.022 0.016 0.041 0.022 0.044 0.011 0.058 0.775 
247    C4131    (0)    5 :  0.015 0.085 0.407 0.070 0.019 0.057 0.051 0.043 0.252 
248    C4133    (0)    5 :  0.009 0.012 0.018 0.337 0.016 0.017 0.039 0.016 0.536 
249    C4135    (0)    5 :  0.007 0.005 0.345 0.189 0.006 0.013 0.041 0.013 0.380 
250    C4136    (0)    5 :  0.020 0.086 0.665 0.016 0.076 0.039 0.025 0.048 0.024 
251    C4137    (9)    5 :  0.019 0.025 0.268 0.355 0.017 0.045 0.026 0.036 0.209 
252    C4139    (0)    5 :  0.009 0.007 0.835 0.034 0.012 0.012 0.036 0.014 0.040 
253    C4140    (9)    5 :  0.016 0.009 0.683 0.070 0.011 0.023 0.058 0.021 0.109 
254    C4167    (0)    5 :  0.034 0.026 0.540 0.291 0.013 0.040 0.014 0.023 0.018 
255    C4236    (0)    5 :  0.032 0.027 0.028 0.305 0.032 0.065 0.044 0.053 0.413 
256    C4237    (0)    5 :  0.020 0.609 0.060 0.058 0.095 0.056 0.013 0.051 0.038 
257    C4238    (0)    5 :  0.013 0.063 0.051 0.300 0.023 0.023 0.227 0.027 0.275 
258    C4241    (0)    5 :  0.017 0.015 0.052 0.471 0.025 0.030 0.198 0.035 0.157 
259    C4247    (9)    5 :  0.091 0.212 0.087 0.319 0.033 0.052 0.045 0.068 0.093 
260    C4257    (0)    5 :  0.018 0.021 0.033 0.081 0.064 0.019 0.521 0.018 0.226 
261    C4383    (0)    5 :  0.256 0.056 0.087 0.043 0.059 0.041 0.019 0.051 0.387 
262    C4397    (9)    5 :  0.007 0.008 0.045 0.784 0.008 0.013 0.009 0.014 0.111 
263    C4514    (0)    5 :  0.021 0.014 0.641 0.031 0.012 0.016 0.023 0.015 0.226 
264    C4519    (0)    5 :  0.012 0.006 0.432 0.021 0.086 0.014 0.388 0.019 0.022 
265    C4527    (0)    5 :  0.022 0.016 0.189 0.020 0.014 0.015 0.537 0.016 0.171 
266    C4534    (0)    5 :  0.055 0.013 0.065 0.017 0.049 0.028 0.508 0.043 0.221 
267    C4699    (0)    5 :  0.027 0.053 0.630 0.033 0.014 0.024 0.183 0.020 0.015 
268    C1541    (9)    5 :  0.014 0.012 0.018 0.041 0.008 0.012 0.406 0.013 0.476 
269    C1542    (9)    5 :  0.010 0.015 0.012 0.015 0.013 0.013 0.484 0.014 0.424 
270    C1544    (0)    5 :  0.014 0.052 0.025 0.213 0.031 0.023 0.187 0.021 0.434 
271    C1547    (9)    5 :  0.146 0.086 0.039 0.084 0.249 0.098 0.072 0.113 0.112 
272    C1553    (9)    5 :  0.065 0.046 0.184 0.243 0.091 0.165 0.081 0.108 0.017 
273    C1555    (9)    5 :  0.008 0.019 0.013 0.825 0.019 0.034 0.017 0.015 0.050 
274    C1557    (0)    5 :  0.012 0.015 0.014 0.883 0.010 0.012 0.013 0.011 0.029 
275    C1560    (0)    5 :  0.009 0.008 0.010 0.885 0.029 0.011 0.016 0.010 0.022 
276    C1565    (0)    5 :  0.057 0.014 0.030 0.144 0.021 0.050 0.374 0.049 0.260 
277    C1567    (0)    5 :  0.022 0.022 0.021 0.666 0.063 0.020 0.027 0.023 0.134 
278    C1569    (0)    5 :  0.014 0.013 0.023 0.739 0.014 0.014 0.077 0.014 0.092 
279    C1571    (0)    5 :  0.034 0.061 0.029 0.210 0.084 0.031 0.452 0.036 0.063 
280    C1576    (0)    5 :  0.022 0.053 0.145 0.141 0.032 0.026 0.082 0.027 0.473 
281    C1577    (9)    5 :  0.016 0.033 0.020 0.072 0.037 0.025 0.656 0.026 0.116 
282    C1579    (0)    5 :  0.013 0.019 0.022 0.373 0.017 0.037 0.233 0.037 0.249 
283    C3990    (0)    6 :  0.007 0.006 0.900 0.013 0.006 0.007 0.026 0.006 0.028 
284    C3991    (0)    6 :  0.050 0.045 0.693 0.015 0.023 0.027 0.051 0.031 0.065 
285    C3992    (0)    6 :  0.014 0.031 0.722 0.020 0.058 0.026 0.066 0.027 0.036 
286    C3994    (0)    6 :  0.127 0.029 0.069 0.035 0.024 0.042 0.133 0.045 0.497 
287    C4172    (0)    6 :  0.037 0.035 0.750 0.010 0.044 0.050 0.020 0.046 0.009 
288    C4173    (9)    6 :  0.410 0.011 0.450 0.015 0.015 0.016 0.040 0.015 0.027 
289    C4232    (9)    6 :  0.008 0.008 0.010 0.062 0.010 0.007 0.676 0.008 0.211 
290    C4234    (9)    6 :  0.009 0.012 0.015 0.057 0.011 0.012 0.285 0.012 0.588 
291    C4259    (0)    6 :  0.009 0.010 0.015 0.647 0.007 0.010 0.047 0.010 0.246 
292    C4260    (0)    6 :  0.008 0.008 0.023 0.013 0.012 0.009 0.712 0.010 0.206 
293    C4261    (9)    6 :  0.035 0.018 0.027 0.022 0.020 0.047 0.770 0.048 0.013 
294    C4262    (0)    6 :  0.064 0.011 0.094 0.599 0.028 0.033 0.091 0.027 0.052 
295    C4263    (0)    6 :  0.018 0.050 0.023 0.713 0.011 0.021 0.073 0.020 0.071 
296    C4267    (9)    6 :  0.012 0.036 0.078 0.028 0.014 0.018 0.048 0.017 0.750 
297    C4269    (0)    6 :  0.047 0.019 0.118 0.164 0.012 0.034 0.330 0.025 0.251 
298    C4272    (0)    6 :  0.010 0.007 0.010 0.096 0.010 0.011 0.009 0.012 0.835 
299    C4274    (0)    6 :  0.010 0.014 0.017 0.107 0.350 0.035 0.061 0.038 0.367 
300    C4276    (9)    6 :  0.018 0.055 0.009 0.047 0.692 0.055 0.058 0.044 0.022 
301    C4278    (0)    6 :  0.026 0.016 0.055 0.156 0.039 0.040 0.066 0.041 0.560 
302    C4280    (0)    6 :  0.017 0.011 0.148 0.045 0.026 0.035 0.553 0.037 0.129 
303    C4281    (0)    6 :  0.010 0.017 0.016 0.752 0.010 0.014 0.035 0.013 0.133 
304    C4282    (0)    6 :  0.179 0.057 0.019 0.257 0.026 0.127 0.141 0.137 0.056 
305    C4284    (9)    6 :  0.009 0.009 0.209 0.335 0.008 0.008 0.042 0.010 0.370 
306    C4286    (9)    6 :  0.024 0.026 0.149 0.203 0.080 0.035 0.412 0.037 0.035 
307    C4287    (0)    6 :  0.064 0.010 0.095 0.138 0.048 0.050 0.507 0.044 0.045 
308    C4290    (0)    6 :  0.063 0.140 0.048 0.049 0.398 0.057 0.013 0.079 0.153 
309    C4307   (18)    6 :  0.026 0.011 0.127 0.085 0.019 0.061 0.435 0.072 0.164 
310    C4310    (9)    6 :  0.011 0.066 0.039 0.292 0.063 0.020 0.142 0.024 0.343 
311    C4311   (18)    6 :  0.019 0.020 0.020 0.146 0.055 0.027 0.496 0.034 0.183 
312    C4312    (0)    6 :  0.013 0.016 0.022 0.202 0.012 0.015 0.355 0.017 0.349 
313    C4314    (0)    6 :  0.013 0.197 0.020 0.360 0.029 0.047 0.070 0.035 0.229 
314    C4318    (9)    6 :  0.032 0.010 0.051 0.566 0.013 0.029 0.041 0.040 0.219 
315    C4321    (9)    6 :  0.050 0.011 0.071 0.103 0.076 0.025 0.443 0.030 0.190 
316    C4324    (0)    6 :  0.048 0.010 0.030 0.065 0.024 0.019 0.048 0.017 0.740 
317    C4334    (0)    6 :  0.038 0.008 0.027 0.062 0.015 0.015 0.018 0.016 0.802 
318    C4529    (0)    6 :  0.024 0.040 0.027 0.039 0.021 0.038 0.293 0.036 0.482 
319    C1582    (9)    6 :  0.013 0.015 0.102 0.249 0.015 0.013 0.107 0.013 0.473 
320    C1583    (0)    6 :  0.017 0.085 0.042 0.333 0.031 0.027 0.155 0.034 0.277 
321    C1584    (9)    6 :  0.009 0.022 0.038 0.485 0.035 0.014 0.051 0.017 0.328 
322    C1585    (0)    6 :  0.007 0.012 0.021 0.116 0.011 0.008 0.014 0.007 0.804 
323    C1586    (0)    6 :  0.061 0.025 0.032 0.402 0.011 0.027 0.050 0.023 0.369 
324    C1589    (0)    6 :  0.012 0.010 0.115 0.199 0.011 0.010 0.051 0.010 0.581 
325    C1591    (0)    6 :  0.012 0.011 0.027 0.101 0.011 0.009 0.037 0.009 0.783 
326    C1592    (0)    6 :  0.028 0.023 0.014 0.381 0.024 0.029 0.067 0.027 0.406 
327    C1594    (0)    6 :  0.015 0.084 0.048 0.191 0.020 0.018 0.121 0.020 0.481 
328    C1597    (9)    6 :  0.024 0.022 0.026 0.058 0.043 0.033 0.439 0.040 0.315 
329    C1598    (9)    6 :  0.013 0.038 0.177 0.164 0.017 0.024 0.086 0.017 0.463 
330    C1599    (0)    6 :  0.011 0.011 0.014 0.305 0.039 0.020 0.355 0.024 0.221 
331    C1601    (0)    6 :  0.022 0.060 0.358 0.139 0.027 0.065 0.159 0.057 0.114 
332    C1605    (0)    6 :  0.027 0.074 0.052 0.024 0.080 0.151 0.058 0.178 0.355 
333    C1609    (0)    6 :  0.008 0.009 0.026 0.118 0.009 0.009 0.027 0.009 0.785 
334    C1610    (0)    6 :  0.011 0.082 0.014 0.152 0.090 0.089 0.315 0.096 0.151 
335    C1611    (0)    6 :  0.024 0.010 0.011 0.592 0.011 0.016 0.291 0.024 0.020 
336    C1612    (0)    6 :  0.006 0.009 0.009 0.637 0.007 0.009 0.301 0.011 0.012 
337    C1613    (0)    6 :  0.043 0.030 0.029 0.168 0.041 0.021 0.256 0.023 0.389 
338    C3173    (9)    6 :  0.045 0.031 0.035 0.389 0.043 0.048 0.185 0.053 0.170 
339    C3204    (0)    6 :  0.012 0.016 0.018 0.031 0.018 0.017 0.800 0.017 0.071 
340    C3223    (9)    6 :  0.081 0.015 0.020 0.021 0.183 0.075 0.404 0.151 0.049 
341    C3262    (0)    6 :  0.020 0.092 0.033 0.357 0.046 0.028 0.133 0.039 0.251 
342    C3270    (0)    6 :  0.014 0.013 0.083 0.198 0.017 0.020 0.422 0.020 0.212 
343    C3300    (0)    6 :  0.008 0.008 0.066 0.060 0.009 0.010 0.047 0.011 0.781 
344    C3330    (0)    6 :  0.013 0.010 0.055 0.032 0.019 0.037 0.062 0.038 0.734 
345    C3390    (9)    6 :  0.017 0.015 0.032 0.209 0.013 0.022 0.207 0.020 0.465 
346    C3424    (9)    6 :  0.016 0.016 0.031 0.260 0.030 0.049 0.418 0.057 0.123 
347    C3958    (0)    6 :  0.013 0.006 0.814 0.066 0.008 0.012 0.018 0.010 0.052 
348    C3962    (0)    6 :  0.008 0.006 0.792 0.010 0.008 0.017 0.013 0.020 0.126 
349    C4019    (0)    6 :  0.036 0.024 0.133 0.033 0.026 0.389 0.009 0.339 0.011 
350    C3995   (18)    6 :  0.028 0.014 0.851 0.011 0.012 0.015 0.027 0.017 0.026 
351    C4000    (0)    6 :  0.067 0.014 0.520 0.032 0.021 0.073 0.171 0.065 0.037 
352    C4002    (0)    6 :  0.019 0.013 0.768 0.032 0.011 0.018 0.100 0.018 0.021 
353    C1692    (0)    7 :  0.026 0.040 0.161 0.014 0.110 0.267 0.022 0.329 0.031 
354    C1693    (0)    7 :  0.096 0.013 0.038 0.022 0.140 0.150 0.079 0.229 0.233 
355    C1694    (0)    7 :  0.259 0.080 0.017 0.022 0.118 0.082 0.028 0.121 0.273 
356    C1698    (0)    7 :  0.126 0.069 0.008 0.018 0.168 0.282 0.007 0.272 0.050 
357    C1699    (0)    7 :  0.048 0.326 0.015 0.020 0.068 0.245 0.028 0.228 0.021 
358    C1700    (0)    7 :  0.172 0.035 0.087 0.079 0.079 0.283 0.039 0.189 0.036 
359    C1701    (0)    7 :  0.022 0.350 0.012 0.037 0.027 0.272 0.011 0.251 0.018 
360    C1702    (0)    7 :  0.047 0.064 0.013 0.018 0.058 0.438 0.010 0.341 0.010 
361    C1703    (0)    7 :  0.259 0.046 0.023 0.018 0.094 0.260 0.009 0.275 0.016 
362    C1704    (0)    7 :  0.170 0.023 0.028 0.057 0.077 0.083 0.015 0.101 0.444 
363    C1705    (0)    7 :  0.463 0.018 0.210 0.022 0.177 0.045 0.010 0.045 0.011 
364    C1706    (0)    7 :  0.044 0.410 0.010 0.014 0.106 0.179 0.017 0.196 0.022 
365    C1707    (0)    7 :  0.024 0.058 0.011 0.663 0.121 0.043 0.034 0.035 0.013 
366    C1708    (0)    7 :  0.488 0.021 0.012 0.024 0.028 0.174 0.012 0.225 0.017 
367    C1709    (0)    7 :  0.691 0.024 0.074 0.016 0.020 0.059 0.019 0.068 0.028 
368    C1710    (0)    7 :  0.072 0.064 0.019 0.037 0.056 0.419 0.017 0.283 0.033 
369    C1712    (0)    7 :  0.562 0.011 0.031 0.010 0.028 0.181 0.012 0.157 0.010 
370    C1714    (0)    7 :  0.780 0.018 0.012 0.023 0.019 0.055 0.010 0.059 0.025 
371    C1715    (0)    7 :  0.019 0.078 0.016 0.057 0.374 0.259 0.016 0.171 0.009 
372    C1717    (0)    7 :  0.044 0.020 0.016 0.086 0.489 0.115 0.051 0.150 0.030 
373    C1718   (18)    7 :  0.026 0.043 0.014 0.104 0.122 0.391 0.013 0.261 0.026 
374    C1719    (0)    7 :  0.608 0.016 0.077 0.050 0.015 0.069 0.063 0.054 0.048 
375    C1656    (0)    8 :  0.067 0.363 0.038 0.011 0.031 0.287 0.015 0.181 0.009 
376    C1657   (18)    8 :  0.463 0.142 0.017 0.011 0.065 0.145 0.031 0.109 0.019 
377    C1658    (0)    8 :  0.032 0.080 0.010 0.010 0.272 0.374 0.007 0.207 0.008 
378    C1659    (0)    8 :  0.018 0.134 0.022 0.023 0.363 0.202 0.069 0.143 0.026 
379    C1661    (9)    8 :  0.055 0.052 0.019 0.090 0.091 0.341 0.027 0.273 0.053 
380    C1665    (0)    8 :  0.037 0.220 0.012 0.014 0.083 0.337 0.028 0.240 0.028 
381    C1667    (9)    8 :  0.856 0.016 0.005 0.007 0.015 0.040 0.006 0.046 0.008 
382    C1676    (9)    8 :  0.125 0.134 0.028 0.022 0.030 0.419 0.015 0.217 0.010 
383    C1681    (9)    8 :  0.116 0.206 0.017 0.083 0.233 0.197 0.012 0.113 0.022 
384    C1682    (0)    8 :  0.507 0.075 0.020 0.015 0.037 0.170 0.020 0.141 0.015 
385    C1685    (0)    8 :  0.028 0.077 0.025 0.015 0.013 0.512 0.067 0.251 0.013 
386    C4707    (0)    9 :  0.026 0.022 0.076 0.040 0.013 0.509 0.025 0.264 0.024 
387    C4747    (0)    9 :  0.398 0.017 0.087 0.095 0.069 0.080 0.132 0.091 0.032 
388    C4772    (0)    9 :  0.025 0.059 0.491 0.027 0.047 0.142 0.057 0.121 0.032 
389    C4781    (0)    9 :  0.579 0.012 0.026 0.185 0.031 0.049 0.009 0.066 0.043 
390    C4782    (0)    9 :  0.112 0.048 0.060 0.060 0.178 0.182 0.018 0.180 0.163 
391    C4787    (0)    9 :  0.044 0.028 0.099 0.018 0.521 0.090 0.013 0.140 0.048 
392    C4790    (0)    9 :  0.502 0.028 0.098 0.033 0.015 0.163 0.015 0.129 0.015 
393    C4803    (0)    9 :  0.070 0.024 0.091 0.016 0.275 0.187 0.048 0.222 0.067 
394    C4813    (0)    9 :  0.024 0.033 0.784 0.010 0.034 0.045 0.017 0.044 0.008 
395    C4837    (0)    9 :  0.033 0.020 0.166 0.032 0.127 0.309 0.057 0.242 0.014 
396    C4838    (0)    9 :  0.052 0.052 0.110 0.014 0.499 0.160 0.012 0.092 0.010 
397    C4843    (0)    9 :  0.019 0.043 0.045 0.014 0.018 0.452 0.040 0.356 0.012 
398    C4857    (0)    9 :  0.018 0.028 0.697 0.039 0.040 0.038 0.038 0.031 0.071 
399    C4828    (0)    9 :  0.062 0.124 0.023 0.036 0.101 0.186 0.280 0.123 0.064 
400    C4835    (0)    9 :  0.019 0.045 0.703 0.011 0.093 0.036 0.019 0.046 0.029 
401    C4836    (9)    9 :  0.090 0.027 0.240 0.108 0.168 0.186 0.018 0.139 0.024 
402    C4842    (0)    9 :  0.062 0.166 0.059 0.011 0.030 0.336 0.029 0.298 0.009 
403    C4863    (9)    9 :  0.121 0.017 0.048 0.019 0.432 0.084 0.017 0.228 0.034 
404    C4744    (0)    9 :  0.223 0.074 0.021 0.012 0.057 0.283 0.062 0.259 0.009 
405    C4745    (0)    9 :  0.025 0.112 0.125 0.035 0.150 0.222 0.013 0.300 0.018 
406    C4768    (0)    9 :  0.230 0.045 0.151 0.092 0.017 0.194 0.023 0.193 0.056 
407    C4769    (0)    9 :  0.068 0.308 0.196 0.012 0.117 0.171 0.016 0.101 0.012 
408    C4771    (0)    9 :  0.036 0.026 0.015 0.010 0.053 0.533 0.009 0.308 0.011 
409    C4784    (0)    9 :  0.503 0.039 0.145 0.018 0.034 0.062 0.018 0.072 0.109 
410    C4785    (0)    9 :  0.773 0.035 0.022 0.028 0.018 0.039 0.017 0.038 0.030 
411    C4795    (0)    9 :  0.499 0.023 0.069 0.137 0.058 0.067 0.027 0.100 0.020 
412    C4796    (0)    9 :  0.072 0.023 0.012 0.016 0.054 0.440 0.011 0.356 0.016 
413    C4800    (0)    9 :  0.012 0.015 0.311 0.016 0.338 0.128 0.008 0.154 0.019 
414    C4801    (0)    9 :  0.042 0.159 0.587 0.031 0.044 0.051 0.008 0.059 0.019 
415    C4802    (0)    9 :  0.014 0.049 0.016 0.025 0.029 0.028 0.010 0.035 0.793 
416    C4805    (0)    9 :  0.118 0.089 0.120 0.025 0.043 0.344 0.009 0.237 0.014 
417    C4806    (0)    9 :  0.015 0.077 0.052 0.009 0.046 0.447 0.009 0.332 0.012 
418    C4850    (0)    9 :  0.024 0.046 0.167 0.044 0.044 0.306 0.099 0.232 0.038 
419    C4748    (0)   10 :  0.089 0.477 0.167 0.010 0.045 0.089 0.014 0.101 0.009 
420    C4753    (0)   10 :  0.081 0.051 0.041 0.032 0.070 0.326 0.010 0.361 0.028 
421    C4754    (0)   10 :  0.047 0.043 0.183 0.046 0.019 0.401 0.012 0.232 0.018 
422    C4760    (0)   10 :  0.016 0.013 0.244 0.067 0.220 0.179 0.065 0.148 0.049 
