

----------------------------------------------------
STRUCTURE by Pritchard, Stephens and Donnelly (2000)
     and Falush, Stephens and Pritchard (2003)
       Code by Pritchard, Falush and Hubisz
             Version 2.3.4 (Jul 2012)
----------------------------------------------------



Command line arguments:   bin\structure -m G:\My Drive\Hoban_Lab_Docs\Projects\Butternut_JUCI\Graphical_Stat_Results\PostIndRemoval\24pop\Reorg_Results\STR\butternut\50-50\mainparams -e G:\My Drive\Hoban_Lab_Docs\Projects\Butternut_JUCI\Graphical_Stat_Results\PostIndRemoval\24pop\Reorg_Results\STR\butternut\50-50\extraparams 
Input File:    G:\My Drive\Hoban_Lab_Docs\Projects\Butternut_JUCI\Graphical_Stat_Results\PostIndRemoval\24pop\Reorg_Results\STR\butternut\project_data

Run parameters:
   993 individuals
   11 loci
   10 populations assumed
   50000 Burn-in period
   50000 Reps


--------------------------------------------
Proportion of membership of each pre-defined
 population in each of the 10 clusters

Given    Inferred Clusters                                                        Number of
 Pop       1      2      3      4      5      6      7      8      9     10      Individuals

  1:     0.403  0.132  0.031  0.092  0.030  0.179  0.044  0.024  0.041  0.024       40
  2:     0.079  0.326  0.031  0.251  0.025  0.149  0.045  0.033  0.032  0.030       45
  3:     0.192  0.105  0.036  0.140  0.023  0.370  0.037  0.026  0.035  0.035       62
  4:     0.055  0.154  0.038  0.302  0.042  0.270  0.042  0.028  0.043  0.026       48
  5:     0.213  0.211  0.035  0.207  0.043  0.158  0.037  0.032  0.034  0.031       87
  6:     0.155  0.292  0.039  0.145  0.028  0.194  0.047  0.032  0.037  0.031       70
  7:     0.061  0.046  0.124  0.035  0.072  0.024  0.167  0.126  0.142  0.203       22
  8:     0.023  0.018  0.209  0.015  0.095  0.022  0.116  0.136  0.200  0.166       11
  9:     0.034  0.052  0.118  0.151  0.050  0.029  0.126  0.145  0.161  0.133       33
 10:     0.034  0.037  0.142  0.142  0.096  0.043  0.136  0.132  0.163  0.073       48
 11:     0.048  0.036  0.102  0.251  0.064  0.025  0.098  0.116  0.134  0.127       48
 12:     0.035  0.035  0.142  0.028  0.091  0.038  0.160  0.204  0.157  0.109       90
 13:     0.025  0.021  0.113  0.017  0.034  0.026  0.090  0.124  0.093  0.456       63
 14:     0.043  0.067  0.136  0.023  0.083  0.060  0.162  0.214  0.141  0.071       16
 15:     0.047  0.080  0.139  0.069  0.120  0.048  0.124  0.099  0.221  0.053       31
 16:     0.030  0.011  0.045  0.048  0.718  0.011  0.033  0.045  0.035  0.023       16
 17:     0.131  0.034  0.089  0.021  0.033  0.065  0.132  0.130  0.068  0.298       24
 18:     0.071  0.028  0.093  0.033  0.104  0.035  0.219  0.274  0.074  0.070       12
 19:     0.038  0.040  0.159  0.027  0.127  0.032  0.162  0.154  0.126  0.136       54
 20:     0.035  0.051  0.179  0.036  0.207  0.032  0.125  0.131  0.153  0.049       96
 21:     0.032  0.059  0.174  0.017  0.228  0.025  0.155  0.093  0.098  0.120       22
 22:     0.038  0.072  0.063  0.069  0.521  0.038  0.044  0.062  0.068  0.023       23
 23:     0.033  0.018  0.158  0.021  0.285  0.031  0.077  0.213  0.121  0.043       13
 24:     0.036  0.043  0.126  0.034  0.067  0.067  0.201  0.209  0.088  0.128       19
--------------------------------------------

Allele-freq. divergence among pops (Net nucleotide distance),
computed using point estimates of P.

      1       2       3       4       5       6       7       8       9      10      
 1      -    0.0223  0.0360  0.0435  0.0473  0.0302  0.0292  0.0384  0.0357  0.0389  
 2   0.0223     -    0.0328  0.0371  0.0430  0.0251  0.0261  0.0381  0.0331  0.0405  
 3   0.0360  0.0328     -    0.0448  0.0127  0.0308  0.0029  0.0056  0.0016  0.0140  
 4   0.0435  0.0371  0.0448     -    0.0573  0.0416  0.0387  0.0469  0.0417  0.0437  
 5   0.0473  0.0430  0.0127  0.0573     -    0.0442  0.0151  0.0170  0.0162  0.0300  
 6   0.0302  0.0251  0.0308  0.0416  0.0442     -    0.0258  0.0374  0.0319  0.0409  
 7   0.0292  0.0261  0.0029  0.0387  0.0151  0.0258     -    0.0061  0.0042  0.0107  
 8   0.0384  0.0381  0.0056  0.0469  0.0170  0.0374  0.0061     -    0.0066  0.0133  
 9   0.0357  0.0331  0.0016  0.0417  0.0162  0.0319  0.0042  0.0066     -    0.0141  
10   0.0389  0.0405  0.0140  0.0437  0.0300  0.0409  0.0107  0.0133  0.0141     -    

Average distances (expected heterozygosity) between individuals in same cluster:
cluster  1  : 0.7973 
cluster  2  : 0.8082 
cluster  3  : 0.8517 
cluster  4  : 0.8148 
cluster  5  : 0.8247 
cluster  6  : 0.8157 
cluster  7  : 0.8616 
cluster  8  : 0.8446 
cluster  9  : 0.8494 
cluster 10  : 0.8454 

--------------------------------------------
Estimated Ln Prob of Data   = -48075.8
Mean value of ln likelihood = -44561.9
Variance of ln likelihood   = 7027.8
Mean value of alpha         = 0.0535

Mean value of Fst_1         = 0.0784
Mean value of Fst_2         = 0.0868
Mean value of Fst_3         = 0.0290
Mean value of Fst_4         = 0.0840
Mean value of Fst_5         = 0.0544
Mean value of Fst_6         = 0.0759
Mean value of Fst_7         = 0.0143
Mean value of Fst_8         = 0.0299
Mean value of Fst_9         = 0.0329
Mean value of Fst_10         = 0.0397


Inferred ancestry of individuals:
        Label (%Miss) Pop:  Inferred clusters
  1    C3984    (0)    1 :  0.096 0.654 0.012 0.157 0.008 0.016 0.018 0.009 0.018 0.012 
  2    C3985    (0)    1 :  0.738 0.038 0.014 0.118 0.010 0.026 0.014 0.012 0.019 0.012 
  3    C3986    (0)    1 :  0.352 0.077 0.012 0.382 0.007 0.121 0.012 0.010 0.012 0.015 
  4    C4231    (0)    1 :  0.062 0.523 0.026 0.231 0.009 0.033 0.034 0.021 0.049 0.012 
  5    C4344    (0)    1 :  0.461 0.043 0.022 0.036 0.014 0.303 0.043 0.022 0.033 0.023 
  6    C4347   (18)    1 :  0.530 0.050 0.023 0.024 0.054 0.253 0.022 0.015 0.019 0.010 
  7    C4352   (18)    1 :  0.439 0.201 0.025 0.154 0.019 0.056 0.028 0.030 0.023 0.025 
  8    C4355    (9)    1 :  0.070 0.721 0.026 0.028 0.011 0.066 0.019 0.013 0.027 0.019 
  9    C4358   (18)    1 :  0.146 0.026 0.096 0.025 0.070 0.013 0.354 0.142 0.090 0.039 
 10    C4419    (9)    1 :  0.309 0.345 0.053 0.071 0.013 0.016 0.051 0.023 0.099 0.020 
 11    C4428    (9)    1 :  0.309 0.325 0.015 0.092 0.022 0.172 0.017 0.010 0.021 0.016 
 12    C4436    (0)    1 :  0.902 0.011 0.008 0.020 0.010 0.015 0.008 0.007 0.010 0.008 
 13    C4437   (18)    1 :  0.540 0.045 0.041 0.164 0.041 0.030 0.040 0.015 0.069 0.017 
 14    C4450    (0)    1 :  0.540 0.070 0.058 0.043 0.031 0.018 0.087 0.043 0.061 0.049 
 15    C4531    (0)    1 :  0.050 0.023 0.022 0.695 0.026 0.008 0.024 0.021 0.104 0.028 
 16    C1615    (0)    1 :  0.463 0.060 0.047 0.145 0.054 0.042 0.051 0.051 0.045 0.041 
 17    C1616    (0)    1 :  0.243 0.096 0.114 0.034 0.089 0.037 0.089 0.049 0.235 0.014 
 18    C1617    (9)    1 :  0.854 0.023 0.015 0.008 0.015 0.030 0.014 0.012 0.020 0.008 
 19    C1618    (0)    1 :  0.621 0.039 0.027 0.144 0.024 0.020 0.018 0.018 0.029 0.060 
 20    C1619    (0)    1 :  0.833 0.012 0.018 0.024 0.018 0.016 0.021 0.013 0.014 0.032 
 21    C1620    (9)    1 :  0.855 0.013 0.013 0.030 0.015 0.011 0.017 0.010 0.013 0.024 
 22    C1621    (0)    1 :  0.296 0.059 0.084 0.019 0.199 0.021 0.187 0.059 0.042 0.034 
 23    C1623    (9)    1 :  0.062 0.026 0.078 0.262 0.121 0.013 0.112 0.033 0.107 0.185 
 24    C1625    (0)    1 :  0.856 0.010 0.019 0.008 0.029 0.014 0.020 0.015 0.012 0.018 
 25    C1626    (0)    1 :  0.627 0.036 0.034 0.014 0.052 0.024 0.084 0.045 0.063 0.022 
 26    C1627    (9)    1 :  0.891 0.018 0.007 0.013 0.020 0.011 0.011 0.010 0.008 0.010 
 27    C1633    (0)    1 :  0.853 0.067 0.010 0.010 0.011 0.011 0.010 0.007 0.012 0.008 
 28    C1637    (0)    1 :  0.885 0.016 0.011 0.012 0.016 0.015 0.010 0.013 0.014 0.009 
 29    C1650    (0)    1 :  0.047 0.260 0.029 0.494 0.024 0.048 0.019 0.024 0.044 0.011 
 30    C3202    (0)    1 :  0.017 0.013 0.013 0.017 0.016 0.882 0.013 0.009 0.011 0.009 
 31    C3248    (0)    1 :  0.145 0.651 0.015 0.008 0.012 0.096 0.025 0.025 0.013 0.011 
 32    C3304    (9)    1 :  0.135 0.185 0.034 0.017 0.015 0.493 0.049 0.012 0.050 0.012 
 33    C3326    (0)    1 :  0.173 0.062 0.063 0.070 0.028 0.332 0.090 0.071 0.093 0.018 
 34    C3333    (0)    1 :  0.023 0.030 0.017 0.012 0.017 0.841 0.019 0.013 0.016 0.012 
 35    C3339   (18)    1 :  0.829 0.013 0.023 0.007 0.010 0.049 0.018 0.013 0.022 0.017 
 36    C3346    (0)    1 :  0.024 0.012 0.008 0.013 0.006 0.899 0.010 0.009 0.009 0.010 
 37    C3349    (0)    1 :  0.051 0.056 0.033 0.012 0.014 0.671 0.031 0.037 0.066 0.029 
 38    C3367   (18)    1 :  0.043 0.020 0.022 0.029 0.020 0.803 0.018 0.012 0.019 0.014 
 39    C3374    (0)    1 :  0.693 0.209 0.008 0.018 0.006 0.029 0.011 0.008 0.008 0.010 
 40    C3405    (0)    1 :  0.042 0.129 0.045 0.014 0.010 0.620 0.044 0.020 0.038 0.036 
 41    C4543    (0)    2 :  0.014 0.065 0.018 0.781 0.010 0.042 0.016 0.014 0.023 0.015 
 42    C4545    (9)    2 :  0.039 0.040 0.011 0.789 0.006 0.016 0.012 0.010 0.011 0.064 
 43    C4551    (9)    2 :  0.078 0.096 0.046 0.424 0.023 0.015 0.071 0.129 0.063 0.054 
 44    C4491    (0)    2 :  0.053 0.128 0.044 0.395 0.026 0.063 0.088 0.080 0.067 0.056 
 45    C4494    (0)    2 :  0.014 0.448 0.009 0.119 0.007 0.361 0.011 0.010 0.010 0.011 
 46    C4495    (0)    2 :  0.021 0.073 0.037 0.049 0.015 0.598 0.088 0.047 0.034 0.040 
 47    C4497    (9)    2 :  0.045 0.820 0.016 0.020 0.009 0.026 0.021 0.012 0.016 0.014 
 48    C4501    (0)    2 :  0.082 0.598 0.059 0.045 0.014 0.016 0.061 0.027 0.081 0.016 
 49    C4502    (0)    2 :  0.618 0.160 0.012 0.080 0.010 0.031 0.018 0.010 0.019 0.041 
 50    C4503    (0)    2 :  0.013 0.018 0.016 0.650 0.015 0.014 0.018 0.019 0.013 0.224 
 51    C4504    (0)    2 :  0.011 0.345 0.140 0.090 0.023 0.039 0.179 0.056 0.057 0.059 
 52    C4470    (0)    2 :  0.033 0.669 0.023 0.056 0.018 0.020 0.073 0.065 0.027 0.016 
 53    C4471    (0)    2 :  0.011 0.608 0.013 0.282 0.009 0.018 0.020 0.010 0.015 0.014 
 54    C4474    (9)    2 :  0.008 0.013 0.018 0.852 0.022 0.008 0.015 0.031 0.019 0.015 
 55    C4476    (0)    2 :  0.071 0.781 0.009 0.067 0.009 0.016 0.010 0.014 0.010 0.013 
 56    C4479    (0)    2 :  0.075 0.732 0.013 0.046 0.042 0.042 0.017 0.012 0.012 0.009 
 57    C4482    (0)    2 :  0.039 0.246 0.048 0.287 0.129 0.099 0.084 0.022 0.038 0.009 
 58    C4483    (0)    2 :  0.008 0.010 0.014 0.892 0.010 0.008 0.024 0.008 0.011 0.015 
 59    C4484    (0)    2 :  0.036 0.103 0.037 0.456 0.021 0.160 0.052 0.035 0.041 0.058 
 60    C4485    (0)    2 :  0.015 0.499 0.028 0.028 0.027 0.233 0.071 0.043 0.039 0.017 
 61    C4489    (0)    2 :  0.160 0.360 0.019 0.273 0.020 0.065 0.036 0.018 0.024 0.024 
 62    C4505    (0)    2 :  0.187 0.576 0.023 0.080 0.012 0.023 0.027 0.038 0.020 0.014 
 63    C4507    (0)    2 :  0.067 0.397 0.030 0.237 0.011 0.013 0.064 0.064 0.045 0.073 
 64    C4535    (0)    2 :  0.027 0.018 0.027 0.774 0.023 0.014 0.036 0.031 0.024 0.026 
 65    C4542    (0)    2 :  0.019 0.017 0.187 0.242 0.021 0.018 0.167 0.100 0.201 0.027 
 66    C4553    (9)    2 :  0.059 0.294 0.036 0.376 0.017 0.075 0.034 0.044 0.051 0.014 
 67    C4562   (18)    2 :  0.072 0.223 0.020 0.494 0.020 0.045 0.022 0.046 0.023 0.036 
 68    C4582   (18)    2 :  0.050 0.134 0.034 0.589 0.038 0.032 0.027 0.023 0.055 0.017 
 69    C4693    (0)    2 :  0.027 0.019 0.011 0.861 0.016 0.025 0.009 0.010 0.014 0.008 
 70    C4696    (0)    2 :  0.109 0.049 0.034 0.533 0.031 0.028 0.051 0.091 0.034 0.040 
 71    C3179    (0)    2 :  0.236 0.035 0.020 0.016 0.009 0.566 0.026 0.027 0.014 0.049 
 72    C3181    (0)    2 :  0.127 0.532 0.038 0.017 0.023 0.123 0.077 0.024 0.026 0.014 
 73    C3188    (0)    2 :  0.038 0.751 0.018 0.014 0.016 0.060 0.046 0.016 0.022 0.019 
 74    C3190    (0)    2 :  0.012 0.015 0.029 0.026 0.017 0.814 0.019 0.019 0.038 0.012 
 75    C3193    (0)    2 :  0.025 0.665 0.013 0.012 0.027 0.200 0.020 0.016 0.014 0.007 
 76    C3232    (0)    2 :  0.026 0.782 0.010 0.071 0.008 0.060 0.013 0.009 0.010 0.010 
 77    C3236    (0)    2 :  0.118 0.031 0.010 0.047 0.008 0.747 0.011 0.012 0.009 0.007 
 78    C3249    (0)    2 :  0.054 0.545 0.029 0.017 0.025 0.219 0.030 0.027 0.033 0.020 
 79    C3250    (0)    2 :  0.017 0.905 0.009 0.010 0.008 0.015 0.009 0.009 0.009 0.007 
 80    C3253    (0)    2 :  0.329 0.567 0.011 0.016 0.015 0.011 0.015 0.016 0.011 0.009 
 81    C3255    (0)    2 :  0.228 0.564 0.011 0.039 0.010 0.098 0.019 0.011 0.010 0.009 
 82    C3277    (0)    2 :  0.172 0.392 0.042 0.021 0.069 0.071 0.100 0.053 0.049 0.030 
 83    C3315    (0)    2 :  0.063 0.271 0.040 0.088 0.211 0.016 0.097 0.082 0.047 0.086 
 84    C3288    (0)    2 :  0.025 0.019 0.015 0.017 0.019 0.854 0.015 0.010 0.014 0.012 
 85    C3293    (0)    2 :  0.013 0.038 0.047 0.033 0.026 0.677 0.083 0.025 0.033 0.025 
 86    C4018    (0)    3 :  0.022 0.094 0.013 0.548 0.006 0.272 0.009 0.009 0.020 0.008 
 87    C3980    (0)    3 :  0.010 0.039 0.012 0.849 0.013 0.033 0.014 0.009 0.012 0.010 
 88    C3987    (0)    3 :  0.107 0.061 0.013 0.731 0.011 0.021 0.015 0.009 0.018 0.014 
 89    C3988    (0)    3 :  0.274 0.093 0.010 0.534 0.010 0.026 0.016 0.010 0.016 0.011 
 90    C3989    (0)    3 :  0.014 0.079 0.027 0.024 0.006 0.644 0.165 0.014 0.022 0.006 
 91    C4011    (0)    3 :  0.042 0.298 0.006 0.524 0.005 0.100 0.007 0.005 0.007 0.006 
 92    C4017    (0)    3 :  0.011 0.022 0.006 0.916 0.005 0.013 0.007 0.006 0.007 0.007 
 93    C4296    (0)    3 :  0.238 0.205 0.036 0.040 0.025 0.025 0.060 0.296 0.043 0.033 
 94    C4301    (9)    3 :  0.013 0.010 0.370 0.010 0.010 0.082 0.072 0.031 0.361 0.041 
 95    C4303    (0)    3 :  0.222 0.016 0.044 0.011 0.276 0.323 0.023 0.031 0.033 0.023 
 96    C4453    (0)    3 :  0.075 0.096 0.030 0.112 0.031 0.503 0.038 0.012 0.038 0.064 
 97    C4455    (9)    3 :  0.012 0.032 0.013 0.030 0.034 0.817 0.017 0.012 0.018 0.015 
 98    C4456   (18)    3 :  0.063 0.011 0.062 0.175 0.046 0.392 0.049 0.018 0.080 0.104 
 99    C4457    (9)    3 :  0.097 0.063 0.087 0.025 0.056 0.481 0.106 0.023 0.045 0.017 
100    C4459    (9)    3 :  0.043 0.391 0.021 0.156 0.018 0.300 0.019 0.019 0.023 0.011 
101    C4464   (18)    3 :  0.159 0.159 0.009 0.057 0.008 0.566 0.012 0.011 0.009 0.010 
102    C4467   (18)    3 :  0.315 0.413 0.009 0.037 0.008 0.182 0.011 0.009 0.009 0.009 
103    C4468    (9)    3 :  0.309 0.339 0.016 0.044 0.081 0.138 0.025 0.016 0.017 0.014 
104    C4783    (0)    3 :  0.007 0.027 0.018 0.530 0.011 0.315 0.035 0.018 0.029 0.010 
105    C4786    (0)    3 :  0.041 0.022 0.015 0.148 0.009 0.715 0.011 0.015 0.014 0.010 
106    C4789    (9)    3 :  0.044 0.142 0.037 0.348 0.010 0.330 0.021 0.015 0.044 0.008 
107    C4891    (0)    3 :  0.018 0.020 0.022 0.057 0.009 0.793 0.022 0.020 0.025 0.016 
108    C4896    (0)    3 :  0.014 0.042 0.052 0.378 0.029 0.295 0.058 0.054 0.067 0.014 
109    C4898    (0)    3 :  0.037 0.069 0.018 0.611 0.012 0.179 0.025 0.022 0.014 0.012 
110    C4901    (0)    3 :  0.018 0.033 0.016 0.162 0.008 0.715 0.013 0.008 0.021 0.006 
111    C4903    (9)    3 :  0.027 0.018 0.035 0.052 0.020 0.747 0.031 0.016 0.043 0.011 
112    C4904    (0)    3 :  0.015 0.024 0.014 0.635 0.008 0.230 0.030 0.021 0.015 0.008 
113    C3263    (0)    3 :  0.867 0.017 0.009 0.006 0.008 0.026 0.015 0.007 0.008 0.037 
114    C3271    (0)    3 :  0.837 0.055 0.015 0.009 0.006 0.023 0.013 0.014 0.015 0.012 
115    C3272    (0)    3 :  0.442 0.349 0.037 0.011 0.008 0.044 0.038 0.022 0.027 0.021 
116    C3276    (0)    3 :  0.020 0.021 0.156 0.014 0.021 0.412 0.099 0.033 0.155 0.069 
117    C3280    (9)    3 :  0.378 0.269 0.029 0.029 0.029 0.027 0.065 0.068 0.026 0.080 
118    C3305    (9)    3 :  0.802 0.115 0.012 0.011 0.007 0.008 0.012 0.008 0.014 0.011 
119    C3306    (0)    3 :  0.873 0.015 0.014 0.007 0.009 0.016 0.018 0.011 0.015 0.021 
120    C3324    (0)    3 :  0.622 0.101 0.017 0.015 0.015 0.012 0.044 0.031 0.015 0.127 
121    C3329    (0)    3 :  0.440 0.100 0.031 0.073 0.020 0.072 0.082 0.071 0.059 0.051 
122    C3336    (0)    3 :  0.429 0.296 0.040 0.024 0.013 0.072 0.039 0.034 0.034 0.017 
123    C3341   (18)    3 :  0.046 0.063 0.064 0.056 0.031 0.030 0.087 0.035 0.059 0.530 
124    C3409   (18)    3 :  0.402 0.104 0.079 0.050 0.032 0.061 0.122 0.044 0.072 0.034 
125    C3168    (9)    3 :  0.030 0.015 0.014 0.017 0.008 0.865 0.018 0.011 0.011 0.011 
126    C3170    (0)    3 :  0.026 0.086 0.015 0.015 0.008 0.797 0.014 0.015 0.016 0.009 
127    C3214   (18)    3 :  0.093 0.030 0.121 0.025 0.029 0.533 0.037 0.017 0.106 0.010 
128    C3227    (0)    3 :  0.018 0.008 0.026 0.020 0.010 0.869 0.013 0.008 0.020 0.008 
129    C3228    (0)    3 :  0.169 0.474 0.042 0.084 0.039 0.037 0.036 0.049 0.034 0.037 
130    C3279    (0)    3 :  0.116 0.016 0.031 0.012 0.017 0.653 0.068 0.033 0.044 0.011 
131    C3322    (0)    3 :  0.012 0.025 0.097 0.065 0.041 0.589 0.061 0.067 0.034 0.009 
132    C3303    (0)    3 :  0.167 0.014 0.026 0.013 0.012 0.644 0.021 0.051 0.026 0.027 
133    C3317    (0)    3 :  0.840 0.039 0.013 0.014 0.015 0.020 0.019 0.015 0.012 0.013 
134    C3355    (0)    3 :  0.417 0.041 0.011 0.025 0.010 0.449 0.012 0.011 0.010 0.014 
135    C3376    (9)    3 :  0.279 0.323 0.036 0.026 0.018 0.194 0.031 0.022 0.057 0.014 
136    C3401    (0)    3 :  0.719 0.072 0.017 0.024 0.026 0.049 0.026 0.027 0.020 0.018 
137    C3203    (9)    3 :  0.103 0.195 0.053 0.036 0.031 0.427 0.036 0.014 0.059 0.046 
138    C3245    (0)    3 :  0.074 0.128 0.032 0.010 0.029 0.630 0.050 0.018 0.019 0.009 
139    C3302    (0)    3 :  0.014 0.012 0.019 0.009 0.012 0.878 0.016 0.013 0.015 0.013 
140    C3307    (0)    3 :  0.057 0.058 0.032 0.095 0.078 0.430 0.084 0.026 0.022 0.119 
141    C3310    (0)    3 :  0.008 0.009 0.010 0.007 0.008 0.919 0.011 0.008 0.009 0.010 
142    C3312    (9)    3 :  0.103 0.495 0.031 0.043 0.026 0.182 0.052 0.021 0.034 0.013 
143    C3345    (0)    3 :  0.019 0.023 0.014 0.017 0.009 0.861 0.018 0.009 0.010 0.020 
144    C3371    (0)    3 :  0.013 0.019 0.014 0.007 0.009 0.866 0.018 0.010 0.009 0.034 
145    C3372    (0)    3 :  0.157 0.066 0.021 0.022 0.021 0.585 0.055 0.018 0.019 0.036 
146    C3380    (9)    3 :  0.011 0.014 0.007 0.014 0.007 0.922 0.007 0.005 0.007 0.006 
147    C3417    (0)    3 :  0.039 0.046 0.037 0.061 0.021 0.510 0.060 0.027 0.027 0.172 
148    C4569    (9)    4 :  0.047 0.055 0.086 0.228 0.037 0.014 0.086 0.126 0.237 0.084 
149    C4570    (9)    4 :  0.023 0.083 0.010 0.812 0.012 0.009 0.012 0.014 0.014 0.012 
150    C4571    (9)    4 :  0.060 0.332 0.016 0.477 0.021 0.023 0.022 0.014 0.022 0.013 
151    C4572    (9)    4 :  0.027 0.027 0.014 0.850 0.017 0.010 0.012 0.011 0.017 0.013 
152    C4573    (9)    4 :  0.047 0.113 0.075 0.113 0.412 0.011 0.085 0.050 0.070 0.024 
153    C4575    (9)    4 :  0.034 0.055 0.042 0.634 0.065 0.022 0.057 0.026 0.044 0.021 
154    C4577    (9)    4 :  0.017 0.028 0.010 0.871 0.007 0.013 0.017 0.015 0.010 0.012 
155    C4578    (9)    4 :  0.032 0.108 0.031 0.573 0.068 0.020 0.066 0.041 0.039 0.022 
156    C4600   (18)    4 :  0.041 0.051 0.092 0.511 0.026 0.019 0.086 0.082 0.075 0.018 
157    C4612    (9)    4 :  0.012 0.023 0.067 0.677 0.015 0.027 0.034 0.038 0.094 0.014 
158    C4621    (0)    4 :  0.026 0.142 0.014 0.698 0.018 0.059 0.011 0.007 0.018 0.005 
159    C4622    (9)    4 :  0.013 0.036 0.009 0.875 0.009 0.019 0.009 0.013 0.008 0.009 
160    C4623    (0)    4 :  0.174 0.041 0.040 0.210 0.047 0.119 0.136 0.023 0.049 0.160 
161    C4624    (0)    4 :  0.025 0.028 0.021 0.781 0.064 0.013 0.013 0.026 0.016 0.013 
162    C4625    (0)    4 :  0.079 0.133 0.098 0.084 0.344 0.012 0.035 0.044 0.158 0.013 
163    C4627    (0)    4 :  0.011 0.053 0.024 0.692 0.026 0.100 0.026 0.011 0.040 0.018 
164    C4631    (0)    4 :  0.013 0.016 0.018 0.651 0.014 0.014 0.016 0.018 0.015 0.223 
165    C4632    (0)    4 :  0.024 0.072 0.010 0.786 0.021 0.027 0.012 0.017 0.015 0.013 
166    C3939    (0)    4 :  0.012 0.060 0.014 0.757 0.009 0.082 0.015 0.017 0.023 0.010 
167    C3940    (0)    4 :  0.011 0.015 0.037 0.720 0.007 0.055 0.028 0.025 0.081 0.021 
168    C3945    (0)    4 :  0.024 0.043 0.008 0.864 0.005 0.019 0.010 0.012 0.008 0.007 
169    C4520    (0)    4 :  0.025 0.135 0.218 0.027 0.022 0.104 0.118 0.088 0.224 0.039 
170    C4522    (0)    4 :  0.014 0.113 0.014 0.445 0.009 0.350 0.015 0.010 0.019 0.011 
171    C3182    (0)    4 :  0.280 0.052 0.018 0.046 0.013 0.512 0.021 0.017 0.017 0.025 
172    C3189    (0)    4 :  0.088 0.516 0.045 0.023 0.093 0.049 0.093 0.037 0.036 0.019 
173    C3191    (9)    4 :  0.072 0.636 0.017 0.015 0.047 0.123 0.033 0.019 0.017 0.021 
174    C3196    (0)    4 :  0.045 0.290 0.029 0.013 0.019 0.499 0.039 0.020 0.031 0.014 
175    C3208    (0)    4 :  0.020 0.055 0.034 0.173 0.044 0.532 0.025 0.029 0.039 0.047 
176    C3211    (0)    4 :  0.016 0.028 0.013 0.018 0.008 0.856 0.018 0.015 0.016 0.012 
177    C3212    (0)    4 :  0.047 0.089 0.144 0.042 0.009 0.138 0.251 0.063 0.118 0.098 
178    C3213    (0)    4 :  0.022 0.020 0.022 0.009 0.009 0.816 0.047 0.019 0.021 0.016 
179    C3215    (0)    4 :  0.009 0.011 0.079 0.030 0.026 0.777 0.017 0.022 0.020 0.010 
180    C3217    (0)    4 :  0.089 0.322 0.028 0.016 0.011 0.434 0.030 0.019 0.022 0.029 
181    C3225    (9)    4 :  0.153 0.397 0.054 0.016 0.028 0.176 0.059 0.059 0.040 0.019 
182    C3226    (0)    4 :  0.066 0.232 0.011 0.161 0.010 0.477 0.012 0.009 0.010 0.010 
183    C3238    (9)    4 :  0.016 0.103 0.023 0.103 0.018 0.680 0.016 0.013 0.020 0.010 
184    C3239    (0)    4 :  0.021 0.784 0.014 0.017 0.013 0.081 0.027 0.012 0.013 0.018 
185    C3269   (18)    4 :  0.156 0.216 0.072 0.155 0.158 0.046 0.079 0.032 0.066 0.021 
186    C3273    (0)    4 :  0.350 0.148 0.023 0.025 0.046 0.315 0.044 0.013 0.028 0.009 
187    C3274    (0)    4 :  0.028 0.017 0.083 0.036 0.017 0.535 0.094 0.084 0.094 0.011 
188    C3354    (0)    4 :  0.068 0.118 0.022 0.021 0.019 0.650 0.053 0.022 0.017 0.010 
189    C3361    (0)    4 :  0.028 0.040 0.015 0.022 0.012 0.831 0.014 0.014 0.015 0.008 
190    C3289    (0)    4 :  0.008 0.023 0.010 0.011 0.012 0.892 0.012 0.011 0.012 0.008 
191    C3169    (0)    4 :  0.012 0.812 0.010 0.013 0.011 0.104 0.011 0.008 0.012 0.007 
192    C3199    (9)    4 :  0.034 0.133 0.019 0.081 0.046 0.614 0.019 0.014 0.022 0.017 
193    C3224    (0)    4 :  0.118 0.093 0.019 0.015 0.015 0.675 0.017 0.013 0.021 0.013 
194    C3261   (18)    4 :  0.040 0.256 0.011 0.051 0.010 0.568 0.022 0.015 0.014 0.012 
195    C3320    (0)    4 :  0.074 0.253 0.037 0.033 0.032 0.453 0.044 0.030 0.032 0.011 
196    C4151    (0)    5 :  0.021 0.028 0.008 0.890 0.009 0.013 0.010 0.007 0.008 0.007 
197    C4152    (0)    5 :  0.112 0.016 0.011 0.792 0.012 0.011 0.012 0.009 0.014 0.012 
198    C4153    (0)    5 :  0.068 0.178 0.033 0.225 0.024 0.353 0.039 0.024 0.046 0.011 
199    C4154   (18)    5 :  0.026 0.147 0.018 0.538 0.008 0.160 0.037 0.024 0.023 0.019 
200    C4157    (0)    5 :  0.810 0.016 0.018 0.050 0.011 0.014 0.021 0.032 0.016 0.013 
201    C4158    (0)    5 :  0.020 0.015 0.009 0.896 0.012 0.015 0.009 0.008 0.009 0.006 
202    C4163    (0)    5 :  0.011 0.041 0.006 0.897 0.007 0.013 0.006 0.006 0.006 0.006 
203    C4165    (0)    5 :  0.020 0.066 0.053 0.215 0.021 0.065 0.271 0.147 0.061 0.080 
204    C4248    (9)    5 :  0.096 0.633 0.017 0.028 0.025 0.118 0.029 0.023 0.019 0.011 
205    C4254    (0)    5 :  0.154 0.184 0.025 0.082 0.011 0.444 0.024 0.034 0.025 0.017 
206    C4371    (9)    5 :  0.191 0.652 0.013 0.034 0.015 0.013 0.023 0.016 0.012 0.031 
207    C3936    (0)    5 :  0.012 0.162 0.014 0.721 0.011 0.016 0.016 0.015 0.019 0.013 
208    C3937    (0)    5 :  0.011 0.019 0.010 0.882 0.010 0.030 0.009 0.007 0.013 0.009 
209    C3944    (0)    5 :  0.071 0.183 0.007 0.628 0.007 0.066 0.009 0.009 0.008 0.012 
210    C3954    (0)    5 :  0.025 0.837 0.014 0.033 0.027 0.025 0.010 0.008 0.014 0.006 
211    C3955    (9)    5 :  0.071 0.394 0.022 0.226 0.021 0.188 0.026 0.012 0.032 0.007 
212    C3961    (0)    5 :  0.031 0.036 0.020 0.739 0.009 0.059 0.017 0.022 0.019 0.048 
213    C3974    (0)    5 :  0.011 0.066 0.030 0.772 0.015 0.024 0.018 0.017 0.033 0.014 
214    C4024    (0)    5 :  0.506 0.082 0.025 0.216 0.011 0.031 0.025 0.024 0.025 0.056 
215    C4025    (0)    5 :  0.060 0.039 0.017 0.777 0.021 0.011 0.019 0.010 0.015 0.033 
216    C4028    (0)    5 :  0.028 0.135 0.061 0.461 0.043 0.057 0.039 0.021 0.126 0.029 
217    C4032   (18)    5 :  0.017 0.897 0.009 0.022 0.010 0.012 0.011 0.008 0.008 0.007 
218    C4033   (18)    5 :  0.478 0.070 0.014 0.030 0.012 0.343 0.016 0.014 0.012 0.011 
219    C4034    (0)    5 :  0.248 0.138 0.046 0.036 0.025 0.266 0.070 0.087 0.028 0.056 
220    C4041    (9)    5 :  0.474 0.190 0.038 0.025 0.013 0.038 0.039 0.065 0.064 0.055 
221    C4042   (18)    5 :  0.607 0.061 0.021 0.064 0.015 0.066 0.054 0.048 0.019 0.044 
222    C4043    (9)    5 :  0.186 0.529 0.016 0.117 0.023 0.055 0.023 0.020 0.016 0.016 
223    C4044    (9)    5 :  0.036 0.133 0.050 0.105 0.041 0.076 0.085 0.064 0.051 0.358 
224    C4045    (9)    5 :  0.299 0.349 0.022 0.072 0.040 0.139 0.029 0.022 0.018 0.011 
225    C4046    (9)    5 :  0.852 0.035 0.009 0.014 0.016 0.028 0.009 0.013 0.009 0.016 
226    C4047    (0)    5 :  0.026 0.044 0.023 0.015 0.033 0.768 0.024 0.026 0.027 0.013 
227    C4048    (9)    5 :  0.294 0.037 0.028 0.014 0.049 0.445 0.049 0.028 0.023 0.034 
228    C4055    (9)    5 :  0.382 0.333 0.030 0.063 0.042 0.029 0.039 0.031 0.029 0.022 
229    C4057   (18)    5 :  0.099 0.740 0.016 0.016 0.012 0.030 0.023 0.016 0.018 0.032 
230    C4059    (0)    5 :  0.857 0.012 0.012 0.023 0.013 0.039 0.014 0.008 0.014 0.008 
231    C4060    (9)    5 :  0.018 0.758 0.019 0.059 0.016 0.057 0.025 0.016 0.017 0.014 
232    C4064    (9)    5 :  0.266 0.222 0.064 0.024 0.159 0.024 0.066 0.077 0.082 0.016 
233    C4067    (0)    5 :  0.079 0.042 0.037 0.022 0.111 0.544 0.073 0.027 0.019 0.045 
234    C4068    (9)    5 :  0.036 0.056 0.030 0.034 0.028 0.725 0.029 0.020 0.024 0.018 
235    C4070    (9)    5 :  0.731 0.013 0.013 0.046 0.013 0.093 0.019 0.019 0.012 0.041 
236    C4075   (18)    5 :  0.040 0.058 0.023 0.021 0.014 0.768 0.022 0.015 0.020 0.019 
237    C4081    (9)    5 :  0.172 0.644 0.027 0.015 0.016 0.034 0.023 0.029 0.024 0.016 
238    C4082    (0)    5 :  0.032 0.169 0.039 0.089 0.035 0.536 0.026 0.024 0.032 0.018 
239    C4083    (0)    5 :  0.112 0.200 0.049 0.089 0.050 0.027 0.192 0.092 0.046 0.143 
240    C4086    (0)    5 :  0.046 0.665 0.018 0.022 0.093 0.072 0.026 0.019 0.030 0.009 
241    C4088    (9)    5 :  0.023 0.036 0.069 0.028 0.713 0.022 0.033 0.025 0.044 0.008 
242    C4092    (0)    5 :  0.147 0.584 0.015 0.089 0.008 0.036 0.055 0.013 0.016 0.035 
243    C4099    (9)    5 :  0.093 0.572 0.043 0.023 0.014 0.085 0.028 0.034 0.065 0.043 
244    C4104    (0)    5 :  0.018 0.221 0.016 0.392 0.018 0.222 0.030 0.021 0.019 0.043 
245    C4108   (18)    5 :  0.011 0.011 0.308 0.010 0.041 0.020 0.072 0.325 0.182 0.021 
246    C4118    (0)    5 :  0.101 0.621 0.045 0.016 0.030 0.012 0.082 0.060 0.023 0.010 
247    C4131    (0)    5 :  0.121 0.174 0.046 0.363 0.089 0.062 0.052 0.025 0.051 0.017 
248    C4133    (0)    5 :  0.346 0.519 0.018 0.018 0.011 0.036 0.019 0.012 0.012 0.009 
249    C4135    (0)    5 :  0.137 0.405 0.009 0.376 0.005 0.032 0.015 0.007 0.007 0.007 
250    C4136    (0)    5 :  0.020 0.021 0.041 0.619 0.068 0.024 0.044 0.066 0.070 0.027 
251    C4137    (9)    5 :  0.387 0.178 0.031 0.251 0.023 0.024 0.036 0.027 0.026 0.018 
252    C4139    (0)    5 :  0.035 0.069 0.013 0.788 0.006 0.036 0.014 0.014 0.016 0.010 
253    C4140    (9)    5 :  0.047 0.201 0.019 0.600 0.009 0.052 0.020 0.021 0.019 0.013 
254    C4167    (0)    5 :  0.350 0.023 0.025 0.375 0.033 0.017 0.026 0.026 0.082 0.044 
255    C4236    (0)    5 :  0.388 0.296 0.047 0.021 0.023 0.042 0.051 0.052 0.052 0.029 
256    C4237    (0)    5 :  0.051 0.034 0.069 0.044 0.585 0.012 0.056 0.036 0.096 0.017 
257    C4238    (0)    5 :  0.207 0.291 0.021 0.060 0.061 0.262 0.037 0.025 0.021 0.015 
258    C4241    (0)    5 :  0.496 0.078 0.027 0.042 0.013 0.240 0.036 0.030 0.022 0.016 
259    C4247    (9)    5 :  0.275 0.131 0.102 0.080 0.170 0.044 0.080 0.021 0.030 0.068 
260    C4257    (0)    5 :  0.091 0.149 0.036 0.035 0.030 0.555 0.020 0.023 0.040 0.021 
261    C4383    (0)    5 :  0.043 0.361 0.042 0.081 0.045 0.020 0.031 0.078 0.052 0.247 
262    C4397    (9)    5 :  0.851 0.056 0.008 0.030 0.007 0.009 0.010 0.012 0.009 0.007 
263    C4514    (0)    5 :  0.025 0.288 0.014 0.572 0.013 0.027 0.018 0.013 0.011 0.018 
264    C4519    (0)    5 :  0.017 0.045 0.063 0.503 0.006 0.236 0.026 0.017 0.074 0.013 
265    C4527    (0)    5 :  0.018 0.154 0.013 0.164 0.015 0.579 0.015 0.015 0.013 0.015 
266    C4534    (0)    5 :  0.016 0.161 0.035 0.075 0.012 0.529 0.038 0.048 0.034 0.054 
267    C4699    (0)    5 :  0.047 0.014 0.023 0.622 0.061 0.121 0.026 0.023 0.037 0.026 
268    C1541    (9)    5 :  0.070 0.281 0.010 0.017 0.011 0.555 0.020 0.016 0.008 0.013 
269    C1542    (9)    5 :  0.017 0.246 0.013 0.011 0.013 0.650 0.013 0.016 0.011 0.010 
270    C1544    (0)    5 :  0.241 0.316 0.024 0.029 0.050 0.236 0.029 0.032 0.031 0.011 
271    C1547    (9)    5 :  0.075 0.105 0.221 0.038 0.068 0.057 0.092 0.112 0.120 0.112 
272    C1553    (9)    5 :  0.178 0.015 0.194 0.168 0.032 0.056 0.098 0.042 0.159 0.059 
273    C1555    (9)    5 :  0.839 0.034 0.017 0.012 0.014 0.017 0.017 0.017 0.023 0.010 
274    C1557    (0)    5 :  0.888 0.019 0.010 0.014 0.013 0.013 0.010 0.012 0.011 0.010 
275    C1560    (0)    5 :  0.869 0.020 0.021 0.010 0.006 0.020 0.011 0.011 0.022 0.010 
276    C1565    (0)    5 :  0.108 0.216 0.028 0.027 0.012 0.421 0.051 0.052 0.034 0.050 
277    C1567    (0)    5 :  0.614 0.150 0.041 0.020 0.028 0.031 0.022 0.034 0.039 0.021 
278    C1569    (0)    5 :  0.731 0.084 0.013 0.021 0.013 0.078 0.015 0.016 0.015 0.015 
279    C1571    (0)    5 :  0.187 0.075 0.080 0.027 0.051 0.410 0.055 0.026 0.057 0.030 
280    C1576    (0)    5 :  0.150 0.368 0.038 0.169 0.062 0.071 0.052 0.031 0.032 0.027 
281    C1577    (9)    5 :  0.065 0.117 0.028 0.023 0.032 0.636 0.029 0.026 0.029 0.014 
282    C1579    (0)    5 :  0.365 0.270 0.025 0.019 0.019 0.199 0.042 0.028 0.020 0.013 
283    C3990    (0)    6 :  0.012 0.040 0.007 0.877 0.007 0.029 0.007 0.006 0.008 0.007 
284    C3991    (0)    6 :  0.012 0.095 0.033 0.627 0.043 0.042 0.052 0.021 0.024 0.051 
285    C3992    (0)    6 :  0.015 0.066 0.044 0.657 0.040 0.055 0.037 0.018 0.051 0.016 
286    C3994    (0)    6 :  0.025 0.488 0.039 0.055 0.024 0.122 0.103 0.021 0.027 0.096 
287    C4172    (0)    6 :  0.011 0.008 0.076 0.641 0.052 0.016 0.053 0.026 0.079 0.037 
288    C4173    (9)    6 :  0.015 0.024 0.017 0.448 0.011 0.038 0.024 0.013 0.014 0.396 
289    C4232    (9)    6 :  0.041 0.131 0.009 0.009 0.008 0.768 0.009 0.008 0.009 0.008 
290    C4234    (9)    6 :  0.068 0.469 0.013 0.013 0.012 0.383 0.012 0.011 0.011 0.008 
291    C4259    (0)    6 :  0.612 0.251 0.007 0.012 0.010 0.068 0.012 0.009 0.009 0.010 
292    C4260    (0)    6 :  0.011 0.164 0.009 0.027 0.008 0.745 0.012 0.007 0.010 0.007 
293    C4261    (9)    6 :  0.020 0.023 0.029 0.027 0.020 0.694 0.048 0.068 0.029 0.043 
294    C4262    (0)    6 :  0.555 0.070 0.022 0.096 0.010 0.076 0.033 0.041 0.025 0.073 
295    C4263    (0)    6 :  0.735 0.054 0.020 0.020 0.053 0.050 0.018 0.021 0.011 0.018 
296    C4267    (9)    6 :  0.033 0.691 0.015 0.094 0.043 0.062 0.019 0.018 0.012 0.012 
297    C4269    (0)    6 :  0.148 0.297 0.022 0.099 0.015 0.263 0.049 0.034 0.029 0.044 
298    C4272    (0)    6 :  0.206 0.697 0.011 0.013 0.008 0.013 0.015 0.016 0.011 0.010 
299    C4274    (0)    6 :  0.095 0.337 0.203 0.018 0.011 0.055 0.053 0.046 0.171 0.010 
300    C4276    (9)    6 :  0.032 0.022 0.376 0.009 0.036 0.044 0.105 0.032 0.327 0.016 
301    C4278    (0)    6 :  0.111 0.527 0.041 0.074 0.016 0.068 0.085 0.031 0.023 0.024 
302    C4280    (0)    6 :  0.041 0.170 0.030 0.145 0.011 0.479 0.044 0.033 0.031 0.015 
303    C4281    (0)    6 :  0.700 0.130 0.013 0.018 0.016 0.064 0.015 0.015 0.015 0.013 
304    C4282    (0)    6 :  0.182 0.044 0.090 0.018 0.047 0.151 0.191 0.097 0.054 0.126 
305    C4284    (9)    6 :  0.308 0.346 0.009 0.242 0.009 0.047 0.010 0.009 0.010 0.009 
306    C4286    (9)    6 :  0.214 0.026 0.053 0.124 0.017 0.405 0.040 0.031 0.067 0.023 
307    C4287    (0)    6 :  0.126 0.066 0.046 0.110 0.010 0.421 0.073 0.039 0.054 0.055 
308    C4290    (0)    6 :  0.035 0.167 0.184 0.039 0.135 0.015 0.085 0.097 0.184 0.060 
309    C4307   (18)    6 :  0.111 0.129 0.042 0.160 0.012 0.343 0.146 0.019 0.020 0.019 
310    C4310    (9)    6 :  0.166 0.438 0.027 0.036 0.076 0.152 0.025 0.020 0.048 0.012 
311    C4311   (18)    6 :  0.122 0.185 0.040 0.018 0.019 0.483 0.037 0.029 0.051 0.018 
312    C4312    (0)    6 :  0.092 0.415 0.017 0.024 0.013 0.383 0.017 0.012 0.015 0.012 
313    C4314    (0)    6 :  0.373 0.148 0.046 0.019 0.182 0.099 0.048 0.040 0.035 0.010 
314    C4318    (9)    6 :  0.504 0.238 0.015 0.050 0.009 0.040 0.084 0.021 0.014 0.024 
315    C4321    (9)    6 :  0.070 0.252 0.046 0.067 0.011 0.374 0.042 0.027 0.052 0.059 
316    C4324    (0)    6 :  0.099 0.656 0.024 0.042 0.009 0.060 0.027 0.018 0.019 0.048 
317    C4334    (0)    6 :  0.031 0.840 0.016 0.025 0.007 0.015 0.016 0.012 0.012 0.028 
318    C4529    (0)    6 :  0.040 0.399 0.046 0.025 0.027 0.335 0.053 0.023 0.030 0.022 
319    C1582    (9)    6 :  0.157 0.554 0.014 0.103 0.014 0.098 0.015 0.017 0.016 0.013 
320    C1583    (0)    6 :  0.235 0.305 0.031 0.043 0.086 0.183 0.057 0.020 0.024 0.017 
321    C1584    (9)    6 :  0.367 0.418 0.026 0.038 0.027 0.050 0.019 0.019 0.027 0.010 
322    C1585    (0)    6 :  0.031 0.882 0.010 0.021 0.012 0.016 0.008 0.006 0.008 0.006 
323    C1586    (0)    6 :  0.275 0.479 0.026 0.028 0.022 0.049 0.030 0.022 0.013 0.055 
324    C1589    (0)    6 :  0.098 0.682 0.011 0.096 0.011 0.056 0.011 0.011 0.013 0.012 
325    C1591    (0)    6 :  0.053 0.823 0.010 0.027 0.011 0.035 0.011 0.008 0.011 0.012 
326    C1592    (0)    6 :  0.267 0.484 0.024 0.013 0.022 0.070 0.043 0.033 0.019 0.026 
327    C1594    (0)    6 :  0.104 0.534 0.018 0.039 0.082 0.141 0.032 0.018 0.018 0.013 
328    C1597    (9)    6 :  0.044 0.265 0.032 0.025 0.024 0.473 0.030 0.049 0.039 0.022 
329    C1598    (9)    6 :  0.088 0.540 0.031 0.165 0.033 0.074 0.019 0.014 0.023 0.012 
330    C1599    (0)    6 :  0.276 0.248 0.023 0.015 0.009 0.342 0.032 0.023 0.021 0.011 
331    C1601    (0)    6 :  0.092 0.125 0.039 0.342 0.075 0.172 0.037 0.063 0.036 0.019 
332    C1605    (0)    6 :  0.021 0.311 0.107 0.051 0.071 0.057 0.279 0.023 0.054 0.026 
333    C1609    (0)    6 :  0.026 0.885 0.009 0.019 0.008 0.021 0.009 0.008 0.007 0.007 
334    C1610    (0)    6 :  0.098 0.155 0.054 0.013 0.065 0.315 0.107 0.116 0.067 0.011 
335    C1611    (0)    6 :  0.527 0.016 0.011 0.011 0.011 0.337 0.034 0.014 0.012 0.028 
336    C1612    (0)    6 :  0.593 0.014 0.010 0.009 0.009 0.333 0.011 0.007 0.008 0.006 
337    C1613    (0)    6 :  0.157 0.293 0.034 0.031 0.037 0.324 0.028 0.023 0.032 0.040 
338    C3173    (9)    6 :  0.373 0.142 0.035 0.039 0.039 0.183 0.056 0.059 0.037 0.039 
339    C3204    (0)    6 :  0.027 0.065 0.025 0.021 0.013 0.784 0.021 0.013 0.017 0.013 
340    C3223    (9)    6 :  0.017 0.042 0.079 0.018 0.015 0.404 0.212 0.033 0.118 0.062 
341    C3262    (0)    6 :  0.246 0.310 0.037 0.029 0.097 0.140 0.065 0.019 0.038 0.020 
342    C3270    (0)    6 :  0.126 0.290 0.017 0.087 0.013 0.384 0.028 0.024 0.018 0.014 
343    C3300    (0)    6 :  0.018 0.792 0.009 0.086 0.007 0.050 0.012 0.007 0.012 0.007 
344    C3330    (0)    6 :  0.016 0.746 0.023 0.048 0.009 0.052 0.049 0.020 0.024 0.012 
345    C3390    (9)    6 :  0.113 0.500 0.017 0.031 0.016 0.243 0.024 0.021 0.017 0.018 
346    C3424    (9)    6 :  0.240 0.083 0.032 0.030 0.016 0.441 0.063 0.034 0.043 0.016 
347    C3958    (0)    6 :  0.079 0.087 0.013 0.742 0.006 0.019 0.013 0.010 0.015 0.017 
348    C3962    (0)    6 :  0.011 0.188 0.010 0.717 0.006 0.013 0.013 0.025 0.009 0.008 
349    C4019    (0)    6 :  0.046 0.012 0.130 0.113 0.024 0.009 0.134 0.382 0.114 0.037 
350    C3995   (18)    6 :  0.011 0.026 0.013 0.829 0.016 0.028 0.018 0.016 0.014 0.028 
351    C4000    (0)    6 :  0.024 0.040 0.030 0.537 0.015 0.122 0.042 0.087 0.038 0.065 
352    C4002    (0)    6 :  0.030 0.028 0.014 0.776 0.012 0.076 0.015 0.018 0.015 0.016 
353    C1692    (0)    7 :  0.015 0.029 0.181 0.140 0.032 0.020 0.321 0.073 0.168 0.021 
354    C1693    (0)    7 :  0.020 0.175 0.112 0.033 0.012 0.105 0.308 0.025 0.128 0.081 
355    C1694    (0)    7 :  0.034 0.116 0.095 0.017 0.063 0.032 0.172 0.130 0.142 0.199 
356    C1698    (0)    7 :  0.020 0.041 0.141 0.008 0.037 0.007 0.219 0.167 0.264 0.096 
357    C1699    (0)    7 :  0.016 0.022 0.201 0.014 0.200 0.025 0.277 0.039 0.168 0.037 
358    C1700    (0)    7 :  0.081 0.034 0.117 0.074 0.038 0.030 0.119 0.234 0.159 0.113 
359    C1701    (0)    7 :  0.036 0.018 0.102 0.012 0.378 0.010 0.214 0.135 0.079 0.018 
360    C1702    (0)    7 :  0.016 0.011 0.253 0.012 0.060 0.009 0.247 0.084 0.264 0.046 
361    C1703    (0)    7 :  0.017 0.014 0.095 0.017 0.040 0.008 0.093 0.449 0.092 0.174 
362    C1704    (0)    7 :  0.079 0.312 0.076 0.028 0.020 0.017 0.124 0.086 0.105 0.154 
363    C1705    (0)    7 :  0.018 0.011 0.076 0.143 0.018 0.009 0.058 0.044 0.187 0.436 
364    C1706    (0)    7 :  0.014 0.019 0.186 0.010 0.341 0.016 0.222 0.063 0.099 0.030 
365    C1707    (0)    7 :  0.622 0.013 0.077 0.009 0.052 0.033 0.043 0.024 0.107 0.022 
366    C1708    (0)    7 :  0.021 0.018 0.117 0.014 0.019 0.012 0.273 0.063 0.046 0.416 
367    C1709    (0)    7 :  0.014 0.023 0.032 0.065 0.021 0.021 0.072 0.047 0.032 0.673 
368    C1710    (0)    7 :  0.038 0.032 0.177 0.020 0.077 0.019 0.248 0.182 0.139 0.067 
369    C1712    (0)    7 :  0.009 0.009 0.064 0.029 0.011 0.012 0.092 0.232 0.051 0.490 
370    C1714    (0)    7 :  0.025 0.024 0.049 0.012 0.015 0.009 0.078 0.029 0.020 0.739 
371    C1715    (0)    7 :  0.043 0.011 0.228 0.013 0.069 0.016 0.135 0.098 0.372 0.017 
372    C1717    (0)    7 :  0.062 0.030 0.154 0.016 0.028 0.051 0.163 0.160 0.293 0.043 
373    C1718   (18)    7 :  0.092 0.025 0.174 0.014 0.040 0.012 0.135 0.307 0.174 0.027 
374    C1719    (0)    7 :  0.055 0.034 0.024 0.077 0.014 0.055 0.052 0.098 0.025 0.567 
375    C1656    (0)    8 :  0.009 0.009 0.322 0.022 0.215 0.009 0.074 0.040 0.271 0.029 
376    C1657   (18)    8 :  0.012 0.017 0.176 0.016 0.105 0.029 0.140 0.063 0.100 0.341 
377    C1658    (0)    8 :  0.011 0.008 0.222 0.010 0.044 0.007 0.065 0.242 0.366 0.025 
378    C1659    (0)    8 :  0.017 0.021 0.258 0.019 0.075 0.054 0.229 0.029 0.281 0.016 
379    C1661    (9)    8 :  0.070 0.050 0.185 0.015 0.047 0.027 0.143 0.314 0.114 0.035 
380    C1665    (0)    8 :  0.013 0.021 0.118 0.012 0.208 0.028 0.151 0.273 0.148 0.028 
381    C1667    (9)    8 :  0.007 0.007 0.021 0.005 0.020 0.007 0.048 0.056 0.015 0.814 
382    C1676    (9)    8 :  0.019 0.011 0.299 0.021 0.088 0.012 0.091 0.119 0.252 0.087 
383    C1681    (9)    8 :  0.071 0.020 0.162 0.014 0.142 0.012 0.098 0.105 0.288 0.089 
384    C1682    (0)    8 :  0.012 0.016 0.194 0.017 0.055 0.017 0.105 0.155 0.088 0.341 
385    C1685    (0)    8 :  0.011 0.014 0.339 0.019 0.050 0.042 0.130 0.103 0.274 0.017 
386    C4707    (0)    9 :  0.035 0.023 0.129 0.066 0.021 0.021 0.137 0.328 0.217 0.023 
387    C4747    (0)    9 :  0.076 0.032 0.081 0.082 0.015 0.108 0.118 0.023 0.088 0.377 
388    C4772    (0)    9 :  0.033 0.033 0.037 0.462 0.061 0.051 0.056 0.180 0.063 0.024 
389    C4781    (0)    9 :  0.103 0.038 0.027 0.022 0.010 0.008 0.119 0.029 0.040 0.603 
