

----------------------------------------------------
STRUCTURE by Pritchard, Stephens and Donnelly (2000)
     and Falush, Stephens and Pritchard (2003)
       Code by Pritchard, Falush and Hubisz
             Version 2.3.4 (Jul 2012)
----------------------------------------------------



Command line arguments:   bin\structure -m G:\My Drive\Hoban_Lab_Docs\Projects\Butternut_JUCI\Graphical_Stat_Results\PostIndRemoval\24pop\Reorg_Results\STR\butternut\50-50\mainparams -e G:\My Drive\Hoban_Lab_Docs\Projects\Butternut_JUCI\Graphical_Stat_Results\PostIndRemoval\24pop\Reorg_Results\STR\butternut\50-50\extraparams 
Input File:    G:\My Drive\Hoban_Lab_Docs\Projects\Butternut_JUCI\Graphical_Stat_Results\PostIndRemoval\24pop\Reorg_Results\STR\butternut\project_data

Run parameters:
   993 individuals
   11 loci
   10 populations assumed
   50000 Burn-in period
   50000 Reps


--------------------------------------------
Proportion of membership of each pre-defined
 population in each of the 10 clusters

Given    Inferred Clusters                                                        Number of
 Pop       1      2      3      4      5      6      7      8      9     10      Individuals

  1:     0.130  0.043  0.029  0.028  0.093  0.026  0.397  0.050  0.177  0.027       40
  2:     0.309  0.046  0.026  0.037  0.257  0.029  0.074  0.047  0.152  0.023       45
  3:     0.111  0.033  0.024  0.025  0.134  0.035  0.186  0.036  0.373  0.043       62
  4:     0.165  0.042  0.044  0.030  0.292  0.024  0.054  0.046  0.261  0.041       48
  5:     0.213  0.032  0.045  0.032  0.207  0.033  0.205  0.038  0.156  0.037       87
  6:     0.307  0.040  0.028  0.032  0.143  0.031  0.144  0.040  0.188  0.048       70
  7:     0.041  0.193  0.078  0.131  0.039  0.193  0.061  0.179  0.023  0.061       22
  8:     0.019  0.164  0.109  0.189  0.017  0.175  0.024  0.213  0.024  0.067       11
  9:     0.051  0.121  0.054  0.176  0.147  0.128  0.036  0.193  0.031  0.065       33
 10:     0.035  0.130  0.101  0.146  0.140  0.072  0.036  0.180  0.045  0.114       48
 11:     0.036  0.103  0.068  0.150  0.249  0.118  0.046  0.144  0.026  0.061       48
 12:     0.035  0.181  0.092  0.194  0.028  0.111  0.035  0.142  0.040  0.142       90
 13:     0.022  0.094  0.034  0.107  0.018  0.463  0.027  0.079  0.027  0.128       63
 14:     0.069  0.151  0.086  0.219  0.025  0.078  0.046  0.146  0.062  0.118       16
 15:     0.085  0.198  0.133  0.107  0.066  0.057  0.046  0.159  0.047  0.102       31
 16:     0.012  0.035  0.713  0.053  0.046  0.026  0.034  0.040  0.012  0.029       16
 17:     0.033  0.116  0.034  0.105  0.021  0.302  0.137  0.091  0.066  0.094       24
 18:     0.029  0.178  0.116  0.260  0.032  0.073  0.076  0.132  0.035  0.071       12
 19:     0.040  0.150  0.121  0.152  0.029  0.144  0.038  0.135  0.033  0.160       54
 20:     0.054  0.128  0.207  0.133  0.035  0.052  0.034  0.119  0.031  0.207       96
 21:     0.060  0.142  0.196  0.084  0.018  0.130  0.028  0.114  0.024  0.204       22
 22:     0.078  0.042  0.509  0.075  0.070  0.024  0.038  0.055  0.038  0.072       23
 23:     0.019  0.068  0.228  0.164  0.022  0.046  0.034  0.057  0.029  0.334       13
 24:     0.042  0.166  0.069  0.168  0.035  0.132  0.037  0.136  0.061  0.154       19
--------------------------------------------

Allele-freq. divergence among pops (Net nucleotide distance),
computed using point estimates of P.

      1       2       3       4       5       6       7       8       9      10      
 1      -    0.0284  0.0433  0.0371  0.0381  0.0415  0.0241  0.0291  0.0254  0.0426  
 2   0.0284     -    0.0161  0.0063  0.0420  0.0121  0.0325  0.0012  0.0290  0.0099  
 3   0.0433  0.0161     -    0.0171  0.0581  0.0296  0.0486  0.0157  0.0452  0.0183  
 4   0.0371  0.0063  0.0171     -    0.0434  0.0127  0.0373  0.0043  0.0377  0.0125  
 5   0.0381  0.0420  0.0581  0.0434     -    0.0446  0.0454  0.0357  0.0422  0.0587  
 6   0.0415  0.0121  0.0296  0.0127  0.0446     -    0.0395  0.0106  0.0417  0.0208  
 7   0.0241  0.0325  0.0486  0.0373  0.0454  0.0395     -    0.0313  0.0317  0.0480  
 8   0.0291  0.0012  0.0157  0.0043  0.0357  0.0106  0.0313     -    0.0288  0.0105  
 9   0.0254  0.0290  0.0452  0.0377  0.0422  0.0417  0.0317  0.0288     -    0.0380  
10   0.0426  0.0099  0.0183  0.0125  0.0587  0.0208  0.0480  0.0105  0.0380     -    

Average distances (expected heterozygosity) between individuals in same cluster:
cluster  1  : 0.8067 
cluster  2  : 0.8548 
cluster  3  : 0.8251 
cluster  4  : 0.8484 
cluster  5  : 0.8144 
cluster  6  : 0.8455 
cluster  7  : 0.7949 
cluster  8  : 0.8582 
cluster  9  : 0.8150 
cluster 10  : 0.8349 

--------------------------------------------
Estimated Ln Prob of Data   = -46889.1
Mean value of ln likelihood = -44519.3
Variance of ln likelihood   = 4739.6
Mean value of alpha         = 0.0566

Mean value of Fst_1         = 0.0869
Mean value of Fst_2         = 0.0262
Mean value of Fst_3         = 0.0546
Mean value of Fst_4         = 0.0279
Mean value of Fst_5         = 0.0857
Mean value of Fst_6         = 0.0408
Mean value of Fst_7         = 0.0818
Mean value of Fst_8         = 0.0237
Mean value of Fst_9         = 0.0771
Mean value of Fst_10         = 0.0391


Inferred ancestry of individuals:
        Label (%Miss) Pop:  Inferred clusters
  1    C3984    (0)    1 :  0.528 0.031 0.009 0.012 0.249 0.012 0.110 0.022 0.018 0.009 
  2    C3985    (0)    1 :  0.027 0.014 0.010 0.013 0.116 0.010 0.752 0.022 0.025 0.011 
  3    C3986    (0)    1 :  0.078 0.011 0.007 0.010 0.409 0.019 0.318 0.017 0.119 0.012 
  4    C4231    (0)    1 :  0.459 0.034 0.009 0.043 0.262 0.013 0.055 0.060 0.042 0.022 
  5    C4344    (0)    1 :  0.037 0.039 0.014 0.019 0.033 0.022 0.510 0.044 0.267 0.016 
  6    C4347   (18)    1 :  0.067 0.017 0.049 0.017 0.027 0.011 0.495 0.023 0.265 0.029 
  7    C4352   (18)    1 :  0.212 0.026 0.021 0.035 0.165 0.027 0.411 0.030 0.055 0.017 
  8    C4355    (9)    1 :  0.712 0.031 0.012 0.011 0.031 0.020 0.071 0.029 0.057 0.026 
  9    C4358   (18)    1 :  0.022 0.235 0.041 0.190 0.024 0.046 0.153 0.205 0.015 0.069 
 10    C4419    (9)    1 :  0.378 0.081 0.014 0.020 0.093 0.021 0.242 0.101 0.017 0.031 
 11    C4428    (9)    1 :  0.309 0.018 0.023 0.011 0.070 0.015 0.345 0.020 0.173 0.016 
 12    C4436    (0)    1 :  0.011 0.008 0.010 0.008 0.023 0.008 0.895 0.010 0.018 0.008 
 13    C4437   (18)    1 :  0.027 0.056 0.040 0.021 0.157 0.018 0.557 0.075 0.030 0.019 
 14    C4450    (0)    1 :  0.057 0.087 0.028 0.044 0.053 0.051 0.531 0.085 0.020 0.045 
 15    C4531    (0)    1 :  0.016 0.074 0.032 0.028 0.617 0.029 0.058 0.127 0.008 0.011 
 16    C1615    (0)    1 :  0.051 0.042 0.048 0.044 0.146 0.039 0.493 0.049 0.039 0.050 
 17    C1616    (0)    1 :  0.125 0.189 0.088 0.071 0.036 0.015 0.207 0.139 0.038 0.091 
 18    C1617    (9)    1 :  0.027 0.014 0.017 0.011 0.009 0.009 0.852 0.012 0.033 0.016 
 19    C1618    (0)    1 :  0.044 0.019 0.022 0.026 0.144 0.071 0.592 0.039 0.022 0.020 
 20    C1619    (0)    1 :  0.015 0.019 0.018 0.013 0.029 0.030 0.830 0.019 0.016 0.011 
 21    C1620    (9)    1 :  0.014 0.013 0.016 0.013 0.023 0.019 0.864 0.015 0.013 0.009 
 22    C1621    (0)    1 :  0.077 0.048 0.200 0.063 0.019 0.037 0.267 0.126 0.029 0.134 
 23    C1623    (9)    1 :  0.027 0.082 0.129 0.039 0.233 0.210 0.062 0.169 0.013 0.035 
 24    C1625    (0)    1 :  0.010 0.018 0.027 0.016 0.009 0.023 0.850 0.018 0.017 0.013 
 25    C1626    (0)    1 :  0.030 0.077 0.048 0.049 0.013 0.020 0.622 0.097 0.025 0.020 
 26    C1627    (9)    1 :  0.018 0.010 0.017 0.010 0.013 0.011 0.892 0.009 0.012 0.006 
 27    C1633    (0)    1 :  0.081 0.014 0.013 0.008 0.010 0.009 0.830 0.013 0.011 0.010 
 28    C1637    (0)    1 :  0.014 0.015 0.017 0.014 0.011 0.008 0.880 0.016 0.013 0.010 
 29    C1650    (0)    1 :  0.308 0.029 0.023 0.026 0.454 0.013 0.037 0.027 0.051 0.032 
 30    C3202    (0)    1 :  0.014 0.013 0.017 0.009 0.016 0.010 0.012 0.012 0.888 0.010 
 31    C3248    (0)    1 :  0.644 0.019 0.012 0.023 0.009 0.013 0.154 0.022 0.095 0.010 
 32    C3304    (9)    1 :  0.166 0.064 0.016 0.012 0.018 0.012 0.131 0.040 0.510 0.029 
 33    C3326    (0)    1 :  0.071 0.087 0.026 0.078 0.070 0.020 0.188 0.107 0.299 0.053 
 34    C3333    (0)    1 :  0.039 0.022 0.019 0.015 0.013 0.013 0.030 0.024 0.805 0.019 
 35    C3339   (18)    1 :  0.014 0.020 0.010 0.013 0.007 0.019 0.826 0.018 0.044 0.030 
 36    C3346    (0)    1 :  0.014 0.009 0.006 0.008 0.016 0.012 0.028 0.010 0.888 0.009 
 37    C3349    (0)    1 :  0.045 0.066 0.016 0.033 0.013 0.031 0.055 0.056 0.661 0.024 
 38    C3367   (18)    1 :  0.017 0.020 0.020 0.012 0.022 0.014 0.033 0.026 0.813 0.024 
 39    C3374    (0)    1 :  0.259 0.012 0.006 0.011 0.024 0.012 0.623 0.011 0.034 0.007 
 40    C3405    (0)    1 :  0.144 0.030 0.011 0.020 0.013 0.037 0.035 0.038 0.587 0.084 
 41    C4543    (0)    2 :  0.047 0.023 0.009 0.014 0.784 0.017 0.015 0.023 0.049 0.020 
 42    C4545    (9)    2 :  0.032 0.009 0.007 0.010 0.793 0.067 0.040 0.013 0.018 0.011 
 43    C4551    (9)    2 :  0.147 0.064 0.024 0.216 0.326 0.047 0.062 0.082 0.014 0.016 
 44    C4491    (0)    2 :  0.122 0.065 0.029 0.073 0.398 0.053 0.049 0.114 0.067 0.030 
 45    C4494    (0)    2 :  0.407 0.010 0.008 0.010 0.132 0.010 0.013 0.010 0.388 0.011 
 46    C4495    (0)    2 :  0.083 0.045 0.015 0.054 0.048 0.036 0.019 0.083 0.597 0.020 
 47    C4497    (9)    2 :  0.803 0.034 0.011 0.015 0.018 0.015 0.043 0.019 0.032 0.010 
 48    C4501    (0)    2 :  0.401 0.204 0.015 0.028 0.072 0.016 0.096 0.121 0.017 0.029 
 49    C4502    (0)    2 :  0.188 0.019 0.010 0.011 0.087 0.044 0.564 0.023 0.041 0.012 
 50    C4503    (0)    2 :  0.013 0.015 0.017 0.021 0.699 0.178 0.014 0.016 0.012 0.015 
 51    C4504    (0)    2 :  0.262 0.283 0.016 0.041 0.089 0.062 0.010 0.140 0.046 0.050 
 52    C4470    (0)    2 :  0.675 0.056 0.015 0.075 0.062 0.018 0.020 0.041 0.022 0.016 
 53    C4471    (0)    2 :  0.472 0.032 0.010 0.012 0.391 0.016 0.012 0.020 0.020 0.014 
 54    C4474    (9)    2 :  0.015 0.022 0.024 0.041 0.825 0.015 0.009 0.025 0.007 0.016 
 55    C4476    (0)    2 :  0.766 0.024 0.009 0.015 0.078 0.014 0.055 0.016 0.017 0.007 
 56    C4479    (0)    2 :  0.766 0.010 0.032 0.012 0.034 0.008 0.057 0.020 0.041 0.019 
 57    C4482    (0)    2 :  0.208 0.078 0.141 0.033 0.281 0.008 0.033 0.071 0.123 0.024 
 58    C4483    (0)    2 :  0.011 0.018 0.010 0.010 0.895 0.014 0.007 0.020 0.009 0.007 
 59    C4484    (0)    2 :  0.083 0.045 0.023 0.025 0.510 0.047 0.032 0.042 0.139 0.054 
 60    C4485    (0)    2 :  0.440 0.065 0.030 0.054 0.036 0.019 0.012 0.057 0.254 0.032 
 61    C4489    (0)    2 :  0.247 0.038 0.021 0.017 0.341 0.022 0.203 0.028 0.065 0.018 
 62    C4505    (0)    2 :  0.522 0.031 0.014 0.052 0.112 0.017 0.177 0.026 0.027 0.022 
 63    C4507    (0)    2 :  0.355 0.070 0.010 0.064 0.264 0.058 0.044 0.068 0.012 0.055 
 64    C4535    (0)    2 :  0.015 0.026 0.026 0.030 0.784 0.028 0.022 0.035 0.014 0.019 
 65    C4542    (0)    2 :  0.016 0.140 0.023 0.121 0.258 0.024 0.016 0.267 0.023 0.112 
 66    C4553    (9)    2 :  0.263 0.034 0.019 0.054 0.387 0.017 0.058 0.054 0.086 0.029 
 67    C4562   (18)    2 :  0.187 0.021 0.025 0.042 0.530 0.038 0.077 0.028 0.034 0.018 
 68    C4582   (18)    2 :  0.126 0.055 0.041 0.029 0.555 0.019 0.046 0.078 0.034 0.017 
 69    C4693    (0)    2 :  0.029 0.035 0.015 0.012 0.817 0.008 0.022 0.018 0.034 0.010 
 70    C4696    (0)    2 :  0.052 0.036 0.028 0.110 0.527 0.038 0.102 0.058 0.028 0.021 
 71    C3179    (0)    2 :  0.038 0.028 0.011 0.022 0.017 0.048 0.280 0.019 0.512 0.025 
 72    C3181    (0)    2 :  0.518 0.051 0.020 0.023 0.017 0.014 0.081 0.043 0.202 0.031 
 73    C3188    (0)    2 :  0.731 0.041 0.017 0.016 0.015 0.022 0.031 0.038 0.070 0.018 
 74    C3190    (0)    2 :  0.015 0.024 0.018 0.018 0.025 0.012 0.013 0.023 0.828 0.024 
 75    C3193    (0)    2 :  0.693 0.015 0.029 0.019 0.011 0.007 0.015 0.018 0.177 0.014 
 76    C3232    (0)    2 :  0.807 0.012 0.008 0.008 0.063 0.010 0.021 0.013 0.048 0.010 
 77    C3236    (0)    2 :  0.038 0.008 0.009 0.012 0.049 0.008 0.132 0.009 0.724 0.011 
 78    C3249    (0)    2 :  0.475 0.053 0.026 0.024 0.017 0.027 0.060 0.042 0.243 0.033 
 79    C3250    (0)    2 :  0.901 0.009 0.008 0.008 0.010 0.007 0.019 0.011 0.016 0.010 
 80    C3253    (0)    2 :  0.553 0.017 0.017 0.021 0.018 0.009 0.329 0.015 0.013 0.009 
 81    C3255    (0)    2 :  0.567 0.016 0.011 0.012 0.039 0.009 0.150 0.015 0.172 0.010 
 82    C3277    (0)    2 :  0.425 0.072 0.071 0.050 0.018 0.029 0.177 0.079 0.055 0.024 
 83    C3315    (0)    2 :  0.311 0.063 0.203 0.078 0.079 0.067 0.056 0.074 0.016 0.053 
 84    C3288    (0)    2 :  0.022 0.016 0.019 0.013 0.017 0.014 0.023 0.016 0.847 0.013 
 85    C3293    (0)    2 :  0.041 0.059 0.029 0.028 0.033 0.026 0.013 0.068 0.666 0.036 
 86    C4018    (0)    3 :  0.099 0.014 0.007 0.009 0.521 0.008 0.017 0.016 0.296 0.012 
 87    C3980    (0)    3 :  0.034 0.014 0.012 0.010 0.859 0.009 0.011 0.014 0.023 0.014 
 88    C3987    (0)    3 :  0.063 0.018 0.013 0.010 0.708 0.013 0.115 0.024 0.021 0.016 
 89    C3988    (0)    3 :  0.077 0.016 0.010 0.013 0.522 0.011 0.295 0.024 0.027 0.006 
 90    C3989    (0)    3 :  0.137 0.094 0.008 0.016 0.022 0.006 0.015 0.086 0.605 0.010 
 91    C4011    (0)    3 :  0.257 0.007 0.006 0.006 0.529 0.006 0.043 0.007 0.133 0.006 
 92    C4017    (0)    3 :  0.022 0.008 0.006 0.007 0.911 0.007 0.012 0.007 0.014 0.006 
 93    C4296    (0)    3 :  0.173 0.058 0.028 0.251 0.036 0.035 0.256 0.113 0.024 0.027 
 94    C4301    (9)    3 :  0.013 0.110 0.009 0.014 0.011 0.043 0.013 0.062 0.097 0.626 
 95    C4303    (0)    3 :  0.017 0.026 0.243 0.026 0.012 0.025 0.160 0.026 0.398 0.068 
 96    C4453    (0)    3 :  0.090 0.042 0.033 0.013 0.091 0.064 0.074 0.051 0.520 0.022 
 97    C4455    (9)    3 :  0.025 0.015 0.033 0.014 0.028 0.015 0.012 0.026 0.817 0.014 
 98    C4456   (18)    3 :  0.012 0.040 0.051 0.019 0.164 0.105 0.059 0.105 0.398 0.045 
 99    C4457    (9)    3 :  0.079 0.072 0.068 0.026 0.028 0.021 0.087 0.072 0.468 0.079 
100    C4459    (9)    3 :  0.419 0.022 0.018 0.023 0.156 0.011 0.037 0.027 0.271 0.016 
101    C4464   (18)    3 :  0.190 0.011 0.009 0.013 0.056 0.009 0.137 0.012 0.554 0.008 
102    C4467   (18)    3 :  0.517 0.011 0.009 0.010 0.033 0.009 0.201 0.010 0.194 0.007 
103    C4468    (9)    3 :  0.358 0.020 0.078 0.015 0.047 0.016 0.284 0.024 0.144 0.014 
104    C4783    (0)    3 :  0.023 0.028 0.013 0.027 0.452 0.012 0.007 0.031 0.398 0.009 
105    C4786    (0)    3 :  0.030 0.011 0.009 0.014 0.159 0.009 0.038 0.013 0.690 0.026 
106    C4789    (9)    3 :  0.169 0.033 0.009 0.013 0.354 0.008 0.036 0.027 0.307 0.043 
107    C4891    (0)    3 :  0.013 0.015 0.009 0.027 0.049 0.018 0.022 0.026 0.806 0.014 
108    C4896    (0)    3 :  0.052 0.059 0.030 0.043 0.322 0.015 0.015 0.065 0.331 0.067 
109    C4898    (0)    3 :  0.079 0.024 0.014 0.025 0.513 0.015 0.032 0.018 0.264 0.016 
110    C4901    (0)    3 :  0.030 0.014 0.009 0.010 0.147 0.007 0.016 0.022 0.730 0.015 
111    C4903    (9)    3 :  0.019 0.041 0.022 0.023 0.059 0.012 0.032 0.038 0.729 0.027 
112    C4904    (0)    3 :  0.030 0.029 0.008 0.030 0.583 0.009 0.017 0.018 0.264 0.012 
113    C3263    (0)    3 :  0.017 0.013 0.009 0.008 0.006 0.031 0.874 0.012 0.022 0.008 
114    C3271    (0)    3 :  0.032 0.014 0.007 0.012 0.009 0.013 0.855 0.015 0.022 0.021 
115    C3272    (0)    3 :  0.386 0.051 0.008 0.022 0.013 0.020 0.374 0.034 0.056 0.036 
116    C3276    (0)    3 :  0.029 0.066 0.023 0.021 0.015 0.072 0.017 0.056 0.396 0.305 
117    C3280    (9)    3 :  0.260 0.044 0.027 0.055 0.029 0.075 0.411 0.046 0.027 0.025 
118    C3305    (9)    3 :  0.069 0.015 0.008 0.010 0.011 0.012 0.843 0.015 0.008 0.009 
119    C3306    (0)    3 :  0.014 0.018 0.011 0.014 0.007 0.020 0.877 0.016 0.016 0.008 
120    C3324    (0)    3 :  0.075 0.026 0.015 0.035 0.015 0.123 0.647 0.035 0.013 0.016 
121    C3329    (0)    3 :  0.100 0.052 0.021 0.078 0.075 0.047 0.428 0.108 0.070 0.022 
122    C3336    (0)    3 :  0.326 0.033 0.014 0.034 0.023 0.018 0.369 0.037 0.095 0.052 
123    C3341   (18)    3 :  0.061 0.081 0.031 0.048 0.057 0.525 0.052 0.096 0.029 0.020 
124    C3409   (18)    3 :  0.088 0.132 0.038 0.053 0.041 0.036 0.406 0.099 0.066 0.042 
125    C3168    (9)    3 :  0.015 0.014 0.009 0.009 0.017 0.011 0.034 0.012 0.863 0.015 
126    C3170    (0)    3 :  0.097 0.020 0.008 0.013 0.016 0.011 0.025 0.014 0.778 0.018 
127    C3214   (18)    3 :  0.043 0.016 0.024 0.013 0.022 0.011 0.090 0.025 0.490 0.264 
128    C3227    (0)    3 :  0.009 0.013 0.011 0.008 0.021 0.009 0.019 0.013 0.849 0.049 
129    C3228    (0)    3 :  0.562 0.030 0.034 0.038 0.073 0.037 0.095 0.031 0.033 0.066 
130    C3279    (0)    3 :  0.015 0.058 0.015 0.036 0.014 0.010 0.133 0.053 0.638 0.029 
131    C3322    (0)    3 :  0.024 0.036 0.040 0.040 0.062 0.009 0.013 0.038 0.593 0.144 
132    C3303    (0)    3 :  0.015 0.025 0.011 0.037 0.015 0.028 0.174 0.023 0.624 0.049 
133    C3317    (0)    3 :  0.035 0.019 0.015 0.015 0.012 0.012 0.849 0.017 0.016 0.008 
134    C3355    (0)    3 :  0.040 0.013 0.009 0.012 0.025 0.014 0.416 0.011 0.453 0.008 
135    C3376    (9)    3 :  0.352 0.046 0.022 0.026 0.026 0.016 0.245 0.058 0.181 0.027 
136    C3401    (0)    3 :  0.094 0.024 0.025 0.027 0.027 0.017 0.699 0.023 0.041 0.023 
137    C3203    (9)    3 :  0.229 0.060 0.033 0.014 0.029 0.050 0.090 0.044 0.424 0.027 
138    C3245    (0)    3 :  0.165 0.040 0.036 0.018 0.012 0.012 0.077 0.024 0.581 0.035 
139    C3302    (0)    3 :  0.012 0.015 0.015 0.014 0.009 0.014 0.015 0.015 0.874 0.016 
140    C3307    (0)    3 :  0.056 0.036 0.084 0.036 0.089 0.109 0.042 0.084 0.447 0.016 
141    C3310    (0)    3 :  0.009 0.010 0.008 0.009 0.008 0.011 0.008 0.011 0.914 0.012 
142    C3312    (9)    3 :  0.421 0.043 0.027 0.040 0.042 0.014 0.107 0.050 0.231 0.026 
143    C3345    (0)    3 :  0.022 0.016 0.011 0.009 0.019 0.020 0.018 0.013 0.858 0.013 
144    C3371    (0)    3 :  0.016 0.017 0.009 0.010 0.007 0.034 0.013 0.017 0.867 0.009 
145    C3372    (0)    3 :  0.102 0.032 0.020 0.024 0.020 0.036 0.123 0.041 0.586 0.016 
146    C3380    (9)    3 :  0.016 0.007 0.007 0.006 0.015 0.006 0.011 0.008 0.917 0.007 
147    C3417    (0)    3 :  0.038 0.054 0.026 0.029 0.051 0.166 0.029 0.054 0.539 0.014 
148    C4569    (9)    4 :  0.042 0.171 0.036 0.138 0.201 0.054 0.043 0.267 0.015 0.033 
149    C4570    (9)    4 :  0.126 0.019 0.012 0.018 0.753 0.014 0.019 0.019 0.012 0.009 
150    C4571    (9)    4 :  0.417 0.022 0.024 0.015 0.379 0.018 0.053 0.027 0.029 0.017 
151    C4572    (9)    4 :  0.027 0.012 0.018 0.013 0.845 0.012 0.027 0.018 0.011 0.015 
152    C4573    (9)    4 :  0.124 0.068 0.444 0.052 0.093 0.023 0.047 0.078 0.013 0.057 
153    C4575    (9)    4 :  0.060 0.063 0.079 0.025 0.602 0.023 0.032 0.061 0.024 0.031 
154    C4577    (9)    4 :  0.034 0.012 0.006 0.019 0.857 0.011 0.018 0.020 0.013 0.010 
155    C4578    (9)    4 :  0.144 0.077 0.083 0.052 0.487 0.021 0.032 0.064 0.020 0.019 
156    C4600   (18)    4 :  0.059 0.096 0.029 0.120 0.473 0.020 0.042 0.108 0.022 0.030 
157    C4612    (9)    4 :  0.035 0.024 0.014 0.026 0.661 0.014 0.013 0.036 0.027 0.150 
158    C4621    (0)    4 :  0.167 0.017 0.017 0.009 0.650 0.006 0.023 0.019 0.075 0.016 
159    C4622    (9)    4 :  0.023 0.008 0.010 0.012 0.880 0.008 0.012 0.010 0.026 0.009 
160    C4623    (0)    4 :  0.049 0.089 0.045 0.035 0.215 0.132 0.172 0.100 0.102 0.061 
161    C4624    (0)    4 :  0.027 0.024 0.056 0.024 0.766 0.014 0.026 0.015 0.013 0.035 
162    C4625    (0)    4 :  0.098 0.118 0.397 0.047 0.080 0.014 0.080 0.136 0.014 0.017 
163    C4627    (0)    4 :  0.050 0.032 0.024 0.014 0.682 0.019 0.012 0.043 0.106 0.018 
164    C4631    (0)    4 :  0.014 0.014 0.017 0.022 0.693 0.184 0.013 0.017 0.012 0.015 
165    C4632    (0)    4 :  0.076 0.015 0.022 0.023 0.758 0.014 0.035 0.018 0.028 0.011 
166    C3939    (0)    4 :  0.057 0.020 0.008 0.017 0.740 0.011 0.012 0.021 0.096 0.017 
167    C3940    (0)    4 :  0.021 0.078 0.007 0.035 0.667 0.021 0.011 0.075 0.068 0.017 
168    C3945    (0)    4 :  0.025 0.010 0.005 0.011 0.882 0.008 0.022 0.009 0.020 0.008 
169    C4520    (0)    4 :  0.116 0.083 0.021 0.062 0.023 0.036 0.023 0.134 0.078 0.423 
170    C4522    (0)    4 :  0.122 0.016 0.010 0.011 0.452 0.010 0.014 0.021 0.333 0.011 
171    C3182    (0)    4 :  0.050 0.018 0.012 0.017 0.040 0.023 0.326 0.019 0.479 0.016 
172    C3189    (0)    4 :  0.491 0.099 0.112 0.043 0.024 0.020 0.077 0.063 0.048 0.025 
173    C3191    (9)    4 :  0.645 0.027 0.049 0.016 0.015 0.025 0.056 0.024 0.124 0.019 
174    C3196    (0)    4 :  0.386 0.034 0.021 0.024 0.014 0.017 0.043 0.025 0.407 0.028 
175    C3208    (0)    4 :  0.078 0.026 0.040 0.030 0.191 0.044 0.018 0.027 0.496 0.049 
176    C3211    (0)    4 :  0.034 0.017 0.008 0.014 0.020 0.011 0.020 0.013 0.849 0.014 
177    C3212    (0)    4 :  0.080 0.167 0.009 0.057 0.041 0.101 0.052 0.204 0.154 0.135 
178    C3213    (0)    4 :  0.021 0.039 0.008 0.021 0.009 0.018 0.022 0.030 0.813 0.018 
179    C3215    (0)    4 :  0.013 0.013 0.022 0.014 0.037 0.010 0.009 0.013 0.734 0.136 
180    C3217    (0)    4 :  0.320 0.038 0.011 0.025 0.018 0.033 0.085 0.032 0.426 0.012 
181    C3225    (9)    4 :  0.375 0.042 0.026 0.040 0.021 0.017 0.164 0.040 0.171 0.104 
182    C3226    (0)    4 :  0.240 0.011 0.011 0.009 0.134 0.011 0.051 0.011 0.513 0.009 
183    C3238    (9)    4 :  0.120 0.019 0.021 0.013 0.111 0.011 0.017 0.018 0.650 0.020 
184    C3239    (0)    4 :  0.782 0.024 0.014 0.013 0.016 0.016 0.024 0.027 0.072 0.012 
185    C3269   (18)    4 :  0.251 0.057 0.138 0.027 0.168 0.020 0.139 0.050 0.037 0.114 
186    C3273    (0)    4 :  0.168 0.034 0.057 0.014 0.025 0.008 0.337 0.029 0.303 0.024 
187    C3274    (0)    4 :  0.021 0.079 0.019 0.113 0.040 0.010 0.025 0.123 0.529 0.042 
188    C3354    (0)    4 :  0.165 0.040 0.023 0.021 0.020 0.010 0.065 0.032 0.609 0.014 
189    C3361    (0)    4 :  0.047 0.018 0.014 0.017 0.022 0.009 0.026 0.017 0.814 0.015 
190    C3289    (0)    4 :  0.019 0.015 0.013 0.010 0.011 0.008 0.008 0.012 0.892 0.011 
191    C3169    (0)    4 :  0.806 0.012 0.010 0.007 0.017 0.009 0.013 0.010 0.102 0.014 
192    C3199    (9)    4 :  0.197 0.020 0.044 0.016 0.088 0.015 0.030 0.025 0.541 0.024 
193    C3224    (0)    4 :  0.122 0.016 0.015 0.012 0.015 0.012 0.107 0.014 0.649 0.036 
194    C3261   (18)    4 :  0.291 0.026 0.009 0.017 0.043 0.012 0.039 0.016 0.538 0.009 
195    C3320    (0)    4 :  0.306 0.046 0.035 0.031 0.033 0.013 0.075 0.033 0.404 0.025 
196    C4151    (0)    5 :  0.021 0.010 0.009 0.008 0.890 0.007 0.024 0.011 0.014 0.006 
197    C4152    (0)    5 :  0.013 0.016 0.013 0.009 0.794 0.012 0.109 0.015 0.011 0.009 
198    C4153    (0)    5 :  0.191 0.033 0.026 0.027 0.243 0.013 0.066 0.037 0.323 0.042 
199    C4154   (18)    5 :  0.159 0.027 0.009 0.027 0.530 0.019 0.029 0.031 0.150 0.019 
200    C4157    (0)    5 :  0.014 0.020 0.015 0.047 0.060 0.012 0.786 0.024 0.013 0.009 
201    C4158    (0)    5 :  0.015 0.013 0.013 0.009 0.888 0.007 0.021 0.011 0.017 0.008 
202    C4163    (0)    5 :  0.038 0.007 0.007 0.006 0.897 0.007 0.010 0.008 0.015 0.006 
203    C4165    (0)    5 :  0.067 0.108 0.021 0.167 0.211 0.073 0.016 0.247 0.078 0.011 
204    C4248    (9)    5 :  0.525 0.039 0.026 0.030 0.042 0.012 0.133 0.027 0.151 0.015 
205    C4254    (0)    5 :  0.192 0.025 0.012 0.027 0.072 0.018 0.148 0.030 0.437 0.041 
206    C4371    (9)    5 :  0.649 0.019 0.018 0.019 0.054 0.030 0.163 0.019 0.017 0.012 
207    C3936    (0)    5 :  0.146 0.015 0.010 0.021 0.729 0.015 0.013 0.018 0.019 0.014 
208    C3937    (0)    5 :  0.029 0.014 0.013 0.010 0.850 0.011 0.012 0.014 0.040 0.007 
209    C3944    (0)    5 :  0.147 0.009 0.007 0.010 0.672 0.011 0.069 0.010 0.056 0.008 
210    C3954    (0)    5 :  0.831 0.012 0.031 0.008 0.036 0.007 0.021 0.012 0.029 0.014 
211    C3955    (9)    5 :  0.321 0.025 0.023 0.015 0.263 0.007 0.060 0.034 0.229 0.022 
212    C3961    (0)    5 :  0.044 0.019 0.009 0.015 0.737 0.051 0.027 0.018 0.054 0.025 
213    C3974    (0)    5 :  0.087 0.046 0.014 0.016 0.730 0.014 0.012 0.032 0.021 0.026 
214    C4024    (0)    5 :  0.076 0.030 0.011 0.025 0.213 0.066 0.498 0.028 0.029 0.024 
215    C4025    (0)    5 :  0.040 0.015 0.022 0.010 0.794 0.024 0.052 0.019 0.010 0.014 
216    C4028    (0)    5 :  0.139 0.055 0.064 0.038 0.428 0.034 0.027 0.124 0.060 0.031 
217    C4032   (18)    5 :  0.883 0.010 0.010 0.008 0.026 0.008 0.023 0.009 0.014 0.010 
218    C4033   (18)    5 :  0.075 0.016 0.014 0.015 0.034 0.012 0.497 0.015 0.309 0.014 
219    C4034    (0)    5 :  0.173 0.032 0.023 0.064 0.042 0.054 0.221 0.045 0.244 0.102 
220    C4041    (9)    5 :  0.149 0.065 0.012 0.031 0.028 0.050 0.514 0.047 0.039 0.065 
221    C4042   (18)    5 :  0.041 0.027 0.015 0.043 0.051 0.038 0.672 0.030 0.070 0.014 
222    C4043    (9)    5 :  0.480 0.023 0.022 0.023 0.165 0.018 0.159 0.021 0.078 0.012 
223    C4044    (9)    5 :  0.126 0.061 0.042 0.071 0.121 0.359 0.032 0.073 0.075 0.040 
224    C4045    (9)    5 :  0.378 0.024 0.042 0.029 0.079 0.012 0.261 0.024 0.131 0.021 
225    C4046    (9)    5 :  0.062 0.009 0.016 0.012 0.016 0.016 0.818 0.009 0.030 0.012 
226    C4047    (0)    5 :  0.045 0.025 0.029 0.026 0.015 0.018 0.034 0.028 0.743 0.036 
227    C4048    (9)    5 :  0.032 0.023 0.046 0.027 0.014 0.036 0.325 0.029 0.436 0.032 
228    C4055    (9)    5 :  0.369 0.031 0.040 0.034 0.066 0.021 0.339 0.037 0.032 0.030 
229    C4057   (18)    5 :  0.754 0.019 0.011 0.013 0.017 0.038 0.081 0.018 0.032 0.016 
230    C4059    (0)    5 :  0.012 0.014 0.015 0.009 0.018 0.009 0.873 0.012 0.029 0.011 
231    C4060    (9)    5 :  0.757 0.024 0.015 0.020 0.054 0.013 0.014 0.028 0.059 0.017 
232    C4064    (9)    5 :  0.263 0.047 0.210 0.123 0.019 0.014 0.211 0.064 0.025 0.023 
233    C4067    (0)    5 :  0.040 0.038 0.136 0.021 0.023 0.044 0.093 0.046 0.505 0.054 
234    C4068    (9)    5 :  0.071 0.027 0.031 0.024 0.039 0.017 0.038 0.030 0.695 0.028 
235    C4070    (9)    5 :  0.013 0.014 0.013 0.018 0.033 0.031 0.766 0.015 0.084 0.013 
236    C4075   (18)    5 :  0.059 0.023 0.015 0.015 0.019 0.021 0.039 0.030 0.756 0.021 
237    C4081    (9)    5 :  0.663 0.028 0.019 0.025 0.016 0.017 0.155 0.030 0.031 0.016 
238    C4082    (0)    5 :  0.178 0.031 0.038 0.019 0.080 0.022 0.034 0.024 0.525 0.048 
239    C4083    (0)    5 :  0.190 0.109 0.049 0.132 0.099 0.155 0.094 0.114 0.030 0.028 
240    C4086    (0)    5 :  0.662 0.031 0.094 0.018 0.025 0.010 0.029 0.036 0.078 0.016 
241    C4088    (9)    5 :  0.045 0.019 0.778 0.027 0.023 0.009 0.022 0.029 0.023 0.026 
242    C4092    (0)    5 :  0.547 0.037 0.009 0.018 0.132 0.047 0.118 0.027 0.050 0.014 
243    C4099    (9)    5 :  0.526 0.069 0.015 0.029 0.024 0.043 0.088 0.061 0.092 0.053 
244    C4104    (0)    5 :  0.216 0.028 0.021 0.025 0.350 0.050 0.018 0.030 0.248 0.015 
245    C4108   (18)    5 :  0.011 0.084 0.036 0.176 0.011 0.022 0.012 0.070 0.020 0.559 
246    C4118    (0)    5 :  0.578 0.062 0.033 0.063 0.019 0.012 0.057 0.076 0.013 0.087 
247    C4131    (0)    5 :  0.148 0.056 0.086 0.039 0.380 0.016 0.118 0.078 0.063 0.016 
248    C4133    (0)    5 :  0.661 0.018 0.012 0.013 0.018 0.009 0.202 0.016 0.036 0.014 
249    C4135    (0)    5 :  0.449 0.012 0.006 0.010 0.368 0.007 0.094 0.013 0.037 0.005 
250    C4136    (0)    5 :  0.020 0.047 0.073 0.060 0.614 0.025 0.015 0.073 0.028 0.046 
251    C4137    (9)    5 :  0.166 0.035 0.022 0.030 0.258 0.018 0.389 0.040 0.028 0.014 
252    C4139    (0)    5 :  0.082 0.022 0.007 0.016 0.766 0.010 0.031 0.021 0.036 0.010 
253    C4140    (9)    5 :  0.233 0.017 0.009 0.027 0.564 0.017 0.040 0.019 0.061 0.013 
254    C4167    (0)    5 :  0.025 0.064 0.035 0.045 0.354 0.040 0.312 0.097 0.017 0.012 
255    C4236    (0)    5 :  0.283 0.054 0.026 0.069 0.024 0.034 0.383 0.067 0.037 0.022 
256    C4237    (0)    5 :  0.033 0.066 0.574 0.045 0.047 0.018 0.043 0.085 0.012 0.078 
257    C4238    (0)    5 :  0.267 0.021 0.049 0.025 0.054 0.014 0.192 0.032 0.291 0.055 
258    C4241    (0)    5 :  0.097 0.026 0.016 0.036 0.050 0.016 0.508 0.027 0.195 0.028 
259    C4247    (9)    5 :  0.146 0.066 0.183 0.021 0.075 0.106 0.245 0.045 0.050 0.063 
260    C4257    (0)    5 :  0.200 0.026 0.029 0.019 0.033 0.020 0.077 0.028 0.522 0.047 
261    C4383    (0)    5 :  0.382 0.055 0.046 0.066 0.073 0.246 0.035 0.041 0.021 0.036 
262    C4397    (9)    5 :  0.046 0.010 0.008 0.014 0.030 0.008 0.857 0.010 0.010 0.008 
263    C4514    (0)    5 :  0.281 0.014 0.012 0.013 0.591 0.019 0.019 0.012 0.023 0.016 
264    C4519    (0)    5 :  0.043 0.038 0.007 0.017 0.428 0.014 0.024 0.061 0.302 0.067 
265    C4527    (0)    5 :  0.127 0.016 0.015 0.017 0.210 0.019 0.023 0.016 0.542 0.015 
266    C4534    (0)    5 :  0.148 0.063 0.014 0.031 0.069 0.055 0.021 0.043 0.515 0.041 
267    C4699    (0)    5 :  0.018 0.026 0.057 0.027 0.596 0.031 0.036 0.055 0.135 0.020 
268    C1541    (9)    5 :  0.240 0.010 0.013 0.017 0.021 0.012 0.052 0.015 0.610 0.010 
269    C1542    (9)    5 :  0.209 0.013 0.014 0.015 0.014 0.010 0.016 0.014 0.676 0.019 
270    C1544    (0)    5 :  0.370 0.031 0.052 0.030 0.020 0.012 0.211 0.024 0.222 0.029 
271    C1547    (9)    5 :  0.140 0.080 0.078 0.095 0.036 0.133 0.072 0.084 0.069 0.214 
272    C1553    (9)    5 :  0.017 0.083 0.039 0.069 0.181 0.071 0.181 0.182 0.049 0.128 
273    C1555    (9)    5 :  0.031 0.018 0.016 0.021 0.011 0.009 0.842 0.016 0.018 0.017 
274    C1557    (0)    5 :  0.022 0.009 0.014 0.013 0.013 0.011 0.885 0.011 0.012 0.011 
275    C1560    (0)    5 :  0.024 0.016 0.007 0.011 0.011 0.011 0.863 0.012 0.014 0.030 
276    C1565    (0)    5 :  0.252 0.050 0.012 0.063 0.032 0.054 0.122 0.043 0.355 0.017 
277    C1567    (0)    5 :  0.160 0.021 0.023 0.020 0.019 0.022 0.600 0.021 0.028 0.086 
278    C1569    (0)    5 :  0.100 0.011 0.012 0.018 0.023 0.015 0.713 0.018 0.073 0.016 
279    C1571    (0)    5 :  0.079 0.038 0.052 0.021 0.030 0.031 0.180 0.035 0.388 0.146 
280    C1576    (0)    5 :  0.411 0.029 0.063 0.030 0.137 0.021 0.134 0.063 0.075 0.037 
281    C1577    (9)    5 :  0.147 0.027 0.033 0.028 0.022 0.014 0.069 0.031 0.591 0.037 
282    C1579    (0)    5 :  0.345 0.023 0.018 0.032 0.017 0.013 0.304 0.026 0.205 0.017 
283    C3990    (0)    6 :  0.057 0.008 0.007 0.007 0.858 0.007 0.012 0.009 0.029 0.007 
284    C3991    (0)    6 :  0.103 0.043 0.056 0.026 0.579 0.054 0.012 0.060 0.047 0.019 
285    C3992    (0)    6 :  0.079 0.061 0.050 0.025 0.576 0.016 0.018 0.087 0.059 0.029 
286    C3994    (0)    6 :  0.461 0.064 0.028 0.023 0.049 0.110 0.028 0.082 0.137 0.017 
287    C4172    (0)    6 :  0.009 0.073 0.060 0.034 0.630 0.037 0.010 0.086 0.021 0.040 
288    C4173    (9)    6 :  0.023 0.014 0.010 0.016 0.528 0.311 0.014 0.029 0.039 0.017 
289    C4232    (9)    6 :  0.160 0.008 0.008 0.008 0.010 0.008 0.044 0.009 0.732 0.013 
290    C4234    (9)    6 :  0.455 0.012 0.011 0.011 0.014 0.009 0.060 0.013 0.404 0.012 
291    C4259    (0)    6 :  0.190 0.011 0.009 0.010 0.015 0.009 0.692 0.010 0.047 0.007 
292    C4260    (0)    6 :  0.171 0.013 0.008 0.008 0.029 0.007 0.011 0.012 0.732 0.008 
293    C4261    (9)    6 :  0.020 0.019 0.022 0.051 0.023 0.044 0.019 0.048 0.702 0.052 
294    C4262    (0)    6 :  0.070 0.023 0.011 0.046 0.096 0.087 0.528 0.039 0.079 0.022 
295    C4263    (0)    6 :  0.074 0.016 0.052 0.023 0.024 0.019 0.696 0.015 0.060 0.022 
296    C4267    (9)    6 :  0.746 0.014 0.035 0.018 0.072 0.013 0.022 0.016 0.051 0.015 
297    C4269    (0)    6 :  0.316 0.027 0.017 0.039 0.093 0.042 0.126 0.052 0.273 0.015 
298    C4272    (0)    6 :  0.665 0.018 0.008 0.014 0.015 0.011 0.223 0.015 0.017 0.014 
299    C4274    (0)    6 :  0.268 0.058 0.009 0.025 0.022 0.010 0.096 0.080 0.064 0.368 
300    C4276    (9)    6 :  0.018 0.023 0.020 0.011 0.009 0.015 0.025 0.043 0.021 0.815 
301    C4278    (0)    6 :  0.562 0.061 0.017 0.029 0.076 0.024 0.071 0.035 0.085 0.039 
302    C4280    (0)    6 :  0.175 0.047 0.012 0.041 0.136 0.017 0.038 0.046 0.466 0.021 
303    C4281    (0)    6 :  0.144 0.015 0.016 0.016 0.019 0.013 0.690 0.020 0.053 0.014 
304    C4282    (0)    6 :  0.053 0.123 0.053 0.121 0.019 0.148 0.203 0.091 0.151 0.038 
305    C4284    (9)    6 :  0.413 0.011 0.010 0.010 0.199 0.009 0.286 0.011 0.043 0.009 
306    C4286    (9)    6 :  0.031 0.046 0.018 0.039 0.136 0.025 0.213 0.065 0.363 0.064 
307    C4287    (0)    6 :  0.064 0.053 0.010 0.048 0.095 0.061 0.114 0.086 0.443 0.026 
308    C4290    (0)    6 :  0.216 0.069 0.117 0.062 0.038 0.052 0.032 0.082 0.013 0.318 
309    C4307   (18)    6 :  0.149 0.108 0.011 0.030 0.132 0.020 0.087 0.061 0.385 0.016 
310    C4310    (9)    6 :  0.456 0.027 0.071 0.015 0.036 0.011 0.155 0.025 0.153 0.052 
311    C4311   (18)    6 :  0.201 0.057 0.022 0.026 0.019 0.019 0.117 0.046 0.461 0.033 
312    C4312    (0)    6 :  0.462 0.018 0.014 0.014 0.022 0.014 0.064 0.019 0.356 0.017 
313    C4314    (0)    6 :  0.215 0.046 0.175 0.046 0.018 0.012 0.335 0.045 0.077 0.030 
314    C4318    (9)    6 :  0.193 0.055 0.009 0.021 0.059 0.026 0.550 0.040 0.036 0.010 
315    C4321    (9)    6 :  0.249 0.042 0.011 0.025 0.063 0.057 0.065 0.040 0.382 0.066 
316    C4324    (0)    6 :  0.654 0.020 0.009 0.017 0.060 0.043 0.080 0.021 0.067 0.028 
317    C4334    (0)    6 :  0.816 0.020 0.008 0.012 0.032 0.036 0.028 0.015 0.021 0.013 
318    C4529    (0)    6 :  0.391 0.039 0.024 0.031 0.032 0.028 0.044 0.040 0.331 0.042 
319    C1582    (9)    6 :  0.578 0.014 0.013 0.015 0.115 0.013 0.112 0.015 0.103 0.022 
320    C1583    (0)    6 :  0.359 0.037 0.089 0.020 0.038 0.019 0.179 0.032 0.187 0.040 
321    C1584    (9)    6 :  0.470 0.021 0.022 0.013 0.043 0.011 0.295 0.017 0.056 0.051 
322    C1585    (0)    6 :  0.890 0.007 0.012 0.006 0.023 0.006 0.020 0.007 0.016 0.011 
323    C1586    (0)    6 :  0.585 0.032 0.025 0.024 0.026 0.066 0.153 0.021 0.055 0.013 
324    C1589    (0)    6 :  0.736 0.011 0.011 0.011 0.072 0.011 0.082 0.014 0.043 0.011 
325    C1591    (0)    6 :  0.827 0.010 0.011 0.007 0.027 0.012 0.047 0.011 0.037 0.011 
326    C1592    (0)    6 :  0.573 0.030 0.025 0.035 0.014 0.026 0.178 0.032 0.062 0.025 
327    C1594    (0)    6 :  0.664 0.013 0.078 0.018 0.034 0.012 0.037 0.020 0.096 0.028 
328    C1597    (9)    6 :  0.293 0.033 0.023 0.038 0.031 0.023 0.046 0.028 0.408 0.076 
329    C1598    (9)    6 :  0.613 0.021 0.041 0.018 0.135 0.014 0.056 0.023 0.064 0.016 
330    C1599    (0)    6 :  0.300 0.023 0.010 0.017 0.017 0.011 0.243 0.018 0.321 0.039 
331    C1601    (0)    6 :  0.116 0.041 0.078 0.072 0.326 0.019 0.088 0.044 0.189 0.026 
332    C1605    (0)    6 :  0.270 0.215 0.062 0.029 0.055 0.027 0.020 0.168 0.059 0.095 
333    C1609    (0)    6 :  0.900 0.009 0.008 0.008 0.018 0.008 0.014 0.007 0.021 0.008 
334    C1610    (0)    6 :  0.182 0.074 0.071 0.110 0.013 0.012 0.111 0.058 0.283 0.086 
335    C1611    (0)    6 :  0.021 0.022 0.010 0.013 0.010 0.027 0.592 0.014 0.280 0.013 
336    C1612    (0)    6 :  0.014 0.009 0.009 0.008 0.009 0.006 0.628 0.009 0.300 0.009 
337    C1613    (0)    6 :  0.382 0.030 0.034 0.020 0.029 0.039 0.141 0.023 0.268 0.034 
338    C3173    (9)    6 :  0.180 0.066 0.037 0.055 0.034 0.033 0.324 0.049 0.191 0.031 
339    C3204    (0)    6 :  0.052 0.020 0.015 0.013 0.022 0.014 0.026 0.022 0.792 0.023 
340    C3223    (9)    6 :  0.034 0.313 0.014 0.021 0.018 0.055 0.017 0.146 0.322 0.060 
341    C3262    (0)    6 :  0.364 0.051 0.108 0.017 0.028 0.022 0.185 0.046 0.135 0.044 
342    C3270    (0)    6 :  0.292 0.024 0.013 0.027 0.080 0.014 0.112 0.025 0.396 0.017 
343    C3300    (0)    6 :  0.780 0.012 0.008 0.009 0.103 0.007 0.016 0.013 0.045 0.008 
344    C3330    (0)    6 :  0.757 0.045 0.011 0.021 0.043 0.011 0.016 0.033 0.051 0.013 
345    C3390    (9)    6 :  0.521 0.023 0.017 0.024 0.028 0.019 0.083 0.023 0.249 0.014 
346    C3424    (9)    6 :  0.089 0.047 0.016 0.039 0.028 0.016 0.247 0.067 0.422 0.028 
347    C3958    (0)    6 :  0.067 0.012 0.007 0.012 0.756 0.014 0.082 0.020 0.021 0.008 
348    C3962    (0)    6 :  0.152 0.012 0.006 0.020 0.751 0.009 0.010 0.015 0.013 0.011 
349    C4019    (0)    6 :  0.012 0.092 0.025 0.401 0.102 0.037 0.050 0.167 0.009 0.104 
350    C3995   (18)    6 :  0.028 0.016 0.017 0.017 0.819 0.031 0.011 0.018 0.029 0.014 
351    C4000    (0)    6 :  0.035 0.035 0.014 0.090 0.533 0.060 0.027 0.054 0.122 0.029 
352    C4002    (0)    6 :  0.021 0.014 0.012 0.024 0.766 0.017 0.032 0.019 0.084 0.011 
353    C1692    (0)    7 :  0.023 0.258 0.034 0.088 0.143 0.021 0.015 0.318 0.024 0.075 
354    C1693    (0)    7 :  0.113 0.428 0.012 0.022 0.033 0.061 0.016 0.212 0.076 0.027 
355    C1694    (0)    7 :  0.110 0.260 0.077 0.084 0.016 0.191 0.025 0.154 0.034 0.050 
356    C1698    (0)    7 :  0.027 0.370 0.040 0.136 0.008 0.063 0.019 0.308 0.008 0.020 
357    C1699    (0)    7 :  0.022 0.211 0.258 0.056 0.013 0.040 0.017 0.324 0.025 0.034 
358    C1700    (0)    7 :  0.035 0.117 0.045 0.265 0.068 0.121 0.068 0.213 0.034 0.033 
359    C1701    (0)    7 :  0.018 0.151 0.426 0.181 0.012 0.017 0.037 0.124 0.011 0.022 
360    C1702    (0)    7 :  0.010 0.349 0.069 0.117 0.014 0.042 0.016 0.354 0.010 0.020 
361    C1703    (0)    7 :  0.015 0.079 0.040 0.371 0.022 0.227 0.017 0.092 0.009 0.129 
362    C1704    (0)    7 :  0.273 0.157 0.019 0.091 0.028 0.139 0.059 0.144 0.019 0.070 
363    C1705    (0)    7 :  0.010 0.082 0.015 0.036 0.187 0.379 0.020 0.166 0.009 0.095 
364    C1706    (0)    7 :  0.020 0.286 0.357 0.077 0.010 0.034 0.013 0.146 0.017 0.039 
365    C1707    (0)    7 :  0.012 0.054 0.048 0.025 0.009 0.020 0.652 0.080 0.030 0.069 
366    C1708    (0)    7 :  0.019 0.204 0.023 0.102 0.015 0.412 0.026 0.164 0.014 0.022 
367    C1709    (0)    7 :  0.024 0.055 0.023 0.060 0.080 0.625 0.017 0.080 0.019 0.018 
368    C1710    (0)    7 :  0.029 0.240 0.078 0.271 0.019 0.064 0.040 0.220 0.018 0.021 
369    C1712    (0)    7 :  0.010 0.059 0.011 0.246 0.030 0.481 0.010 0.104 0.011 0.040 
370    C1714    (0)    7 :  0.026 0.080 0.017 0.041 0.013 0.706 0.027 0.061 0.009 0.021 
371    C1715    (0)    7 :  0.012 0.263 0.063 0.138 0.013 0.020 0.044 0.276 0.017 0.153 
372    C1717    (0)    7 :  0.027 0.335 0.020 0.063 0.015 0.035 0.071 0.180 0.045 0.208 
373    C1718   (18)    7 :  0.028 0.173 0.026 0.323 0.015 0.028 0.085 0.158 0.013 0.151 
374    C1719    (0)    7 :  0.034 0.030 0.015 0.100 0.093 0.526 0.052 0.069 0.061 0.020 
375    C1656    (0)    8 :  0.010 0.164 0.308 0.107 0.030 0.054 0.011 0.287 0.012 0.017 
376    C1657   (18)    8 :  0.018 0.118 0.107 0.077 0.017 0.360 0.012 0.189 0.029 0.073 
377    C1658    (0)    8 :  0.008 0.315 0.049 0.240 0.010 0.024 0.009 0.309 0.007 0.030 
378    C1659    (0)    8 :  0.024 0.124 0.072 0.045 0.022 0.017 0.024 0.225 0.059 0.388 
379    C1661    (9)    8 :  0.059 0.187 0.054 0.308 0.017 0.056 0.074 0.158 0.031 0.057 
380    C1665    (0)    8 :  0.020 0.174 0.209 0.283 0.011 0.024 0.015 0.205 0.027 0.032 
381    C1667    (9)    8 :  0.007 0.052 0.017 0.057 0.006 0.800 0.008 0.031 0.008 0.016 
382    C1676    (9)    8 :  0.012 0.128 0.108 0.319 0.023 0.090 0.021 0.267 0.014 0.018 
383    C1681    (9)    8 :  0.017 0.217 0.174 0.127 0.013 0.073 0.062 0.249 0.012 0.056 
384    C1682    (0)    8 :  0.018 0.131 0.059 0.176 0.017 0.397 0.016 0.129 0.017 0.040 
385    C1685    (0)    8 :  0.015 0.200 0.037 0.342 0.021 0.026 0.013 0.291 0.044 0.012 
386    C4707    (0)    9 :  0.027 0.078 0.026 0.542 0.074 0.028 0.035 0.151 0.023 0.017 
387    C4747    (0)    9 :  0.034 0.148 0.014 0.034 0.078 0.318 0.086 0.121 0.112 0.055 
388    C4772    (0)    9 :  0.039 0.049 0.064 0.243 0.404 0.025 0.031 0.058 0.054 0.034 
389    C4781    (0)    9 :  0.029 0.037 0.012 0.041 0.022 0.510 0.138 0.188 0.008 0.015 
