

----------------------------------------------------
STRUCTURE by Pritchard, Stephens and Donnelly (2000)
     and Falush, Stephens and Pritchard (2003)
       Code by Pritchard, Falush and Hubisz
             Version 2.3.4 (Jul 2012)
----------------------------------------------------



Command line arguments:   bin\structure -m G:\My Drive\Hoban_Lab_Docs\Projects\Butternut_JUCI\Graphical_Stat_Results\PostIndRemoval\24pop\Reorg_Results\STR\butternut\50-50\mainparams -e G:\My Drive\Hoban_Lab_Docs\Projects\Butternut_JUCI\Graphical_Stat_Results\PostIndRemoval\24pop\Reorg_Results\STR\butternut\50-50\extraparams 
Input File:    G:\My Drive\Hoban_Lab_Docs\Projects\Butternut_JUCI\Graphical_Stat_Results\PostIndRemoval\24pop\Reorg_Results\STR\butternut\project_data

Run parameters:
   993 individuals
   11 loci
   10 populations assumed
   50000 Burn-in period
   50000 Reps


--------------------------------------------
Proportion of membership of each pre-defined
 population in each of the 10 clusters

Given    Inferred Clusters                                                        Number of
 Pop       1      2      3      4      5      6      7      8      9     10      Individuals

  1:     0.389  0.024  0.183  0.028  0.088  0.041  0.047  0.127  0.036  0.036       40
  2:     0.075  0.022  0.140  0.027  0.252  0.041  0.040  0.342  0.037  0.024       45
  3:     0.186  0.040  0.370  0.036  0.149  0.036  0.029  0.105  0.027  0.022       62
  4:     0.085  0.040  0.258  0.025  0.302  0.039  0.043  0.132  0.033  0.044       48
  5:     0.213  0.036  0.152  0.031  0.215  0.032  0.032  0.215  0.034  0.042       87
  6:     0.263  0.046  0.187  0.030  0.152  0.040  0.035  0.185  0.034  0.027       70
  7:     0.048  0.066  0.022  0.193  0.032  0.151  0.198  0.076  0.142  0.071       22
  8:     0.023  0.085  0.023  0.162  0.017  0.145  0.252  0.017  0.165  0.111       11
  9:     0.032  0.076  0.031  0.137  0.140  0.109  0.179  0.053  0.190  0.053       33
 10:     0.036  0.126  0.042  0.069  0.136  0.124  0.168  0.037  0.164  0.099       48
 11:     0.043  0.073  0.025  0.121  0.237  0.083  0.152  0.033  0.164  0.069       48
 12:     0.035  0.135  0.037  0.112  0.026  0.171  0.176  0.040  0.173  0.094       90
 13:     0.022  0.129  0.026  0.467  0.018  0.098  0.078  0.026  0.103  0.034       63
 14:     0.041  0.106  0.058  0.085  0.024  0.175  0.139  0.077  0.199  0.096       16
 15:     0.053  0.076  0.043  0.060  0.059  0.167  0.206  0.105  0.100  0.130       31
 16:     0.023  0.027  0.012  0.024  0.043  0.035  0.037  0.011  0.044  0.743       16
 17:     0.092  0.102  0.071  0.316  0.020  0.129  0.085  0.052  0.099  0.033       24
 18:     0.067  0.083  0.036  0.075  0.028  0.198  0.122  0.025  0.249  0.115       12
 19:     0.039  0.158  0.033  0.143  0.026  0.164  0.124  0.044  0.152  0.119       54
 20:     0.039  0.190  0.031  0.051  0.034  0.139  0.121  0.056  0.130  0.209       96
 21:     0.030  0.201  0.026  0.125  0.017  0.161  0.099  0.067  0.088  0.186       22
 22:     0.030  0.072  0.040  0.023  0.061  0.044  0.046  0.108  0.068  0.509       23
 23:     0.036  0.348  0.028  0.037  0.021  0.093  0.062  0.016  0.131  0.228       13
 24:     0.032  0.161  0.075  0.130  0.032  0.164  0.123  0.052  0.157  0.073       19
--------------------------------------------

Allele-freq. divergence among pops (Net nucleotide distance),
computed using point estimates of P.

      1       2       3       4       5       6       7       8       9      10      
 1      -    0.0439  0.0269  0.0389  0.0405  0.0303  0.0320  0.0196  0.0336  0.0452  
 2   0.0439     -    0.0375  0.0195  0.0576  0.0079  0.0098  0.0397  0.0102  0.0171  
 3   0.0269  0.0375     -    0.0410  0.0416  0.0277  0.0315  0.0283  0.0349  0.0441  
 4   0.0389  0.0195  0.0410     -    0.0450  0.0116  0.0120  0.0379  0.0113  0.0291  
 5   0.0405  0.0576  0.0416  0.0450     -    0.0432  0.0396  0.0411  0.0401  0.0579  
 6   0.0303  0.0079  0.0277  0.0116  0.0432     -    0.0019  0.0268  0.0045  0.0141  
 7   0.0320  0.0098  0.0315  0.0120  0.0396  0.0019     -    0.0290  0.0032  0.0166  
 8   0.0196  0.0397  0.0283  0.0379  0.0411  0.0268  0.0290     -    0.0314  0.0408  
 9   0.0336  0.0102  0.0349  0.0113  0.0401  0.0045  0.0032  0.0314     -    0.0159  
10   0.0452  0.0171  0.0441  0.0291  0.0579  0.0141  0.0166  0.0408  0.0159     -    

Average distances (expected heterozygosity) between individuals in same cluster:
cluster  1  : 0.8084 
cluster  2  : 0.8362 
cluster  3  : 0.8146 
cluster  4  : 0.8464 
cluster  5  : 0.8143 
cluster  6  : 0.8577 
cluster  7  : 0.8527 
cluster  8  : 0.7992 
cluster  9  : 0.8529 
cluster 10  : 0.8270 

--------------------------------------------
Estimated Ln Prob of Data   = -47049.7
Mean value of ln likelihood = -44508.3
Variance of ln likelihood   = 5082.8
Mean value of alpha         = 0.0534

Mean value of Fst_1         = 0.0760
Mean value of Fst_2         = 0.0385
Mean value of Fst_3         = 0.0784
Mean value of Fst_4         = 0.0396
Mean value of Fst_5         = 0.0859
Mean value of Fst_6         = 0.0250
Mean value of Fst_7         = 0.0287
Mean value of Fst_8         = 0.0877
Mean value of Fst_9         = 0.0268
Mean value of Fst_10         = 0.0526


Inferred ancestry of individuals:
        Label (%Miss) Pop:  Inferred clusters
  1    C3984    (0)    1 :  0.563 0.009 0.016 0.011 0.167 0.019 0.018 0.178 0.011 0.007 
  2    C3985    (0)    1 :  0.713 0.014 0.030 0.013 0.142 0.013 0.024 0.021 0.020 0.012 
  3    C3986    (0)    1 :  0.294 0.013 0.136 0.016 0.473 0.009 0.013 0.026 0.013 0.007 
  4    C4231    (0)    1 :  0.123 0.021 0.031 0.013 0.242 0.024 0.047 0.452 0.035 0.010 
  5    C4344    (0)    1 :  0.324 0.020 0.441 0.023 0.045 0.034 0.028 0.047 0.025 0.013 
  6    C4347   (18)    1 :  0.436 0.029 0.313 0.010 0.027 0.021 0.016 0.078 0.019 0.049 
  7    C4352   (18)    1 :  0.588 0.017 0.043 0.022 0.132 0.021 0.024 0.104 0.034 0.016 
  8    C4355    (9)    1 :  0.247 0.023 0.063 0.020 0.026 0.021 0.024 0.551 0.013 0.013 
  9    C4358   (18)    1 :  0.077 0.055 0.014 0.042 0.023 0.284 0.104 0.025 0.299 0.078 
 10    C4419    (9)    1 :  0.238 0.029 0.015 0.016 0.053 0.054 0.103 0.440 0.037 0.015 
 11    C4428    (9)    1 :  0.541 0.012 0.135 0.014 0.091 0.019 0.016 0.139 0.013 0.021 
 12    C4436    (0)    1 :  0.837 0.009 0.028 0.009 0.044 0.008 0.011 0.030 0.011 0.012 
 13    C4437   (18)    1 :  0.598 0.024 0.027 0.018 0.146 0.035 0.062 0.014 0.036 0.040 
 14    C4450    (0)    1 :  0.540 0.046 0.019 0.047 0.042 0.068 0.097 0.067 0.043 0.033 
 15    C4531    (0)    1 :  0.050 0.016 0.009 0.031 0.614 0.023 0.133 0.014 0.074 0.034 
 16    C1615    (0)    1 :  0.478 0.063 0.035 0.045 0.157 0.039 0.048 0.031 0.051 0.053 
 17    C1616    (0)    1 :  0.163 0.043 0.048 0.014 0.040 0.156 0.238 0.112 0.080 0.106 
 18    C1617    (9)    1 :  0.781 0.017 0.059 0.009 0.010 0.019 0.020 0.051 0.013 0.021 
 19    C1618    (0)    1 :  0.661 0.020 0.018 0.062 0.114 0.018 0.035 0.024 0.027 0.020 
 20    C1619    (0)    1 :  0.614 0.018 0.048 0.087 0.047 0.053 0.030 0.040 0.030 0.034 
 21    C1620    (9)    1 :  0.774 0.012 0.015 0.052 0.039 0.020 0.019 0.022 0.020 0.028 
 22    C1621    (0)    1 :  0.192 0.092 0.024 0.043 0.019 0.104 0.043 0.130 0.076 0.277 
 23    C1623    (9)    1 :  0.052 0.036 0.013 0.206 0.234 0.097 0.113 0.023 0.079 0.146 
 24    C1625    (0)    1 :  0.751 0.022 0.033 0.043 0.013 0.034 0.018 0.021 0.021 0.043 
 25    C1626    (0)    1 :  0.449 0.024 0.024 0.029 0.015 0.096 0.145 0.063 0.053 0.102 
 26    C1627    (9)    1 :  0.855 0.007 0.013 0.014 0.019 0.013 0.013 0.022 0.013 0.032 
 27    C1633    (0)    1 :  0.846 0.008 0.014 0.009 0.010 0.012 0.011 0.069 0.007 0.013 
 28    C1637    (0)    1 :  0.869 0.010 0.016 0.010 0.012 0.015 0.016 0.014 0.014 0.023 
 29    C1650    (0)    1 :  0.028 0.024 0.030 0.011 0.341 0.022 0.026 0.482 0.019 0.018 
 30    C3202    (0)    1 :  0.013 0.009 0.888 0.010 0.015 0.014 0.009 0.014 0.011 0.016 
 31    C3248    (0)    1 :  0.043 0.008 0.035 0.009 0.008 0.011 0.012 0.852 0.013 0.010 
 32    C3304    (9)    1 :  0.298 0.017 0.473 0.011 0.016 0.062 0.039 0.059 0.012 0.014 
 33    C3326    (0)    1 :  0.203 0.042 0.328 0.016 0.057 0.047 0.115 0.055 0.109 0.027 
 34    C3333    (0)    1 :  0.055 0.014 0.810 0.012 0.012 0.019 0.021 0.026 0.014 0.016 
 35    C3339   (18)    1 :  0.715 0.035 0.091 0.024 0.009 0.032 0.028 0.038 0.017 0.010 
 36    C3346    (0)    1 :  0.021 0.009 0.899 0.011 0.013 0.009 0.008 0.016 0.009 0.006 
 37    C3349    (0)    1 :  0.095 0.022 0.610 0.026 0.014 0.047 0.088 0.054 0.029 0.015 
 38    C3367   (18)    1 :  0.038 0.019 0.827 0.013 0.022 0.020 0.017 0.013 0.014 0.018 
 39    C3374    (0)    1 :  0.317 0.008 0.022 0.011 0.015 0.009 0.011 0.593 0.008 0.006 
 40    C3405    (0)    1 :  0.074 0.060 0.642 0.036 0.012 0.036 0.027 0.083 0.020 0.010 
 41    C4543    (0)    2 :  0.013 0.019 0.044 0.016 0.754 0.020 0.024 0.086 0.013 0.010 
 42    C4545    (9)    2 :  0.068 0.010 0.015 0.058 0.802 0.010 0.011 0.009 0.010 0.007 
 43    C4551    (9)    2 :  0.053 0.021 0.016 0.042 0.338 0.053 0.091 0.147 0.214 0.025 
 44    C4491    (0)    2 :  0.070 0.040 0.066 0.045 0.376 0.051 0.114 0.116 0.093 0.028 
 45    C4494    (0)    2 :  0.070 0.012 0.482 0.012 0.235 0.014 0.013 0.141 0.012 0.009 
 46    C4495    (0)    2 :  0.044 0.021 0.644 0.026 0.066 0.074 0.021 0.016 0.074 0.014 
 47    C4497    (9)    2 :  0.222 0.010 0.034 0.018 0.029 0.024 0.031 0.602 0.020 0.010 
 48    C4501    (0)    2 :  0.130 0.017 0.014 0.016 0.061 0.150 0.197 0.376 0.026 0.014 
 49    C4502    (0)    2 :  0.451 0.010 0.044 0.069 0.100 0.024 0.023 0.255 0.013 0.010 
 50    C4503    (0)    2 :  0.010 0.016 0.012 0.197 0.678 0.018 0.013 0.016 0.022 0.017 
 51    C4504    (0)    2 :  0.072 0.040 0.053 0.056 0.130 0.346 0.106 0.120 0.050 0.026 
 52    C4470    (0)    2 :  0.011 0.013 0.009 0.011 0.029 0.017 0.021 0.845 0.030 0.013 
 53    C4471    (0)    2 :  0.025 0.012 0.017 0.017 0.397 0.029 0.025 0.457 0.012 0.010 
 54    C4474    (9)    2 :  0.008 0.021 0.007 0.014 0.820 0.017 0.031 0.019 0.039 0.024 
 55    C4476    (0)    2 :  0.012 0.005 0.007 0.007 0.020 0.007 0.007 0.923 0.007 0.006 
 56    C4479    (0)    2 :  0.047 0.016 0.022 0.007 0.024 0.010 0.008 0.835 0.010 0.021 
 57    C4482    (0)    2 :  0.061 0.029 0.125 0.009 0.328 0.095 0.059 0.108 0.038 0.147 
 58    C4483    (0)    2 :  0.007 0.007 0.009 0.014 0.888 0.022 0.019 0.011 0.014 0.010 
 59    C4484    (0)    2 :  0.021 0.046 0.103 0.039 0.400 0.044 0.030 0.277 0.022 0.018 
 60    C4485    (0)    2 :  0.009 0.023 0.074 0.014 0.023 0.023 0.031 0.754 0.028 0.021 
 61    C4489    (0)    2 :  0.197 0.017 0.063 0.025 0.299 0.033 0.028 0.299 0.017 0.021 
 62    C4505    (0)    2 :  0.048 0.014 0.012 0.010 0.050 0.013 0.015 0.805 0.024 0.008 
 63    C4507    (0)    2 :  0.023 0.053 0.011 0.051 0.169 0.028 0.049 0.537 0.071 0.008 
 64    C4535    (0)    2 :  0.027 0.018 0.015 0.029 0.773 0.030 0.036 0.011 0.031 0.030 
 65    C4542    (0)    2 :  0.020 0.121 0.022 0.024 0.228 0.148 0.222 0.015 0.176 0.024 
 66    C4553    (9)    2 :  0.111 0.034 0.080 0.014 0.390 0.025 0.066 0.193 0.069 0.017 
 67    C4562   (18)    2 :  0.058 0.022 0.038 0.039 0.570 0.019 0.026 0.162 0.041 0.024 
 68    C4582   (18)    2 :  0.071 0.022 0.029 0.017 0.574 0.026 0.077 0.091 0.051 0.042 
 69    C4693    (0)    2 :  0.030 0.010 0.035 0.008 0.837 0.010 0.017 0.025 0.013 0.015 
 70    C4696    (0)    2 :  0.188 0.024 0.029 0.042 0.460 0.030 0.058 0.030 0.113 0.027 
 71    C3179    (0)    2 :  0.169 0.028 0.557 0.042 0.018 0.030 0.019 0.104 0.020 0.011 
 72    C3181    (0)    2 :  0.062 0.020 0.064 0.011 0.013 0.034 0.026 0.733 0.020 0.015 
 73    C3188    (0)    2 :  0.026 0.015 0.025 0.020 0.017 0.022 0.022 0.826 0.015 0.012 
 74    C3190    (0)    2 :  0.015 0.022 0.809 0.011 0.028 0.030 0.027 0.018 0.021 0.019 
 75    C3193    (0)    2 :  0.022 0.011 0.085 0.006 0.011 0.012 0.011 0.809 0.013 0.020 
 76    C3232    (0)    2 :  0.112 0.012 0.061 0.012 0.134 0.013 0.013 0.623 0.011 0.008 
 77    C3236    (0)    2 :  0.171 0.011 0.696 0.008 0.049 0.009 0.010 0.029 0.010 0.009 
 78    C3249    (0)    2 :  0.112 0.027 0.146 0.021 0.017 0.035 0.040 0.557 0.020 0.024 
 79    C3250    (0)    2 :  0.088 0.010 0.016 0.006 0.014 0.009 0.009 0.831 0.008 0.008 
 80    C3253    (0)    2 :  0.111 0.007 0.008 0.007 0.013 0.011 0.010 0.804 0.015 0.014 
 81    C3255    (0)    2 :  0.112 0.009 0.057 0.008 0.042 0.014 0.009 0.728 0.010 0.010 
 82    C3277    (0)    2 :  0.093 0.023 0.047 0.027 0.014 0.055 0.054 0.590 0.042 0.055 
 83    C3315    (0)    2 :  0.056 0.050 0.013 0.060 0.069 0.072 0.046 0.415 0.062 0.158 
 84    C3288    (0)    2 :  0.023 0.012 0.858 0.012 0.016 0.015 0.014 0.017 0.014 0.019 
 85    C3293    (0)    2 :  0.013 0.028 0.713 0.023 0.032 0.074 0.030 0.025 0.036 0.026 
 86    C4018    (0)    3 :  0.027 0.009 0.207 0.007 0.681 0.011 0.014 0.028 0.011 0.006 
 87    C3980    (0)    3 :  0.013 0.011 0.021 0.009 0.881 0.013 0.012 0.017 0.010 0.012 
 88    C3987    (0)    3 :  0.128 0.016 0.025 0.013 0.711 0.012 0.019 0.047 0.017 0.011 
 89    C3988    (0)    3 :  0.203 0.007 0.050 0.012 0.569 0.015 0.024 0.089 0.022 0.011 
 90    C3989    (0)    3 :  0.040 0.010 0.736 0.007 0.039 0.086 0.039 0.015 0.021 0.007 
 91    C4011    (0)    3 :  0.124 0.005 0.119 0.006 0.602 0.006 0.007 0.121 0.006 0.005 
 92    C4017    (0)    3 :  0.013 0.006 0.011 0.007 0.923 0.006 0.007 0.017 0.006 0.005 
 93    C4296    (0)    3 :  0.105 0.032 0.021 0.031 0.029 0.046 0.082 0.403 0.220 0.030 
 94    C4301    (9)    3 :  0.014 0.483 0.114 0.040 0.012 0.182 0.114 0.014 0.017 0.010 
 95    C4303    (0)    3 :  0.081 0.065 0.480 0.021 0.011 0.032 0.024 0.024 0.029 0.233 
 96    C4453    (0)    3 :  0.100 0.018 0.567 0.062 0.083 0.040 0.036 0.049 0.015 0.028 
 97    C4455    (9)    3 :  0.012 0.013 0.838 0.014 0.032 0.014 0.016 0.020 0.016 0.025 
 98    C4456   (18)    3 :  0.034 0.042 0.470 0.084 0.136 0.054 0.083 0.011 0.041 0.044 
 99    C4457    (9)    3 :  0.077 0.049 0.630 0.018 0.021 0.051 0.030 0.045 0.030 0.049 
100    C4459    (9)    3 :  0.075 0.016 0.254 0.011 0.214 0.016 0.028 0.344 0.024 0.017 
101    C4464   (18)    3 :  0.099 0.008 0.548 0.009 0.058 0.011 0.011 0.238 0.011 0.008 
102    C4467   (18)    3 :  0.081 0.006 0.161 0.007 0.026 0.009 0.008 0.687 0.008 0.007 
103    C4468    (9)    3 :  0.264 0.011 0.135 0.013 0.038 0.020 0.015 0.419 0.015 0.071 
104    C4783    (0)    3 :  0.010 0.013 0.251 0.010 0.609 0.026 0.018 0.009 0.043 0.012 
105    C4786    (0)    3 :  0.035 0.026 0.680 0.009 0.170 0.012 0.012 0.035 0.014 0.009 
106    C4789    (9)    3 :  0.051 0.032 0.224 0.007 0.363 0.026 0.031 0.243 0.013 0.009 
107    C4891    (0)    3 :  0.030 0.023 0.750 0.018 0.072 0.018 0.025 0.014 0.041 0.009 
108    C4896    (0)    3 :  0.022 0.085 0.220 0.015 0.419 0.061 0.052 0.036 0.064 0.025 
109    C4898    (0)    3 :  0.038 0.018 0.154 0.014 0.613 0.028 0.015 0.084 0.024 0.013 
110    C4901    (0)    3 :  0.018 0.013 0.625 0.007 0.263 0.016 0.021 0.016 0.013 0.008 
111    C4903    (9)    3 :  0.019 0.025 0.733 0.011 0.068 0.033 0.038 0.022 0.028 0.022 
112    C4904    (0)    3 :  0.023 0.013 0.189 0.008 0.665 0.032 0.017 0.019 0.026 0.008 
113    C3263    (0)    3 :  0.695 0.011 0.087 0.103 0.007 0.023 0.010 0.041 0.011 0.013 
114    C3271    (0)    3 :  0.862 0.022 0.022 0.016 0.009 0.016 0.014 0.016 0.015 0.008 
115    C3272    (0)    3 :  0.619 0.030 0.039 0.018 0.013 0.048 0.037 0.162 0.023 0.009 
116    C3276    (0)    3 :  0.032 0.237 0.424 0.075 0.014 0.089 0.058 0.019 0.033 0.020 
117    C3280    (9)    3 :  0.357 0.030 0.027 0.081 0.033 0.056 0.037 0.295 0.056 0.028 
118    C3305    (9)    3 :  0.911 0.007 0.007 0.009 0.009 0.013 0.011 0.019 0.008 0.007 
119    C3306    (0)    3 :  0.784 0.010 0.039 0.040 0.008 0.034 0.023 0.029 0.021 0.013 
120    C3324    (0)    3 :  0.495 0.021 0.020 0.164 0.024 0.084 0.024 0.094 0.055 0.018 
121    C3329    (0)    3 :  0.323 0.026 0.072 0.055 0.079 0.062 0.063 0.198 0.100 0.022 
122    C3336    (0)    3 :  0.604 0.047 0.071 0.018 0.020 0.041 0.032 0.125 0.029 0.013 
123    C3341   (18)    3 :  0.083 0.020 0.030 0.551 0.051 0.076 0.073 0.035 0.054 0.026 
124    C3409   (18)    3 :  0.469 0.029 0.089 0.040 0.039 0.095 0.088 0.067 0.045 0.039 
125    C3168    (9)    3 :  0.024 0.014 0.870 0.010 0.018 0.014 0.013 0.019 0.011 0.008 
126    C3170    (0)    3 :  0.031 0.020 0.724 0.011 0.019 0.016 0.017 0.143 0.012 0.007 
127    C3214   (18)    3 :  0.070 0.233 0.492 0.010 0.026 0.050 0.018 0.064 0.015 0.023 
128    C3227    (0)    3 :  0.019 0.049 0.841 0.009 0.022 0.017 0.013 0.010 0.009 0.010 
129    C3228    (0)    3 :  0.349 0.076 0.033 0.034 0.073 0.024 0.035 0.303 0.038 0.035 
130    C3279    (0)    3 :  0.125 0.032 0.643 0.012 0.015 0.054 0.058 0.011 0.035 0.016 
131    C3322    (0)    3 :  0.019 0.236 0.508 0.009 0.080 0.045 0.029 0.013 0.032 0.030 
132    C3303    (0)    3 :  0.152 0.048 0.633 0.028 0.013 0.025 0.033 0.015 0.039 0.013 
133    C3317    (0)    3 :  0.813 0.010 0.024 0.014 0.014 0.020 0.021 0.050 0.017 0.018 
134    C3355    (0)    3 :  0.531 0.008 0.367 0.015 0.021 0.011 0.010 0.019 0.011 0.008 
135    C3376    (9)    3 :  0.105 0.017 0.123 0.014 0.025 0.042 0.042 0.596 0.020 0.016 
136    C3401    (0)    3 :  0.813 0.018 0.033 0.015 0.016 0.019 0.016 0.037 0.016 0.017 
137    C3203    (9)    3 :  0.077 0.019 0.367 0.051 0.026 0.057 0.042 0.316 0.016 0.030 
138    C3245    (0)    3 :  0.083 0.023 0.717 0.010 0.011 0.029 0.018 0.070 0.016 0.024 
139    C3302    (0)    3 :  0.012 0.013 0.890 0.011 0.009 0.015 0.012 0.010 0.014 0.012 
140    C3307    (0)    3 :  0.027 0.015 0.536 0.092 0.073 0.065 0.021 0.076 0.029 0.066 
141    C3310    (0)    3 :  0.009 0.010 0.917 0.010 0.008 0.010 0.010 0.008 0.011 0.008 
142    C3312    (9)    3 :  0.138 0.018 0.203 0.016 0.046 0.045 0.029 0.444 0.038 0.024 
143    C3345    (0)    3 :  0.016 0.011 0.879 0.017 0.017 0.015 0.010 0.017 0.009 0.009 
144    C3371    (0)    3 :  0.015 0.008 0.881 0.030 0.007 0.017 0.011 0.013 0.010 0.007 
145    C3372    (0)    3 :  0.088 0.014 0.684 0.032 0.019 0.041 0.020 0.059 0.025 0.018 
146    C3380    (9)    3 :  0.010 0.006 0.921 0.006 0.015 0.007 0.007 0.016 0.006 0.007 
147    C3417    (0)    3 :  0.039 0.013 0.531 0.162 0.060 0.066 0.044 0.031 0.029 0.026 
148    C4569    (9)    4 :  0.023 0.065 0.014 0.061 0.150 0.079 0.289 0.123 0.161 0.036 
149    C4570    (9)    4 :  0.019 0.010 0.009 0.014 0.702 0.014 0.015 0.187 0.015 0.015 
150    C4571    (9)    4 :  0.172 0.017 0.026 0.018 0.433 0.019 0.024 0.248 0.018 0.023 
151    C4572    (9)    4 :  0.023 0.014 0.010 0.013 0.857 0.013 0.015 0.024 0.013 0.018 
152    C4573    (9)    4 :  0.077 0.050 0.011 0.024 0.071 0.058 0.064 0.080 0.045 0.518 
153    C4575    (9)    4 :  0.027 0.030 0.025 0.023 0.598 0.066 0.049 0.077 0.024 0.081 
154    C4577    (9)    4 :  0.016 0.009 0.012 0.011 0.878 0.012 0.012 0.026 0.017 0.007 
155    C4578    (9)    4 :  0.057 0.025 0.024 0.022 0.461 0.072 0.086 0.074 0.059 0.119 
156    C4600   (18)    4 :  0.104 0.027 0.021 0.020 0.469 0.067 0.129 0.015 0.120 0.027 
157    C4612    (9)    4 :  0.022 0.118 0.024 0.012 0.696 0.044 0.030 0.018 0.020 0.016 
158    C4621    (0)    4 :  0.048 0.012 0.061 0.005 0.767 0.012 0.013 0.056 0.011 0.015 
159    C4622    (9)    4 :  0.013 0.009 0.019 0.008 0.906 0.008 0.008 0.008 0.011 0.009 
160    C4623    (0)    4 :  0.090 0.058 0.159 0.180 0.185 0.058 0.072 0.082 0.067 0.048 
161    C4624    (0)    4 :  0.036 0.040 0.011 0.016 0.770 0.015 0.018 0.016 0.024 0.055 
162    C4625    (0)    4 :  0.164 0.039 0.012 0.011 0.078 0.052 0.190 0.034 0.058 0.362 
163    C4627    (0)    4 :  0.012 0.020 0.073 0.016 0.724 0.025 0.035 0.048 0.023 0.024 
164    C4631    (0)    4 :  0.010 0.015 0.010 0.192 0.687 0.017 0.016 0.016 0.018 0.018 
165    C4632    (0)    4 :  0.020 0.011 0.025 0.014 0.758 0.012 0.016 0.099 0.025 0.021 
166    C3939    (0)    4 :  0.021 0.014 0.062 0.010 0.808 0.017 0.020 0.023 0.016 0.008 
167    C3940    (0)    4 :  0.014 0.015 0.057 0.018 0.703 0.045 0.078 0.011 0.052 0.007 
168    C3945    (0)    4 :  0.021 0.007 0.016 0.007 0.899 0.008 0.010 0.017 0.011 0.005 
169    C4520    (0)    4 :  0.076 0.396 0.064 0.031 0.022 0.147 0.086 0.056 0.100 0.021 
170    C4522    (0)    4 :  0.034 0.011 0.270 0.011 0.587 0.013 0.015 0.037 0.014 0.008 
171    C3182    (0)    4 :  0.231 0.014 0.584 0.024 0.043 0.019 0.015 0.040 0.017 0.012 
172    C3189    (0)    4 :  0.037 0.021 0.030 0.016 0.017 0.057 0.033 0.701 0.031 0.058 
173    C3191    (9)    4 :  0.021 0.011 0.041 0.012 0.010 0.012 0.010 0.853 0.012 0.019 
174    C3196    (0)    4 :  0.102 0.022 0.600 0.013 0.012 0.027 0.026 0.156 0.021 0.020 
175    C3208    (0)    4 :  0.036 0.042 0.508 0.048 0.219 0.022 0.027 0.029 0.026 0.043 
176    C3211    (0)    4 :  0.041 0.014 0.843 0.013 0.020 0.017 0.015 0.017 0.012 0.008 
177    C3212    (0)    4 :  0.082 0.076 0.118 0.092 0.057 0.309 0.117 0.045 0.096 0.008 
178    C3213    (0)    4 :  0.059 0.020 0.763 0.022 0.010 0.046 0.030 0.014 0.027 0.008 
179    C3215    (0)    4 :  0.009 0.207 0.656 0.010 0.036 0.017 0.015 0.013 0.014 0.022 
180    C3217    (0)    4 :  0.196 0.012 0.345 0.027 0.015 0.038 0.032 0.300 0.023 0.012 
181    C3225    (9)    4 :  0.309 0.119 0.130 0.016 0.021 0.051 0.033 0.259 0.034 0.028 
182    C3226    (0)    4 :  0.196 0.010 0.456 0.012 0.197 0.012 0.011 0.085 0.011 0.012 
183    C3238    (9)    4 :  0.031 0.018 0.605 0.010 0.117 0.017 0.017 0.154 0.016 0.016 
184    C3239    (0)    4 :  0.084 0.013 0.094 0.019 0.022 0.025 0.022 0.690 0.014 0.016 
185    C3269   (18)    4 :  0.271 0.120 0.044 0.020 0.144 0.054 0.052 0.127 0.035 0.132 
186    C3273    (0)    4 :  0.574 0.019 0.234 0.008 0.021 0.025 0.023 0.043 0.014 0.040 
187    C3274    (0)    4 :  0.030 0.052 0.519 0.011 0.032 0.071 0.121 0.027 0.121 0.017 
188    C3354    (0)    4 :  0.043 0.013 0.598 0.009 0.016 0.034 0.018 0.225 0.024 0.019 
189    C3361    (0)    4 :  0.043 0.014 0.818 0.008 0.019 0.016 0.015 0.035 0.017 0.015 
190    C3289    (0)    4 :  0.014 0.010 0.895 0.008 0.013 0.012 0.011 0.013 0.010 0.013 
191    C3169    (0)    4 :  0.209 0.013 0.105 0.009 0.027 0.013 0.011 0.595 0.008 0.011 
192    C3199    (9)    4 :  0.067 0.021 0.591 0.016 0.097 0.018 0.020 0.105 0.016 0.047 
193    C3224    (0)    4 :  0.141 0.030 0.708 0.011 0.015 0.015 0.012 0.043 0.011 0.015 
194    C3261   (18)    4 :  0.046 0.009 0.569 0.012 0.053 0.027 0.018 0.239 0.016 0.009 
195    C3320    (0)    4 :  0.112 0.026 0.502 0.011 0.038 0.033 0.046 0.164 0.033 0.033 
196    C4151    (0)    5 :  0.016 0.006 0.014 0.008 0.887 0.010 0.010 0.029 0.009 0.011 
197    C4152    (0)    5 :  0.049 0.010 0.013 0.012 0.805 0.014 0.019 0.055 0.013 0.011 
198    C4153    (0)    5 :  0.048 0.040 0.290 0.012 0.203 0.028 0.033 0.298 0.026 0.022 
199    C4154   (18)    5 :  0.070 0.019 0.160 0.018 0.611 0.025 0.024 0.038 0.026 0.008 
200    C4157    (0)    5 :  0.665 0.016 0.017 0.013 0.077 0.016 0.052 0.050 0.082 0.012 
201    C4158    (0)    5 :  0.018 0.008 0.016 0.007 0.889 0.009 0.013 0.018 0.010 0.013 
202    C4163    (0)    5 :  0.010 0.006 0.013 0.006 0.919 0.006 0.007 0.021 0.006 0.006 
203    C4165    (0)    5 :  0.023 0.013 0.067 0.048 0.288 0.212 0.049 0.050 0.215 0.034 
204    C4248    (9)    5 :  0.526 0.014 0.122 0.010 0.033 0.032 0.028 0.188 0.022 0.026 
205    C4254    (0)    5 :  0.255 0.047 0.358 0.016 0.070 0.031 0.025 0.160 0.027 0.010 
206    C4371    (9)    5 :  0.078 0.010 0.011 0.023 0.029 0.015 0.014 0.795 0.014 0.011 
207    C3936    (0)    5 :  0.019 0.016 0.014 0.014 0.790 0.014 0.033 0.068 0.022 0.011 
208    C3937    (0)    5 :  0.013 0.007 0.035 0.009 0.886 0.008 0.009 0.011 0.011 0.010 
209    C3944    (0)    5 :  0.071 0.008 0.058 0.010 0.658 0.009 0.009 0.161 0.010 0.007 
210    C3954    (0)    5 :  0.339 0.015 0.040 0.006 0.063 0.014 0.015 0.462 0.010 0.037 
211    C3955    (9)    5 :  0.310 0.020 0.223 0.007 0.231 0.024 0.039 0.111 0.018 0.017 
212    C3961    (0)    5 :  0.031 0.030 0.040 0.038 0.729 0.016 0.019 0.074 0.014 0.009 
213    C3974    (0)    5 :  0.016 0.028 0.023 0.013 0.770 0.017 0.037 0.058 0.024 0.014 
214    C4024    (0)    5 :  0.529 0.023 0.022 0.049 0.215 0.027 0.033 0.067 0.024 0.011 
215    C4025    (0)    5 :  0.056 0.015 0.011 0.037 0.779 0.016 0.016 0.031 0.018 0.022 
216    C4028    (0)    5 :  0.060 0.047 0.042 0.031 0.538 0.041 0.079 0.044 0.064 0.054 
217    C4032   (18)    5 :  0.427 0.009 0.015 0.008 0.029 0.010 0.009 0.473 0.008 0.011 
218    C4033   (18)    5 :  0.258 0.014 0.405 0.011 0.034 0.015 0.013 0.224 0.013 0.013 
219    C4034    (0)    5 :  0.206 0.128 0.296 0.058 0.036 0.043 0.033 0.125 0.056 0.019 
220    C4041    (9)    5 :  0.199 0.060 0.038 0.045 0.021 0.048 0.055 0.492 0.028 0.013 
221    C4042   (18)    5 :  0.227 0.027 0.143 0.048 0.091 0.047 0.032 0.303 0.062 0.021 
222    C4043    (9)    5 :  0.122 0.011 0.051 0.014 0.106 0.016 0.019 0.629 0.015 0.017 
223    C4044    (9)    5 :  0.047 0.038 0.078 0.365 0.112 0.074 0.072 0.107 0.068 0.040 
224    C4045    (9)    5 :  0.100 0.019 0.127 0.010 0.054 0.020 0.024 0.596 0.022 0.028 
225    C4046    (9)    5 :  0.562 0.018 0.090 0.025 0.021 0.013 0.011 0.216 0.018 0.026 
226    C4047    (0)    5 :  0.038 0.043 0.733 0.016 0.016 0.022 0.025 0.043 0.038 0.028 
227    C4048    (9)    5 :  0.102 0.033 0.558 0.033 0.015 0.025 0.032 0.148 0.029 0.026 
228    C4055    (9)    5 :  0.474 0.032 0.037 0.019 0.069 0.032 0.029 0.233 0.032 0.044 
229    C4057   (18)    5 :  0.625 0.015 0.038 0.031 0.025 0.017 0.016 0.206 0.016 0.009 
230    C4059    (0)    5 :  0.692 0.012 0.108 0.010 0.050 0.022 0.020 0.053 0.012 0.021 
231    C4060    (9)    5 :  0.284 0.021 0.092 0.019 0.121 0.038 0.034 0.342 0.029 0.020 
232    C4064    (9)    5 :  0.326 0.023 0.021 0.013 0.018 0.042 0.041 0.189 0.130 0.197 
233    C4067    (0)    5 :  0.055 0.030 0.678 0.030 0.018 0.034 0.026 0.030 0.020 0.079 
234    C4068    (9)    5 :  0.054 0.027 0.721 0.015 0.032 0.023 0.024 0.056 0.022 0.026 
235    C4070    (9)    5 :  0.332 0.022 0.338 0.082 0.073 0.040 0.018 0.048 0.027 0.020 
236    C4075   (18)    5 :  0.066 0.022 0.744 0.020 0.028 0.026 0.021 0.037 0.024 0.014 
237    C4081    (9)    5 :  0.056 0.014 0.019 0.012 0.014 0.015 0.015 0.823 0.018 0.013 
238    C4082    (0)    5 :  0.067 0.045 0.545 0.017 0.108 0.031 0.023 0.112 0.018 0.034 
239    C4083    (0)    5 :  0.086 0.029 0.031 0.154 0.086 0.115 0.085 0.228 0.134 0.051 
240    C4086    (0)    5 :  0.012 0.010 0.016 0.008 0.013 0.014 0.012 0.884 0.010 0.022 
241    C4088    (9)    5 :  0.022 0.030 0.024 0.008 0.021 0.035 0.033 0.127 0.034 0.666 
242    C4092    (0)    5 :  0.060 0.011 0.025 0.033 0.069 0.018 0.019 0.744 0.014 0.006 
243    C4099    (9)    5 :  0.041 0.039 0.076 0.039 0.022 0.039 0.040 0.671 0.019 0.013 
244    C4104    (0)    5 :  0.072 0.015 0.244 0.047 0.454 0.029 0.023 0.072 0.024 0.019 
245    C4108   (18)    5 :  0.012 0.552 0.017 0.018 0.010 0.147 0.074 0.012 0.107 0.053 
246    C4118    (0)    5 :  0.015 0.032 0.010 0.009 0.012 0.018 0.014 0.849 0.026 0.014 
247    C4131    (0)    5 :  0.040 0.018 0.031 0.013 0.312 0.030 0.049 0.424 0.035 0.048 
248    C4133    (0)    5 :  0.654 0.013 0.034 0.009 0.016 0.020 0.013 0.219 0.012 0.011 
249    C4135    (0)    5 :  0.527 0.005 0.026 0.007 0.325 0.011 0.010 0.075 0.009 0.005 
250    C4136    (0)    5 :  0.013 0.060 0.024 0.023 0.602 0.029 0.084 0.031 0.066 0.067 
251    C4137    (9)    5 :  0.316 0.018 0.021 0.017 0.296 0.028 0.041 0.197 0.041 0.025 
252    C4139    (0)    5 :  0.043 0.010 0.025 0.010 0.829 0.018 0.020 0.024 0.014 0.007 
253    C4140    (9)    5 :  0.246 0.013 0.042 0.015 0.590 0.015 0.014 0.035 0.021 0.008 
254    C4167    (0)    5 :  0.251 0.022 0.015 0.045 0.356 0.020 0.120 0.038 0.080 0.053 
255    C4236    (0)    5 :  0.220 0.029 0.037 0.027 0.019 0.032 0.070 0.488 0.059 0.019 
256    C4237    (0)    5 :  0.044 0.066 0.012 0.014 0.035 0.048 0.060 0.025 0.034 0.661 
257    C4238    (0)    5 :  0.366 0.046 0.305 0.015 0.053 0.025 0.018 0.105 0.025 0.042 
258    C4241    (0)    5 :  0.281 0.028 0.213 0.018 0.051 0.029 0.027 0.308 0.030 0.017 
259    C4247    (9)    5 :  0.539 0.034 0.032 0.061 0.057 0.048 0.024 0.033 0.022 0.149 
260    C4257    (0)    5 :  0.067 0.031 0.419 0.017 0.026 0.026 0.027 0.348 0.017 0.022 
261    C4383    (0)    5 :  0.095 0.046 0.019 0.236 0.088 0.031 0.064 0.310 0.061 0.050 
262    C4397    (9)    5 :  0.718 0.011 0.010 0.008 0.051 0.010 0.016 0.147 0.019 0.009 
263    C4514    (0)    5 :  0.108 0.021 0.024 0.024 0.688 0.015 0.012 0.082 0.014 0.013 
264    C4519    (0)    5 :  0.022 0.032 0.191 0.012 0.619 0.057 0.027 0.015 0.017 0.006 
265    C4527    (0)    5 :  0.020 0.014 0.485 0.016 0.222 0.015 0.015 0.182 0.018 0.013 
266    C4534    (0)    5 :  0.019 0.034 0.380 0.039 0.064 0.047 0.043 0.337 0.024 0.012 
267    C4699    (0)    5 :  0.021 0.019 0.115 0.027 0.654 0.026 0.032 0.020 0.036 0.051 
268    C1541    (9)    5 :  0.043 0.008 0.427 0.013 0.024 0.011 0.009 0.440 0.012 0.012 
269    C1542    (9)    5 :  0.014 0.016 0.470 0.009 0.012 0.010 0.010 0.435 0.012 0.012 
270    C1544    (0)    5 :  0.171 0.024 0.103 0.011 0.019 0.024 0.023 0.560 0.021 0.043 
271    C1547    (9)    5 :  0.075 0.227 0.048 0.118 0.029 0.110 0.094 0.151 0.073 0.075 
272    C1553    (9)    5 :  0.126 0.140 0.049 0.064 0.170 0.107 0.137 0.020 0.155 0.033 
273    C1555    (9)    5 :  0.814 0.021 0.018 0.009 0.014 0.017 0.019 0.043 0.025 0.021 
274    C1557    (0)    5 :  0.839 0.013 0.016 0.014 0.016 0.012 0.016 0.040 0.016 0.019 
275    C1560    (0)    5 :  0.868 0.030 0.013 0.011 0.010 0.016 0.017 0.017 0.010 0.007 
276    C1565    (0)    5 :  0.091 0.020 0.353 0.051 0.030 0.037 0.044 0.303 0.058 0.012 
277    C1567    (0)    5 :  0.530 0.094 0.023 0.024 0.023 0.026 0.026 0.211 0.021 0.021 
278    C1569    (0)    5 :  0.724 0.021 0.051 0.021 0.027 0.014 0.014 0.096 0.019 0.013 
279    C1571    (0)    5 :  0.222 0.129 0.346 0.032 0.030 0.050 0.032 0.081 0.030 0.050 
280    C1576    (0)    5 :  0.056 0.022 0.038 0.015 0.064 0.019 0.018 0.709 0.022 0.037 
281    C1577    (9)    5 :  0.112 0.033 0.610 0.014 0.020 0.027 0.024 0.101 0.025 0.033 
282    C1579    (0)    5 :  0.410 0.019 0.249 0.016 0.019 0.030 0.034 0.160 0.041 0.021 
283    C3990    (0)    6 :  0.021 0.007 0.025 0.007 0.893 0.007 0.008 0.019 0.007 0.007 
284    C3991    (0)    6 :  0.024 0.013 0.048 0.055 0.672 0.052 0.024 0.039 0.025 0.048 
285    C3992    (0)    6 :  0.028 0.018 0.057 0.017 0.697 0.053 0.043 0.019 0.026 0.042 
286    C3994    (0)    6 :  0.059 0.017 0.135 0.124 0.091 0.104 0.049 0.359 0.037 0.027 
287    C4172    (0)    6 :  0.009 0.035 0.020 0.038 0.605 0.034 0.112 0.009 0.085 0.053 
288    C4173    (9)    6 :  0.016 0.017 0.035 0.357 0.501 0.020 0.015 0.015 0.013 0.010 
289    C4232    (9)    6 :  0.080 0.010 0.652 0.007 0.010 0.008 0.009 0.209 0.008 0.007 
290    C4234    (9)    6 :  0.086 0.013 0.243 0.008 0.017 0.012 0.012 0.589 0.011 0.010 
291    C4259    (0)    6 :  0.342 0.008 0.062 0.009 0.015 0.010 0.009 0.526 0.010 0.009 
292    C4260    (0)    6 :  0.023 0.007 0.834 0.007 0.037 0.012 0.012 0.051 0.008 0.008 
293    C4261    (9)    6 :  0.018 0.068 0.692 0.044 0.031 0.035 0.021 0.016 0.058 0.018 
294    C4262    (0)    6 :  0.639 0.017 0.055 0.071 0.093 0.029 0.020 0.030 0.039 0.010 
295    C4263    (0)    6 :  0.639 0.029 0.073 0.022 0.022 0.026 0.012 0.105 0.021 0.052 
296    C4267    (9)    6 :  0.059 0.020 0.057 0.011 0.080 0.014 0.014 0.688 0.018 0.039 
297    C4269    (0)    6 :  0.233 0.017 0.285 0.040 0.131 0.031 0.030 0.169 0.049 0.015 
298    C4272    (0)    6 :  0.103 0.008 0.011 0.010 0.011 0.012 0.010 0.817 0.010 0.007 
299    C4274    (0)    6 :  0.078 0.357 0.036 0.008 0.020 0.091 0.042 0.328 0.030 0.009 
300    C4276    (9)    6 :  0.021 0.749 0.016 0.012 0.009 0.130 0.018 0.020 0.012 0.013 
301    C4278    (0)    6 :  0.511 0.031 0.074 0.023 0.061 0.061 0.036 0.154 0.032 0.017 
302    C4280    (0)    6 :  0.108 0.019 0.497 0.016 0.165 0.037 0.043 0.060 0.043 0.012 
303    C4281    (0)    6 :  0.380 0.015 0.053 0.016 0.019 0.016 0.019 0.438 0.022 0.022 
304    C4282    (0)    6 :  0.130 0.057 0.190 0.166 0.019 0.108 0.102 0.061 0.121 0.046 
305    C4284    (9)    6 :  0.468 0.008 0.026 0.008 0.165 0.009 0.010 0.289 0.009 0.008 
306    C4286    (9)    6 :  0.129 0.053 0.425 0.022 0.135 0.051 0.060 0.061 0.041 0.023 
307    C4287    (0)    6 :  0.219 0.020 0.418 0.051 0.089 0.050 0.053 0.032 0.059 0.009 
308    C4290    (0)    6 :  0.058 0.369 0.012 0.056 0.033 0.075 0.083 0.127 0.062 0.125 
309    C4307   (18)    6 :  0.173 0.013 0.360 0.019 0.145 0.136 0.028 0.086 0.029 0.011 
310    C4310    (9)    6 :  0.561 0.045 0.087 0.010 0.037 0.024 0.023 0.126 0.017 0.071 
311    C4311   (18)    6 :  0.204 0.032 0.442 0.018 0.021 0.046 0.065 0.119 0.032 0.020 
312    C4312    (0)    6 :  0.600 0.016 0.180 0.013 0.020 0.019 0.015 0.112 0.015 0.011 
313    C4314    (0)    6 :  0.290 0.028 0.069 0.012 0.018 0.029 0.038 0.321 0.038 0.157 
314    C4318    (9)    6 :  0.467 0.014 0.038 0.037 0.059 0.076 0.059 0.208 0.032 0.010 
315    C4321    (9)    6 :  0.246 0.047 0.382 0.047 0.070 0.042 0.035 0.095 0.024 0.011 
316    C4324    (0)    6 :  0.133 0.030 0.063 0.038 0.052 0.024 0.018 0.615 0.017 0.010 
317    C4334    (0)    6 :  0.431 0.015 0.017 0.045 0.040 0.020 0.016 0.395 0.013 0.007 
318    C4529    (0)    6 :  0.047 0.039 0.222 0.025 0.035 0.034 0.031 0.512 0.036 0.021 
319    C1582    (9)    6 :  0.402 0.024 0.078 0.011 0.123 0.012 0.014 0.305 0.017 0.013 
320    C1583    (0)    6 :  0.603 0.023 0.120 0.015 0.037 0.034 0.026 0.057 0.022 0.064 
321    C1584    (9)    6 :  0.760 0.033 0.030 0.008 0.028 0.016 0.013 0.084 0.010 0.017 
322    C1585    (0)    6 :  0.653 0.013 0.015 0.006 0.032 0.009 0.009 0.242 0.007 0.013 
323    C1586    (0)    6 :  0.748 0.013 0.028 0.049 0.022 0.019 0.016 0.068 0.018 0.020 
324    C1589    (0)    6 :  0.500 0.010 0.043 0.010 0.071 0.010 0.012 0.322 0.011 0.011 
325    C1591    (0)    6 :  0.451 0.009 0.038 0.012 0.037 0.011 0.011 0.410 0.008 0.012 
326    C1592    (0)    6 :  0.738 0.015 0.045 0.023 0.013 0.029 0.016 0.080 0.025 0.017 
327    C1594    (0)    6 :  0.554 0.022 0.088 0.012 0.037 0.018 0.019 0.162 0.018 0.069 
328    C1597    (9)    6 :  0.065 0.081 0.343 0.024 0.031 0.032 0.028 0.339 0.033 0.023 
329    C1598    (9)    6 :  0.414 0.018 0.064 0.013 0.179 0.022 0.026 0.204 0.019 0.041 
330    C1599    (0)    6 :  0.538 0.026 0.282 0.011 0.013 0.023 0.016 0.065 0.017 0.009 
331    C1601    (0)    6 :  0.227 0.026 0.118 0.020 0.342 0.040 0.040 0.044 0.055 0.088 
332    C1605    (0)    6 :  0.041 0.066 0.096 0.026 0.064 0.233 0.104 0.234 0.054 0.081 
333    C1609    (0)    6 :  0.647 0.008 0.024 0.008 0.034 0.009 0.011 0.238 0.009 0.011 
334    C1610    (0)    6 :  0.233 0.084 0.303 0.011 0.012 0.067 0.068 0.069 0.089 0.063 
335    C1611    (0)    6 :  0.230 0.013 0.636 0.027 0.010 0.024 0.018 0.017 0.015 0.010 
336    C1612    (0)    6 :  0.285 0.010 0.645 0.006 0.009 0.010 0.008 0.011 0.007 0.010 
337    C1613    (0)    6 :  0.082 0.034 0.331 0.035 0.029 0.024 0.023 0.389 0.022 0.029 
338    C3173    (9)    6 :  0.373 0.030 0.188 0.031 0.030 0.058 0.045 0.163 0.046 0.034 
339    C3204    (0)    6 :  0.037 0.025 0.749 0.013 0.032 0.022 0.021 0.069 0.017 0.014 
340    C3223    (9)    6 :  0.020 0.030 0.421 0.055 0.018 0.198 0.180 0.033 0.033 0.013 
341    C3262    (0)    6 :  0.487 0.045 0.136 0.023 0.029 0.045 0.045 0.081 0.020 0.090 
342    C3270    (0)    6 :  0.354 0.017 0.380 0.014 0.100 0.024 0.018 0.056 0.024 0.012 
343    C3300    (0)    6 :  0.286 0.009 0.104 0.009 0.171 0.012 0.017 0.373 0.010 0.008 
344    C3330    (0)    6 :  0.116 0.018 0.085 0.014 0.077 0.044 0.041 0.565 0.031 0.010 
345    C3390    (9)    6 :  0.457 0.013 0.226 0.018 0.041 0.021 0.020 0.167 0.021 0.016 
346    C3424    (9)    6 :  0.269 0.031 0.357 0.014 0.031 0.044 0.070 0.104 0.064 0.017 
347    C3958    (0)    6 :  0.081 0.008 0.018 0.014 0.778 0.011 0.018 0.044 0.022 0.006 
348    C3962    (0)    6 :  0.013 0.017 0.012 0.008 0.836 0.013 0.016 0.055 0.024 0.006 
349    C4019    (0)    6 :  0.030 0.142 0.011 0.028 0.089 0.056 0.218 0.007 0.397 0.022 
350    C3995   (18)    6 :  0.011 0.014 0.028 0.027 0.824 0.015 0.018 0.029 0.018 0.016 
351    C4000    (0)    6 :  0.020 0.044 0.094 0.052 0.586 0.031 0.041 0.031 0.086 0.015 
352    C4002    (0)    6 :  0.028 0.012 0.076 0.015 0.782 0.014 0.017 0.022 0.022 0.012 
353    C1692    (0)    7 :  0.010 0.091 0.024 0.018 0.104 0.217 0.273 0.056 0.179 0.028 
354    C1693    (0)    7 :  0.014 0.018 0.071 0.063 0.031 0.284 0.285 0.188 0.036 0.010 
355    C1694    (0)    7 :  0.011 0.032 0.018 0.162 0.014 0.110 0.115 0.428 0.068 0.041 
356    C1698    (0)    7 :  0.014 0.042 0.007 0.041 0.007 0.202 0.502 0.043 0.108 0.035 
357    C1699    (0)    7 :  0.026 0.051 0.029 0.034 0.012 0.252 0.235 0.016 0.122 0.223 
358    C1700    (0)    7 :  0.056 0.047 0.033 0.095 0.064 0.110 0.243 0.030 0.285 0.038 
359    C1701    (0)    7 :  0.029 0.027 0.012 0.018 0.010 0.119 0.129 0.014 0.267 0.376 
360    C1702    (0)    7 :  0.016 0.046 0.011 0.043 0.012 0.220 0.436 0.009 0.142 0.064 
361    C1703    (0)    7 :  0.017 0.147 0.008 0.211 0.017 0.076 0.117 0.014 0.357 0.037 
362    C1704    (0)    7 :  0.034 0.049 0.012 0.094 0.021 0.055 0.099 0.563 0.058 0.015 
363    C1705    (0)    7 :  0.016 0.083 0.010 0.412 0.147 0.080 0.152 0.012 0.070 0.018 
364    C1706    (0)    7 :  0.012 0.048 0.017 0.032 0.009 0.274 0.179 0.022 0.107 0.301 
365    C1707    (0)    7 :  0.490 0.084 0.057 0.025 0.009 0.069 0.110 0.017 0.049 0.089 
366    C1708    (0)    7 :  0.031 0.022 0.010 0.469 0.013 0.174 0.137 0.013 0.111 0.021 
367    C1709    (0)    7 :  0.014 0.024 0.020 0.628 0.060 0.047 0.068 0.038 0.080 0.020 
368    C1710    (0)    7 :  0.043 0.036 0.014 0.062 0.019 0.212 0.272 0.028 0.228 0.085 
369    C1712    (0)    7 :  0.008 0.045 0.011 0.468 0.027 0.094 0.094 0.011 0.232 0.011 
370    C1714    (0)    7 :  0.027 0.020 0.009 0.743 0.010 0.085 0.034 0.021 0.036 0.015 
371    C1715    (0)    7 :  0.053 0.139 0.017 0.015 0.011 0.194 0.349 0.008 0.146 0.069 
372    C1717    (0)    7 :  0.050 0.148 0.037 0.038 0.014 0.273 0.326 0.024 0.070 0.020 
373    C1718   (18)    7 :  0.059 0.232 0.013 0.028 0.013 0.146 0.162 0.035 0.276 0.037 
374    C1719    (0)    7 :  0.030 0.021 0.055 0.550 0.084 0.040 0.038 0.078 0.088 0.014 
375    C1656    (0)    8 :  0.011 0.051 0.011 0.042 0.031 0.111 0.286 0.007 0.133 0.318 
376    C1657   (18)    8 :  0.013 0.094 0.032 0.329 0.016 0.156 0.150 0.017 0.094 0.101 
377    C1658    (0)    8 :  0.009 0.080 0.007 0.017 0.008 0.145 0.536 0.008 0.136 0.055 
378    C1659    (0)    8 :  0.023 0.295 0.050 0.016 0.018 0.221 0.196 0.019 0.105 0.057 
379    C1661    (9)    8 :  0.075 0.082 0.028 0.060 0.017 0.192 0.213 0.047 0.230 0.056 
380    C1665    (0)    8 :  0.012 0.053 0.028 0.024 0.012 0.120 0.326 0.028 0.199 0.199 
381    C1667    (9)    8 :  0.006 0.015 0.007 0.807 0.005 0.055 0.027 0.008 0.053 0.017 
382    C1676    (9)    8 :  0.019 0.062 0.013 0.085 0.022 0.096 0.282 0.010 0.299 0.113 
383    C1681    (9)    8 :  0.052 0.075 0.012 0.070 0.012 0.114 0.351 0.020 0.104 0.191 
384    C1682    (0)    8 :  0.015 0.081 0.016 0.318 0.017 0.214 0.111 0.015 0.156 0.057 
385    C1685    (0)    8 :  0.016 0.051 0.050 0.019 0.024 0.170 0.296 0.008 0.310 0.055 
386    C4707    (0)    9 :  0.028 0.021 0.021 0.027 0.068 0.079 0.143 0.024 0.566 0.022 
387    C4747    (0)    9 :  0.056 0.035 0.133 0.368 0.083 0.129 0.105 0.030 0.046 0.016 
388    C4772    (0)    9 :  0.034 0.041 0.060 0.022 0.380 0.039 0.069 0.037 0.247 0.071 
389    C4781    (0)    9 :  0.073 0.026 0.008 0.670 0.023 0.064 0.049 0.036 0.037 0.015 
