

----------------------------------------------------
STRUCTURE by Pritchard, Stephens and Donnelly (2000)
     and Falush, Stephens and Pritchard (2003)
       Code by Pritchard, Falush and Hubisz
             Version 2.3.4 (Jul 2012)
----------------------------------------------------



Command line arguments:   bin\structure -m G:\My Drive\Hoban_Lab_Docs\Projects\Butternut_JUCI\Graphical_Stat_Results\PostIndRemoval\24pop\Reorg_Results\STR\butternut\50-50\mainparams -e G:\My Drive\Hoban_Lab_Docs\Projects\Butternut_JUCI\Graphical_Stat_Results\PostIndRemoval\24pop\Reorg_Results\STR\butternut\50-50\extraparams 
Input File:    G:\My Drive\Hoban_Lab_Docs\Projects\Butternut_JUCI\Graphical_Stat_Results\PostIndRemoval\24pop\Reorg_Results\STR\butternut\project_data

Run parameters:
   993 individuals
   11 loci
   6 populations assumed
   50000 Burn-in period
   50000 Reps


--------------------------------------------
Proportion of membership of each pre-defined
 population in each of the 6 clusters

Given    Inferred Clusters                            Number of
 Pop       1      2      3      4      5      6      Individuals

  1:     0.064  0.280  0.057  0.058  0.490  0.052       40
  2:     0.039  0.426  0.060  0.059  0.351  0.066       45
  3:     0.041  0.252  0.068  0.063  0.523  0.053       62
  4:     0.065  0.374  0.047  0.068  0.396  0.050       48
  5:     0.066  0.389  0.053  0.049  0.388  0.055       87
  6:     0.038  0.314  0.049  0.069  0.481  0.050       70
  7:     0.132  0.041  0.308  0.212  0.063  0.245       22
  8:     0.228  0.025  0.228  0.166  0.025  0.329       11
  9:     0.115  0.174  0.201  0.163  0.047  0.301       33
 10:     0.188  0.159  0.122  0.195  0.046  0.291       48
 11:     0.109  0.265  0.189  0.136  0.042  0.259       48
 12:     0.160  0.038  0.189  0.288  0.063  0.262       90
 13:     0.064  0.022  0.563  0.172  0.035  0.144       63
 14:     0.155  0.043  0.155  0.292  0.096  0.259       16
 15:     0.205  0.105  0.104  0.343  0.107  0.136       31
 16:     0.790  0.044  0.037  0.028  0.020  0.082       16
 17:     0.065  0.031  0.466  0.143  0.134  0.160       24
 18:     0.167  0.036  0.118  0.182  0.082  0.415       12
 19:     0.200  0.039  0.231  0.227  0.052  0.250       54
 20:     0.335  0.055  0.083  0.263  0.060  0.204       96
 21:     0.366  0.030  0.196  0.211  0.055  0.143       22
 22:     0.605  0.116  0.035  0.083  0.067  0.095       23
 23:     0.403  0.021  0.071  0.219  0.041  0.245       13
 24:     0.121  0.041  0.229  0.260  0.073  0.275       19
--------------------------------------------

Allele-freq. divergence among pops (Net nucleotide distance),
computed using point estimates of P.

      1       2       3       4       5       6      
 1      -    0.0434  0.0180  0.0117  0.0320  0.0100  
 2   0.0434     -    0.0332  0.0386  0.0242  0.0310  
 3   0.0180  0.0332     -    0.0108  0.0290  0.0074  
 4   0.0117  0.0386  0.0108     -    0.0261  0.0064  
 5   0.0320  0.0242  0.0290  0.0261     -    0.0263  
 6   0.0100  0.0310  0.0074  0.0064  0.0263     -    

Average distances (expected heterozygosity) between individuals in same cluster:
cluster  1  : 0.8351 
cluster  2  : 0.8272 
cluster  3  : 0.8523 
cluster  4  : 0.8471 
cluster  5  : 0.8156 
cluster  6  : 0.8555 

--------------------------------------------
Estimated Ln Prob of Data   = -46865.1
Mean value of ln likelihood = -45406.6
Variance of ln likelihood   = 2916.9
Mean value of alpha         = 0.0624

Mean value of Fst_1         = 0.0312
Mean value of Fst_2         = 0.0670
Mean value of Fst_3         = 0.0242
Mean value of Fst_4         = 0.0206
Mean value of Fst_5         = 0.0533
Mean value of Fst_6         = 0.0147


Inferred ancestry of individuals:
        Label (%Miss) Pop:  Inferred clusters
  1    C3984    (0)    1 :  0.010 0.850 0.015 0.027 0.083 0.015 
  2    C3985    (0)    1 :  0.018 0.761 0.018 0.013 0.167 0.022 
  3    C3986    (0)    1 :  0.009 0.907 0.017 0.010 0.047 0.010 
  4    C4231    (0)    1 :  0.015 0.640 0.028 0.043 0.209 0.065 
  5    C4344    (0)    1 :  0.015 0.088 0.035 0.023 0.811 0.029 
  6    C4347   (18)    1 :  0.056 0.066 0.013 0.024 0.821 0.020 
  7    C4352   (18)    1 :  0.024 0.736 0.032 0.019 0.156 0.032 
  8    C4355    (9)    1 :  0.018 0.180 0.030 0.046 0.711 0.015 
  9    C4358   (18)    1 :  0.090 0.055 0.159 0.295 0.029 0.373 
 10    C4419    (9)    1 :  0.024 0.525 0.032 0.190 0.183 0.047 
 11    C4428    (9)    1 :  0.019 0.515 0.016 0.021 0.416 0.013 
 12    C4436    (0)    1 :  0.018 0.399 0.017 0.012 0.536 0.018 
 13    C4437   (18)    1 :  0.055 0.674 0.027 0.054 0.147 0.043 
 14    C4450    (0)    1 :  0.069 0.357 0.134 0.155 0.177 0.109 
 15    C4531    (0)    1 :  0.033 0.838 0.040 0.030 0.013 0.046 
 16    C1615    (0)    1 :  0.128 0.353 0.113 0.067 0.222 0.118 
 17    C1616    (0)    1 :  0.216 0.108 0.028 0.312 0.228 0.108 
 18    C1617    (9)    1 :  0.018 0.017 0.011 0.018 0.924 0.013 
 19    C1618    (0)    1 :  0.064 0.579 0.157 0.022 0.124 0.054 
 20    C1619    (0)    1 :  0.092 0.135 0.267 0.037 0.389 0.079 
 21    C1620    (9)    1 :  0.076 0.220 0.194 0.026 0.371 0.112 
 22    C1621    (0)    1 :  0.575 0.048 0.072 0.072 0.169 0.065 
 23    C1623    (9)    1 :  0.194 0.359 0.259 0.068 0.024 0.095 
 24    C1625    (0)    1 :  0.128 0.042 0.170 0.026 0.581 0.052 
 25    C1626    (0)    1 :  0.173 0.037 0.047 0.156 0.468 0.119 
 26    C1627    (9)    1 :  0.062 0.189 0.039 0.018 0.663 0.029 
 27    C1633    (0)    1 :  0.041 0.098 0.025 0.026 0.795 0.017 
 28    C1637    (0)    1 :  0.036 0.027 0.017 0.021 0.881 0.019 
 29    C1650    (0)    1 :  0.038 0.741 0.018 0.047 0.133 0.024 
 30    C3202    (0)    1 :  0.031 0.034 0.016 0.013 0.886 0.019 
 31    C3248    (0)    1 :  0.013 0.014 0.016 0.013 0.923 0.021 
 32    C3304    (9)    1 :  0.016 0.027 0.018 0.078 0.847 0.015 
 33    C3326    (0)    1 :  0.038 0.095 0.027 0.074 0.645 0.121 
 34    C3333    (0)    1 :  0.022 0.016 0.015 0.019 0.911 0.017 
 35    C3339   (18)    1 :  0.018 0.021 0.040 0.049 0.850 0.021 
 36    C3346    (0)    1 :  0.007 0.016 0.012 0.011 0.945 0.010 
 37    C3349    (0)    1 :  0.017 0.019 0.033 0.044 0.858 0.030 
 38    C3367   (18)    1 :  0.041 0.262 0.029 0.035 0.608 0.026 
 39    C3374    (0)    1 :  0.009 0.101 0.015 0.012 0.851 0.013 
 40    C3405    (0)    1 :  0.017 0.042 0.050 0.088 0.779 0.025 
 41    C4543    (0)    2 :  0.014 0.881 0.025 0.029 0.033 0.018 
 42    C4545    (9)    2 :  0.009 0.901 0.049 0.009 0.018 0.013 
 43    C4551    (9)    2 :  0.036 0.492 0.099 0.040 0.060 0.274 
 44    C4491    (0)    2 :  0.035 0.575 0.096 0.055 0.105 0.134 
 45    C4494    (0)    2 :  0.011 0.520 0.018 0.014 0.422 0.015 
 46    C4495    (0)    2 :  0.031 0.271 0.080 0.033 0.312 0.273 
 47    C4497    (9)    2 :  0.020 0.236 0.024 0.031 0.665 0.024 
 48    C4501    (0)    2 :  0.031 0.230 0.084 0.352 0.234 0.069 
 49    C4502    (0)    2 :  0.016 0.645 0.081 0.023 0.221 0.013 
 50    C4503    (0)    2 :  0.024 0.603 0.315 0.016 0.016 0.026 
 51    C4504    (0)    2 :  0.066 0.388 0.238 0.160 0.040 0.108 
 52    C4470    (0)    2 :  0.052 0.317 0.058 0.095 0.291 0.187 
 53    C4471    (0)    2 :  0.012 0.877 0.026 0.029 0.038 0.017 
 54    C4474    (9)    2 :  0.035 0.856 0.024 0.021 0.009 0.055 
 55    C4476    (0)    2 :  0.022 0.479 0.040 0.033 0.398 0.027 
 56    C4479    (0)    2 :  0.057 0.127 0.013 0.020 0.766 0.017 
 57    C4482    (0)    2 :  0.156 0.644 0.014 0.054 0.084 0.047 
 58    C4483    (0)    2 :  0.015 0.923 0.018 0.017 0.008 0.019 
 59    C4484    (0)    2 :  0.027 0.620 0.075 0.075 0.163 0.040 
 60    C4485    (0)    2 :  0.070 0.170 0.056 0.121 0.463 0.121 
 61    C4489    (0)    2 :  0.022 0.562 0.029 0.041 0.327 0.019 
 62    C4505    (0)    2 :  0.031 0.520 0.036 0.049 0.300 0.064 
 63    C4507    (0)    2 :  0.017 0.472 0.283 0.098 0.052 0.077 
 64    C4535    (0)    2 :  0.037 0.824 0.042 0.031 0.014 0.052 
 65    C4542    (0)    2 :  0.037 0.226 0.047 0.344 0.016 0.331 
 66    C4553    (9)    2 :  0.028 0.807 0.020 0.025 0.064 0.056 
 67    C4562   (18)    2 :  0.033 0.644 0.078 0.024 0.169 0.052 
 68    C4582   (18)    2 :  0.041 0.851 0.020 0.026 0.026 0.036 
 69    C4693    (0)    2 :  0.016 0.923 0.010 0.011 0.028 0.012 
 70    C4696    (0)    2 :  0.046 0.633 0.070 0.029 0.090 0.132 
 71    C3179    (0)    2 :  0.017 0.032 0.085 0.033 0.803 0.031 
 72    C3181    (0)    2 :  0.039 0.053 0.026 0.073 0.752 0.057 
 73    C3188    (0)    2 :  0.033 0.108 0.047 0.065 0.708 0.040 
 74    C3190    (0)    2 :  0.028 0.039 0.017 0.090 0.795 0.031 
 75    C3193    (0)    2 :  0.028 0.027 0.010 0.013 0.901 0.021 
 76    C3232    (0)    2 :  0.012 0.423 0.019 0.017 0.513 0.016 
 77    C3236    (0)    2 :  0.009 0.040 0.008 0.010 0.924 0.010 
 78    C3249    (0)    2 :  0.029 0.038 0.030 0.048 0.827 0.028 
 79    C3250    (0)    2 :  0.016 0.129 0.013 0.022 0.805 0.015 
 80    C3253    (0)    2 :  0.031 0.278 0.019 0.025 0.614 0.033 
 81    C3255    (0)    2 :  0.012 0.165 0.013 0.013 0.778 0.018 
 82    C3277    (0)    2 :  0.088 0.029 0.044 0.066 0.705 0.068 
 83    C3315    (0)    2 :  0.261 0.200 0.203 0.127 0.084 0.126 
 84    C3288    (0)    2 :  0.037 0.088 0.024 0.018 0.810 0.022 
 85    C3293    (0)    2 :  0.068 0.282 0.072 0.124 0.327 0.127 
 86    C4018    (0)    3 :  0.008 0.904 0.009 0.016 0.054 0.010 
 87    C3980    (0)    3 :  0.014 0.919 0.012 0.017 0.023 0.015 
 88    C3987    (0)    3 :  0.014 0.910 0.016 0.016 0.031 0.014 
 89    C3988    (0)    3 :  0.013 0.814 0.015 0.010 0.128 0.020 
 90    C3989    (0)    3 :  0.014 0.329 0.016 0.058 0.426 0.158 
 91    C4011    (0)    3 :  0.007 0.888 0.007 0.008 0.084 0.006 
 92    C4017    (0)    3 :  0.007 0.957 0.008 0.008 0.014 0.007 
 93    C4296    (0)    3 :  0.084 0.128 0.133 0.125 0.234 0.297 
 94    C4301    (9)    3 :  0.016 0.011 0.044 0.883 0.020 0.026 
 95    C4303    (0)    3 :  0.413 0.022 0.034 0.045 0.435 0.051 
 96    C4453    (0)    3 :  0.078 0.424 0.122 0.053 0.301 0.022 
 97    C4455    (9)    3 :  0.084 0.323 0.035 0.035 0.481 0.043 
 98    C4456   (18)    3 :  0.175 0.399 0.202 0.068 0.099 0.057 
 99    C4457    (9)    3 :  0.112 0.080 0.044 0.141 0.546 0.077 
100    C4459    (9)    3 :  0.026 0.530 0.015 0.020 0.379 0.031 
101    C4464   (18)    3 :  0.009 0.235 0.013 0.012 0.718 0.013 
102    C4467   (18)    3 :  0.010 0.222 0.011 0.010 0.735 0.011 
103    C4468    (9)    3 :  0.070 0.124 0.018 0.021 0.748 0.019 
104    C4783    (0)    3 :  0.016 0.829 0.017 0.014 0.041 0.082 
105    C4786    (0)    3 :  0.016 0.519 0.016 0.031 0.397 0.022 
106    C4789    (9)    3 :  0.016 0.508 0.014 0.080 0.359 0.023 
107    C4891    (0)    3 :  0.022 0.366 0.035 0.034 0.351 0.191 
108    C4896    (0)    3 :  0.092 0.537 0.041 0.111 0.089 0.130 
109    C4898    (0)    3 :  0.022 0.835 0.018 0.018 0.069 0.039 
110    C4901    (0)    3 :  0.021 0.508 0.014 0.023 0.407 0.027 
111    C4903    (9)    3 :  0.063 0.176 0.022 0.093 0.574 0.073 
112    C4904    (0)    3 :  0.009 0.857 0.012 0.026 0.055 0.041 
113    C3263    (0)    3 :  0.019 0.013 0.117 0.013 0.825 0.013 
114    C3271    (0)    3 :  0.011 0.031 0.016 0.021 0.904 0.017 
115    C3272    (0)    3 :  0.011 0.021 0.029 0.057 0.852 0.030 
116    C3276    (0)    3 :  0.033 0.017 0.063 0.362 0.479 0.046 
117    C3280    (9)    3 :  0.040 0.097 0.297 0.052 0.427 0.087 
118    C3305    (9)    3 :  0.015 0.060 0.022 0.039 0.844 0.022 
119    C3306    (0)    3 :  0.032 0.034 0.066 0.027 0.798 0.043 
120    C3324    (0)    3 :  0.018 0.042 0.431 0.050 0.340 0.119 
121    C3329    (0)    3 :  0.044 0.210 0.162 0.060 0.381 0.143 
122    C3336    (0)    3 :  0.019 0.036 0.023 0.062 0.825 0.034 
123    C3341   (18)    3 :  0.040 0.052 0.749 0.038 0.065 0.056 
124    C3409   (18)    3 :  0.051 0.049 0.082 0.127 0.603 0.088 
125    C3168    (9)    3 :  0.012 0.034 0.024 0.019 0.892 0.019 
126    C3170    (0)    3 :  0.012 0.037 0.019 0.032 0.880 0.020 
127    C3214   (18)    3 :  0.030 0.022 0.012 0.162 0.758 0.015 
128    C3227    (0)    3 :  0.023 0.033 0.020 0.047 0.859 0.018 
129    C3228    (0)    3 :  0.049 0.230 0.051 0.058 0.554 0.058 
130    C3279    (0)    3 :  0.026 0.027 0.023 0.092 0.709 0.124 
131    C3322    (0)    3 :  0.148 0.108 0.021 0.212 0.197 0.314 
132    C3303    (0)    3 :  0.016 0.015 0.033 0.046 0.853 0.038 
133    C3317    (0)    3 :  0.019 0.035 0.025 0.016 0.883 0.022 
134    C3355    (0)    3 :  0.010 0.021 0.014 0.010 0.933 0.012 
135    C3376    (9)    3 :  0.024 0.039 0.018 0.043 0.854 0.021 
136    C3401    (0)    3 :  0.032 0.052 0.026 0.032 0.820 0.037 
137    C3203    (9)    3 :  0.040 0.039 0.053 0.057 0.791 0.021 
138    C3245    (0)    3 :  0.024 0.013 0.013 0.030 0.898 0.022 
139    C3302    (0)    3 :  0.026 0.022 0.038 0.033 0.840 0.040 
140    C3307    (0)    3 :  0.122 0.190 0.290 0.015 0.328 0.054 
141    C3310    (0)    3 :  0.016 0.013 0.025 0.017 0.906 0.023 
142    C3312    (9)    3 :  0.047 0.184 0.032 0.027 0.637 0.074 
143    C3345    (0)    3 :  0.014 0.029 0.038 0.018 0.887 0.015 
144    C3371    (0)    3 :  0.017 0.017 0.101 0.015 0.826 0.025 
145    C3372    (0)    3 :  0.025 0.040 0.055 0.020 0.832 0.029 
146    C3380    (9)    3 :  0.010 0.058 0.009 0.010 0.905 0.008 
147    C3417    (0)    3 :  0.036 0.340 0.274 0.039 0.266 0.046 
148    C4569    (9)    4 :  0.077 0.262 0.209 0.201 0.037 0.213 
149    C4570    (9)    4 :  0.016 0.919 0.016 0.013 0.020 0.017 
150    C4571    (9)    4 :  0.032 0.795 0.018 0.022 0.112 0.020 
151    C4572    (9)    4 :  0.022 0.920 0.016 0.014 0.013 0.015 
152    C4573    (9)    4 :  0.571 0.147 0.044 0.120 0.040 0.078 
153    C4575    (9)    4 :  0.148 0.641 0.039 0.079 0.049 0.044 
154    C4577    (9)    4 :  0.012 0.899 0.018 0.017 0.026 0.028 
155    C4578    (9)    4 :  0.113 0.640 0.032 0.094 0.048 0.072 
156    C4600   (18)    4 :  0.050 0.497 0.037 0.069 0.035 0.312 
157    C4612    (9)    4 :  0.030 0.689 0.023 0.191 0.025 0.042 
158    C4621    (0)    4 :  0.016 0.923 0.007 0.014 0.029 0.011 
159    C4622    (9)    4 :  0.011 0.935 0.012 0.012 0.015 0.015 
160    C4623    (0)    4 :  0.072 0.209 0.437 0.065 0.158 0.059 
161    C4624    (0)    4 :  0.063 0.849 0.021 0.021 0.017 0.028 
162    C4625    (0)    4 :  0.563 0.191 0.021 0.080 0.049 0.095 
163    C4627    (0)    4 :  0.029 0.891 0.019 0.023 0.021 0.018 
164    C4631    (0)    4 :  0.025 0.602 0.316 0.015 0.017 0.025 
165    C4632    (0)    4 :  0.019 0.902 0.016 0.014 0.030 0.020 
166    C3939    (0)    4 :  0.011 0.863 0.016 0.035 0.053 0.022 
167    C3940    (0)    4 :  0.011 0.788 0.028 0.078 0.023 0.071 
168    C3945    (0)    4 :  0.007 0.946 0.009 0.009 0.014 0.015 
169    C4520    (0)    4 :  0.041 0.097 0.077 0.504 0.116 0.166 
170    C4522    (0)    4 :  0.010 0.914 0.011 0.012 0.042 0.011 
171    C3182    (0)    4 :  0.014 0.033 0.023 0.017 0.895 0.018 
172    C3189    (0)    4 :  0.213 0.071 0.044 0.115 0.456 0.100 
173    C3191    (9)    4 :  0.049 0.025 0.030 0.022 0.856 0.019 
174    C3196    (0)    4 :  0.025 0.016 0.016 0.029 0.891 0.023 
175    C3208    (0)    4 :  0.046 0.219 0.056 0.052 0.590 0.036 
176    C3211    (0)    4 :  0.016 0.035 0.023 0.041 0.852 0.033 
177    C3212    (0)    4 :  0.015 0.111 0.219 0.411 0.162 0.082 
178    C3213    (0)    4 :  0.017 0.018 0.038 0.041 0.847 0.038 
179    C3215    (0)    4 :  0.217 0.122 0.043 0.130 0.388 0.101 
180    C3217    (0)    4 :  0.017 0.022 0.026 0.021 0.884 0.029 
181    C3225    (9)    4 :  0.038 0.035 0.025 0.072 0.791 0.040 
182    C3226    (0)    4 :  0.013 0.408 0.014 0.013 0.539 0.013 
183    C3238    (9)    4 :  0.029 0.142 0.014 0.027 0.768 0.020 
184    C3239    (0)    4 :  0.025 0.143 0.059 0.044 0.706 0.022 
185    C3269   (18)    4 :  0.186 0.320 0.032 0.173 0.231 0.057 
186    C3273    (0)    4 :  0.040 0.036 0.010 0.033 0.863 0.018 
187    C3274    (0)    4 :  0.027 0.022 0.017 0.122 0.619 0.194 
188    C3354    (0)    4 :  0.018 0.019 0.013 0.021 0.905 0.023 
189    C3361    (0)    4 :  0.016 0.030 0.011 0.023 0.900 0.019 
190    C3289    (0)    4 :  0.023 0.106 0.016 0.039 0.793 0.023 
191    C3169    (0)    4 :  0.015 0.112 0.011 0.020 0.832 0.010 
192    C3199    (9)    4 :  0.042 0.195 0.020 0.030 0.690 0.023 
193    C3224    (0)    4 :  0.022 0.044 0.018 0.026 0.874 0.016 
194    C3261   (18)    4 :  0.010 0.112 0.014 0.014 0.826 0.023 
195    C3320    (0)    4 :  0.034 0.042 0.017 0.035 0.838 0.034 
196    C4151    (0)    5 :  0.011 0.945 0.009 0.008 0.017 0.010 
197    C4152    (0)    5 :  0.016 0.914 0.014 0.016 0.027 0.013 
198    C4153    (0)    5 :  0.035 0.605 0.022 0.060 0.245 0.032 
199    C4154   (18)    5 :  0.012 0.846 0.021 0.022 0.072 0.028 
200    C4157    (0)    5 :  0.020 0.474 0.019 0.023 0.300 0.165 
201    C4158    (0)    5 :  0.017 0.926 0.009 0.010 0.021 0.017 
202    C4163    (0)    5 :  0.007 0.959 0.008 0.007 0.011 0.008 
203    C4165    (0)    5 :  0.056 0.356 0.170 0.019 0.038 0.361 
204    C4248    (9)    5 :  0.033 0.153 0.021 0.033 0.721 0.039 
205    C4254    (0)    5 :  0.016 0.275 0.023 0.036 0.613 0.037 
206    C4371    (9)    5 :  0.024 0.534 0.075 0.027 0.312 0.029 
207    C3936    (0)    5 :  0.016 0.910 0.020 0.016 0.018 0.022 
208    C3937    (0)    5 :  0.011 0.947 0.009 0.008 0.015 0.010 
209    C3944    (0)    5 :  0.008 0.905 0.012 0.009 0.057 0.009 
210    C3954    (0)    5 :  0.030 0.559 0.009 0.019 0.372 0.011 
211    C3955    (9)    5 :  0.040 0.679 0.011 0.040 0.206 0.025 
212    C3961    (0)    5 :  0.012 0.894 0.030 0.019 0.028 0.017 
213    C3974    (0)    5 :  0.020 0.906 0.015 0.025 0.017 0.018 
214    C4024    (0)    5 :  0.015 0.808 0.052 0.024 0.078 0.022 
215    C4025    (0)    5 :  0.022 0.863 0.052 0.020 0.027 0.016 
216    C4028    (0)    5 :  0.074 0.753 0.031 0.040 0.054 0.048 
217    C4032   (18)    5 :  0.018 0.465 0.014 0.019 0.471 0.013 
218    C4033   (18)    5 :  0.016 0.056 0.013 0.014 0.885 0.015 
219    C4034    (0)    5 :  0.026 0.061 0.110 0.039 0.686 0.079 
220    C4041    (9)    5 :  0.020 0.057 0.159 0.177 0.538 0.049 
221    C4042   (18)    5 :  0.030 0.187 0.181 0.025 0.416 0.161 
222    C4043    (9)    5 :  0.028 0.512 0.027 0.029 0.377 0.027 
223    C4044    (9)    5 :  0.074 0.167 0.511 0.083 0.083 0.081 
224    C4045    (9)    5 :  0.045 0.245 0.016 0.023 0.636 0.036 
225    C4046    (9)    5 :  0.034 0.100 0.047 0.015 0.779 0.025 
226    C4047    (0)    5 :  0.081 0.066 0.028 0.064 0.639 0.121 
227    C4048    (9)    5 :  0.062 0.058 0.106 0.050 0.650 0.074 
228    C4055    (9)    5 :  0.054 0.568 0.033 0.041 0.259 0.045 
229    C4057   (18)    5 :  0.015 0.551 0.066 0.030 0.316 0.023 
230    C4059    (0)    5 :  0.024 0.054 0.014 0.021 0.872 0.015 
231    C4060    (9)    5 :  0.027 0.716 0.022 0.038 0.170 0.027 
232    C4064    (9)    5 :  0.265 0.172 0.028 0.054 0.290 0.192 
233    C4067    (0)    5 :  0.119 0.043 0.090 0.034 0.676 0.038 
234    C4068    (9)    5 :  0.030 0.026 0.019 0.025 0.879 0.022 
235    C4070    (9)    5 :  0.034 0.198 0.174 0.025 0.519 0.050 
236    C4075   (18)    5 :  0.026 0.163 0.031 0.037 0.703 0.039 
237    C4081    (9)    5 :  0.034 0.058 0.031 0.036 0.802 0.040 
238    C4082    (0)    5 :  0.051 0.500 0.027 0.057 0.325 0.039 
239    C4083    (0)    5 :  0.079 0.155 0.316 0.063 0.166 0.221 
240    C4086    (0)    5 :  0.283 0.143 0.018 0.047 0.461 0.048 
241    C4088    (9)    5 :  0.834 0.033 0.013 0.024 0.050 0.047 
242    C4092    (0)    5 :  0.017 0.594 0.088 0.038 0.231 0.032 
243    C4099    (9)    5 :  0.032 0.088 0.084 0.122 0.640 0.033 
244    C4104    (0)    5 :  0.016 0.878 0.027 0.018 0.041 0.020 
245    C4108   (18)    5 :  0.152 0.012 0.039 0.493 0.015 0.289 
246    C4118    (0)    5 :  0.197 0.096 0.059 0.214 0.199 0.236 
247    C4131    (0)    5 :  0.122 0.545 0.031 0.036 0.193 0.073 
248    C4133    (0)    5 :  0.021 0.217 0.019 0.026 0.698 0.020 
249    C4135    (0)    5 :  0.006 0.922 0.008 0.007 0.048 0.009 
250    C4136    (0)    5 :  0.159 0.576 0.039 0.086 0.032 0.109 
251    C4137    (9)    5 :  0.036 0.580 0.025 0.027 0.273 0.059 
252    C4139    (0)    5 :  0.009 0.908 0.011 0.015 0.041 0.015 
253    C4140    (9)    5 :  0.011 0.889 0.013 0.011 0.050 0.026 
254    C4167    (0)    5 :  0.067 0.651 0.085 0.021 0.056 0.119 
255    C4236    (0)    5 :  0.039 0.088 0.034 0.049 0.722 0.068 
256    C4237    (0)    5 :  0.690 0.066 0.031 0.119 0.026 0.068 
257    C4238    (0)    5 :  0.084 0.250 0.022 0.038 0.575 0.030 
258    C4241    (0)    5 :  0.014 0.058 0.017 0.020 0.864 0.026 
259    C4247    (9)    5 :  0.264 0.283 0.149 0.055 0.197 0.052 
260    C4257    (0)    5 :  0.027 0.054 0.017 0.044 0.839 0.019 
261    C4383    (0)    5 :  0.065 0.442 0.232 0.075 0.115 0.071 
262    C4397    (9)    5 :  0.017 0.556 0.013 0.016 0.359 0.038 
263    C4514    (0)    5 :  0.013 0.909 0.018 0.012 0.035 0.013 
264    C4519    (0)    5 :  0.011 0.771 0.017 0.129 0.050 0.022 
265    C4527    (0)    5 :  0.021 0.476 0.027 0.020 0.428 0.028 
266    C4534    (0)    5 :  0.022 0.437 0.087 0.119 0.292 0.043 
267    C4699    (0)    5 :  0.078 0.816 0.031 0.016 0.028 0.031 
268    C1541    (9)    5 :  0.013 0.038 0.013 0.009 0.915 0.011 
269    C1542    (9)    5 :  0.017 0.026 0.014 0.015 0.909 0.018 
270    C1544    (0)    5 :  0.042 0.085 0.016 0.030 0.805 0.021 
271    C1547    (9)    5 :  0.157 0.065 0.214 0.274 0.194 0.096 
272    C1553    (9)    5 :  0.091 0.150 0.153 0.166 0.094 0.344 
273    C1555    (9)    5 :  0.039 0.052 0.020 0.044 0.798 0.047 
274    C1557    (0)    5 :  0.029 0.096 0.025 0.021 0.801 0.028 
275    C1560    (0)    5 :  0.012 0.023 0.019 0.040 0.890 0.017 
276    C1565    (0)    5 :  0.012 0.024 0.036 0.018 0.876 0.033 
277    C1567    (0)    5 :  0.038 0.056 0.031 0.058 0.788 0.029 
278    C1569    (0)    5 :  0.017 0.060 0.020 0.014 0.869 0.020 
279    C1571    (0)    5 :  0.081 0.074 0.038 0.095 0.670 0.042 
280    C1576    (0)    5 :  0.112 0.306 0.033 0.045 0.475 0.029 
281    C1577    (9)    5 :  0.046 0.051 0.019 0.041 0.812 0.032 
282    C1579    (0)    5 :  0.017 0.023 0.013 0.016 0.911 0.020 
283    C3990    (0)    6 :  0.009 0.950 0.009 0.008 0.017 0.008 
284    C3991    (0)    6 :  0.051 0.801 0.067 0.031 0.027 0.024 
285    C3992    (0)    6 :  0.043 0.827 0.022 0.060 0.019 0.029 
286    C3994    (0)    6 :  0.057 0.412 0.165 0.066 0.257 0.043 
287    C4172    (0)    6 :  0.147 0.501 0.091 0.110 0.012 0.139 
288    C4173    (9)    6 :  0.018 0.337 0.562 0.024 0.033 0.026 
289    C4232    (9)    6 :  0.009 0.017 0.009 0.009 0.948 0.008 
290    C4234    (9)    6 :  0.012 0.036 0.009 0.012 0.919 0.013 
291    C4259    (0)    6 :  0.011 0.028 0.012 0.011 0.926 0.012 
292    C4260    (0)    6 :  0.010 0.222 0.010 0.016 0.732 0.010 
293    C4261    (9)    6 :  0.064 0.221 0.155 0.085 0.237 0.237 
294    C4262    (0)    6 :  0.015 0.493 0.082 0.031 0.342 0.037 
295    C4263    (0)    6 :  0.053 0.047 0.031 0.014 0.835 0.021 
296    C4267    (9)    6 :  0.048 0.467 0.017 0.019 0.423 0.026 
297    C4269    (0)    6 :  0.027 0.608 0.045 0.017 0.261 0.042 
298    C4272    (0)    6 :  0.015 0.094 0.023 0.027 0.819 0.023 
299    C4274    (0)    6 :  0.017 0.058 0.018 0.425 0.445 0.036 
300    C4276    (9)    6 :  0.068 0.012 0.030 0.794 0.063 0.033 
301    C4278    (0)    6 :  0.036 0.511 0.051 0.069 0.292 0.040 
302    C4280    (0)    6 :  0.017 0.389 0.024 0.050 0.465 0.055 
303    C4281    (0)    6 :  0.019 0.049 0.023 0.016 0.869 0.024 
304    C4282    (0)    6 :  0.061 0.020 0.212 0.039 0.520 0.148 
305    C4284    (9)    6 :  0.011 0.632 0.011 0.011 0.324 0.012 
306    C4286    (9)    6 :  0.036 0.227 0.035 0.098 0.537 0.067 
307    C4287    (0)    6 :  0.016 0.347 0.071 0.080 0.400 0.085 
308    C4290    (0)    6 :  0.276 0.050 0.114 0.395 0.070 0.095 
309    C4307   (18)    6 :  0.021 0.577 0.045 0.044 0.263 0.050 
310    C4310    (9)    6 :  0.058 0.099 0.012 0.047 0.764 0.020 
311    C4311   (18)    6 :  0.023 0.054 0.023 0.043 0.829 0.027 
312    C4312    (0)    6 :  0.031 0.138 0.018 0.021 0.770 0.022 
313    C4314    (0)    6 :  0.145 0.025 0.016 0.025 0.754 0.035 
314    C4318    (9)    6 :  0.014 0.078 0.084 0.053 0.732 0.038 
315    C4321    (9)    6 :  0.015 0.530 0.054 0.068 0.306 0.026 
316    C4324    (0)    6 :  0.015 0.318 0.089 0.052 0.498 0.028 
317    C4334    (0)    6 :  0.010 0.759 0.037 0.018 0.165 0.011 
318    C4529    (0)    6 :  0.054 0.111 0.046 0.042 0.704 0.043 
319    C1582    (9)    6 :  0.021 0.344 0.020 0.023 0.572 0.020 
320    C1583    (0)    6 :  0.075 0.044 0.025 0.040 0.786 0.030 
321    C1584    (9)    6 :  0.032 0.172 0.015 0.047 0.714 0.019 
322    C1585    (0)    6 :  0.019 0.667 0.011 0.015 0.278 0.010 
323    C1586    (0)    6 :  0.033 0.147 0.119 0.021 0.644 0.037 
324    C1589    (0)    6 :  0.014 0.495 0.014 0.014 0.451 0.013 
325    C1591    (0)    6 :  0.017 0.334 0.015 0.017 0.605 0.012 
326    C1592    (0)    6 :  0.027 0.036 0.044 0.030 0.836 0.027 
327    C1594    (0)    6 :  0.076 0.130 0.018 0.024 0.732 0.021 
328    C1597    (9)    6 :  0.031 0.052 0.023 0.051 0.811 0.033 
329    C1598    (9)    6 :  0.038 0.657 0.015 0.019 0.252 0.020 
330    C1599    (0)    6 :  0.011 0.028 0.015 0.034 0.893 0.019 
331    C1601    (0)    6 :  0.089 0.515 0.036 0.038 0.243 0.079 
332    C1605    (0)    6 :  0.129 0.164 0.066 0.397 0.110 0.134 
333    C1609    (0)    6 :  0.014 0.626 0.014 0.015 0.318 0.012 
334    C1610    (0)    6 :  0.080 0.020 0.019 0.095 0.699 0.088 
335    C1611    (0)    6 :  0.013 0.013 0.064 0.017 0.872 0.020 
336    C1612    (0)    6 :  0.011 0.012 0.008 0.010 0.950 0.010 
337    C1613    (0)    6 :  0.026 0.035 0.043 0.024 0.856 0.016 
338    C3173    (9)    6 :  0.041 0.050 0.048 0.050 0.751 0.060 
339    C3204    (0)    6 :  0.022 0.038 0.019 0.019 0.883 0.019 
340    C3223    (9)    6 :  0.021 0.027 0.099 0.530 0.275 0.048 
341    C3262    (0)    6 :  0.067 0.034 0.029 0.048 0.791 0.031 
342    C3270    (0)    6 :  0.022 0.383 0.022 0.026 0.520 0.027 
343    C3300    (0)    6 :  0.010 0.795 0.010 0.012 0.164 0.009 
344    C3330    (0)    6 :  0.017 0.367 0.023 0.036 0.513 0.045 
345    C3390    (9)    6 :  0.022 0.323 0.029 0.024 0.575 0.028 
346    C3424    (9)    6 :  0.016 0.052 0.016 0.029 0.823 0.065 
347    C3958    (0)    6 :  0.010 0.908 0.017 0.011 0.034 0.020 
348    C3962    (0)    6 :  0.009 0.914 0.016 0.014 0.023 0.024 
349    C4019    (0)    6 :  0.055 0.078 0.064 0.079 0.013 0.710 
350    C3995   (18)    6 :  0.022 0.873 0.044 0.017 0.020 0.025 
351    C4000    (0)    6 :  0.020 0.695 0.080 0.029 0.039 0.138 
352    C4002    (0)    6 :  0.015 0.888 0.023 0.013 0.035 0.026 
353    C1692    (0)    7 :  0.054 0.113 0.043 0.341 0.022 0.426 
354    C1693    (0)    7 :  0.019 0.050 0.189 0.435 0.225 0.084 
355    C1694    (0)    7 :  0.133 0.026 0.362 0.243 0.105 0.131 
356    C1698    (0)    7 :  0.093 0.010 0.194 0.317 0.018 0.367 
357    C1699    (0)    7 :  0.566 0.026 0.059 0.187 0.026 0.136 
358    C1700    (0)    7 :  0.099 0.090 0.183 0.123 0.056 0.450 
359    C1701    (0)    7 :  0.430 0.012 0.044 0.085 0.022 0.407 
360    C1702    (0)    7 :  0.124 0.015 0.078 0.267 0.013 0.502 
361    C1703    (0)    7 :  0.094 0.020 0.411 0.141 0.012 0.322 
362    C1704    (0)    7 :  0.051 0.059 0.373 0.209 0.099 0.209 
363    C1705    (0)    7 :  0.022 0.154 0.550 0.209 0.012 0.053 
364    C1706    (0)    7 :  0.509 0.012 0.070 0.220 0.023 0.166 
365    C1707    (0)    7 :  0.181 0.026 0.043 0.288 0.393 0.069 
366    C1708    (0)    7 :  0.025 0.017 0.773 0.039 0.013 0.133 
367    C1709    (0)    7 :  0.029 0.059 0.761 0.038 0.022 0.092 
368    C1710    (0)    7 :  0.120 0.029 0.154 0.122 0.034 0.540 
369    C1712    (0)    7 :  0.016 0.022 0.715 0.040 0.009 0.197 
370    C1714    (0)    7 :  0.022 0.015 0.882 0.026 0.014 0.042 
371    C1715    (0)    7 :  0.132 0.017 0.023 0.467 0.027 0.333 
372    C1717    (0)    7 :  0.037 0.016 0.077 0.594 0.112 0.164 
373    C1718   (18)    7 :  0.115 0.019 0.069 0.245 0.057 0.494 
374    C1719    (0)    7 :  0.022 0.094 0.719 0.033 0.065 0.067 
375    C1656    (0)    8 :  0.552 0.043 0.078 0.048 0.010 0.269 
376    C1657   (18)    8 :  0.254 0.020 0.465 0.081 0.021 0.158 
377    C1658    (0)    8 :  0.206 0.010 0.049 0.309 0.009 0.416 
378    C1659    (0)    8 :  0.165 0.027 0.021 0.620 0.045 0.122 
379    C1661    (9)    8 :  0.109 0.038 0.112 0.215 0.075 0.451 
380    C1665    (0)    8 :  0.323 0.016 0.062 0.148 0.025 0.427 
381    C1667    (9)    8 :  0.017 0.006 0.915 0.020 0.008 0.034 
382    C1676    (9)    8 :  0.229 0.025 0.124 0.032 0.016 0.573 
383    C1681    (9)    8 :  0.361 0.019 0.131 0.266 0.026 0.197 
384    C1682    (0)    8 :  0.130 0.028 0.513 0.065 0.014 0.251 
385    C1685    (0)    8 :  0.158 0.038 0.037 0.022 0.026 0.719 
386    C4707    (0)    9 :  0.038 0.070 0.039 0.021 0.028 0.804 
387    C4747    (0)    9 :  0.024 0.100 0.567 0.112 0.116 0.080 
388    C4772    (0)    9 :  0.105 0.455 0.038 0.068 0.073 0.261 
389    C4781    (0)    9 :  0.033 0.041 0.774 0.055 0.025 0.073 
390    C4782    (0)    9 :  0.099 0.106 0.243 0.220 0.069 0.263 
391    C4787    (0)    9 :  0.054 0.128 0.080 0.626 0.019 0.094 
392    C4790    (0)    9 :  0.051 0.097 0.569 0.031 0.017 0.236 
393    C4803    (0)    9 :  0.056 0.100 0.139 0.394 0.049 0.262 
394    C4813    (0)    9 :  0.071 0.618 0.056 0.095 0.023 0.137 
395    C4837    (0)    9 :  0.029 0.103 0.040 0.111 0.031 0.685 
396    C4838    (0)    9 :  0.086 0.084 0.063 0.549 0.014 0.204 
397    C4843    (0)    9 :  0.094 0.053 0.047 0.088 0.032 0.686 
398    C4857    (0)    9 :  0.035 0.847 0.022 0.032 0.034 0.030 
399    C4828    (0)    9 :  0.230 0.040 0.097 0.158 0.254 0.221 
400    C4835    (0)    9 :  0.091 0.673 0.026 0.133 0.015 0.063 
401    C4836    (9)    9 :  0.047 0.180 0.188 0.228 0.038 0.318 
402    C4842    (0)    9 :  0.305 0.033 0.099 0.082 0.014 0.467 
403    C4863    (9)    9 :  0.032 0.055 0.180 0.538 0.022 0.173 
404    C4744    (0)    9 :  0.140 0.024 0.224 0.117 0.022 0.473 
405    C4745    (0)    9 :  0.196 0.085 0.056 0.313 0.026 0.324 
406    C4768    (0)    9 :  0.070 0.194 0.344 0.028 0.047 0.317 
407    C4769    (0)    9 :  0.539 0.094 0.086 0.102 0.012 0.167 
408    C4771    (0)    9 :  0.068 0.016 0.058 0.065 0.014 0.779 
409    C4784    (0)    9 :  0.060 0.177 0.628 0.044 0.020 0.071 
410    C4785    (0)    9 :  0.044 0.029 0.839 0.026 0.023 0.040 
411    C4795    (0)    9 :  0.041 0.115 0.673 0.072 0.048 0.050 
412    C4796    (0)    9 :  0.059 0.016 0.145 0.113 0.016 0.651 
413    C4800    (0)    9 :  0.024 0.254 0.018 0.473 0.010 0.221 
414    C4801    (0)    9 :  0.263 0.528 0.047 0.053 0.018 0.090 
415    C4802    (0)    9 :  0.254 0.139 0.030 0.155 0.300 0.121 
416    C4805    (0)    9 :  0.226 0.072 0.148 0.051 0.016 0.488 
417    C4806    (0)    9 :  0.273 0.038 0.027 0.114 0.011 0.537 
418    C4850    (0)    9 :  0.056 0.178 0.040 0.103 0.086 0.537 
419    C4748    (0)   10 :  0.649 0.118 0.102 0.058 0.009 0.064 
420    C4753    (0)   10 :  0.102 0.033 0.124 0.173 0.022 0.546 
421    C4754    (0)   10 :  0.055 0.074 0.070 0.024 0.019 0.759 
422    C4760    (0)   10 :  0.030 0.177 0.050 0.254 0.111 0.378 
423    C4761    (0)   10 :  0.499 0.263 0.097 0.039 0.011 0.091 
424    C4762    (0)   10 :  0.052 0.151 0.594 0.126 0.013 0.064 
425    C4791    (0)   10 :  0.052 0.140 0.084 0.392 0.010 0.323 
426    C4810    (0)   10 :  0.757 0.042 0.030 0.061 0.077 0.033 
427    C4812    (0)   10 :  0.240 0.040 0.032 0.248 0.056 0.385 
428    C4821    (0)   10 :  0.042 0.076 0.094 0.141 0.099 0.548 
429    C4864    (0)   10 :  0.032 0.563 0.032 0.037 0.065 0.271 
430    C4866    (0)   10 :  0.624 0.029 0.035 0.170 0.015 0.127 
431    C1722    (0)   10 :  0.477 0.014 0.041 0.251 0.045 0.171 
432    C1724    (0)   10 :  0.665 0.015 0.015 0.209 0.009 0.087 
433    C1725    (0)   10 :  0.349 0.013 0.059 0.328 0.049 0.202 
434    C1726    (0)   10 :  0.088 0.014 0.108 0.209 0.013 0.567 
435    C1731    (0)   10 :  0.466 0.048 0.106 0.167 0.023 0.191 
436    C1733    (9)   10 :  0.294 0.026 0.025 0.506 0.030 0.119 
437    C1734    (0)   10 :  0.068 0.054 0.043 0.404 0.024 0.406 
438    C1735    (0)   10 :  0.187 0.009 0.030 0.596 0.012 0.166 
439    C1738    (0)   10 :  0.447 0.027 0.018 0.353 0.040 0.115 
440    C1740    (9)   10 :  0.179 0.049 0.064 0.223 0.113 0.371 
441    C1741    (0)   10 :  0.022 0.272 0.178 0.305 0.080 0.142 
442    C1742    (0)   10 :  0.086 0.024 0.023 0.045 0.020 0.802 
443    C1743    (0)   10 :  0.119 0.024 0.485 0.225 0.023 0.125 
444    C1745    (0)   10 :  0.085 0.067 0.049 0.334 0.026 0.439 
445    C1746    (0)   10 :  0.314 0.075 0.123 0.173 0.039 0.276 
446    C1747    (0)   10 :  0.284 0.030 0.206 0.347 0.054 0.079 
447    C4742    (9)   10 :  0.064 0.326 0.180 0.052 0.032 0.345 
448    C4752    (0)   10 :  0.062 0.835 0.027 0.034 0.023 0.020 
449    C4792    (0)   10 :  0.177 0.399 0.099 0.052 0.086 0.186 
450    C4811    (0)   10 :  0.020 0.824 0.027 0.051 0.038 0.039 
451    C4814    (0)   10 :  0.074 0.436 0.108 0.061 0.028 0.293 
452    C4815    (0)   10 :  0.036 0.069 0.052 0.698 0.039 0.106 
453    C4818    (0)   10 :  0.209 0.280 0.077 0.175 0.079 0.180 
454    C4819    (0)   10 :  0.195 0.337 0.078 0.056 0.043 0.291 
455    C4826    (0)   10 :  0.100 0.026 0.090 0.231 0.010 0.543 
456    C4829    (0)   10 :  0.080 0.025 0.422 0.122 0.056 0.295 
457    C4830    (0)   10 :  0.016 0.028 0.128 0.041 0.015 0.772 
458    C4831    (0)   10 :  0.060 0.750 0.059 0.020 0.041 0.071 
459    C4832    (0)   10 :  0.095 0.027 0.484 0.061 0.015 0.318 
460    C4858    (0)   10 :  0.021 0.331 0.503 0.065 0.011 0.069 
461    C4757    (0)   10 :  0.214 0.122 0.045 0.139 0.073 0.408 
462    C4770    (9)   10 :  0.022 0.131 0.057 0.271 0.459 0.059 
463    C4808    (0)   10 :  0.039 0.095 0.051 0.070 0.025 0.720 
464    C4809    (0)   10 :  0.073 0.013 0.015 0.034 0.010 0.855 
465    C4820    (0)   10 :  0.175 0.065 0.216 0.258 0.016 0.270 
466    C4824    (0)   10 :  0.018 0.034 0.207 0.467 0.010 0.264 
467    C4706    (0)   11 :  0.384 0.018 0.060 0.238 0.012 0.288 
468    C4708    (0)   11 :  0.013 0.924 0.013 0.012 0.025 0.014 
469    C4709    (0)   11 :  0.028 0.048 0.819 0.055 0.015 0.036 
470    C4714    (0)   11 :  0.047 0.260 0.488 0.054 0.030 0.121 
471    C4722    (0)   11 :  0.130 0.103 0.392 0.051 0.021 0.303 
472    C4726    (0)   11 :  0.333 0.163 0.039 0.260 0.080 0.126 
473    C4733    (0)   11 :  0.094 0.238 0.200 0.026 0.065 0.377 
474    C4734    (0)   11 :  0.355 0.073 0.073 0.107 0.020 0.372 
475    C4737    (0)   11 :  0.024 0.056 0.810 0.023 0.014 0.073 
476    C4882    (0)   11 :  0.114 0.014 0.066 0.097 0.013 0.696 
477    C4883    (0)   11 :  0.013 0.115 0.818 0.015 0.015 0.022 
478    C4702    (9)   11 :  0.107 0.086 0.174 0.172 0.132 0.329 
479    C4703    (0)   11 :  0.042 0.657 0.091 0.063 0.036 0.111 
480    C4727    (0)   11 :  0.412 0.075 0.130 0.077 0.010 0.296 
481    C4732    (0)   11 :  0.030 0.052 0.721 0.089 0.018 0.090 
482    C4735    (0)   11 :  0.026 0.042 0.042 0.613 0.021 0.256 
483    C4736    (0)   11 :  0.041 0.674 0.192 0.022 0.037 0.034 
484    C4746    (0)   11 :  0.047 0.228 0.434 0.071 0.015 0.204 
485    C4777    (0)   11 :  0.089 0.011 0.025 0.352 0.022 0.502 
486    C4846    (0)   11 :  0.071 0.533 0.087 0.036 0.113 0.160 
487    C4847    (0)   11 :  0.136 0.036 0.036 0.045 0.009 0.738 
488    C4884    (0)   11 :  0.029 0.160 0.165 0.320 0.010 0.315 
489    C4705    (0)   11 :  0.025 0.195 0.019 0.484 0.032 0.244 
490    C4711    (0)   11 :  0.573 0.135 0.159 0.025 0.020 0.088 
491    C4713    (9)   11 :  0.152 0.045 0.086 0.570 0.046 0.102 
492    C4716    (0)   11 :  0.106 0.086 0.159 0.199 0.023 0.426 
493    C4717    (0)   11 :  0.054 0.774 0.032 0.031 0.023 0.086 
494    C4719    (0)   11 :  0.039 0.016 0.034 0.018 0.012 0.881 
495    C4721    (0)   11 :  0.023 0.894 0.017 0.015 0.027 0.025 
496    C4729    (0)   11 :  0.034 0.087 0.029 0.149 0.014 0.687 
497    C4730    (0)   11 :  0.057 0.747 0.073 0.029 0.022 0.071 
498    C4773    (0)   11 :  0.061 0.853 0.015 0.011 0.030 0.029 
499    C4861    (0)   11 :  0.098 0.030 0.020 0.059 0.021 0.772 
500    C4890    (0)   11 :  0.035 0.442 0.127 0.080 0.019 0.297 
501    C4718    (0)   11 :  0.099 0.075 0.201 0.245 0.024 0.356 
502    C4724    (0)   11 :  0.058 0.487 0.054 0.201 0.015 0.185 
503    C4738    (0)   11 :  0.432 0.428 0.022 0.026 0.014 0.077 
504    C4739    (0)   11 :  0.158 0.054 0.042 0.070 0.041 0.634 
505    C4844    (0)   11 :  0.071 0.247 0.041 0.090 0.041 0.509 
506    C4845    (0)   11 :  0.023 0.048 0.805 0.035 0.017 0.071 
507    C4681    (0)   11 :  0.032 0.557 0.021 0.018 0.320 0.053 
508    C4682    (0)   11 :  0.137 0.068 0.354 0.173 0.204 0.064 
509    C4683    (0)   11 :  0.055 0.674 0.046 0.037 0.076 0.112 
510    C4685    (0)   11 :  0.037 0.223 0.184 0.217 0.030 0.308 
511    C4715    (0)   11 :  0.019 0.041 0.245 0.492 0.044 0.159 
512    C4725    (0)   11 :  0.072 0.013 0.241 0.140 0.016 0.517 
513    C4799    (0)   11 :  0.029 0.281 0.093 0.275 0.147 0.175 
514    C4889    (9)   11 :  0.168 0.646 0.071 0.042 0.017 0.056 
515    U1941    (0)   12 :  0.028 0.012 0.011 0.892 0.035 0.020 
516    U1942    (0)   12 :  0.065 0.266 0.089 0.218 0.083 0.279 
517    U1957    (9)   12 :  0.085 0.042 0.053 0.125 0.631 0.064 
518    U2016    (0)   12 :  0.141 0.006 0.044 0.240 0.012 0.556 
519    U2021    (9)   12 :  0.046 0.025 0.329 0.194 0.034 0.371 
520    U2022    (0)   12 :  0.024 0.011 0.254 0.089 0.026 0.597 
521    U2023    (0)   12 :  0.122 0.016 0.084 0.151 0.012 0.614 
522    U2024    (0)   12 :  0.051 0.037 0.120 0.030 0.036 0.725 
523    U2025    (9)   12 :  0.023 0.021 0.088 0.156 0.046 0.666 
524    U2026    (0)   12 :  0.024 0.027 0.136 0.133 0.205 0.476 
525    U2027    (0)   12 :  0.255 0.034 0.095 0.069 0.029 0.517 
526    U2028    (0)   12 :  0.032 0.008 0.044 0.024 0.009 0.883 
527    U2029    (0)   12 :  0.104 0.028 0.244 0.036 0.010 0.579 
528    U2030    (0)   12 :  0.186 0.009 0.169 0.117 0.014 0.504 
529    U2031    (0)   12 :  0.221 0.011 0.069 0.150 0.015 0.534 
530    U1943    (0)   12 :  0.025 0.034 0.831 0.049 0.020 0.042 
531    U1944    (0)   12 :  0.217 0.021 0.573 0.102 0.017 0.071 
532    U1945    (0)   12 :  0.092 0.015 0.441 0.121 0.015 0.316 
533    U1946    (0)   12 :  0.561 0.016 0.063 0.164 0.024 0.171 
534    U1947    (0)   12 :  0.017 0.017 0.076 0.291 0.020 0.579 
535    U1948    (0)   12 :  0.062 0.059 0.097 0.457 0.049 0.275 
536    U1949    (0)   12 :  0.114 0.012 0.093 0.191 0.020 0.571 
537    U1955    (0)   12 :  0.281 0.041 0.033 0.276 0.211 0.158 
538    U2005    (0)   12 :  0.018 0.010 0.251 0.493 0.121 0.107 
539    U2006    (0)   12 :  0.061 0.008 0.023 0.818 0.015 0.074 
540    U2007    (0)   12 :  0.024 0.014 0.037 0.760 0.043 0.121 
541    U2008    (0)   12 :  0.012 0.007 0.019 0.832 0.009 0.121 
542    U2010    (9)   12 :  0.024 0.032 0.161 0.520 0.120 0.142 
543    U2011    (0)   12 :  0.124 0.010 0.023 0.710 0.023 0.110 
544    U2012    (0)   12 :  0.032 0.011 0.154 0.658 0.016 0.129 
545    U2014    (0)   12 :  0.052 0.039 0.136 0.230 0.021 0.522 
546    U2702    (0)   12 :  0.017 0.019 0.912 0.015 0.023 0.015 
547    U2703    (0)   12 :  0.022 0.051 0.804 0.035 0.024 0.063 
548    U2704    (0)   12 :  0.062 0.030 0.106 0.418 0.052 0.331 
549    U2706   (18)   12 :  0.213 0.033 0.071 0.325 0.018 0.340 
550    U2707    (0)   12 :  0.569 0.017 0.125 0.206 0.017 0.066 
551    U2708    (0)   12 :  0.041 0.024 0.172 0.051 0.017 0.695 
552    U2698    (0)   12 :  0.234 0.108 0.076 0.232 0.110 0.239 
553    U2700    (0)   12 :  0.075 0.018 0.091 0.217 0.042 0.558 
554    U1924    (0)   12 :  0.085 0.019 0.139 0.351 0.026 0.381 
555    U1930    (0)   12 :  0.668 0.020 0.035 0.219 0.019 0.040 
556    U1931    (0)   12 :  0.114 0.132 0.132 0.348 0.025 0.249 
