

----------------------------------------------------
STRUCTURE by Pritchard, Stephens and Donnelly (2000)
     and Falush, Stephens and Pritchard (2003)
       Code by Pritchard, Falush and Hubisz
             Version 2.3.4 (Jul 2012)
----------------------------------------------------



Command line arguments:   bin\structure -m G:\My Drive\Hoban_Lab_Docs\Projects\Butternut_JUCI\Graphical_Stat_Results\PostIndRemoval\24pop\Reorg_Results\STR\butternut\50-50\mainparams -e G:\My Drive\Hoban_Lab_Docs\Projects\Butternut_JUCI\Graphical_Stat_Results\PostIndRemoval\24pop\Reorg_Results\STR\butternut\50-50\extraparams 
Input File:    G:\My Drive\Hoban_Lab_Docs\Projects\Butternut_JUCI\Graphical_Stat_Results\PostIndRemoval\24pop\Reorg_Results\STR\butternut\project_data

Run parameters:
   993 individuals
   11 loci
   8 populations assumed
   50000 Burn-in period
   50000 Reps


--------------------------------------------
Proportion of membership of each pre-defined
 population in each of the 8 clusters

Given    Inferred Clusters                                          Number of
 Pop       1      2      3      4      5      6      7      8      Individuals

  1:     0.188  0.041  0.048  0.056  0.234  0.353  0.041  0.038       40
  2:     0.299  0.033  0.027  0.053  0.185  0.326  0.035  0.043       45
  3:     0.170  0.046  0.026  0.040  0.418  0.229  0.042  0.029       62
  4:     0.337  0.050  0.045  0.040  0.309  0.153  0.029  0.036       48
  5:     0.264  0.040  0.050  0.040  0.212  0.317  0.037  0.040       87
  6:     0.180  0.050  0.029  0.049  0.253  0.363  0.036  0.039       70
  7:     0.040  0.132  0.093  0.214  0.031  0.061  0.243  0.185       22
  8:     0.021  0.126  0.137  0.223  0.024  0.025  0.203  0.242       11
  9:     0.175  0.124  0.066  0.164  0.033  0.050  0.150  0.239       33
 10:     0.163  0.142  0.134  0.186  0.044  0.032  0.092  0.206       48
 11:     0.282  0.104  0.074  0.126  0.026  0.037  0.150  0.201       48
 12:     0.029  0.217  0.119  0.186  0.042  0.049  0.141  0.217       90
 13:     0.018  0.134  0.044  0.110  0.029  0.024  0.517  0.124       63
 14:     0.026  0.219  0.108  0.172  0.063  0.089  0.100  0.223       16
 15:     0.074  0.307  0.150  0.121  0.060  0.099  0.071  0.118       31
 16:     0.052  0.021  0.755  0.055  0.012  0.016  0.026  0.062       16
 17:     0.024  0.096  0.043  0.166  0.085  0.075  0.384  0.127       24
 18:     0.033  0.073  0.131  0.307  0.038  0.064  0.093  0.261       12
 19:     0.030  0.164  0.152  0.205  0.036  0.061  0.173  0.179       54
 20:     0.044  0.214  0.263  0.169  0.036  0.059  0.061  0.153       96
 21:     0.018  0.149  0.301  0.183  0.027  0.073  0.153  0.098       22
 22:     0.078  0.067  0.558  0.056  0.048  0.076  0.027  0.090       23
 23:     0.020  0.206  0.351  0.099  0.033  0.024  0.056  0.210       13
 24:     0.040  0.137  0.082  0.233  0.084  0.047  0.155  0.222       19
--------------------------------------------

Allele-freq. divergence among pops (Net nucleotide distance),
computed using point estimates of P.

      1       2       3       4       5       6       7       8      
 1      -    0.0468  0.0520  0.0354  0.0367  0.0352  0.0391  0.0375  
 2   0.0468     -    0.0161  0.0077  0.0321  0.0352  0.0156  0.0094  
 3   0.0520  0.0161     -    0.0121  0.0390  0.0397  0.0239  0.0140  
 4   0.0354  0.0077  0.0121     -    0.0245  0.0271  0.0095  0.0051  
 5   0.0367  0.0321  0.0390  0.0245     -    0.0219  0.0360  0.0337  
 6   0.0352  0.0352  0.0397  0.0271  0.0219     -    0.0355  0.0337  
 7   0.0391  0.0156  0.0239  0.0095  0.0360  0.0355     -    0.0104  
 8   0.0375  0.0094  0.0140  0.0051  0.0337  0.0337  0.0104     -    

Average distances (expected heterozygosity) between individuals in same cluster:
cluster  1  : 0.8207 
cluster  2  : 0.8413 
cluster  3  : 0.8297 
cluster  4  : 0.8615 
cluster  5  : 0.8164 
cluster  6  : 0.8051 
cluster  7  : 0.8482 
cluster  8  : 0.8485 

--------------------------------------------
Estimated Ln Prob of Data   = -46688.9
Mean value of ln likelihood = -44904.4
Variance of ln likelihood   = 3569.1
Mean value of alpha         = 0.0537

Mean value of Fst_1         = 0.0754
Mean value of Fst_2         = 0.0306
Mean value of Fst_3         = 0.0411
Mean value of Fst_4         = 0.0132
Mean value of Fst_5         = 0.0684
Mean value of Fst_6         = 0.0652
Mean value of Fst_7         = 0.0335
Mean value of Fst_8         = 0.0232


Inferred ancestry of individuals:
        Label (%Miss) Pop:  Inferred clusters
  1    C3984    (0)    1 :  0.237 0.013 0.007 0.014 0.015 0.691 0.012 0.010 
  2    C3985    (0)    1 :  0.686 0.010 0.013 0.023 0.091 0.149 0.014 0.015 
  3    C3986    (0)    1 :  0.769 0.011 0.008 0.010 0.108 0.069 0.016 0.009 
  4    C4231    (0)    1 :  0.339 0.042 0.011 0.050 0.065 0.434 0.017 0.042 
  5    C4344    (0)    1 :  0.054 0.019 0.013 0.033 0.751 0.083 0.027 0.020 
  6    C4347   (18)    1 :  0.048 0.025 0.059 0.029 0.502 0.307 0.013 0.018 
  7    C4352   (18)    1 :  0.396 0.018 0.023 0.026 0.060 0.414 0.031 0.032 
  8    C4355    (9)    1 :  0.047 0.045 0.013 0.019 0.118 0.721 0.023 0.014 
  9    C4358   (18)    1 :  0.039 0.072 0.063 0.470 0.015 0.054 0.109 0.178 
 10    C4419    (9)    1 :  0.075 0.131 0.014 0.035 0.017 0.678 0.018 0.032 
 11    C4428    (9)    1 :  0.129 0.019 0.015 0.014 0.133 0.666 0.013 0.010 
 12    C4436    (0)    1 :  0.415 0.012 0.018 0.014 0.113 0.398 0.014 0.015 
 13    C4437   (18)    1 :  0.659 0.037 0.037 0.072 0.038 0.111 0.020 0.026 
 14    C4450    (0)    1 :  0.130 0.078 0.042 0.116 0.028 0.485 0.061 0.060 
 15    C4531    (0)    1 :  0.859 0.015 0.020 0.025 0.009 0.013 0.029 0.030 
 16    C1615    (0)    1 :  0.354 0.053 0.098 0.065 0.055 0.201 0.072 0.102 
 17    C1616    (0)    1 :  0.066 0.259 0.164 0.098 0.083 0.193 0.016 0.120 
 18    C1617    (9)    1 :  0.011 0.030 0.021 0.018 0.117 0.778 0.009 0.015 
 19    C1618    (0)    1 :  0.503 0.023 0.041 0.036 0.028 0.216 0.114 0.039 
 20    C1619    (0)    1 :  0.120 0.026 0.067 0.129 0.086 0.353 0.186 0.034 
 21    C1620    (9)    1 :  0.212 0.019 0.056 0.124 0.049 0.336 0.157 0.048 
 22    C1621    (0)    1 :  0.025 0.046 0.456 0.109 0.033 0.243 0.037 0.050 
 23    C1623    (9)    1 :  0.382 0.045 0.122 0.137 0.015 0.030 0.218 0.050 
 24    C1625    (0)    1 :  0.045 0.020 0.141 0.125 0.092 0.429 0.113 0.035 
 25    C1626    (0)    1 :  0.024 0.099 0.126 0.076 0.036 0.478 0.034 0.128 
 26    C1627    (9)    1 :  0.053 0.011 0.042 0.019 0.025 0.809 0.023 0.018 
 27    C1633    (0)    1 :  0.012 0.011 0.012 0.010 0.015 0.923 0.010 0.008 
 28    C1637    (0)    1 :  0.017 0.019 0.029 0.016 0.038 0.849 0.014 0.020 
 29    C1650    (0)    1 :  0.555 0.045 0.032 0.024 0.055 0.247 0.014 0.028 
 30    C3202    (0)    1 :  0.017 0.010 0.018 0.018 0.900 0.015 0.011 0.010 
 31    C3248    (0)    1 :  0.009 0.010 0.012 0.019 0.132 0.786 0.012 0.020 
 32    C3304    (9)    1 :  0.019 0.058 0.013 0.034 0.690 0.162 0.013 0.012 
 33    C3326    (0)    1 :  0.095 0.061 0.027 0.087 0.426 0.123 0.023 0.158 
 34    C3333    (0)    1 :  0.010 0.013 0.014 0.014 0.914 0.015 0.010 0.010 
 35    C3339   (18)    1 :  0.014 0.063 0.016 0.045 0.261 0.544 0.036 0.020 
 36    C3346    (0)    1 :  0.013 0.008 0.006 0.008 0.932 0.013 0.011 0.008 
 37    C3349    (0)    1 :  0.014 0.075 0.015 0.031 0.715 0.076 0.034 0.040 
 38    C3367   (18)    1 :  0.047 0.025 0.022 0.022 0.836 0.017 0.016 0.014 
 39    C3374    (0)    1 :  0.015 0.008 0.006 0.008 0.024 0.922 0.010 0.008 
 40    C3405    (0)    1 :  0.016 0.067 0.013 0.030 0.723 0.089 0.041 0.021 
 41    C4543    (0)    2 :  0.829 0.030 0.011 0.017 0.049 0.027 0.019 0.016 
 42    C4545    (9)    2 :  0.866 0.010 0.008 0.012 0.013 0.031 0.050 0.010 
 43    C4551    (9)    2 :  0.350 0.030 0.027 0.093 0.018 0.174 0.068 0.239 
 44    C4491    (0)    2 :  0.488 0.035 0.026 0.098 0.083 0.087 0.069 0.114 
 45    C4494    (0)    2 :  0.182 0.011 0.009 0.013 0.632 0.129 0.014 0.012 
 46    C4495    (0)    2 :  0.057 0.015 0.017 0.165 0.618 0.042 0.029 0.056 
 47    C4497    (9)    2 :  0.028 0.016 0.012 0.023 0.045 0.842 0.017 0.017 
 48    C4501    (0)    2 :  0.041 0.069 0.012 0.036 0.015 0.781 0.021 0.026 
 49    C4502    (0)    2 :  0.208 0.023 0.012 0.019 0.046 0.604 0.076 0.012 
 50    C4503    (0)    2 :  0.711 0.011 0.018 0.021 0.013 0.011 0.193 0.022 
 51    C4504    (0)    2 :  0.147 0.104 0.037 0.383 0.057 0.123 0.095 0.054 
 52    C4470    (0)    2 :  0.089 0.026 0.020 0.077 0.028 0.649 0.022 0.089 
 53    C4471    (0)    2 :  0.660 0.029 0.013 0.037 0.030 0.188 0.026 0.017 
 54    C4474    (9)    2 :  0.854 0.016 0.026 0.018 0.008 0.013 0.019 0.048 
 55    C4476    (0)    2 :  0.094 0.012 0.009 0.012 0.019 0.821 0.018 0.016 
 56    C4479    (0)    2 :  0.063 0.017 0.048 0.016 0.109 0.722 0.010 0.014 
 57    C4482    (0)    2 :  0.420 0.039 0.161 0.097 0.159 0.081 0.011 0.033 
 58    C4483    (0)    2 :  0.917 0.011 0.009 0.026 0.007 0.009 0.012 0.009 
 59    C4484    (0)    2 :  0.451 0.066 0.023 0.053 0.209 0.086 0.076 0.037 
 60    C4485    (0)    2 :  0.051 0.050 0.045 0.110 0.421 0.219 0.030 0.076 
 61    C4489    (0)    2 :  0.308 0.030 0.021 0.025 0.097 0.471 0.030 0.019 
 62    C4505    (0)    2 :  0.093 0.017 0.011 0.019 0.024 0.797 0.014 0.026 
 63    C4507    (0)    2 :  0.320 0.051 0.010 0.041 0.012 0.343 0.122 0.099 
 64    C4535    (0)    2 :  0.842 0.019 0.025 0.037 0.011 0.016 0.026 0.023 
 65    C4542    (0)    2 :  0.249 0.261 0.023 0.210 0.014 0.019 0.028 0.195 
 66    C4553    (9)    2 :  0.684 0.020 0.019 0.031 0.088 0.090 0.015 0.053 
 67    C4562   (18)    2 :  0.668 0.015 0.024 0.023 0.053 0.123 0.047 0.047 
 68    C4582   (18)    2 :  0.792 0.024 0.032 0.021 0.022 0.062 0.018 0.030 
 69    C4693    (0)    2 :  0.908 0.010 0.012 0.009 0.018 0.027 0.008 0.009 
 70    C4696    (0)    2 :  0.589 0.021 0.026 0.040 0.035 0.120 0.045 0.124 
 71    C3179    (0)    2 :  0.017 0.018 0.010 0.027 0.791 0.072 0.046 0.018 
 72    C3181    (0)    2 :  0.022 0.043 0.021 0.071 0.172 0.629 0.017 0.025 
 73    C3188    (0)    2 :  0.020 0.026 0.020 0.045 0.132 0.709 0.027 0.021 
 74    C3190    (0)    2 :  0.027 0.060 0.021 0.025 0.818 0.016 0.013 0.020 
 75    C3193    (0)    2 :  0.014 0.013 0.032 0.021 0.324 0.566 0.008 0.022 
 76    C3232    (0)    2 :  0.119 0.012 0.009 0.016 0.113 0.710 0.011 0.011 
 77    C3236    (0)    2 :  0.043 0.009 0.008 0.010 0.814 0.096 0.008 0.012 
 78    C3249    (0)    2 :  0.020 0.055 0.033 0.033 0.342 0.455 0.032 0.030 
 79    C3250    (0)    2 :  0.014 0.012 0.009 0.008 0.026 0.915 0.007 0.009 
 80    C3253    (0)    2 :  0.012 0.008 0.011 0.010 0.010 0.930 0.008 0.011 
 81    C3255    (0)    2 :  0.040 0.010 0.009 0.017 0.121 0.784 0.009 0.011 
 82    C3277    (0)    2 :  0.019 0.038 0.068 0.087 0.096 0.602 0.032 0.058 
 83    C3315    (0)    2 :  0.071 0.062 0.168 0.080 0.017 0.429 0.074 0.099 
 84    C3288    (0)    2 :  0.022 0.012 0.021 0.016 0.888 0.017 0.013 0.011 
 85    C3293    (0)    2 :  0.046 0.031 0.028 0.128 0.695 0.021 0.027 0.024 
 86    C4018    (0)    3 :  0.717 0.017 0.007 0.009 0.211 0.022 0.008 0.009 
 87    C3980    (0)    3 :  0.903 0.012 0.012 0.013 0.027 0.014 0.010 0.010 
 88    C3987    (0)    3 :  0.883 0.010 0.010 0.012 0.024 0.041 0.010 0.010 
 89    C3988    (0)    3 :  0.832 0.007 0.011 0.017 0.053 0.056 0.010 0.014 
 90    C3989    (0)    3 :  0.054 0.017 0.008 0.230 0.615 0.051 0.008 0.018 
 91    C4011    (0)    3 :  0.705 0.006 0.005 0.006 0.128 0.139 0.005 0.006 
 92    C4017    (0)    3 :  0.941 0.006 0.006 0.006 0.011 0.017 0.007 0.006 
 93    C4296    (0)    3 :  0.056 0.068 0.035 0.045 0.031 0.371 0.057 0.337 
 94    C4301    (9)    3 :  0.010 0.819 0.010 0.045 0.054 0.010 0.036 0.017 
 95    C4303    (0)    3 :  0.013 0.043 0.274 0.028 0.548 0.028 0.025 0.041 
 96    C4453    (0)    3 :  0.142 0.033 0.040 0.040 0.557 0.108 0.066 0.013 
 97    C4455    (9)    3 :  0.043 0.012 0.030 0.019 0.849 0.015 0.017 0.014 
 98    C4456   (18)    3 :  0.331 0.043 0.065 0.084 0.338 0.013 0.102 0.023 
 99    C4457    (9)    3 :  0.027 0.048 0.059 0.096 0.676 0.045 0.023 0.027 
100    C4459    (9)    3 :  0.230 0.016 0.019 0.026 0.386 0.283 0.012 0.029 
101    C4464   (18)    3 :  0.064 0.009 0.008 0.010 0.726 0.164 0.010 0.010 
102    C4467   (18)    3 :  0.028 0.007 0.008 0.010 0.267 0.663 0.008 0.009 
103    C4468    (9)    3 :  0.039 0.015 0.052 0.018 0.187 0.661 0.013 0.015 
104    C4783    (0)    3 :  0.703 0.011 0.012 0.035 0.191 0.009 0.013 0.026 
105    C4786    (0)    3 :  0.199 0.021 0.011 0.011 0.706 0.025 0.010 0.017 
106    C4789    (9)    3 :  0.389 0.069 0.011 0.018 0.329 0.161 0.008 0.014 
107    C4891    (0)    3 :  0.053 0.012 0.010 0.026 0.839 0.014 0.018 0.027 
108    C4896    (0)    3 :  0.457 0.077 0.041 0.061 0.284 0.015 0.019 0.045 
109    C4898    (0)    3 :  0.745 0.014 0.014 0.032 0.100 0.060 0.013 0.021 
110    C4901    (0)    3 :  0.125 0.019 0.010 0.017 0.800 0.013 0.006 0.009 
111    C4903    (9)    3 :  0.056 0.035 0.024 0.033 0.809 0.014 0.012 0.017 
112    C4904    (0)    3 :  0.688 0.016 0.008 0.037 0.199 0.020 0.009 0.023 
113    C3263    (0)    3 :  0.014 0.011 0.022 0.043 0.300 0.425 0.171 0.014 
114    C3271    (0)    3 :  0.021 0.023 0.011 0.029 0.100 0.771 0.023 0.020 
115    C3272    (0)    3 :  0.012 0.034 0.008 0.028 0.035 0.850 0.014 0.019 
116    C3276    (0)    3 :  0.014 0.293 0.024 0.102 0.438 0.025 0.072 0.033 
117    C3280    (9)    3 :  0.028 0.024 0.026 0.042 0.026 0.714 0.089 0.051 
118    C3305    (9)    3 :  0.011 0.011 0.007 0.010 0.009 0.933 0.010 0.008 
119    C3306    (0)    3 :  0.020 0.018 0.024 0.084 0.095 0.647 0.081 0.031 
120    C3324    (0)    3 :  0.017 0.015 0.015 0.055 0.016 0.711 0.129 0.043 
121    C3329    (0)    3 :  0.116 0.039 0.025 0.086 0.111 0.431 0.067 0.125 
122    C3336    (0)    3 :  0.026 0.042 0.015 0.025 0.060 0.789 0.016 0.028 
123    C3341   (18)    3 :  0.053 0.031 0.035 0.093 0.030 0.059 0.652 0.047 
124    C3409   (18)    3 :  0.043 0.083 0.050 0.134 0.123 0.460 0.050 0.057 
125    C3168    (9)    3 :  0.013 0.010 0.008 0.015 0.923 0.013 0.010 0.009 
126    C3170    (0)    3 :  0.017 0.019 0.007 0.013 0.881 0.039 0.012 0.012 
127    C3214   (18)    3 :  0.020 0.206 0.031 0.021 0.609 0.089 0.010 0.015 
128    C3227    (0)    3 :  0.015 0.028 0.011 0.012 0.907 0.010 0.009 0.008 
129    C3228    (0)    3 :  0.061 0.038 0.030 0.028 0.036 0.723 0.032 0.051 
130    C3279    (0)    3 :  0.012 0.037 0.017 0.072 0.781 0.029 0.013 0.039 
131    C3322    (0)    3 :  0.053 0.063 0.052 0.095 0.653 0.014 0.011 0.060 
132    C3303    (0)    3 :  0.016 0.056 0.016 0.023 0.761 0.045 0.033 0.048 
133    C3317    (0)    3 :  0.022 0.010 0.017 0.021 0.044 0.849 0.021 0.016 
134    C3355    (0)    3 :  0.032 0.010 0.011 0.015 0.599 0.302 0.020 0.012 
135    C3376    (9)    3 :  0.031 0.068 0.021 0.023 0.258 0.551 0.017 0.030 
136    C3401    (0)    3 :  0.031 0.028 0.026 0.023 0.088 0.754 0.021 0.029 
137    C3203    (9)    3 :  0.039 0.067 0.040 0.044 0.469 0.272 0.054 0.016 
138    C3245    (0)    3 :  0.009 0.017 0.018 0.018 0.897 0.020 0.010 0.011 
139    C3302    (0)    3 :  0.010 0.016 0.012 0.017 0.908 0.011 0.012 0.013 
140    C3307    (0)    3 :  0.096 0.010 0.095 0.078 0.524 0.052 0.120 0.026 
141    C3310    (0)    3 :  0.008 0.008 0.007 0.010 0.940 0.007 0.010 0.009 
142    C3312    (9)    3 :  0.053 0.015 0.031 0.071 0.391 0.390 0.017 0.032 
143    C3345    (0)    3 :  0.018 0.011 0.011 0.019 0.896 0.016 0.020 0.009 
144    C3371    (0)    3 :  0.007 0.009 0.010 0.022 0.897 0.015 0.031 0.010 
145    C3372    (0)    3 :  0.022 0.013 0.022 0.046 0.734 0.105 0.037 0.021 
146    C3380    (9)    3 :  0.016 0.007 0.007 0.007 0.939 0.012 0.006 0.006 
147    C3417    (0)    3 :  0.124 0.022 0.025 0.080 0.499 0.041 0.183 0.026 
148    C4569    (9)    4 :  0.292 0.148 0.042 0.089 0.018 0.056 0.103 0.253 
149    C4570    (9)    4 :  0.854 0.011 0.012 0.011 0.009 0.071 0.014 0.018 
150    C4571    (9)    4 :  0.526 0.018 0.023 0.016 0.023 0.361 0.016 0.016 
151    C4572    (9)    4 :  0.896 0.015 0.018 0.013 0.010 0.023 0.013 0.012 
152    C4573    (9)    4 :  0.120 0.086 0.447 0.099 0.011 0.147 0.029 0.062 
153    C4575    (9)    4 :  0.631 0.061 0.101 0.072 0.028 0.049 0.028 0.030 
154    C4577    (9)    4 :  0.902 0.010 0.008 0.017 0.013 0.025 0.011 0.014 
155    C4578    (9)    4 :  0.657 0.053 0.076 0.053 0.020 0.069 0.021 0.052 
156    C4600   (18)    4 :  0.598 0.044 0.029 0.114 0.018 0.031 0.022 0.145 
157    C4612    (9)    4 :  0.703 0.169 0.016 0.025 0.020 0.019 0.016 0.033 
158    C4621    (0)    4 :  0.847 0.017 0.015 0.012 0.056 0.039 0.006 0.009 
159    C4622    (9)    4 :  0.931 0.007 0.009 0.008 0.018 0.008 0.008 0.010 
160    C4623    (0)    4 :  0.220 0.047 0.052 0.095 0.160 0.094 0.273 0.060 
161    C4624    (0)    4 :  0.855 0.018 0.039 0.012 0.012 0.022 0.014 0.028 
162    C4625    (0)    4 :  0.130 0.064 0.451 0.059 0.015 0.171 0.015 0.094 
163    C4627    (0)    4 :  0.828 0.022 0.023 0.025 0.059 0.016 0.015 0.012 
164    C4631    (0)    4 :  0.714 0.012 0.019 0.021 0.013 0.012 0.189 0.021 
165    C4632    (0)    4 :  0.849 0.012 0.017 0.012 0.030 0.048 0.013 0.019 
166    C3939    (0)    4 :  0.831 0.021 0.009 0.013 0.080 0.017 0.011 0.017 
167    C3940    (0)    4 :  0.777 0.062 0.008 0.039 0.040 0.016 0.021 0.038 
168    C3945    (0)    4 :  0.928 0.007 0.006 0.009 0.015 0.016 0.008 0.011 
169    C4520    (0)    4 :  0.032 0.457 0.021 0.139 0.090 0.106 0.053 0.102 
170    C4522    (0)    4 :  0.771 0.011 0.008 0.012 0.155 0.025 0.009 0.010 
171    C3182    (0)    4 :  0.049 0.015 0.013 0.021 0.797 0.068 0.023 0.016 
172    C3189    (0)    4 :  0.025 0.036 0.124 0.116 0.077 0.560 0.022 0.040 
173    C3191    (9)    4 :  0.017 0.017 0.050 0.027 0.226 0.618 0.025 0.020 
174    C3196    (0)    4 :  0.013 0.020 0.022 0.023 0.809 0.086 0.012 0.015 
175    C3208    (0)    4 :  0.222 0.042 0.038 0.028 0.575 0.025 0.040 0.031 
176    C3211    (0)    4 :  0.017 0.013 0.008 0.011 0.916 0.012 0.011 0.012 
177    C3212    (0)    4 :  0.068 0.338 0.010 0.214 0.123 0.097 0.099 0.052 
178    C3213    (0)    4 :  0.010 0.027 0.010 0.036 0.855 0.021 0.021 0.020 
179    C3215    (0)    4 :  0.026 0.036 0.035 0.019 0.837 0.010 0.011 0.025 
180    C3217    (0)    4 :  0.016 0.019 0.015 0.037 0.441 0.420 0.031 0.020 
181    C3225    (9)    4 :  0.019 0.059 0.029 0.040 0.143 0.654 0.018 0.037 
182    C3226    (0)    4 :  0.199 0.010 0.012 0.014 0.459 0.283 0.013 0.010 
183    C3238    (9)    4 :  0.096 0.023 0.018 0.017 0.771 0.046 0.012 0.015 
184    C3239    (0)    4 :  0.028 0.025 0.015 0.027 0.135 0.730 0.025 0.015 
185    C3269   (18)    4 :  0.141 0.105 0.116 0.053 0.038 0.500 0.019 0.029 
186    C3273    (0)    4 :  0.030 0.022 0.044 0.029 0.351 0.503 0.008 0.013 
187    C3274    (0)    4 :  0.027 0.089 0.019 0.108 0.559 0.020 0.012 0.165 
188    C3354    (0)    4 :  0.018 0.015 0.018 0.036 0.828 0.057 0.009 0.019 
189    C3361    (0)    4 :  0.016 0.015 0.012 0.014 0.890 0.031 0.008 0.015 
190    C3289    (0)    4 :  0.015 0.015 0.014 0.014 0.907 0.013 0.010 0.012 
191    C3169    (0)    4 :  0.030 0.016 0.012 0.012 0.231 0.681 0.009 0.008 
192    C3199    (9)    4 :  0.118 0.024 0.041 0.016 0.674 0.092 0.017 0.018 
193    C3224    (0)    4 :  0.015 0.023 0.018 0.013 0.776 0.134 0.011 0.011 
194    C3261   (18)    4 :  0.039 0.011 0.008 0.021 0.774 0.120 0.012 0.014 
195    C3320    (0)    4 :  0.035 0.034 0.032 0.032 0.704 0.117 0.013 0.033 
196    C4151    (0)    5 :  0.929 0.007 0.009 0.009 0.013 0.018 0.008 0.009 
197    C4152    (0)    5 :  0.828 0.012 0.013 0.015 0.013 0.094 0.013 0.011 
198    C4153    (0)    5 :  0.308 0.052 0.026 0.032 0.439 0.101 0.014 0.028 
199    C4154   (18)    5 :  0.720 0.018 0.009 0.030 0.131 0.051 0.019 0.022 
200    C4157    (0)    5 :  0.255 0.019 0.017 0.036 0.034 0.460 0.015 0.165 
201    C4158    (0)    5 :  0.917 0.008 0.013 0.011 0.016 0.018 0.008 0.010 
202    C4163    (0)    5 :  0.944 0.006 0.006 0.007 0.011 0.014 0.006 0.006 
203    C4165    (0)    5 :  0.271 0.011 0.030 0.345 0.051 0.030 0.063 0.199 
204    C4248    (9)    5 :  0.037 0.016 0.022 0.031 0.219 0.637 0.013 0.026 
205    C4254    (0)    5 :  0.059 0.030 0.012 0.024 0.384 0.443 0.019 0.030 
206    C4371    (9)    5 :  0.033 0.011 0.013 0.019 0.015 0.866 0.027 0.016 
207    C3936    (0)    5 :  0.894 0.015 0.011 0.013 0.018 0.016 0.013 0.021 
208    C3937    (0)    5 :  0.924 0.008 0.009 0.008 0.020 0.014 0.009 0.009 
209    C3944    (0)    5 :  0.839 0.007 0.006 0.008 0.049 0.072 0.011 0.009 
210    C3954    (0)    5 :  0.086 0.021 0.035 0.014 0.058 0.770 0.007 0.009 
211    C3955    (9)    5 :  0.434 0.028 0.028 0.029 0.330 0.122 0.008 0.020 
212    C3961    (0)    5 :  0.820 0.021 0.010 0.014 0.044 0.035 0.039 0.016 
213    C3974    (0)    5 :  0.870 0.030 0.012 0.014 0.018 0.021 0.014 0.020 
214    C4024    (0)    5 :  0.588 0.030 0.012 0.029 0.036 0.226 0.058 0.022 
215    C4025    (0)    5 :  0.868 0.014 0.016 0.016 0.013 0.034 0.028 0.010 
216    C4028    (0)    5 :  0.656 0.051 0.056 0.052 0.042 0.074 0.033 0.037 
217    C4032   (18)    5 :  0.033 0.011 0.011 0.010 0.021 0.896 0.009 0.009 
218    C4033   (18)    5 :  0.030 0.012 0.013 0.018 0.700 0.203 0.012 0.012 
219    C4034    (0)    5 :  0.038 0.034 0.021 0.054 0.395 0.307 0.072 0.078 
220    C4041    (9)    5 :  0.028 0.148 0.017 0.035 0.074 0.549 0.082 0.067 
221    C4042   (18)    5 :  0.117 0.017 0.026 0.106 0.280 0.219 0.096 0.139 
222    C4043    (9)    5 :  0.168 0.018 0.021 0.021 0.092 0.638 0.019 0.023 
223    C4044    (9)    5 :  0.124 0.052 0.067 0.088 0.091 0.095 0.410 0.074 
224    C4045    (9)    5 :  0.132 0.018 0.046 0.037 0.285 0.438 0.013 0.031 
225    C4046    (9)    5 :  0.034 0.012 0.028 0.014 0.149 0.712 0.029 0.022 
226    C4047    (0)    5 :  0.017 0.020 0.029 0.022 0.839 0.027 0.016 0.031 
227    C4048    (9)    5 :  0.015 0.020 0.035 0.036 0.742 0.068 0.046 0.038 
228    C4055    (9)    5 :  0.061 0.024 0.031 0.027 0.032 0.776 0.020 0.029 
229    C4057   (18)    5 :  0.035 0.015 0.009 0.021 0.045 0.831 0.032 0.012 
230    C4059    (0)    5 :  0.063 0.029 0.023 0.021 0.299 0.541 0.012 0.012 
231    C4060    (9)    5 :  0.125 0.036 0.017 0.027 0.077 0.680 0.017 0.020 
232    C4064    (9)    5 :  0.032 0.034 0.195 0.074 0.027 0.495 0.016 0.126 
233    C4067    (0)    5 :  0.017 0.013 0.067 0.038 0.790 0.025 0.034 0.016 
234    C4068    (9)    5 :  0.028 0.020 0.025 0.024 0.829 0.037 0.016 0.022 
235    C4070    (9)    5 :  0.166 0.015 0.024 0.060 0.517 0.078 0.100 0.040 
236    C4075   (18)    5 :  0.030 0.023 0.014 0.035 0.818 0.045 0.019 0.015 
237    C4081    (9)    5 :  0.022 0.025 0.023 0.026 0.067 0.780 0.021 0.036 
238    C4082    (0)    5 :  0.107 0.042 0.036 0.026 0.648 0.102 0.017 0.021 
239    C4083    (0)    5 :  0.124 0.034 0.051 0.198 0.041 0.194 0.220 0.139 
240    C4086    (0)    5 :  0.026 0.024 0.142 0.025 0.120 0.624 0.012 0.028 
241    C4088    (9)    5 :  0.025 0.017 0.824 0.041 0.022 0.034 0.010 0.027 
242    C4092    (0)    5 :  0.141 0.019 0.009 0.043 0.052 0.664 0.052 0.020 
243    C4099    (9)    5 :  0.038 0.117 0.021 0.029 0.189 0.492 0.075 0.040 
244    C4104    (0)    5 :  0.635 0.014 0.017 0.029 0.163 0.080 0.042 0.020 
245    C4108   (18)    5 :  0.009 0.500 0.078 0.098 0.020 0.011 0.022 0.262 
246    C4118    (0)    5 :  0.019 0.039 0.034 0.115 0.015 0.672 0.017 0.090 
247    C4131    (0)    5 :  0.449 0.024 0.110 0.059 0.096 0.194 0.018 0.048 
248    C4133    (0)    5 :  0.014 0.013 0.010 0.014 0.023 0.907 0.007 0.010 
249    C4135    (0)    5 :  0.697 0.006 0.005 0.015 0.037 0.224 0.008 0.007 
250    C4136    (0)    5 :  0.663 0.065 0.097 0.037 0.021 0.023 0.022 0.073 
251    C4137    (9)    5 :  0.390 0.017 0.022 0.043 0.041 0.424 0.018 0.045 
252    C4139    (0)    5 :  0.864 0.013 0.007 0.014 0.032 0.044 0.010 0.015 
253    C4140    (9)    5 :  0.793 0.011 0.012 0.024 0.036 0.086 0.018 0.020 
254    C4167    (0)    5 :  0.691 0.014 0.036 0.029 0.014 0.095 0.042 0.079 
255    C4236    (0)    5 :  0.024 0.028 0.025 0.042 0.052 0.720 0.031 0.078 
256    C4237    (0)    5 :  0.063 0.094 0.611 0.082 0.016 0.061 0.020 0.052 
257    C4238    (0)    5 :  0.085 0.028 0.064 0.030 0.423 0.328 0.015 0.028 
258    C4241    (0)    5 :  0.058 0.026 0.019 0.038 0.548 0.261 0.020 0.030 
259    C4247    (9)    5 :  0.095 0.027 0.246 0.097 0.051 0.372 0.091 0.020 
260    C4257    (0)    5 :  0.033 0.055 0.022 0.017 0.666 0.169 0.019 0.020 
261    C4383    (0)    5 :  0.136 0.078 0.051 0.029 0.035 0.375 0.219 0.076 
262    C4397    (9)    5 :  0.071 0.009 0.008 0.014 0.012 0.861 0.008 0.016 
263    C4514    (0)    5 :  0.764 0.014 0.017 0.018 0.023 0.127 0.022 0.013 
264    C4519    (0)    5 :  0.580 0.165 0.007 0.022 0.168 0.026 0.014 0.017 
265    C4527    (0)    5 :  0.153 0.011 0.011 0.015 0.748 0.033 0.014 0.014 
266    C4534    (0)    5 :  0.102 0.063 0.016 0.044 0.620 0.064 0.058 0.034 
267    C4699    (0)    5 :  0.814 0.012 0.040 0.019 0.055 0.015 0.023 0.022 
268    C1541    (9)    5 :  0.019 0.009 0.012 0.012 0.700 0.221 0.011 0.016 
269    C1542    (9)    5 :  0.012 0.013 0.015 0.011 0.796 0.129 0.010 0.014 
270    C1544    (0)    5 :  0.029 0.032 0.055 0.024 0.213 0.605 0.015 0.027 
271    C1547    (9)    5 :  0.044 0.237 0.103 0.102 0.079 0.136 0.180 0.120 
272    C1553    (9)    5 :  0.229 0.150 0.058 0.237 0.069 0.032 0.093 0.133 
273    C1555    (9)    5 :  0.020 0.036 0.023 0.021 0.037 0.824 0.013 0.025 
274    C1557    (0)    5 :  0.023 0.014 0.024 0.015 0.031 0.857 0.016 0.019 
275    C1560    (0)    5 :  0.014 0.052 0.009 0.015 0.060 0.816 0.014 0.018 
276    C1565    (0)    5 :  0.030 0.022 0.014 0.040 0.607 0.188 0.053 0.047 
277    C1567    (0)    5 :  0.029 0.084 0.034 0.017 0.052 0.730 0.026 0.027 
278    C1569    (0)    5 :  0.055 0.020 0.017 0.019 0.210 0.630 0.024 0.026 
279    C1571    (0)    5 :  0.035 0.101 0.074 0.056 0.457 0.211 0.040 0.026 
280    C1576    (0)    5 :  0.158 0.039 0.067 0.023 0.074 0.587 0.024 0.029 
281    C1577    (9)    5 :  0.021 0.032 0.033 0.022 0.695 0.159 0.014 0.024 
282    C1579    (0)    5 :  0.018 0.016 0.018 0.030 0.254 0.620 0.014 0.031 
283    C3990    (0)    6 :  0.928 0.007 0.006 0.007 0.022 0.017 0.007 0.007 
284    C3991    (0)    6 :  0.743 0.026 0.046 0.042 0.035 0.036 0.052 0.021 
285    C3992    (0)    6 :  0.771 0.068 0.034 0.039 0.030 0.020 0.014 0.023 
286    C3994    (0)    6 :  0.161 0.032 0.039 0.131 0.173 0.327 0.112 0.025 
287    C4172    (0)    6 :  0.715 0.042 0.044 0.067 0.016 0.008 0.043 0.064 
288    C4173    (9)    6 :  0.459 0.016 0.011 0.018 0.047 0.014 0.419 0.017 
289    C4232    (9)    6 :  0.011 0.009 0.008 0.008 0.827 0.123 0.007 0.007 
290    C4234    (9)    6 :  0.015 0.010 0.011 0.012 0.515 0.418 0.009 0.010 
291    C4259    (0)    6 :  0.023 0.008 0.011 0.011 0.163 0.761 0.011 0.011 
292    C4260    (0)    6 :  0.028 0.010 0.007 0.011 0.900 0.028 0.008 0.008 
293    C4261    (9)    6 :  0.028 0.027 0.022 0.050 0.712 0.017 0.060 0.085 
294    C4262    (0)    6 :  0.245 0.034 0.012 0.030 0.114 0.437 0.084 0.044 
295    C4263    (0)    6 :  0.029 0.012 0.072 0.023 0.141 0.670 0.029 0.024 
296    C4267    (9)    6 :  0.141 0.013 0.035 0.020 0.113 0.645 0.012 0.021 
297    C4269    (0)    6 :  0.206 0.016 0.022 0.040 0.295 0.331 0.045 0.044 
298    C4272    (0)    6 :  0.013 0.011 0.008 0.014 0.017 0.914 0.013 0.011 
299    C4274    (0)    6 :  0.024 0.384 0.014 0.040 0.099 0.386 0.012 0.043 
300    C4276    (9)    6 :  0.009 0.717 0.054 0.097 0.037 0.041 0.017 0.028 
301    C4278    (0)    6 :  0.084 0.044 0.022 0.091 0.083 0.612 0.030 0.034 
302    C4280    (0)    6 :  0.179 0.030 0.013 0.048 0.504 0.167 0.018 0.041 
303    C4281    (0)    6 :  0.051 0.016 0.023 0.021 0.130 0.713 0.018 0.028 
304    C4282    (0)    6 :  0.017 0.020 0.055 0.179 0.324 0.083 0.217 0.105 
305    C4284    (9)    6 :  0.212 0.009 0.009 0.009 0.055 0.689 0.008 0.009 
306    C4286    (9)    6 :  0.226 0.085 0.029 0.051 0.465 0.077 0.030 0.037 
307    C4287    (0)    6 :  0.148 0.056 0.011 0.081 0.459 0.124 0.070 0.051 
308    C4290    (0)    6 :  0.034 0.411 0.132 0.061 0.013 0.159 0.073 0.117 
309    C4307   (18)    6 :  0.184 0.022 0.014 0.173 0.364 0.201 0.025 0.019 
310    C4310    (9)    6 :  0.073 0.069 0.076 0.023 0.250 0.477 0.012 0.020 
311    C4311   (18)    6 :  0.029 0.054 0.018 0.043 0.674 0.133 0.021 0.028 
312    C4312    (0)    6 :  0.037 0.013 0.013 0.023 0.417 0.466 0.016 0.016 
313    C4314    (0)    6 :  0.021 0.026 0.153 0.031 0.162 0.553 0.011 0.043 
314    C4318    (9)    6 :  0.048 0.017 0.011 0.071 0.056 0.746 0.035 0.017 
315    C4321    (9)    6 :  0.167 0.083 0.012 0.037 0.415 0.204 0.058 0.024 
316    C4324    (0)    6 :  0.060 0.032 0.011 0.028 0.106 0.675 0.062 0.025 
317    C4334    (0)    6 :  0.059 0.018 0.010 0.018 0.019 0.822 0.044 0.011 
318    C4529    (0)    6 :  0.035 0.027 0.040 0.043 0.439 0.351 0.033 0.031 
319    C1582    (9)    6 :  0.177 0.019 0.015 0.013 0.141 0.600 0.016 0.018 
320    C1583    (0)    6 :  0.027 0.024 0.058 0.038 0.128 0.688 0.016 0.021 
321    C1584    (9)    6 :  0.036 0.035 0.021 0.015 0.046 0.823 0.010 0.013 
322    C1585    (0)    6 :  0.032 0.011 0.015 0.008 0.018 0.903 0.007 0.007 
323    C1586    (0)    6 :  0.029 0.010 0.023 0.028 0.040 0.794 0.052 0.023 
324    C1589    (0)    6 :  0.174 0.013 0.011 0.011 0.080 0.687 0.012 0.012 
325    C1591    (0)    6 :  0.026 0.010 0.010 0.009 0.027 0.903 0.008 0.007 
326    C1592    (0)    6 :  0.016 0.020 0.018 0.025 0.050 0.822 0.027 0.023 
327    C1594    (0)    6 :  0.050 0.022 0.072 0.018 0.126 0.676 0.014 0.021 
328    C1597    (9)    6 :  0.038 0.044 0.027 0.026 0.676 0.120 0.025 0.045 
329    C1598    (9)    6 :  0.213 0.019 0.040 0.031 0.070 0.595 0.014 0.017 
330    C1599    (0)    6 :  0.013 0.028 0.010 0.019 0.240 0.663 0.011 0.015 
331    C1601    (0)    6 :  0.432 0.028 0.064 0.051 0.187 0.134 0.026 0.078 
332    C1605    (0)    6 :  0.058 0.109 0.084 0.475 0.073 0.125 0.034 0.042 
333    C1609    (0)    6 :  0.021 0.009 0.008 0.008 0.019 0.920 0.008 0.008 
334    C1610    (0)    6 :  0.016 0.079 0.086 0.094 0.372 0.225 0.014 0.113 
335    C1611    (0)    6 :  0.012 0.011 0.012 0.041 0.849 0.027 0.034 0.014 
336    C1612    (0)    6 :  0.010 0.007 0.008 0.011 0.911 0.040 0.006 0.007 
337    C1613    (0)    6 :  0.029 0.036 0.036 0.021 0.574 0.224 0.053 0.028 
338    C3173    (9)    6 :  0.034 0.048 0.036 0.063 0.250 0.463 0.043 0.062 
339    C3204    (0)    6 :  0.023 0.018 0.017 0.018 0.839 0.053 0.016 0.015 
340    C3223    (9)    6 :  0.018 0.195 0.015 0.147 0.492 0.031 0.076 0.026 
341    C3262    (0)    6 :  0.039 0.058 0.089 0.068 0.235 0.456 0.028 0.027 
342    C3270    (0)    6 :  0.156 0.022 0.014 0.027 0.536 0.207 0.015 0.023 
343    C3300    (0)    6 :  0.322 0.012 0.010 0.014 0.174 0.450 0.009 0.010 
344    C3330    (0)    6 :  0.124 0.024 0.012 0.074 0.128 0.586 0.018 0.034 
345    C3390    (9)    6 :  0.079 0.018 0.018 0.027 0.417 0.394 0.023 0.025 
346    C3424    (9)    6 :  0.030 0.032 0.015 0.047 0.585 0.232 0.016 0.043 
347    C3958    (0)    6 :  0.893 0.008 0.006 0.012 0.021 0.036 0.011 0.014 
348    C3962    (0)    6 :  0.877 0.010 0.006 0.017 0.016 0.034 0.010 0.029 
349    C4019    (0)    6 :  0.114 0.026 0.024 0.202 0.010 0.012 0.035 0.577 
350    C3995   (18)    6 :  0.844 0.012 0.017 0.020 0.029 0.017 0.038 0.022 
351    C4000    (0)    6 :  0.591 0.023 0.016 0.052 0.113 0.025 0.068 0.113 
352    C4002    (0)    6 :  0.847 0.010 0.011 0.016 0.053 0.024 0.016 0.024 
353    C1692    (0)    7 :  0.096 0.091 0.035 0.526 0.022 0.018 0.023 0.189 
354    C1693    (0)    7 :  0.040 0.200 0.013 0.368 0.150 0.078 0.112 0.039 
355    C1694    (0)    7 :  0.016 0.132 0.111 0.153 0.045 0.100 0.293 0.149 
356    C1698    (0)    7 :  0.008 0.169 0.062 0.246 0.008 0.051 0.133 0.322 
357    C1699    (0)    7 :  0.017 0.079 0.338 0.420 0.026 0.021 0.044 0.056 
358    C1700    (0)    7 :  0.080 0.095 0.052 0.138 0.038 0.046 0.160 0.392 
359    C1701    (0)    7 :  0.011 0.039 0.353 0.206 0.011 0.027 0.026 0.325 
360    C1702    (0)    7 :  0.013 0.073 0.095 0.520 0.012 0.011 0.062 0.215 
361    C1703    (0)    7 :  0.019 0.110 0.047 0.070 0.009 0.016 0.294 0.435 
362    C1704    (0)    7 :  0.025 0.095 0.022 0.095 0.019 0.423 0.199 0.122 
363    C1705    (0)    7 :  0.231 0.188 0.016 0.053 0.009 0.013 0.437 0.053 
364    C1706    (0)    7 :  0.010 0.096 0.410 0.331 0.015 0.018 0.046 0.075 
365    C1707    (0)    7 :  0.022 0.315 0.146 0.101 0.106 0.231 0.033 0.046 
366    C1708    (0)    7 :  0.014 0.022 0.022 0.246 0.011 0.018 0.605 0.061 
367    C1709    (0)    7 :  0.074 0.020 0.022 0.072 0.024 0.019 0.695 0.075 
368    C1710    (0)    7 :  0.020 0.058 0.077 0.365 0.018 0.037 0.071 0.354 
369    C1712    (0)    7 :  0.031 0.032 0.013 0.114 0.011 0.008 0.559 0.232 
370    C1714    (0)    7 :  0.013 0.016 0.018 0.080 0.010 0.020 0.817 0.026 
371    C1715    (0)    7 :  0.016 0.338 0.090 0.305 0.018 0.021 0.019 0.194 
372    C1717    (0)    7 :  0.015 0.527 0.028 0.111 0.052 0.046 0.066 0.155 
373    C1718   (18)    7 :  0.015 0.184 0.064 0.157 0.015 0.084 0.035 0.446 
374    C1719    (0)    7 :  0.088 0.022 0.019 0.042 0.061 0.041 0.622 0.104 
375    C1656    (0)    8 :  0.049 0.041 0.361 0.322 0.011 0.009 0.066 0.142 
376    C1657   (18)    8 :  0.020 0.064 0.176 0.177 0.031 0.013 0.411 0.109 
377    C1658    (0)    8 :  0.011 0.337 0.065 0.100 0.007 0.009 0.030 0.441 
378    C1659    (0)    8 :  0.020 0.387 0.112 0.308 0.066 0.026 0.016 0.066 
379    C1661    (9)    8 :  0.022 0.120 0.061 0.234 0.038 0.090 0.060 0.375 
380    C1665    (0)    8 :  0.011 0.066 0.207 0.184 0.030 0.018 0.034 0.449 
381    C1667    (9)    8 :  0.005 0.015 0.016 0.034 0.007 0.007 0.881 0.036 
382    C1676    (9)    8 :  0.025 0.025 0.154 0.289 0.013 0.014 0.124 0.356 
383    C1681    (9)    8 :  0.017 0.280 0.203 0.116 0.012 0.057 0.114 0.200 
384    C1682    (0)    8 :  0.019 0.044 0.084 0.217 0.014 0.015 0.471 0.136 
385    C1685    (0)    8 :  0.029 0.012 0.070 0.465 0.040 0.014 0.024 0.347 
386    C4707    (0)    9 :  0.079 0.016 0.025 0.167 0.021 0.033 0.030 0.629 
387    C4747    (0)    9 :  0.106 0.075 0.018 0.167 0.173 0.033 0.393 0.034 
388    C4772    (0)    9 :  0.481 0.046 0.079 0.039 0.055 0.032 0.027 0.241 
389    C4781    (0)    9 :  0.043 0.055 0.017 0.127 0.010 0.055 0.647 0.045 
390    C4782    (0)    9 :  0.086 0.201 0.049 0.095 0.020 0.117 0.127 0.304 
391    C4787    (0)    9 :  0.091 0.597 0.031 0.142 0.013 0.023 0.047 0.056 
392    C4790    (0)    9 :  0.089 0.015 0.031 0.102 0.014 0.022 0.531 0.196 
393    C4803    (0)    9 :  0.083 0.302 0.028 0.131 0.042 0.030 0.067 0.315 
394    C4813    (0)    9 :  0.748 0.045 0.039 0.063 0.022 0.007 0.026 0.049 
395    C4837    (0)    9 :  0.141 0.083 0.019 0.228 0.045 0.015 0.024 0.445 
396    C4838    (0)    9 :  0.097 0.528 0.045 0.131 0.011 0.011 0.035 0.143 
397    C4843    (0)    9 :  0.043 0.026 0.041 0.536 0.035 0.011 0.022 0.286 
398    C4857    (0)    9 :  0.808 0.027 0.019 0.029 0.029 0.042 0.015 0.032 
399    C4828    (0)    9 :  0.023 0.098 0.137 0.368 0.207 0.044 0.046 0.076 
400    C4835    (0)    9 :  0.667 0.124 0.059 0.049 0.014 0.019 0.018 0.050 
401    C4836    (9)    9 :  0.233 0.161 0.027 0.218 0.022 0.029 0.115 0.195 
402    C4842    (0)    9 :  0.049 0.031 0.154 0.425 0.020 0.008 0.063 0.251 
403    C4863    (9)    9 :  0.042 0.388 0.018 0.232 0.013 0.042 0.138 0.127 
404    C4744    (0)    9 :  0.023 0.065 0.074 0.397 0.042 0.008 0.192 0.199 
405    C4745    (0)    9 :  0.100 0.162 0.129 0.307 0.013 0.026 0.028 0.234 
406    C4768    (0)    9 :  0.158 0.015 0.049 0.060 0.030 0.063 0.205 0.419 
407    C4769    (0)    9 :  0.153 0.121 0.357 0.143 0.014 0.010 0.065 0.136 
408    C4771    (0)    9 :  0.016 0.047 0.037 0.075 0.011 0.009 0.032 0.772 
409    C4784    (0)    9 :  0.177 0.042 0.051 0.121 0.015 0.048 0.468 0.077 
410    C4785    (0)    9 :  0.026 0.018 0.036 0.102 0.016 0.027 0.758 0.017 
411    C4795    (0)    9 :  0.084 0.062 0.023 0.220 0.027 0.043 0.516 0.024 
412    C4796    (0)    9 :  0.013 0.100 0.026 0.054 0.011 0.019 0.093 0.683 
413    C4800    (0)    9 :  0.265 0.385 0.014 0.160 0.007 0.013 0.011 0.144 
414    C4801    (0)    9 :  0.514 0.046 0.203 0.094 0.008 0.055 0.038 0.042 
415    C4802    (0)    9 :  0.020 0.058 0.096 0.048 0.023 0.676 0.019 0.060 
416    C4805    (0)    9 :  0.115 0.045 0.120 0.061 0.009 0.018 0.101 0.531 
417    C4806    (0)    9 :  0.040 0.046 0.095 0.064 0.007 0.010 0.015 0.723 
418    C4850    (0)    9 :  0.147 0.053 0.035 0.268 0.085 0.039 0.022 0.350 
419    C4748    (0)   10 :  0.123 0.048 0.466 0.255 0.008 0.008 0.071 0.020 
420    C4753    (0)   10 :  0.038 0.071 0.056 0.364 0.012 0.029 0.098 0.331 
421    C4754    (0)   10 :  0.136 0.022 0.045 0.143 0.012 0.028 0.050 0.562 
422    C4760    (0)   10 :  0.220 0.241 0.016 0.142 0.069 0.056 0.018 0.238 
423    C4761    (0)   10 :  0.344 0.030 0.372 0.075 0.008 0.020 0.087 0.065 
424    C4762    (0)   10 :  0.199 0.140 0.036 0.052 0.023 0.010 0.478 0.061 
425    C4791    (0)   10 :  0.167 0.339 0.030 0.074 0.007 0.012 0.052 0.320 
426    C4810    (0)   10 :  0.022 0.036 0.761 0.028 0.039 0.070 0.016 0.027 
427    C4812    (0)   10 :  0.039 0.170 0.169 0.101 0.046 0.036 0.026 0.414 
428    C4821    (0)   10 :  0.110 0.054 0.021 0.421 0.086 0.030 0.050 0.228 
429    C4864    (0)   10 :  0.619 0.024 0.019 0.051 0.032 0.036 0.022 0.196 
430    C4866    (0)   10 :  0.028 0.150 0.394 0.201 0.058 0.008 0.039 0.122 
431    C1722    (0)   10 :  0.012 0.300 0.267 0.142 0.025 0.045 0.027 0.182 
432    C1724    (0)   10 :  0.016 0.199 0.636 0.079 0.009 0.007 0.012 0.042 
433    C1725    (0)   10 :  0.012 0.145 0.291 0.324 0.049 0.024 0.051 0.105 
434    C1726    (0)   10 :  0.013 0.157 0.052 0.493 0.013 0.010 0.062 0.201 
435    C1731    (0)   10 :  0.050 0.100 0.290 0.252 0.057 0.011 0.068 0.171 
436    C1733    (9)   10 :  0.024 0.300 0.265 0.295 0.029 0.023 0.017 0.046 
437    C1734    (0)   10 :  0.061 0.400 0.034 0.127 0.067 0.012 0.027 0.272 
438    C1735    (0)   10 :  0.008 0.301 0.220 0.309 0.016 0.009 0.032 0.105 
439    C1738    (0)   10 :  0.024 0.346 0.358 0.070 0.097 0.010 0.014 0.081 
440    C1740    (9)   10 :  0.032 0.094 0.065 0.357 0.157 0.035 0.035 0.225 
441    C1741    (0)   10 :  0.229 0.156 0.014 0.334 0.043 0.066 0.101 0.058 
442    C1742    (0)   10 :  0.018 0.029 0.036 0.058 0.018 0.014 0.012 0.815 
443    C1743    (0)   10 :  0.020 0.188 0.091 0.120 0.038 0.017 0.386 0.140 
444    C1745    (0)   10 :  0.027 0.055 0.031 0.772 0.017 0.021 0.019 0.058 
445    C1746    (0)   10 :  0.075 0.191 0.204 0.179 0.031 0.033 0.111 0.176 
446    C1747    (0)   10 :  0.016 0.226 0.189 0.138 0.020 0.207 0.131 0.072 
447    C4742    (9)   10 :  0.458 0.033 0.041 0.087 0.035 0.016 0.086 0.244 
448    C4752    (0)   10 :  0.835 0.030 0.041 0.027 0.021 0.015 0.018 0.014 
449    C4792    (0)   10 :  0.323 0.047 0.129 0.152 0.089 0.053 0.066 0.140 
450    C4811    (0)   10 :  0.837 0.032 0.015 0.024 0.029 0.022 0.014 0.027 
451    C4814    (0)   10 :  0.493 0.030 0.034 0.186 0.030 0.018 0.060 0.151 
452    C4815    (0)   10 :  0.055 0.623 0.026 0.104 0.029 0.054 0.037 0.072 
453    C4818    (0)   10 :  0.238 0.156 0.096 0.160 0.172 0.026 0.064 0.089 
454    C4819    (0)   10 :  0.429 0.022 0.098 0.271 0.043 0.017 0.032 0.088 
455    C4826    (0)   10 :  0.029 0.180 0.057 0.194 0.008 0.010 0.058 0.463 
456    C4829    (0)   10 :  0.020 0.093 0.049 0.173 0.022 0.072 0.235 0.336 
457    C4830    (0)   10 :  0.037 0.033 0.010 0.179 0.025 0.008 0.121 0.586 
458    C4831    (0)   10 :  0.743 0.014 0.035 0.034 0.017 0.059 0.040 0.059 
459    C4832    (0)   10 :  0.043 0.034 0.079 0.096 0.014 0.011 0.364 0.358 
460    C4858    (0)   10 :  0.280 0.048 0.014 0.051 0.008 0.026 0.521 0.052 
