

----------------------------------------------------
STRUCTURE by Pritchard, Stephens and Donnelly (2000)
     and Falush, Stephens and Pritchard (2003)
       Code by Pritchard, Falush and Hubisz
             Version 2.3.4 (Jul 2012)
----------------------------------------------------



Command line arguments:   bin\structure -m G:\My Drive\Hoban_Lab_Docs\Projects\Butternut_JUCI\Graphical_Stat_Results\PostIndRemoval\24pop\Reorg_Results\STR\butternut\50-50\mainparams -e G:\My Drive\Hoban_Lab_Docs\Projects\Butternut_JUCI\Graphical_Stat_Results\PostIndRemoval\24pop\Reorg_Results\STR\butternut\50-50\extraparams 
Input File:    G:\My Drive\Hoban_Lab_Docs\Projects\Butternut_JUCI\Graphical_Stat_Results\PostIndRemoval\24pop\Reorg_Results\STR\butternut\project_data

Run parameters:
   993 individuals
   11 loci
   6 populations assumed
   50000 Burn-in period
   50000 Reps


--------------------------------------------
Proportion of membership of each pre-defined
 population in each of the 6 clusters

Given    Inferred Clusters                            Number of
 Pop       1      2      3      4      5      6      Individuals

  1:     0.058  0.496  0.061  0.275  0.055  0.056       40
  2:     0.061  0.344  0.039  0.432  0.069  0.056       45
  3:     0.065  0.524  0.041  0.253  0.053  0.064       62
  4:     0.071  0.392  0.065  0.376  0.051  0.045       48
  5:     0.051  0.379  0.065  0.399  0.057  0.049       87
  6:     0.071  0.464  0.038  0.328  0.051  0.048       70
  7:     0.201  0.064  0.138  0.040  0.244  0.313       22
  8:     0.160  0.025  0.216  0.025  0.346  0.227       11
  9:     0.163  0.048  0.119  0.168  0.307  0.195       33
 10:     0.193  0.049  0.194  0.153  0.289  0.122       48
 11:     0.134  0.044  0.109  0.257  0.266  0.191       48
 12:     0.282  0.063  0.158  0.039  0.263  0.196       90
 13:     0.166  0.036  0.066  0.023  0.142  0.567       63
 14:     0.293  0.092  0.151  0.046  0.258  0.160       16
 15:     0.332  0.108  0.205  0.106  0.144  0.105       31
 16:     0.029  0.020  0.789  0.041  0.083  0.038       16
 17:     0.141  0.143  0.064  0.031  0.161  0.460       24
 18:     0.186  0.086  0.177  0.035  0.391  0.125       12
 19:     0.224  0.054  0.202  0.039  0.245  0.237       54
 20:     0.262  0.060  0.327  0.056  0.211  0.084       96
 21:     0.204  0.059  0.367  0.030  0.150  0.190       22
 22:     0.086  0.061  0.594  0.120  0.104  0.035       23
 23:     0.233  0.042  0.393  0.022  0.232  0.079       13
 24:     0.265  0.075  0.128  0.042  0.266  0.223       19
--------------------------------------------

Allele-freq. divergence among pops (Net nucleotide distance),
computed using point estimates of P.

      1       2       3       4       5       6      
 1      -    0.0259  0.0120  0.0389  0.0066  0.0110  
 2   0.0259     -    0.0320  0.0242  0.0260  0.0294  
 3   0.0120  0.0320     -    0.0439  0.0103  0.0182  
 4   0.0389  0.0242  0.0439     -    0.0316  0.0342  
 5   0.0066  0.0260  0.0103  0.0316     -    0.0075  
 6   0.0110  0.0294  0.0182  0.0342  0.0075     -    

Average distances (expected heterozygosity) between individuals in same cluster:
cluster  1  : 0.8471 
cluster  2  : 0.8157 
cluster  3  : 0.8350 
cluster  4  : 0.8265 
cluster  5  : 0.8553 
cluster  6  : 0.8522 

--------------------------------------------
Estimated Ln Prob of Data   = -46838.0
Mean value of ln likelihood = -45405.8
Variance of ln likelihood   = 2864.4
Mean value of alpha         = 0.0642

Mean value of Fst_1         = 0.0208
Mean value of Fst_2         = 0.0533
Mean value of Fst_3         = 0.0319
Mean value of Fst_4         = 0.0684
Mean value of Fst_5         = 0.0145
Mean value of Fst_6         = 0.0250


Inferred ancestry of individuals:
        Label (%Miss) Pop:  Inferred clusters
  1    C3984    (0)    1 :  0.027 0.054 0.011 0.880 0.014 0.013 
  2    C3985    (0)    1 :  0.014 0.174 0.019 0.751 0.025 0.018 
  3    C3986    (0)    1 :  0.011 0.045 0.009 0.907 0.010 0.017 
  4    C4231    (0)    1 :  0.036 0.194 0.015 0.660 0.067 0.027 
  5    C4344    (0)    1 :  0.027 0.813 0.020 0.077 0.030 0.033 
  6    C4347   (18)    1 :  0.023 0.833 0.051 0.062 0.018 0.013 
  7    C4352   (18)    1 :  0.018 0.160 0.025 0.736 0.031 0.030 
  8    C4355    (9)    1 :  0.050 0.692 0.019 0.194 0.016 0.029 
  9    C4358   (18)    1 :  0.311 0.026 0.100 0.057 0.360 0.146 
 10    C4419    (9)    1 :  0.192 0.154 0.025 0.549 0.045 0.035 
 11    C4428    (9)    1 :  0.021 0.407 0.018 0.523 0.014 0.017 
 12    C4436    (0)    1 :  0.013 0.567 0.016 0.372 0.016 0.016 
 13    C4437   (18)    1 :  0.054 0.179 0.058 0.635 0.047 0.027 
 14    C4450    (0)    1 :  0.144 0.181 0.074 0.355 0.115 0.129 
 15    C4531    (0)    1 :  0.031 0.014 0.037 0.810 0.059 0.048 
 16    C1615    (0)    1 :  0.067 0.238 0.118 0.345 0.132 0.100 
 17    C1616    (0)    1 :  0.293 0.229 0.189 0.119 0.144 0.026 
 18    C1617    (9)    1 :  0.020 0.922 0.019 0.016 0.013 0.011 
 19    C1618    (0)    1 :  0.024 0.146 0.059 0.536 0.058 0.177 
 20    C1619    (0)    1 :  0.033 0.445 0.083 0.126 0.078 0.235 
 21    C1620    (9)    1 :  0.026 0.402 0.066 0.180 0.114 0.212 
 22    C1621    (0)    1 :  0.079 0.200 0.535 0.050 0.078 0.058 
 23    C1623    (9)    1 :  0.077 0.026 0.215 0.333 0.090 0.259 
 24    C1625    (0)    1 :  0.026 0.644 0.111 0.037 0.051 0.131 
 25    C1626    (0)    1 :  0.140 0.501 0.148 0.031 0.134 0.046 
 26    C1627    (9)    1 :  0.020 0.663 0.065 0.189 0.030 0.033 
 27    C1633    (0)    1 :  0.026 0.812 0.036 0.086 0.018 0.022 
 28    C1637    (0)    1 :  0.019 0.882 0.031 0.031 0.022 0.015 
 29    C1650    (0)    1 :  0.045 0.103 0.036 0.769 0.030 0.017 
 30    C3202    (0)    1 :  0.013 0.888 0.033 0.032 0.017 0.017 
 31    C3248    (0)    1 :  0.014 0.921 0.014 0.012 0.024 0.015 
 32    C3304    (9)    1 :  0.072 0.847 0.017 0.030 0.017 0.018 
 33    C3326    (0)    1 :  0.080 0.640 0.037 0.077 0.136 0.031 
 34    C3333    (0)    1 :  0.022 0.899 0.025 0.017 0.021 0.017 
 35    C3339   (18)    1 :  0.041 0.863 0.016 0.020 0.024 0.034 
 36    C3346    (0)    1 :  0.010 0.942 0.008 0.018 0.010 0.012 
 37    C3349    (0)    1 :  0.042 0.858 0.017 0.018 0.029 0.036 
 38    C3367   (18)    1 :  0.034 0.666 0.042 0.204 0.026 0.028 
 39    C3374    (0)    1 :  0.014 0.858 0.009 0.093 0.013 0.014 
 40    C3405    (0)    1 :  0.096 0.756 0.016 0.045 0.029 0.060 
 41    C4543    (0)    2 :  0.029 0.036 0.015 0.878 0.017 0.023 
 42    C4545    (9)    2 :  0.010 0.020 0.009 0.895 0.012 0.053 
 43    C4551    (9)    2 :  0.036 0.059 0.031 0.471 0.321 0.081 
 44    C4491    (0)    2 :  0.062 0.105 0.039 0.569 0.127 0.098 
 45    C4494    (0)    2 :  0.016 0.347 0.010 0.594 0.015 0.017 
 46    C4495    (0)    2 :  0.033 0.280 0.030 0.295 0.291 0.070 
 47    C4497    (9)    2 :  0.033 0.598 0.020 0.296 0.027 0.026 
 48    C4501    (0)    2 :  0.346 0.220 0.028 0.250 0.068 0.087 
 49    C4502    (0)    2 :  0.022 0.270 0.016 0.593 0.015 0.084 
 50    C4503    (0)    2 :  0.017 0.016 0.023 0.604 0.026 0.315 
 51    C4504    (0)    2 :  0.173 0.034 0.091 0.441 0.070 0.191 
 52    C4470    (0)    2 :  0.082 0.269 0.052 0.317 0.219 0.061 
 53    C4471    (0)    2 :  0.027 0.031 0.013 0.887 0.017 0.025 
 54    C4474    (9)    2 :  0.023 0.010 0.036 0.851 0.054 0.027 
 55    C4476    (0)    2 :  0.027 0.359 0.021 0.528 0.028 0.036 
 56    C4479    (0)    2 :  0.022 0.753 0.052 0.141 0.020 0.012 
 57    C4482    (0)    2 :  0.045 0.074 0.150 0.661 0.057 0.013 
 58    C4483    (0)    2 :  0.018 0.009 0.016 0.918 0.019 0.019 
 59    C4484    (0)    2 :  0.075 0.162 0.026 0.633 0.037 0.066 
 60    C4485    (0)    2 :  0.112 0.470 0.077 0.170 0.118 0.051 
 61    C4489    (0)    2 :  0.039 0.308 0.024 0.582 0.018 0.028 
 62    C4505    (0)    2 :  0.049 0.299 0.032 0.511 0.079 0.030 
 63    C4507    (0)    2 :  0.094 0.048 0.014 0.499 0.093 0.252 
 64    C4535    (0)    2 :  0.033 0.015 0.046 0.815 0.050 0.042 
 65    C4542    (0)    2 :  0.373 0.018 0.036 0.203 0.316 0.054 
 66    C4553    (9)    2 :  0.028 0.063 0.024 0.804 0.061 0.021 
 67    C4562   (18)    2 :  0.022 0.176 0.033 0.652 0.049 0.067 
 68    C4582   (18)    2 :  0.025 0.028 0.045 0.846 0.033 0.023 
 69    C4693    (0)    2 :  0.011 0.030 0.017 0.920 0.012 0.009 
 70    C4696    (0)    2 :  0.028 0.092 0.041 0.615 0.152 0.072 
 71    C3179    (0)    2 :  0.036 0.798 0.019 0.034 0.029 0.085 
 72    C3181    (0)    2 :  0.079 0.742 0.033 0.066 0.048 0.032 
 73    C3188    (0)    2 :  0.066 0.719 0.040 0.086 0.038 0.050 
 74    C3190    (0)    2 :  0.089 0.790 0.027 0.042 0.033 0.019 
 75    C3193    (0)    2 :  0.015 0.893 0.029 0.030 0.023 0.012 
 76    C3232    (0)    2 :  0.018 0.540 0.011 0.400 0.016 0.015 
 77    C3236    (0)    2 :  0.010 0.920 0.009 0.042 0.011 0.009 
 78    C3249    (0)    2 :  0.046 0.831 0.027 0.038 0.026 0.032 
 79    C3250    (0)    2 :  0.022 0.786 0.016 0.150 0.015 0.012 
 80    C3253    (0)    2 :  0.026 0.604 0.033 0.277 0.044 0.017 
 81    C3255    (0)    2 :  0.014 0.741 0.013 0.203 0.017 0.013 
 82    C3277    (0)    2 :  0.070 0.698 0.083 0.030 0.080 0.039 
 83    C3315    (0)    2 :  0.167 0.064 0.247 0.213 0.152 0.157 
 84    C3288    (0)    2 :  0.018 0.830 0.034 0.077 0.020 0.021 
 85    C3293    (0)    2 :  0.137 0.318 0.069 0.291 0.120 0.065 
 86    C4018    (0)    3 :  0.016 0.053 0.008 0.905 0.010 0.008 
 87    C3980    (0)    3 :  0.017 0.025 0.015 0.913 0.017 0.013 
 88    C3987    (0)    3 :  0.016 0.031 0.013 0.910 0.015 0.015 
 89    C3988    (0)    3 :  0.011 0.132 0.015 0.806 0.021 0.015 
 90    C3989    (0)    3 :  0.043 0.334 0.016 0.419 0.173 0.015 
 91    C4011    (0)    3 :  0.008 0.076 0.007 0.896 0.007 0.007 
 92    C4017    (0)    3 :  0.007 0.013 0.007 0.957 0.007 0.008 
 93    C4296    (0)    3 :  0.114 0.237 0.074 0.123 0.347 0.107 
 94    C4301    (9)    3 :  0.902 0.019 0.015 0.011 0.019 0.035 
 95    C4303    (0)    3 :  0.049 0.460 0.391 0.022 0.047 0.031 
 96    C4453    (0)    3 :  0.047 0.357 0.086 0.370 0.019 0.121 
 97    C4455    (9)    3 :  0.033 0.477 0.076 0.334 0.046 0.033 
 98    C4456   (18)    3 :  0.073 0.113 0.196 0.345 0.059 0.214 
 99    C4457    (9)    3 :  0.127 0.567 0.113 0.074 0.082 0.038 
100    C4459    (9)    3 :  0.021 0.325 0.027 0.580 0.032 0.014 
101    C4464   (18)    3 :  0.011 0.669 0.010 0.285 0.014 0.012 
102    C4467   (18)    3 :  0.009 0.690 0.012 0.267 0.011 0.012 
103    C4468    (9)    3 :  0.022 0.751 0.069 0.120 0.021 0.018 
104    C4783    (0)    3 :  0.016 0.038 0.020 0.842 0.066 0.018 
105    C4786    (0)    3 :  0.033 0.377 0.017 0.537 0.022 0.015 
106    C4789    (9)    3 :  0.092 0.331 0.016 0.525 0.023 0.013 
107    C4891    (0)    3 :  0.046 0.371 0.023 0.349 0.173 0.038 
108    C4896    (0)    3 :  0.110 0.093 0.099 0.551 0.100 0.046 
109    C4898    (0)    3 :  0.017 0.075 0.019 0.830 0.038 0.022 
110    C4901    (0)    3 :  0.029 0.466 0.023 0.440 0.029 0.012 
111    C4903    (9)    3 :  0.090 0.617 0.074 0.140 0.058 0.021 
112    C4904    (0)    3 :  0.026 0.063 0.010 0.846 0.041 0.014 
113    C3263    (0)    3 :  0.012 0.843 0.018 0.014 0.014 0.099 
114    C3271    (0)    3 :  0.023 0.899 0.011 0.032 0.017 0.018 
115    C3272    (0)    3 :  0.063 0.850 0.011 0.018 0.029 0.029 
116    C3276    (0)    3 :  0.360 0.475 0.040 0.018 0.049 0.057 
117    C3280    (9)    3 :  0.050 0.446 0.042 0.104 0.094 0.264 
118    C3305    (9)    3 :  0.039 0.839 0.015 0.057 0.024 0.026 
119    C3306    (0)    3 :  0.026 0.800 0.030 0.028 0.048 0.069 
120    C3324    (0)    3 :  0.051 0.355 0.019 0.044 0.140 0.390 
121    C3329    (0)    3 :  0.065 0.389 0.041 0.204 0.162 0.140 
122    C3336    (0)    3 :  0.048 0.842 0.017 0.033 0.037 0.023 
123    C3341   (18)    3 :  0.035 0.067 0.045 0.058 0.073 0.722 
124    C3409   (18)    3 :  0.156 0.613 0.045 0.040 0.077 0.070 
125    C3168    (9)    3 :  0.020 0.896 0.012 0.030 0.017 0.025 
126    C3170    (0)    3 :  0.033 0.886 0.011 0.036 0.018 0.017 
127    C3214   (18)    3 :  0.186 0.733 0.031 0.023 0.016 0.011 
128    C3227    (0)    3 :  0.049 0.863 0.021 0.029 0.017 0.020 
129    C3228    (0)    3 :  0.059 0.483 0.050 0.289 0.062 0.056 
130    C3279    (0)    3 :  0.084 0.725 0.024 0.025 0.118 0.023 
131    C3322    (0)    3 :  0.254 0.187 0.126 0.123 0.291 0.020 
132    C3303    (0)    3 :  0.057 0.842 0.016 0.013 0.037 0.034 
133    C3317    (0)    3 :  0.015 0.889 0.017 0.032 0.022 0.026 
134    C3355    (0)    3 :  0.010 0.933 0.010 0.022 0.012 0.013 
135    C3376    (9)    3 :  0.042 0.863 0.022 0.037 0.019 0.017 
136    C3401    (0)    3 :  0.032 0.819 0.028 0.052 0.036 0.033 
137    C3203    (9)    3 :  0.060 0.786 0.043 0.040 0.019 0.053 
138    C3245    (0)    3 :  0.028 0.903 0.024 0.011 0.021 0.013 
139    C3302    (0)    3 :  0.030 0.847 0.025 0.022 0.037 0.039 
140    C3307    (0)    3 :  0.018 0.374 0.113 0.184 0.065 0.246 
141    C3310    (0)    3 :  0.018 0.908 0.016 0.016 0.021 0.021 
142    C3312    (9)    3 :  0.027 0.619 0.045 0.200 0.077 0.033 
143    C3345    (0)    3 :  0.018 0.886 0.014 0.030 0.016 0.037 
144    C3371    (0)    3 :  0.014 0.838 0.018 0.018 0.022 0.091 
145    C3372    (0)    3 :  0.022 0.818 0.026 0.045 0.033 0.056 
146    C3380    (9)    3 :  0.010 0.905 0.009 0.058 0.009 0.008 
147    C3417    (0)    3 :  0.044 0.283 0.046 0.308 0.050 0.268 
148    C4569    (9)    4 :  0.211 0.031 0.078 0.256 0.235 0.189 
149    C4570    (9)    4 :  0.013 0.019 0.017 0.915 0.018 0.018 
150    C4571    (9)    4 :  0.021 0.098 0.024 0.821 0.019 0.017 
151    C4572    (9)    4 :  0.015 0.014 0.023 0.917 0.015 0.017 
152    C4573    (9)    4 :  0.141 0.043 0.500 0.171 0.095 0.050 
153    C4575    (9)    4 :  0.077 0.053 0.175 0.597 0.055 0.042 
154    C4577    (9)    4 :  0.016 0.027 0.011 0.901 0.028 0.017 
155    C4578    (9)    4 :  0.084 0.046 0.127 0.635 0.078 0.031 
156    C4600   (18)    4 :  0.067 0.037 0.048 0.512 0.298 0.038 
157    C4612    (9)    4 :  0.191 0.020 0.029 0.701 0.038 0.020 
158    C4621    (0)    4 :  0.015 0.030 0.018 0.919 0.011 0.007 
159    C4622    (9)    4 :  0.012 0.016 0.012 0.932 0.015 0.014 
160    C4623    (0)    4 :  0.059 0.159 0.074 0.209 0.059 0.439 
161    C4624    (0)    4 :  0.023 0.018 0.065 0.842 0.029 0.023 
162    C4625    (0)    4 :  0.064 0.043 0.560 0.211 0.100 0.022 
163    C4627    (0)    4 :  0.027 0.022 0.035 0.881 0.016 0.019 
164    C4631    (0)    4 :  0.016 0.016 0.022 0.607 0.029 0.310 
165    C4632    (0)    4 :  0.015 0.028 0.017 0.904 0.020 0.017 
166    C3939    (0)    4 :  0.034 0.045 0.012 0.868 0.024 0.017 
167    C3940    (0)    4 :  0.081 0.025 0.012 0.777 0.078 0.027 
168    C3945    (0)    4 :  0.009 0.014 0.007 0.947 0.015 0.009 
169    C4520    (0)    4 :  0.562 0.093 0.035 0.089 0.153 0.069 
170    C4522    (0)    4 :  0.014 0.044 0.012 0.908 0.012 0.011 
171    C3182    (0)    4 :  0.017 0.900 0.015 0.030 0.016 0.022 
172    C3189    (0)    4 :  0.106 0.436 0.234 0.077 0.107 0.041 
173    C3191    (9)    4 :  0.025 0.851 0.049 0.024 0.020 0.032 
174    C3196    (0)    4 :  0.025 0.895 0.023 0.018 0.022 0.017 
175    C3208    (0)    4 :  0.057 0.603 0.054 0.194 0.035 0.059 
176    C3211    (0)    4 :  0.047 0.847 0.016 0.038 0.029 0.023 
177    C3212    (0)    4 :  0.452 0.166 0.015 0.118 0.080 0.170 
178    C3213    (0)    4 :  0.038 0.850 0.021 0.017 0.034 0.040 
179    C3215    (0)    4 :  0.132 0.394 0.219 0.116 0.096 0.043 
180    C3217    (0)    4 :  0.021 0.887 0.018 0.022 0.025 0.027 
181    C3225    (9)    4 :  0.075 0.780 0.036 0.038 0.044 0.028 
182    C3226    (0)    4 :  0.013 0.516 0.013 0.429 0.014 0.014 
183    C3238    (9)    4 :  0.030 0.767 0.025 0.147 0.018 0.013 
184    C3239    (0)    4 :  0.046 0.721 0.023 0.141 0.028 0.041 
185    C3269   (18)    4 :  0.193 0.222 0.176 0.311 0.066 0.033 
186    C3273    (0)    4 :  0.031 0.866 0.042 0.034 0.018 0.010 
187    C3274    (0)    4 :  0.117 0.626 0.028 0.021 0.192 0.017 
188    C3354    (0)    4 :  0.023 0.901 0.020 0.016 0.026 0.012 
189    C3361    (0)    4 :  0.022 0.901 0.016 0.029 0.021 0.011 
190    C3289    (0)    4 :  0.033 0.772 0.022 0.131 0.025 0.017 
191    C3169    (0)    4 :  0.020 0.802 0.015 0.140 0.010 0.012 
192    C3199    (9)    4 :  0.032 0.677 0.045 0.203 0.021 0.021 
193    C3224    (0)    4 :  0.028 0.866 0.022 0.050 0.017 0.017 
194    C3261   (18)    4 :  0.017 0.795 0.010 0.140 0.024 0.014 
195    C3320    (0)    4 :  0.034 0.833 0.033 0.043 0.040 0.016 
196    C4151    (0)    5 :  0.009 0.018 0.011 0.941 0.012 0.008 
197    C4152    (0)    5 :  0.019 0.033 0.018 0.899 0.016 0.014 
198    C4153    (0)    5 :  0.068 0.189 0.034 0.649 0.039 0.022 
199    C4154   (18)    5 :  0.022 0.065 0.010 0.856 0.027 0.020 
200    C4157    (0)    5 :  0.023 0.319 0.022 0.411 0.205 0.019 
201    C4158    (0)    5 :  0.010 0.024 0.017 0.922 0.017 0.010 
202    C4163    (0)    5 :  0.007 0.011 0.008 0.959 0.008 0.007 
203    C4165    (0)    5 :  0.021 0.035 0.059 0.401 0.359 0.124 
204    C4248    (9)    5 :  0.027 0.708 0.034 0.170 0.040 0.020 
205    C4254    (0)    5 :  0.043 0.577 0.016 0.308 0.034 0.022 
206    C4371    (9)    5 :  0.029 0.259 0.023 0.595 0.029 0.065 
207    C3936    (0)    5 :  0.017 0.018 0.017 0.906 0.022 0.020 
208    C3937    (0)    5 :  0.008 0.014 0.011 0.948 0.009 0.009 
209    C3944    (0)    5 :  0.008 0.057 0.008 0.903 0.011 0.012 
210    C3954    (0)    5 :  0.022 0.290 0.029 0.640 0.011 0.009 
211    C3955    (9)    5 :  0.044 0.169 0.042 0.713 0.023 0.010 
212    C3961    (0)    5 :  0.023 0.032 0.014 0.880 0.017 0.033 
213    C3974    (0)    5 :  0.026 0.017 0.016 0.907 0.018 0.015 
214    C4024    (0)    5 :  0.024 0.096 0.015 0.789 0.023 0.053 
215    C4025    (0)    5 :  0.022 0.029 0.021 0.863 0.017 0.048 
216    C4028    (0)    5 :  0.051 0.052 0.056 0.764 0.046 0.031 
217    C4032   (18)    5 :  0.018 0.373 0.018 0.563 0.013 0.015 
218    C4033   (18)    5 :  0.015 0.870 0.017 0.068 0.016 0.014 
219    C4034    (0)    5 :  0.045 0.697 0.025 0.058 0.070 0.106 
220    C4041    (9)    5 :  0.170 0.561 0.019 0.050 0.051 0.149 
221    C4042   (18)    5 :  0.027 0.493 0.030 0.152 0.185 0.113 
222    C4043    (9)    5 :  0.025 0.304 0.032 0.582 0.028 0.030 
223    C4044    (9)    5 :  0.081 0.081 0.082 0.181 0.089 0.487 
224    C4045    (9)    5 :  0.022 0.601 0.046 0.279 0.037 0.016 
225    C4046    (9)    5 :  0.016 0.766 0.035 0.113 0.025 0.045 
226    C4047    (0)    5 :  0.069 0.646 0.067 0.083 0.108 0.028 
227    C4048    (9)    5 :  0.047 0.706 0.059 0.042 0.083 0.064 
228    C4055    (9)    5 :  0.044 0.203 0.051 0.628 0.044 0.030 
229    C4057   (18)    5 :  0.033 0.193 0.015 0.666 0.024 0.069 
230    C4059    (0)    5 :  0.022 0.885 0.023 0.045 0.013 0.013 
231    C4060    (9)    5 :  0.039 0.094 0.019 0.804 0.028 0.015 
232    C4064    (9)    5 :  0.056 0.275 0.251 0.187 0.205 0.026 
233    C4067    (0)    5 :  0.034 0.683 0.120 0.049 0.036 0.078 
234    C4068    (9)    5 :  0.024 0.879 0.033 0.025 0.021 0.017 
235    C4070    (9)    5 :  0.029 0.567 0.035 0.173 0.051 0.145 
236    C4075   (18)    5 :  0.040 0.689 0.024 0.179 0.039 0.029 
237    C4081    (9)    5 :  0.037 0.805 0.028 0.061 0.044 0.025 
238    C4082    (0)    5 :  0.067 0.288 0.046 0.541 0.034 0.024 
239    C4083    (0)    5 :  0.058 0.182 0.084 0.151 0.221 0.304 
240    C4086    (0)    5 :  0.060 0.414 0.329 0.134 0.045 0.019 
241    C4088    (9)    5 :  0.024 0.041 0.843 0.033 0.046 0.013 
242    C4092    (0)    5 :  0.034 0.198 0.017 0.626 0.033 0.093 
243    C4099    (9)    5 :  0.124 0.647 0.025 0.092 0.036 0.077 
244    C4104    (0)    5 :  0.017 0.035 0.018 0.884 0.019 0.027 
245    C4108   (18)    5 :  0.521 0.016 0.140 0.013 0.270 0.040 
246    C4118    (0)    5 :  0.228 0.198 0.180 0.085 0.256 0.052 
247    C4131    (0)    5 :  0.033 0.205 0.144 0.515 0.072 0.030 
248    C4133    (0)    5 :  0.028 0.667 0.022 0.243 0.021 0.020 
249    C4135    (0)    5 :  0.007 0.031 0.006 0.940 0.009 0.007 
250    C4136    (0)    5 :  0.092 0.031 0.155 0.572 0.116 0.034 
251    C4137    (9)    5 :  0.027 0.287 0.034 0.555 0.070 0.027 
252    C4139    (0)    5 :  0.015 0.048 0.009 0.899 0.017 0.011 
253    C4140    (9)    5 :  0.011 0.049 0.011 0.894 0.022 0.014 
254    C4167    (0)    5 :  0.024 0.058 0.065 0.643 0.130 0.080 
255    C4236    (0)    5 :  0.042 0.717 0.037 0.089 0.084 0.031 
256    C4237    (0)    5 :  0.139 0.027 0.639 0.082 0.084 0.030 
257    C4238    (0)    5 :  0.043 0.537 0.083 0.288 0.032 0.018 
258    C4241    (0)    5 :  0.021 0.863 0.015 0.059 0.024 0.017 
259    C4247    (9)    5 :  0.053 0.183 0.302 0.268 0.042 0.152 
260    C4257    (0)    5 :  0.049 0.822 0.030 0.062 0.019 0.018 
261    C4383    (0)    5 :  0.082 0.087 0.067 0.477 0.061 0.227 
262    C4397    (9)    5 :  0.017 0.370 0.016 0.541 0.042 0.014 
263    C4514    (0)    5 :  0.010 0.029 0.014 0.918 0.012 0.017 
264    C4519    (0)    5 :  0.133 0.051 0.012 0.767 0.021 0.017 
265    C4527    (0)    5 :  0.021 0.416 0.021 0.491 0.028 0.023 
266    C4534    (0)    5 :  0.095 0.287 0.024 0.470 0.049 0.076 
267    C4699    (0)    5 :  0.017 0.026 0.090 0.799 0.035 0.032 
268    C1541    (9)    5 :  0.010 0.923 0.013 0.029 0.012 0.013 
269    C1542    (9)    5 :  0.018 0.908 0.019 0.023 0.017 0.015 
270    C1544    (0)    5 :  0.028 0.785 0.043 0.103 0.024 0.015 
271    C1547    (9)    5 :  0.240 0.213 0.155 0.063 0.109 0.220 
272    C1553    (9)    5 :  0.179 0.104 0.085 0.147 0.329 0.156 
273    C1555    (9)    5 :  0.050 0.803 0.034 0.050 0.047 0.017 
274    C1557    (0)    5 :  0.021 0.792 0.032 0.099 0.028 0.027 
275    C1560    (0)    5 :  0.045 0.878 0.012 0.027 0.019 0.018 
276    C1565    (0)    5 :  0.019 0.858 0.013 0.030 0.044 0.036 
277    C1567    (0)    5 :  0.064 0.777 0.035 0.064 0.028 0.032 
278    C1569    (0)    5 :  0.016 0.850 0.017 0.074 0.022 0.021 
279    C1571    (0)    5 :  0.105 0.678 0.070 0.070 0.038 0.039 
280    C1576    (0)    5 :  0.040 0.467 0.083 0.348 0.030 0.032 
281    C1577    (9)    5 :  0.049 0.803 0.043 0.055 0.028 0.021 
282    C1579    (0)    5 :  0.017 0.907 0.016 0.025 0.022 0.013 
283    C3990    (0)    6 :  0.008 0.017 0.009 0.948 0.009 0.009 
284    C3991    (0)    6 :  0.031 0.030 0.052 0.800 0.026 0.060 
285    C3992    (0)    6 :  0.069 0.022 0.044 0.819 0.029 0.018 
286    C3994    (0)    6 :  0.060 0.257 0.057 0.423 0.043 0.160 
287    C4172    (0)    6 :  0.117 0.013 0.163 0.444 0.164 0.099 
288    C4173    (9)    6 :  0.021 0.032 0.018 0.329 0.026 0.575 
289    C4232    (9)    6 :  0.010 0.945 0.009 0.018 0.009 0.010 
290    C4234    (9)    6 :  0.013 0.919 0.012 0.033 0.013 0.010 
291    C4259    (0)    6 :  0.010 0.933 0.011 0.022 0.011 0.012 
292    C4260    (0)    6 :  0.017 0.704 0.010 0.247 0.012 0.010 
293    C4261    (9)    6 :  0.107 0.240 0.057 0.219 0.258 0.118 
294    C4262    (0)    6 :  0.030 0.312 0.015 0.526 0.041 0.076 
295    C4263    (0)    6 :  0.013 0.827 0.058 0.046 0.026 0.030 
296    C4267    (9)    6 :  0.021 0.415 0.042 0.474 0.028 0.020 
297    C4269    (0)    6 :  0.017 0.216 0.024 0.662 0.042 0.039 
298    C4272    (0)    6 :  0.028 0.809 0.015 0.100 0.025 0.023 
299    C4274    (0)    6 :  0.501 0.372 0.019 0.057 0.036 0.016 
300    C4276    (9)    6 :  0.813 0.051 0.072 0.012 0.025 0.027 
301    C4278    (0)    6 :  0.081 0.203 0.039 0.580 0.046 0.051 
302    C4280    (0)    6 :  0.051 0.409 0.017 0.441 0.059 0.023 
303    C4281    (0)    6 :  0.016 0.872 0.021 0.043 0.027 0.021 
304    C4282    (0)    6 :  0.037 0.534 0.067 0.019 0.128 0.215 
305    C4284    (9)    6 :  0.011 0.294 0.012 0.660 0.012 0.011 
306    C4286    (9)    6 :  0.098 0.545 0.036 0.219 0.067 0.035 
307    C4287    (0)    6 :  0.077 0.374 0.016 0.368 0.093 0.072 
308    C4290    (0)    6 :  0.408 0.058 0.272 0.053 0.094 0.116 
309    C4307   (18)    6 :  0.046 0.273 0.021 0.569 0.046 0.045 
310    C4310    (9)    6 :  0.044 0.762 0.054 0.110 0.018 0.012 
311    C4311   (18)    6 :  0.045 0.821 0.023 0.058 0.029 0.024 
312    C4312    (0)    6 :  0.020 0.739 0.032 0.167 0.019 0.023 
313    C4314    (0)    6 :  0.025 0.746 0.146 0.028 0.041 0.014 
314    C4318    (9)    6 :  0.044 0.738 0.015 0.082 0.043 0.078 
315    C4321    (9)    6 :  0.073 0.297 0.014 0.537 0.026 0.053 
316    C4324    (0)    6 :  0.057 0.498 0.016 0.317 0.028 0.084 
317    C4334    (0)    6 :  0.017 0.114 0.010 0.815 0.012 0.032 
318    C4529    (0)    6 :  0.040 0.715 0.057 0.100 0.041 0.047 
319    C1582    (9)    6 :  0.024 0.497 0.023 0.416 0.021 0.020 
320    C1583    (0)    6 :  0.037 0.785 0.076 0.049 0.028 0.026 
321    C1584    (9)    6 :  0.046 0.719 0.030 0.170 0.020 0.015 
322    C1585    (0)    6 :  0.015 0.157 0.019 0.788 0.010 0.011 
323    C1586    (0)    6 :  0.019 0.656 0.036 0.135 0.037 0.117 
324    C1589    (0)    6 :  0.015 0.416 0.015 0.528 0.013 0.013 
325    C1591    (0)    6 :  0.020 0.548 0.017 0.385 0.012 0.017 
326    C1592    (0)    6 :  0.027 0.848 0.026 0.035 0.024 0.040 
327    C1594    (0)    6 :  0.024 0.727 0.074 0.131 0.025 0.018 
328    C1597    (9)    6 :  0.049 0.789 0.029 0.065 0.037 0.030 
329    C1598    (9)    6 :  0.018 0.205 0.031 0.712 0.019 0.015 
330    C1599    (0)    6 :  0.032 0.895 0.011 0.031 0.016 0.015 
331    C1601    (0)    6 :  0.035 0.246 0.081 0.512 0.086 0.039 
332    C1605    (0)    6 :  0.398 0.106 0.138 0.159 0.133 0.065 
333    C1609    (0)    6 :  0.015 0.193 0.016 0.747 0.013 0.016 
334    C1610    (0)    6 :  0.089 0.692 0.074 0.023 0.104 0.017 
335    C1611    (0)    6 :  0.017 0.884 0.012 0.012 0.023 0.053 
336    C1612    (0)    6 :  0.009 0.950 0.010 0.012 0.010 0.008 
337    C1613    (0)    6 :  0.024 0.857 0.026 0.037 0.016 0.040 
338    C3173    (9)    6 :  0.053 0.747 0.039 0.050 0.061 0.051 
339    C3204    (0)    6 :  0.022 0.879 0.023 0.039 0.020 0.017 
340    C3223    (9)    6 :  0.544 0.267 0.022 0.025 0.046 0.095 
341    C3262    (0)    6 :  0.043 0.797 0.072 0.031 0.028 0.028 
342    C3270    (0)    6 :  0.027 0.478 0.020 0.428 0.025 0.022 
343    C3300    (0)    6 :  0.013 0.103 0.010 0.856 0.009 0.009 
344    C3330    (0)    6 :  0.029 0.437 0.017 0.448 0.043 0.026 
345    C3390    (9)    6 :  0.028 0.505 0.025 0.383 0.031 0.028 
346    C3424    (9)    6 :  0.032 0.833 0.016 0.044 0.058 0.017 
347    C3958    (0)    6 :  0.011 0.029 0.009 0.916 0.018 0.017 
348    C3962    (0)    6 :  0.014 0.019 0.009 0.915 0.026 0.016 
349    C4019    (0)    6 :  0.070 0.012 0.045 0.068 0.740 0.066 
350    C3995   (18)    6 :  0.018 0.023 0.024 0.864 0.026 0.045 
351    C4000    (0)    6 :  0.035 0.041 0.019 0.701 0.122 0.082 
352    C4002    (0)    6 :  0.012 0.031 0.016 0.894 0.023 0.024 
353    C1692    (0)    7 :  0.346 0.020 0.065 0.109 0.419 0.041 
354    C1693    (0)    7 :  0.439 0.223 0.022 0.047 0.086 0.183 
355    C1694    (0)    7 :  0.245 0.115 0.165 0.024 0.111 0.340 
356    C1698    (0)    7 :  0.247 0.018 0.091 0.011 0.407 0.226 
357    C1699    (0)    7 :  0.149 0.025 0.621 0.027 0.115 0.063 
358    C1700    (0)    7 :  0.123 0.059 0.097 0.093 0.444 0.184 
359    C1701    (0)    7 :  0.064 0.023 0.448 0.013 0.400 0.052 
360    C1702    (0)    7 :  0.197 0.015 0.155 0.015 0.513 0.105 
361    C1703    (0)    7 :  0.128 0.013 0.096 0.020 0.277 0.467 
362    C1704    (0)    7 :  0.226 0.095 0.056 0.059 0.187 0.376 
363    C1705    (0)    7 :  0.221 0.011 0.027 0.123 0.066 0.552 
364    C1706    (0)    7 :  0.189 0.024 0.547 0.013 0.157 0.071 
365    C1707    (0)    7 :  0.303 0.389 0.176 0.027 0.061 0.043 
366    C1708    (0)    7 :  0.033 0.014 0.024 0.017 0.104 0.807 
367    C1709    (0)    7 :  0.036 0.024 0.028 0.060 0.089 0.763 
368    C1710    (0)    7 :  0.095 0.034 0.131 0.029 0.561 0.150 
369    C1712    (0)    7 :  0.044 0.009 0.018 0.021 0.173 0.736 
370    C1714    (0)    7 :  0.030 0.015 0.023 0.015 0.036 0.881 
371    C1715    (0)    7 :  0.452 0.027 0.116 0.018 0.362 0.025 
372    C1717    (0)    7 :  0.618 0.122 0.034 0.016 0.133 0.076 
373    C1718   (18)    7 :  0.219 0.055 0.067 0.019 0.579 0.061 
374    C1719    (0)    7 :  0.027 0.075 0.023 0.103 0.086 0.685 
375    C1656    (0)    8 :  0.061 0.011 0.540 0.051 0.246 0.092 
376    C1657   (18)    8 :  0.070 0.021 0.302 0.021 0.113 0.472 
377    C1658    (0)    8 :  0.242 0.009 0.196 0.011 0.495 0.048 
378    C1659    (0)    8 :  0.617 0.042 0.184 0.027 0.107 0.023 
379    C1661    (9)    8 :  0.218 0.075 0.095 0.037 0.470 0.106 
380    C1665    (0)    8 :  0.125 0.027 0.314 0.016 0.459 0.060 
381    C1667    (9)    8 :  0.020 0.008 0.020 0.006 0.043 0.903 
382    C1676    (9)    8 :  0.037 0.019 0.197 0.026 0.602 0.120 
383    C1681    (9)    8 :  0.266 0.029 0.328 0.019 0.213 0.144 
384    C1682    (0)    8 :  0.089 0.015 0.126 0.027 0.250 0.494 
385    C1685    (0)    8 :  0.020 0.022 0.072 0.036 0.811 0.040 
386    C4707    (0)    9 :  0.022 0.024 0.027 0.069 0.816 0.043 
387    C4747    (0)    9 :  0.131 0.153 0.025 0.096 0.075 0.520 
388    C4772    (0)    9 :  0.066 0.068 0.090 0.458 0.278 0.040 
389    C4781    (0)    9 :  0.062 0.026 0.026 0.038 0.106 0.742 
390    C4782    (0)    9 :  0.197 0.075 0.089 0.110 0.284 0.245 
391    C4787    (0)    9 :  0.645 0.017 0.053 0.116 0.104 0.065 
392    C4790    (0)    9 :  0.028 0.016 0.051 0.102 0.231 0.572 
393    C4803    (0)    9 :  0.397 0.049 0.055 0.092 0.280 0.127 
394    C4813    (0)    9 :  0.103 0.023 0.081 0.587 0.148 0.058 
395    C4837    (0)    9 :  0.147 0.034 0.025 0.097 0.660 0.037 
396    C4838    (0)    9 :  0.549 0.012 0.090 0.082 0.209 0.058 
397    C4843    (0)    9 :  0.067 0.030 0.123 0.047 0.683 0.049 
398    C4857    (0)    9 :  0.038 0.035 0.033 0.844 0.029 0.020 
399    C4828    (0)    9 :  0.170 0.278 0.195 0.042 0.245 0.070 
400    C4835    (0)    9 :  0.144 0.016 0.100 0.646 0.068 0.026 
401    C4836    (9)    9 :  0.246 0.038 0.046 0.172 0.344 0.156 
402    C4842    (0)    9 :  0.074 0.014 0.344 0.033 0.436 0.099 
403    C4863    (9)    9 :  0.509 0.028 0.029 0.060 0.185 0.190 
404    C4744    (0)    9 :  0.132 0.021 0.126 0.025 0.444 0.252 
405    C4745    (0)    9 :  0.255 0.026 0.176 0.084 0.410 0.049 
406    C4768    (0)    9 :  0.035 0.050 0.062 0.189 0.361 0.303 
407    C4769    (0)    9 :  0.076 0.012 0.630 0.071 0.141 0.069 
408    C4771    (0)    9 :  0.078 0.014 0.066 0.015 0.757 0.070 
409    C4784    (0)    9 :  0.047 0.019 0.066 0.183 0.079 0.606 
410    C4785    (0)    9 :  0.024 0.023 0.046 0.031 0.031 0.844 
411    C4795    (0)    9 :  0.097 0.053 0.050 0.106 0.065 0.628 
412    C4796    (0)    9 :  0.142 0.019 0.042 0.015 0.613 0.169 
413    C4800    (0)    9 :  0.464 0.010 0.027 0.232 0.248 0.019 
414    C4801    (0)    9 :  0.050 0.021 0.322 0.485 0.080 0.043 
415    C4802    (0)    9 :  0.157 0.272 0.289 0.143 0.111 0.028 
416    C4805    (0)    9 :  0.047 0.016 0.232 0.069 0.467 0.169 
417    C4806    (0)    9 :  0.097 0.011 0.253 0.034 0.578 0.026 
418    C4850    (0)    9 :  0.095 0.080 0.063 0.167 0.557 0.038 
419    C4748    (0)   10 :  0.072 0.009 0.711 0.092 0.037 0.079 
420    C4753    (0)   10 :  0.198 0.023 0.104 0.035 0.510 0.129 
421    C4754    (0)   10 :  0.028 0.019 0.050 0.070 0.736 0.097 
422    C4760    (0)   10 :  0.283 0.171 0.023 0.157 0.318 0.049 
423    C4761    (0)   10 :  0.032 0.012 0.523 0.252 0.076 0.105 
424    C4762    (0)   10 :  0.122 0.013 0.054 0.152 0.086 0.572 
425    C4791    (0)   10 :  0.346 0.009 0.044 0.137 0.378 0.086 
426    C4810    (0)   10 :  0.071 0.076 0.731 0.049 0.045 0.029 
427    C4812    (0)   10 :  0.264 0.059 0.246 0.039 0.361 0.032 
428    C4821    (0)   10 :  0.135 0.098 0.038 0.083 0.551 0.094 
429    C4864    (0)   10 :  0.040 0.066 0.031 0.549 0.284 0.030 
430    C4866    (0)   10 :  0.166 0.017 0.629 0.027 0.123 0.038 
431    C1722    (0)   10 :  0.283 0.046 0.442 0.015 0.176 0.038 
432    C1724    (0)   10 :  0.154 0.009 0.733 0.014 0.075 0.015 
433    C1725    (0)   10 :  0.316 0.047 0.444 0.013 0.122 0.058 
434    C1726    (0)   10 :  0.239 0.014 0.086 0.014 0.522 0.126 
435    C1731    (0)   10 :  0.148 0.026 0.488 0.046 0.196 0.096 
436    C1733    (9)   10 :  0.491 0.029 0.311 0.029 0.117 0.023 
437    C1734    (0)   10 :  0.422 0.026 0.073 0.053 0.388 0.039 
438    C1735    (0)   10 :  0.572 0.012 0.218 0.009 0.158 0.031 
439    C1738    (0)   10 :  0.345 0.040 0.439 0.027 0.129 0.020 
440    C1740    (9)   10 :  0.188 0.105 0.218 0.051 0.371 0.066 
441    C1741    (0)   10 :  0.294 0.099 0.028 0.259 0.137 0.182 
442    C1742    (0)   10 :  0.051 0.019 0.063 0.023 0.825 0.019 
443    C1743    (0)   10 :  0.248 0.026 0.114 0.025 0.118 0.469 
444    C1745    (0)   10 :  0.320 0.027 0.101 0.065 0.446 0.040 
445    C1746    (0)   10 :  0.203 0.041 0.331 0.063 0.236 0.127 
446    C1747    (0)   10 :  0.346 0.065 0.307 0.029 0.086 0.168 
447    C4742    (9)   10 :  0.053 0.035 0.073 0.310 0.335 0.195 
448    C4752    (0)   10 :  0.035 0.024 0.077 0.813 0.024 0.026 
449    C4792    (0)   10 :  0.051 0.072 0.134 0.380 0.289 0.074 
450    C4811    (0)   10 :  0.059 0.037 0.022 0.825 0.034 0.024 
451    C4814    (0)   10 :  0.080 0.029 0.060 0.396 0.322 0.112 
452    C4815    (0)   10 :  0.712 0.041 0.034 0.066 0.107 0.040 
453    C4818    (0)   10 :  0.185 0.082 0.194 0.274 0.189 0.076 
454    C4819    (0)   10 :  0.051 0.044 0.260 0.299 0.269 0.077 
455    C4826    (0)   10 :  0.204 0.009 0.082 0.026 0.580 0.098 
456    C4829    (0)   10 :  0.120 0.052 0.056 0.031 0.337 0.403 
457    C4830    (0)   10 :  0.048 0.014 0.016 0.027 0.715 0.180 
458    C4831    (0)   10 :  0.020 0.044 0.059 0.743 0.068 0.066 
459    C4832    (0)   10 :  0.064 0.015 0.119 0.028 0.345 0.429 
460    C4858    (0)   10 :  0.067 0.012 0.018 0.341 0.056 0.505 
461    C4757    (0)   10 :  0.152 0.081 0.218 0.112 0.390 0.047 
462    C4770    (9)   10 :  0.256 0.488 0.022 0.114 0.060 0.061 
463    C4808    (0)   10 :  0.092 0.026 0.045 0.090 0.695 0.052 
464    C4809    (0)   10 :  0.034 0.010 0.035 0.014 0.891 0.016 
465    C4820    (0)   10 :  0.252 0.017 0.173 0.070 0.243 0.245 
466    C4824    (0)   10 :  0.359 0.010 0.017 0.029 0.303 0.281 
467    C4706    (0)   11 :  0.231 0.012 0.428 0.017 0.253 0.058 
468    C4708    (0)   11 :  0.012 0.031 0.013 0.916 0.014 0.014 
469    C4709    (0)   11 :  0.067 0.016 0.031 0.052 0.058 0.776 
470    C4714    (0)   11 :  0.050 0.029 0.041 0.257 0.121 0.502 
471    C4722    (0)   11 :  0.049 0.021 0.153 0.094 0.227 0.455 
472    C4726    (0)   11 :  0.304 0.084 0.287 0.156 0.137 0.031 
473    C4733    (0)   11 :  0.026 0.063 0.096 0.213 0.434 0.168 
474    C4734    (0)   11 :  0.099 0.020 0.319 0.082 0.412 0.068 
475    C4737    (0)   11 :  0.023 0.014 0.026 0.053 0.082 0.803 
476    C4882    (0)   11 :  0.115 0.015 0.107 0.016 0.664 0.083 
477    C4883    (0)   11 :  0.015 0.016 0.014 0.109 0.026 0.821 
478    C4702    (9)   11 :  0.166 0.146 0.102 0.086 0.311 0.190 
479    C4703    (0)   11 :  0.070 0.039 0.048 0.631 0.114 0.098 
480    C4727    (0)   11 :  0.083 0.012 0.418 0.066 0.288 0.133 
481    C4732    (0)   11 :  0.064 0.020 0.035 0.042 0.084 0.755 
482    C4735    (0)   11 :  0.620 0.020 0.025 0.047 0.243 0.046 
483    C4736    (0)   11 :  0.024 0.040 0.048 0.661 0.034 0.193 
484    C4746    (0)   11 :  0.077 0.016 0.049 0.206 0.179 0.473 
485    C4777    (0)   11 :  0.294 0.023 0.089 0.010 0.559 0.024 
486    C4846    (0)   11 :  0.028 0.114 0.076 0.540 0.151 0.090 
487    C4847    (0)   11 :  0.050 0.010 0.166 0.032 0.696 0.047 
488    C4884    (0)   11 :  0.270 0.010 0.030 0.164 0.361 0.166 
489    C4705    (0)   11 :  0.459 0.031 0.025 0.180 0.285 0.020 
490    C4711    (0)   11 :  0.031 0.019 0.609 0.121 0.081 0.139 
491    C4713    (9)   11 :  0.596 0.048 0.140 0.040 0.094 0.081 
492    C4716    (0)   11 :  0.205 0.023 0.101 0.083 0.442 0.146 
493    C4717    (0)   11 :  0.030 0.022 0.064 0.762 0.088 0.033 
494    C4719    (0)   11 :  0.018 0.013 0.037 0.013 0.881 0.038 
495    C4721    (0)   11 :  0.018 0.029 0.023 0.888 0.024 0.018 
496    C4729    (0)   11 :  0.128 0.016 0.039 0.066 0.719 0.031 
497    C4730    (0)   11 :  0.033 0.020 0.055 0.742 0.068 0.081 
498    C4773    (0)   11 :  0.013 0.038 0.068 0.835 0.030 0.015 
499    C4861    (0)   11 :  0.044 0.020 0.082 0.034 0.798 0.023 
500    C4890    (0)   11 :  0.068 0.019 0.023 0.394 0.366 0.131 
501    C4718    (0)   11 :  0.213 0.026 0.086 0.068 0.394 0.214 
502    C4724    (0)   11 :  0.191 0.017 0.058 0.497 0.188 0.049 
503    C4738    (0)   11 :  0.027 0.015 0.434 0.395 0.106 0.022 
504    C4739    (0)   11 :  0.057 0.048 0.135 0.057 0.658 0.045 
505    C4844    (0)   11 :  0.096 0.038 0.074 0.208 0.545 0.039 
506    C4845    (0)   11 :  0.038 0.016 0.024 0.046 0.066 0.810 
507    C4681    (0)   11 :  0.018 0.319 0.027 0.557 0.057 0.022 
508    C4682    (0)   11 :  0.194 0.224 0.157 0.062 0.078 0.285 
509    C4683    (0)   11 :  0.038 0.071 0.053 0.685 0.110 0.043 
510    C4685    (0)   11 :  0.161 0.027 0.031 0.206 0.332 0.243 
511    C4715    (0)   11 :  0.551 0.045 0.018 0.034 0.148 0.203 
512    C4725    (0)   11 :  0.155 0.018 0.065 0.014 0.495 0.254 
513    C4799    (0)   11 :  0.254 0.169 0.030 0.264 0.187 0.096 
514    C4889    (9)   11 :  0.042 0.019 0.166 0.646 0.056 0.071 
515    U1941    (0)   12 :  0.890 0.036 0.031 0.013 0.019 0.011 
516    U1942    (0)   12 :  0.232 0.076 0.064 0.270 0.274 0.084 
517    U1957    (9)   12 :  0.129 0.621 0.081 0.041 0.083 0.045 
518    U2016    (0)   12 :  0.226 0.012 0.132 0.006 0.583 0.041 
519    U2021    (9)   12 :  0.261 0.036 0.054 0.025 0.315 0.310 
520    U2022    (0)   12 :  0.087 0.028 0.023 0.012 0.580 0.270 
521    U2023    (0)   12 :  0.143 0.012 0.099 0.019 0.629 0.098 
522    U2024    (0)   12 :  0.029 0.038 0.061 0.037 0.721 0.114 
523    U2025    (9)   12 :  0.121 0.043 0.026 0.021 0.694 0.095 
524    U2026    (0)   12 :  0.131 0.187 0.027 0.032 0.426 0.197 
525    U2027    (0)   12 :  0.075 0.030 0.208 0.037 0.531 0.119 
526    U2028    (0)   12 :  0.018 0.010 0.025 0.008 0.889 0.051 
527    U2029    (0)   12 :  0.033 0.010 0.090 0.028 0.538 0.302 
528    U2030    (0)   12 :  0.104 0.014 0.139 0.010 0.561 0.173 
529    U2031    (0)   12 :  0.127 0.016 0.177 0.011 0.599 0.070 
530    U1943    (0)   12 :  0.051 0.019 0.024 0.034 0.038 0.834 
531    U1944    (0)   12 :  0.100 0.018 0.243 0.023 0.070 0.546 
532    U1945    (0)   12 :  0.127 0.016 0.100 0.018 0.342 0.398 
533    U1946    (0)   12 :  0.174 0.028 0.544 0.017 0.163 0.074 
534    U1947    (0)   12 :  0.351 0.022 0.016 0.014 0.521 0.076 
535    U1948    (0)   12 :  0.446 0.051 0.063 0.065 0.278 0.098 
536    U1949    (0)   12 :  0.160 0.020 0.113 0.013 0.600 0.094 
537    U1955    (0)   12 :  0.265 0.218 0.290 0.043 0.151 0.033 
538    U2005    (0)   12 :  0.414 0.138 0.022 0.010 0.108 0.307 
539    U2006    (0)   12 :  0.812 0.017 0.072 0.009 0.064 0.025 
540    U2007    (0)   12 :  0.760 0.046 0.022 0.016 0.118 0.039 
541    U2008    (0)   12 :  0.796 0.008 0.012 0.007 0.151 0.026 
542    U2010    (9)   12 :  0.473 0.137 0.022 0.037 0.155 0.176 
543    U2011    (0)   12 :  0.725 0.027 0.098 0.010 0.119 0.022 
544    U2012    (0)   12 :  0.625 0.017 0.037 0.011 0.133 0.177 
545    U2014    (0)   12 :  0.219 0.021 0.038 0.039 0.550 0.133 
546    U2702    (0)   12 :  0.014 0.024 0.018 0.017 0.017 0.909 
547    U2703    (0)   12 :  0.031 0.026 0.023 0.048 0.067 0.806 
548    U2704    (0)   12 :  0.452 0.061 0.067 0.031 0.282 0.108 
549    U2706   (18)   12 :  0.239 0.017 0.271 0.039 0.344 0.089 
550    U2707    (0)   12 :  0.168 0.017 0.580 0.017 0.067 0.152 
551    U2708    (0)   12 :  0.050 0.018 0.043 0.021 0.656 0.211 
552    U2698    (0)   12 :  0.210 0.120 0.221 0.099 0.284 0.066 
553    U2700    (0)   12 :  0.188 0.042 0.041 0.018 0.622 0.089 
554    U1924    (0)   12 :  0.371 0.025 0.093 0.020 0.377 0.116 
555    U1930    (0)   12 :  0.243 0.018 0.641 0.023 0.038 0.036 
556    U1931    (0)   12 :  0.310 0.027 0.116 0.144 0.261 0.144 
