

----------------------------------------------------
STRUCTURE by Pritchard, Stephens and Donnelly (2000)
     and Falush, Stephens and Pritchard (2003)
       Code by Pritchard, Falush and Hubisz
             Version 2.3.4 (Jul 2012)
----------------------------------------------------



Command line arguments:   bin\structure -m G:\My Drive\Hoban_Lab_Docs\Projects\Butternut_JUCI\Graphical_Stat_Results\PostIndRemoval\24pop\Reorg_Results\STR\butternut\50-50\mainparams -e G:\My Drive\Hoban_Lab_Docs\Projects\Butternut_JUCI\Graphical_Stat_Results\PostIndRemoval\24pop\Reorg_Results\STR\butternut\50-50\extraparams 
Input File:    G:\My Drive\Hoban_Lab_Docs\Projects\Butternut_JUCI\Graphical_Stat_Results\PostIndRemoval\24pop\Reorg_Results\STR\butternut\project_data

Run parameters:
   993 individuals
   11 loci
   8 populations assumed
   50000 Burn-in period
   50000 Reps


--------------------------------------------
Proportion of membership of each pre-defined
 population in each of the 8 clusters

Given    Inferred Clusters                                          Number of
 Pop       1      2      3      4      5      6      7      8      Individuals

  1:     0.190  0.038  0.230  0.356  0.056  0.042  0.041  0.047       40
  2:     0.302  0.042  0.185  0.324  0.054  0.033  0.034  0.027       45
  3:     0.171  0.029  0.413  0.231  0.042  0.046  0.043  0.025       62
  4:     0.341  0.034  0.307  0.152  0.040  0.051  0.029  0.046       48
  5:     0.264  0.039  0.211  0.317  0.041  0.040  0.038  0.050       87
  6:     0.179  0.038  0.249  0.369  0.050  0.051  0.036  0.028       70
  7:     0.040  0.185  0.034  0.059  0.212  0.136  0.244  0.091       22
  8:     0.022  0.252  0.024  0.024  0.204  0.120  0.193  0.161       11
  9:     0.180  0.232  0.033  0.050  0.158  0.123  0.155  0.070       33
 10:     0.165  0.201  0.044  0.034  0.171  0.147  0.096  0.142       48
 11:     0.284  0.195  0.027  0.038  0.124  0.103  0.151  0.077       48
 12:     0.029  0.221  0.043  0.047  0.190  0.216  0.133  0.120       90
 13:     0.018  0.123  0.030  0.024  0.116  0.137  0.507  0.044       63
 14:     0.026  0.219  0.063  0.088  0.183  0.217  0.093  0.109       16
 15:     0.078  0.120  0.058  0.099  0.125  0.302  0.072  0.146       31
 16:     0.052  0.062  0.013  0.016  0.049  0.021  0.027  0.760       16
 17:     0.024  0.122  0.084  0.077  0.190  0.097  0.366  0.041       24
 18:     0.032  0.284  0.038  0.065  0.286  0.077  0.087  0.131       12
 19:     0.030  0.186  0.036  0.060  0.214  0.158  0.167  0.150       54
 20:     0.044  0.166  0.036  0.058  0.161  0.216  0.062  0.257       96
 21:     0.018  0.100  0.026  0.071  0.198  0.141  0.145  0.300       22
 22:     0.079  0.094  0.053  0.074  0.056  0.065  0.028  0.550       23
 23:     0.022  0.194  0.035  0.025  0.104  0.216  0.059  0.346       13
 24:     0.041  0.211  0.085  0.047  0.248  0.132  0.156  0.080       19
--------------------------------------------

Allele-freq. divergence among pops (Net nucleotide distance),
computed using point estimates of P.

      1       2       3       4       5       6       7       8      
 1      -    0.0380  0.0372  0.0352  0.0354  0.0466  0.0384  0.0518  
 2   0.0380     -    0.0334  0.0333  0.0049  0.0094  0.0103  0.0138  
 3   0.0372  0.0334     -    0.0223  0.0243  0.0320  0.0359  0.0393  
 4   0.0352  0.0333  0.0223     -    0.0266  0.0352  0.0356  0.0403  
 5   0.0354  0.0049  0.0243  0.0266     -    0.0075  0.0090  0.0124  
 6   0.0466  0.0094  0.0320  0.0352  0.0075     -    0.0156  0.0161  
 7   0.0384  0.0103  0.0359  0.0356  0.0090  0.0156     -    0.0241  
 8   0.0518  0.0138  0.0393  0.0403  0.0124  0.0161  0.0241     -    

Average distances (expected heterozygosity) between individuals in same cluster:
cluster  1  : 0.8207 
cluster  2  : 0.8480 
cluster  3  : 0.8157 
cluster  4  : 0.8056 
cluster  5  : 0.8615 
cluster  6  : 0.8414 
cluster  7  : 0.8480 
cluster  8  : 0.8296 

--------------------------------------------
Estimated Ln Prob of Data   = -47126.9
Mean value of ln likelihood = -44915.4
Variance of ln likelihood   = 4423.0
Mean value of alpha         = 0.0541

Mean value of Fst_1         = 0.0753
Mean value of Fst_2         = 0.0224
Mean value of Fst_3         = 0.0688
Mean value of Fst_4         = 0.0640
Mean value of Fst_5         = 0.0122
Mean value of Fst_6         = 0.0303
Mean value of Fst_7         = 0.0322
Mean value of Fst_8         = 0.0423


Inferred ancestry of individuals:
        Label (%Miss) Pop:  Inferred clusters
  1    C3984    (0)    1 :  0.192 0.010 0.013 0.739 0.015 0.012 0.012 0.007 
  2    C3985    (0)    1 :  0.728 0.016 0.067 0.133 0.018 0.009 0.014 0.014 
  3    C3986    (0)    1 :  0.775 0.010 0.096 0.072 0.011 0.011 0.017 0.007 
  4    C4231    (0)    1 :  0.340 0.043 0.050 0.449 0.047 0.043 0.017 0.010 
  5    C4344    (0)    1 :  0.053 0.020 0.741 0.092 0.038 0.019 0.023 0.014 
  6    C4347   (18)    1 :  0.049 0.023 0.477 0.319 0.028 0.025 0.014 0.065 
  7    C4352   (18)    1 :  0.365 0.033 0.059 0.451 0.026 0.017 0.028 0.020 
  8    C4355    (9)    1 :  0.041 0.013 0.111 0.732 0.021 0.045 0.023 0.013 
  9    C4358   (18)    1 :  0.033 0.213 0.016 0.054 0.464 0.108 0.057 0.055 
 10    C4419    (9)    1 :  0.086 0.028 0.017 0.678 0.038 0.117 0.020 0.015 
 11    C4428    (9)    1 :  0.135 0.011 0.096 0.698 0.014 0.020 0.011 0.015 
 12    C4436    (0)    1 :  0.435 0.013 0.095 0.401 0.012 0.013 0.015 0.017 
 13    C4437   (18)    1 :  0.676 0.021 0.034 0.110 0.058 0.042 0.019 0.041 
 14    C4450    (0)    1 :  0.136 0.067 0.024 0.477 0.121 0.079 0.051 0.045 
 15    C4531    (0)    1 :  0.870 0.026 0.008 0.012 0.022 0.016 0.025 0.021 
 16    C1615    (0)    1 :  0.342 0.088 0.056 0.205 0.068 0.047 0.083 0.110 
 17    C1616    (0)    1 :  0.072 0.111 0.072 0.216 0.092 0.257 0.019 0.161 
 18    C1617    (9)    1 :  0.012 0.014 0.142 0.756 0.016 0.032 0.010 0.018 
 19    C1618    (0)    1 :  0.491 0.036 0.028 0.227 0.033 0.021 0.124 0.039 
 20    C1619    (0)    1 :  0.122 0.037 0.099 0.319 0.150 0.027 0.188 0.058 
 21    C1620    (9)    1 :  0.201 0.045 0.045 0.364 0.114 0.017 0.165 0.049 
 22    C1621    (0)    1 :  0.027 0.061 0.032 0.243 0.097 0.060 0.041 0.438 
 23    C1623    (9)    1 :  0.441 0.043 0.014 0.027 0.114 0.044 0.204 0.111 
 24    C1625    (0)    1 :  0.041 0.036 0.106 0.409 0.129 0.018 0.128 0.133 
 25    C1626    (0)    1 :  0.023 0.098 0.035 0.484 0.090 0.117 0.037 0.117 
 26    C1627    (9)    1 :  0.046 0.018 0.020 0.829 0.018 0.009 0.021 0.038 
 27    C1633    (0)    1 :  0.012 0.008 0.012 0.926 0.010 0.009 0.010 0.013 
 28    C1637    (0)    1 :  0.015 0.019 0.033 0.859 0.017 0.018 0.014 0.026 
 29    C1650    (0)    1 :  0.567 0.025 0.042 0.251 0.021 0.048 0.015 0.031 
 30    C3202    (0)    1 :  0.019 0.011 0.899 0.015 0.017 0.010 0.011 0.019 
 31    C3248    (0)    1 :  0.009 0.024 0.162 0.747 0.022 0.010 0.014 0.013 
 32    C3304    (9)    1 :  0.017 0.012 0.712 0.146 0.036 0.052 0.012 0.011 
 33    C3326    (0)    1 :  0.102 0.150 0.411 0.126 0.097 0.066 0.022 0.025 
 34    C3333    (0)    1 :  0.010 0.011 0.910 0.016 0.014 0.014 0.011 0.014 
 35    C3339   (18)    1 :  0.014 0.020 0.256 0.544 0.050 0.063 0.038 0.015 
 36    C3346    (0)    1 :  0.012 0.008 0.937 0.011 0.008 0.008 0.011 0.006 
 37    C3349    (0)    1 :  0.015 0.040 0.710 0.081 0.028 0.078 0.031 0.016 
 38    C3367   (18)    1 :  0.049 0.014 0.834 0.020 0.022 0.021 0.018 0.022 
 39    C3374    (0)    1 :  0.016 0.008 0.022 0.921 0.008 0.008 0.010 0.006 
 40    C3405    (0)    1 :  0.017 0.021 0.720 0.092 0.037 0.066 0.037 0.011 
 41    C4543    (0)    2 :  0.832 0.016 0.049 0.028 0.017 0.029 0.018 0.011 
 42    C4545    (9)    2 :  0.862 0.010 0.014 0.034 0.012 0.009 0.051 0.007 
 43    C4551    (9)    2 :  0.374 0.250 0.018 0.140 0.097 0.028 0.071 0.022 
 44    C4491    (0)    2 :  0.533 0.091 0.067 0.083 0.096 0.041 0.059 0.030 
 45    C4494    (0)    2 :  0.179 0.012 0.641 0.121 0.013 0.012 0.013 0.009 
 46    C4495    (0)    2 :  0.063 0.064 0.608 0.039 0.161 0.016 0.033 0.016 
 47    C4497    (9)    2 :  0.031 0.016 0.050 0.835 0.025 0.017 0.015 0.011 
 48    C4501    (0)    2 :  0.040 0.030 0.015 0.775 0.042 0.071 0.016 0.011 
 49    C4502    (0)    2 :  0.223 0.012 0.046 0.581 0.018 0.022 0.085 0.013 
 50    C4503    (0)    2 :  0.709 0.020 0.012 0.011 0.023 0.013 0.194 0.018 
 51    C4504    (0)    2 :  0.130 0.042 0.057 0.128 0.449 0.068 0.084 0.042 
 52    C4470    (0)    2 :  0.101 0.094 0.031 0.631 0.077 0.022 0.024 0.020 
 53    C4471    (0)    2 :  0.649 0.016 0.031 0.204 0.033 0.029 0.024 0.014 
 54    C4474    (9)    2 :  0.870 0.038 0.007 0.010 0.018 0.015 0.017 0.024 
 55    C4476    (0)    2 :  0.102 0.016 0.018 0.811 0.012 0.012 0.019 0.009 
 56    C4479    (0)    2 :  0.064 0.015 0.094 0.744 0.017 0.015 0.009 0.041 
 57    C4482    (0)    2 :  0.438 0.044 0.141 0.083 0.087 0.036 0.010 0.161 
 58    C4483    (0)    2 :  0.915 0.010 0.007 0.009 0.024 0.010 0.014 0.010 
 59    C4484    (0)    2 :  0.442 0.031 0.231 0.087 0.053 0.062 0.070 0.024 
 60    C4485    (0)    2 :  0.045 0.087 0.475 0.188 0.087 0.045 0.030 0.043 
 61    C4489    (0)    2 :  0.322 0.016 0.097 0.455 0.029 0.031 0.030 0.020 
 62    C4505    (0)    2 :  0.093 0.031 0.024 0.785 0.019 0.016 0.018 0.013 
 63    C4507    (0)    2 :  0.316 0.107 0.013 0.346 0.047 0.057 0.103 0.010 
 64    C4535    (0)    2 :  0.824 0.036 0.012 0.018 0.033 0.023 0.028 0.025 
 65    C4542    (0)    2 :  0.255 0.144 0.016 0.022 0.221 0.285 0.029 0.027 
 66    C4553    (9)    2 :  0.696 0.050 0.089 0.082 0.028 0.019 0.017 0.021 
 67    C4562   (18)    2 :  0.669 0.045 0.050 0.118 0.023 0.017 0.052 0.026 
 68    C4582   (18)    2 :  0.798 0.033 0.023 0.059 0.020 0.021 0.018 0.030 
 69    C4693    (0)    2 :  0.911 0.010 0.018 0.024 0.009 0.010 0.007 0.012 
 70    C4696    (0)    2 :  0.600 0.113 0.029 0.116 0.051 0.022 0.045 0.024 
 71    C3179    (0)    2 :  0.015 0.015 0.817 0.062 0.025 0.017 0.038 0.010 
 72    C3181    (0)    2 :  0.020 0.025 0.140 0.656 0.078 0.041 0.016 0.025 
 73    C3188    (0)    2 :  0.018 0.021 0.115 0.725 0.047 0.026 0.028 0.020 
 74    C3190    (0)    2 :  0.033 0.019 0.813 0.017 0.024 0.058 0.013 0.022 
 75    C3193    (0)    2 :  0.016 0.025 0.331 0.559 0.021 0.011 0.009 0.029 
 76    C3232    (0)    2 :  0.108 0.012 0.103 0.728 0.015 0.013 0.012 0.009 
 77    C3236    (0)    2 :  0.042 0.012 0.818 0.092 0.010 0.010 0.008 0.009 
 78    C3249    (0)    2 :  0.021 0.034 0.365 0.443 0.030 0.045 0.030 0.032 
 79    C3250    (0)    2 :  0.013 0.009 0.022 0.918 0.009 0.012 0.008 0.009 
 80    C3253    (0)    2 :  0.011 0.011 0.010 0.930 0.010 0.008 0.008 0.011 
 81    C3255    (0)    2 :  0.036 0.010 0.098 0.808 0.019 0.010 0.009 0.010 
 82    C3277    (0)    2 :  0.020 0.060 0.096 0.595 0.097 0.036 0.034 0.062 
 83    C3315    (0)    2 :  0.076 0.081 0.017 0.431 0.090 0.066 0.081 0.157 
 84    C3288    (0)    2 :  0.021 0.013 0.882 0.020 0.017 0.012 0.014 0.021 
 85    C3293    (0)    2 :  0.049 0.028 0.704 0.021 0.110 0.032 0.028 0.027 
 86    C4018    (0)    3 :  0.715 0.010 0.210 0.025 0.008 0.018 0.008 0.007 
 87    C3980    (0)    3 :  0.897 0.010 0.029 0.013 0.015 0.014 0.009 0.012 
 88    C3987    (0)    3 :  0.894 0.008 0.022 0.034 0.010 0.011 0.011 0.010 
 89    C3988    (0)    3 :  0.835 0.014 0.050 0.060 0.015 0.006 0.010 0.010 
 90    C3989    (0)    3 :  0.041 0.026 0.607 0.051 0.245 0.014 0.007 0.008 
 91    C4011    (0)    3 :  0.710 0.006 0.132 0.130 0.006 0.006 0.006 0.005 
 92    C4017    (0)    3 :  0.941 0.006 0.012 0.015 0.007 0.007 0.007 0.006 
 93    C4296    (0)    3 :  0.058 0.306 0.030 0.400 0.049 0.065 0.057 0.036 
 94    C4301    (9)    3 :  0.010 0.018 0.043 0.010 0.070 0.806 0.033 0.010 
 95    C4303    (0)    3 :  0.012 0.035 0.566 0.031 0.033 0.039 0.025 0.259 
 96    C4453    (0)    3 :  0.129 0.013 0.556 0.109 0.043 0.035 0.075 0.039 
 97    C4455    (9)    3 :  0.036 0.014 0.862 0.013 0.017 0.012 0.016 0.029 
 98    C4456   (18)    3 :  0.327 0.022 0.316 0.015 0.060 0.051 0.125 0.083 
 99    C4457    (9)    3 :  0.027 0.026 0.698 0.040 0.098 0.037 0.022 0.053 
100    C4459    (9)    3 :  0.233 0.030 0.394 0.269 0.024 0.016 0.012 0.021 
101    C4464   (18)    3 :  0.059 0.010 0.711 0.181 0.011 0.009 0.011 0.008 
102    C4467   (18)    3 :  0.030 0.008 0.237 0.689 0.011 0.007 0.009 0.009 
103    C4468    (9)    3 :  0.036 0.017 0.173 0.678 0.018 0.014 0.014 0.050 
104    C4783    (0)    3 :  0.705 0.028 0.192 0.009 0.032 0.010 0.011 0.012 
105    C4786    (0)    3 :  0.189 0.014 0.719 0.026 0.010 0.020 0.012 0.010 
106    C4789    (9)    3 :  0.404 0.013 0.312 0.153 0.020 0.078 0.009 0.011 
107    C4891    (0)    3 :  0.065 0.033 0.820 0.013 0.024 0.015 0.019 0.011 
108    C4896    (0)    3 :  0.454 0.041 0.295 0.016 0.062 0.073 0.020 0.039 
109    C4898    (0)    3 :  0.753 0.024 0.099 0.054 0.027 0.013 0.015 0.015 
110    C4901    (0)    3 :  0.130 0.009 0.804 0.012 0.012 0.017 0.006 0.009 
111    C4903    (9)    3 :  0.053 0.018 0.806 0.014 0.029 0.046 0.012 0.023 
112    C4904    (0)    3 :  0.713 0.026 0.172 0.018 0.038 0.016 0.010 0.008 
113    C3263    (0)    3 :  0.013 0.014 0.308 0.410 0.050 0.011 0.172 0.022 
114    C3271    (0)    3 :  0.022 0.019 0.074 0.792 0.033 0.025 0.024 0.012 
115    C3272    (0)    3 :  0.011 0.019 0.029 0.856 0.026 0.035 0.015 0.009 
116    C3276    (0)    3 :  0.016 0.045 0.445 0.024 0.096 0.280 0.070 0.024 
117    C3280    (9)    3 :  0.028 0.048 0.030 0.713 0.047 0.026 0.083 0.025 
118    C3305    (9)    3 :  0.011 0.008 0.010 0.932 0.011 0.012 0.009 0.007 
119    C3306    (0)    3 :  0.022 0.033 0.096 0.651 0.083 0.019 0.073 0.024 
120    C3324    (0)    3 :  0.017 0.034 0.016 0.702 0.069 0.013 0.133 0.016 
121    C3329    (0)    3 :  0.127 0.098 0.105 0.428 0.097 0.041 0.076 0.028 
122    C3336    (0)    3 :  0.022 0.026 0.053 0.801 0.025 0.042 0.017 0.014 
123    C3341   (18)    3 :  0.054 0.044 0.028 0.058 0.102 0.025 0.658 0.031 
124    C3409   (18)    3 :  0.051 0.086 0.111 0.419 0.139 0.098 0.056 0.041 
125    C3168    (9)    3 :  0.013 0.009 0.920 0.014 0.016 0.010 0.010 0.008 
126    C3170    (0)    3 :  0.019 0.013 0.879 0.036 0.015 0.020 0.011 0.007 
127    C3214   (18)    3 :  0.019 0.014 0.598 0.111 0.026 0.188 0.011 0.034 
128    C3227    (0)    3 :  0.014 0.008 0.907 0.011 0.012 0.028 0.009 0.010 
129    C3228    (0)    3 :  0.071 0.050 0.038 0.711 0.030 0.039 0.031 0.030 
130    C3279    (0)    3 :  0.012 0.037 0.777 0.027 0.074 0.043 0.012 0.017 
131    C3322    (0)    3 :  0.054 0.066 0.597 0.017 0.117 0.075 0.012 0.062 
132    C3303    (0)    3 :  0.015 0.048 0.767 0.043 0.022 0.058 0.033 0.014 
133    C3317    (0)    3 :  0.021 0.015 0.052 0.843 0.021 0.011 0.021 0.016 
134    C3355    (0)    3 :  0.028 0.013 0.607 0.296 0.016 0.010 0.020 0.011 
135    C3376    (9)    3 :  0.029 0.029 0.240 0.562 0.024 0.078 0.018 0.020 
136    C3401    (0)    3 :  0.030 0.032 0.076 0.763 0.029 0.027 0.018 0.024 
137    C3203    (9)    3 :  0.038 0.017 0.432 0.295 0.049 0.067 0.068 0.035 
138    C3245    (0)    3 :  0.009 0.012 0.898 0.020 0.022 0.015 0.009 0.015 
139    C3302    (0)    3 :  0.011 0.014 0.905 0.011 0.019 0.015 0.013 0.013 
140    C3307    (0)    3 :  0.104 0.027 0.524 0.045 0.089 0.010 0.111 0.091 
141    C3310    (0)    3 :  0.009 0.009 0.938 0.007 0.011 0.009 0.010 0.007 
142    C3312    (9)    3 :  0.047 0.033 0.339 0.442 0.075 0.016 0.015 0.032 
143    C3345    (0)    3 :  0.018 0.009 0.893 0.018 0.021 0.011 0.020 0.011 
144    C3371    (0)    3 :  0.008 0.010 0.891 0.016 0.023 0.009 0.034 0.010 
145    C3372    (0)    3 :  0.023 0.018 0.716 0.108 0.060 0.014 0.037 0.023 
146    C3380    (9)    3 :  0.016 0.006 0.939 0.012 0.007 0.008 0.006 0.007 
147    C3417    (0)    3 :  0.119 0.027 0.512 0.036 0.084 0.024 0.171 0.027 
148    C4569    (9)    4 :  0.324 0.209 0.018 0.055 0.094 0.137 0.116 0.046 
149    C4570    (9)    4 :  0.873 0.015 0.010 0.055 0.011 0.011 0.014 0.012 
150    C4571    (9)    4 :  0.541 0.016 0.025 0.348 0.015 0.017 0.017 0.021 
151    C4572    (9)    4 :  0.897 0.013 0.010 0.023 0.012 0.013 0.014 0.018 
152    C4573    (9)    4 :  0.116 0.064 0.011 0.159 0.100 0.093 0.028 0.430 
153    C4575    (9)    4 :  0.656 0.027 0.024 0.051 0.073 0.055 0.023 0.090 
154    C4577    (9)    4 :  0.906 0.016 0.013 0.020 0.015 0.010 0.012 0.008 
155    C4578    (9)    4 :  0.685 0.044 0.016 0.066 0.055 0.054 0.022 0.058 
156    C4600   (18)    4 :  0.605 0.150 0.021 0.033 0.103 0.038 0.022 0.029 
157    C4612    (9)    4 :  0.709 0.028 0.023 0.018 0.032 0.156 0.016 0.018 
158    C4621    (0)    4 :  0.870 0.007 0.044 0.031 0.011 0.015 0.006 0.016 
159    C4622    (9)    4 :  0.930 0.009 0.020 0.009 0.008 0.007 0.008 0.008 
160    C4623    (0)    4 :  0.239 0.049 0.163 0.091 0.107 0.053 0.242 0.055 
161    C4624    (0)    4 :  0.860 0.023 0.012 0.021 0.014 0.017 0.012 0.040 
162    C4625    (0)    4 :  0.134 0.072 0.013 0.175 0.040 0.060 0.015 0.491 
163    C4627    (0)    4 :  0.842 0.011 0.053 0.015 0.019 0.022 0.018 0.021 
164    C4631    (0)    4 :  0.709 0.022 0.011 0.010 0.025 0.012 0.194 0.018 
165    C4632    (0)    4 :  0.845 0.021 0.031 0.047 0.011 0.012 0.014 0.020 
166    C3939    (0)    4 :  0.831 0.018 0.075 0.019 0.014 0.023 0.011 0.009 
167    C3940    (0)    4 :  0.780 0.038 0.035 0.015 0.049 0.054 0.021 0.007 
168    C3945    (0)    4 :  0.932 0.010 0.015 0.015 0.009 0.007 0.007 0.005 
169    C4520    (0)    4 :  0.030 0.098 0.065 0.112 0.105 0.525 0.042 0.023 
170    C4522    (0)    4 :  0.774 0.010 0.151 0.023 0.013 0.011 0.010 0.008 
171    C3182    (0)    4 :  0.049 0.016 0.787 0.076 0.018 0.015 0.025 0.014 
172    C3189    (0)    4 :  0.024 0.055 0.088 0.547 0.103 0.037 0.023 0.123 
173    C3191    (9)    4 :  0.015 0.019 0.239 0.597 0.033 0.018 0.025 0.054 
174    C3196    (0)    4 :  0.014 0.017 0.802 0.092 0.024 0.018 0.014 0.020 
175    C3208    (0)    4 :  0.194 0.031 0.593 0.032 0.028 0.040 0.039 0.043 
176    C3211    (0)    4 :  0.015 0.012 0.914 0.014 0.012 0.014 0.012 0.008 
177    C3212    (0)    4 :  0.064 0.062 0.127 0.094 0.207 0.326 0.110 0.010 
178    C3213    (0)    4 :  0.009 0.021 0.859 0.021 0.034 0.024 0.021 0.011 
179    C3215    (0)    4 :  0.032 0.025 0.808 0.011 0.018 0.042 0.014 0.050 
180    C3217    (0)    4 :  0.015 0.022 0.438 0.415 0.038 0.024 0.033 0.014 
181    C3225    (9)    4 :  0.023 0.037 0.125 0.661 0.042 0.067 0.017 0.028 
182    C3226    (0)    4 :  0.231 0.010 0.441 0.268 0.014 0.011 0.013 0.012 
183    C3238    (9)    4 :  0.101 0.014 0.763 0.048 0.019 0.024 0.011 0.021 
184    C3239    (0)    4 :  0.027 0.016 0.111 0.757 0.026 0.025 0.021 0.016 
185    C3269   (18)    4 :  0.145 0.033 0.039 0.488 0.059 0.101 0.020 0.116 
186    C3273    (0)    4 :  0.031 0.016 0.338 0.505 0.033 0.025 0.008 0.044 
187    C3274    (0)    4 :  0.032 0.129 0.561 0.026 0.135 0.084 0.013 0.019 
188    C3354    (0)    4 :  0.017 0.015 0.850 0.043 0.035 0.014 0.009 0.016 
189    C3361    (0)    4 :  0.018 0.015 0.887 0.031 0.013 0.016 0.009 0.012 
190    C3289    (0)    4 :  0.012 0.012 0.908 0.016 0.013 0.015 0.010 0.013 
191    C3169    (0)    4 :  0.030 0.009 0.221 0.689 0.012 0.017 0.009 0.013 
192    C3199    (9)    4 :  0.103 0.017 0.712 0.075 0.017 0.023 0.017 0.036 
193    C3224    (0)    4 :  0.013 0.013 0.750 0.155 0.015 0.025 0.013 0.016 
194    C3261   (18)    4 :  0.034 0.014 0.783 0.117 0.021 0.011 0.012 0.008 
195    C3320    (0)    4 :  0.040 0.036 0.726 0.092 0.035 0.026 0.013 0.031 
196    C4151    (0)    5 :  0.931 0.008 0.013 0.016 0.009 0.007 0.007 0.009 
197    C4152    (0)    5 :  0.850 0.011 0.012 0.074 0.014 0.014 0.012 0.013 
198    C4153    (0)    5 :  0.351 0.025 0.427 0.084 0.027 0.045 0.014 0.027 
199    C4154   (18)    5 :  0.718 0.026 0.126 0.051 0.032 0.021 0.019 0.008 
200    C4157    (0)    5 :  0.275 0.178 0.026 0.436 0.037 0.016 0.015 0.017 
201    C4158    (0)    5 :  0.924 0.009 0.016 0.015 0.010 0.007 0.006 0.012 
202    C4163    (0)    5 :  0.943 0.007 0.012 0.014 0.007 0.006 0.007 0.006 
203    C4165    (0)    5 :  0.256 0.186 0.045 0.039 0.343 0.013 0.082 0.036 
204    C4248    (9)    5 :  0.031 0.028 0.180 0.679 0.030 0.017 0.012 0.022 
205    C4254    (0)    5 :  0.063 0.028 0.399 0.423 0.025 0.034 0.018 0.011 
206    C4371    (9)    5 :  0.029 0.016 0.016 0.871 0.019 0.011 0.025 0.013 
207    C3936    (0)    5 :  0.899 0.016 0.016 0.019 0.013 0.013 0.014 0.011 
208    C3937    (0)    5 :  0.925 0.008 0.021 0.013 0.008 0.008 0.008 0.009 
209    C3944    (0)    5 :  0.836 0.009 0.048 0.075 0.008 0.008 0.009 0.007 
210    C3954    (0)    5 :  0.087 0.010 0.053 0.773 0.013 0.020 0.007 0.038 
211    C3955    (9)    5 :  0.421 0.021 0.328 0.134 0.032 0.025 0.008 0.031 
212    C3961    (0)    5 :  0.802 0.013 0.053 0.032 0.020 0.022 0.048 0.011 
213    C3974    (0)    5 :  0.886 0.016 0.018 0.018 0.014 0.021 0.013 0.014 
214    C4024    (0)    5 :  0.560 0.021 0.046 0.241 0.030 0.029 0.061 0.012 
215    C4025    (0)    5 :  0.876 0.010 0.014 0.034 0.014 0.014 0.024 0.014 
216    C4028    (0)    5 :  0.682 0.033 0.039 0.072 0.036 0.057 0.033 0.050 
217    C4032   (18)    5 :  0.028 0.008 0.021 0.902 0.011 0.010 0.009 0.011 
218    C4033   (18)    5 :  0.031 0.012 0.711 0.193 0.016 0.011 0.012 0.014 
219    C4034    (0)    5 :  0.038 0.079 0.432 0.271 0.063 0.035 0.060 0.023 
220    C4041    (9)    5 :  0.029 0.054 0.063 0.573 0.038 0.140 0.088 0.015 
221    C4042   (18)    5 :  0.126 0.114 0.267 0.238 0.118 0.017 0.097 0.024 
222    C4043    (9)    5 :  0.164 0.023 0.095 0.644 0.021 0.016 0.018 0.020 
223    C4044    (9)    5 :  0.117 0.076 0.078 0.102 0.090 0.054 0.419 0.065 
224    C4045    (9)    5 :  0.145 0.035 0.300 0.414 0.033 0.018 0.013 0.042 
225    C4046    (9)    5 :  0.033 0.020 0.167 0.694 0.015 0.015 0.031 0.024 
226    C4047    (0)    5 :  0.018 0.031 0.833 0.026 0.026 0.021 0.015 0.030 
227    C4048    (9)    5 :  0.016 0.033 0.725 0.082 0.042 0.019 0.046 0.036 
228    C4055    (9)    5 :  0.057 0.028 0.036 0.778 0.028 0.025 0.017 0.032 
229    C4057   (18)    5 :  0.027 0.012 0.037 0.852 0.018 0.014 0.031 0.008 
230    C4059    (0)    5 :  0.054 0.014 0.308 0.534 0.023 0.027 0.013 0.026 
231    C4060    (9)    5 :  0.130 0.022 0.067 0.678 0.031 0.036 0.018 0.018 
232    C4064    (9)    5 :  0.035 0.132 0.026 0.498 0.081 0.039 0.017 0.173 
233    C4067    (0)    5 :  0.018 0.017 0.788 0.025 0.046 0.013 0.030 0.063 
234    C4068    (9)    5 :  0.031 0.021 0.820 0.040 0.024 0.020 0.018 0.026 
235    C4070    (9)    5 :  0.170 0.032 0.506 0.079 0.058 0.016 0.114 0.026 
236    C4075   (18)    5 :  0.029 0.014 0.812 0.055 0.033 0.022 0.020 0.014 
237    C4081    (9)    5 :  0.021 0.037 0.059 0.790 0.026 0.025 0.019 0.023 
238    C4082    (0)    5 :  0.098 0.018 0.664 0.088 0.027 0.050 0.016 0.039 
239    C4083    (0)    5 :  0.112 0.148 0.042 0.184 0.232 0.033 0.195 0.053 
240    C4086    (0)    5 :  0.029 0.025 0.130 0.601 0.027 0.027 0.012 0.149 
241    C4088    (9)    5 :  0.024 0.032 0.023 0.035 0.031 0.018 0.009 0.827 
242    C4092    (0)    5 :  0.114 0.023 0.044 0.696 0.046 0.017 0.051 0.009 
243    C4099    (9)    5 :  0.039 0.047 0.168 0.483 0.033 0.129 0.080 0.021 
244    C4104    (0)    5 :  0.621 0.019 0.169 0.083 0.035 0.013 0.042 0.018 
245    C4108   (18)    5 :  0.009 0.233 0.018 0.011 0.115 0.518 0.024 0.072 
246    C4118    (0)    5 :  0.021 0.108 0.016 0.650 0.111 0.039 0.016 0.040 
247    C4131    (0)    5 :  0.449 0.040 0.097 0.214 0.057 0.022 0.023 0.097 
248    C4133    (0)    5 :  0.013 0.010 0.023 0.909 0.015 0.013 0.008 0.009 
249    C4135    (0)    5 :  0.665 0.009 0.039 0.254 0.015 0.005 0.008 0.005 
250    C4136    (0)    5 :  0.643 0.075 0.021 0.021 0.030 0.062 0.025 0.122 
251    C4137    (9)    5 :  0.394 0.042 0.035 0.423 0.046 0.017 0.019 0.024 
252    C4139    (0)    5 :  0.872 0.013 0.032 0.037 0.016 0.013 0.010 0.007 
253    C4140    (9)    5 :  0.761 0.029 0.039 0.105 0.025 0.012 0.019 0.011 
254    C4167    (0)    5 :  0.725 0.057 0.013 0.084 0.025 0.014 0.047 0.035 
255    C4236    (0)    5 :  0.026 0.096 0.062 0.689 0.040 0.030 0.029 0.028 
256    C4237    (0)    5 :  0.063 0.055 0.014 0.055 0.064 0.098 0.018 0.633 
257    C4238    (0)    5 :  0.093 0.030 0.430 0.300 0.031 0.029 0.015 0.072 
258    C4241    (0)    5 :  0.071 0.028 0.528 0.264 0.038 0.027 0.024 0.019 
259    C4247    (9)    5 :  0.091 0.023 0.054 0.362 0.108 0.033 0.099 0.229 
260    C4257    (0)    5 :  0.031 0.019 0.696 0.153 0.015 0.046 0.018 0.020 
261    C4383    (0)    5 :  0.148 0.062 0.032 0.374 0.036 0.078 0.219 0.053 
262    C4397    (9)    5 :  0.085 0.017 0.010 0.851 0.012 0.008 0.007 0.009 
263    C4514    (0)    5 :  0.729 0.013 0.026 0.160 0.020 0.014 0.023 0.015 
264    C4519    (0)    5 :  0.593 0.017 0.160 0.028 0.028 0.152 0.013 0.007 
265    C4527    (0)    5 :  0.140 0.014 0.759 0.034 0.014 0.010 0.016 0.012 
266    C4534    (0)    5 :  0.081 0.030 0.655 0.060 0.040 0.064 0.057 0.013 
267    C4699    (0)    5 :  0.794 0.022 0.065 0.013 0.019 0.013 0.026 0.049 
268    C1541    (9)    5 :  0.018 0.014 0.742 0.183 0.012 0.009 0.010 0.011 
269    C1542    (9)    5 :  0.011 0.014 0.835 0.093 0.012 0.012 0.009 0.014 
270    C1544    (0)    5 :  0.033 0.029 0.179 0.630 0.023 0.034 0.016 0.056 
271    C1547    (9)    5 :  0.042 0.114 0.060 0.132 0.098 0.277 0.177 0.099 
272    C1553    (9)    5 :  0.234 0.113 0.064 0.031 0.224 0.159 0.115 0.061 
273    C1555    (9)    5 :  0.018 0.027 0.028 0.837 0.023 0.033 0.014 0.020 
274    C1557    (0)    5 :  0.027 0.020 0.030 0.854 0.014 0.014 0.017 0.024 
275    C1560    (0)    5 :  0.014 0.015 0.038 0.828 0.016 0.061 0.016 0.010 
276    C1565    (0)    5 :  0.040 0.056 0.581 0.188 0.052 0.018 0.050 0.015 
277    C1567    (0)    5 :  0.030 0.029 0.042 0.750 0.019 0.077 0.025 0.030 
278    C1569    (0)    5 :  0.056 0.025 0.202 0.635 0.019 0.020 0.026 0.017 
279    C1571    (0)    5 :  0.030 0.029 0.453 0.228 0.050 0.097 0.039 0.074 
280    C1576    (0)    5 :  0.153 0.031 0.072 0.598 0.027 0.033 0.022 0.064 
281    C1577    (9)    5 :  0.022 0.026 0.685 0.157 0.024 0.038 0.014 0.035 
282    C1579    (0)    5 :  0.021 0.033 0.238 0.625 0.033 0.019 0.014 0.017 
283    C3990    (0)    6 :  0.928 0.007 0.021 0.016 0.007 0.007 0.007 0.007 
284    C3991    (0)    6 :  0.750 0.021 0.031 0.037 0.038 0.029 0.051 0.043 
285    C3992    (0)    6 :  0.778 0.021 0.031 0.021 0.031 0.069 0.014 0.035 
286    C3994    (0)    6 :  0.135 0.026 0.177 0.357 0.114 0.034 0.122 0.036 
287    C4172    (0)    6 :  0.728 0.040 0.016 0.007 0.062 0.045 0.052 0.050 
288    C4173    (9)    6 :  0.458 0.016 0.044 0.016 0.020 0.017 0.415 0.013 
289    C4232    (9)    6 :  0.010 0.007 0.813 0.137 0.008 0.009 0.007 0.008 
290    C4234    (9)    6 :  0.014 0.010 0.554 0.381 0.013 0.010 0.008 0.010 
291    C4259    (0)    6 :  0.024 0.012 0.168 0.755 0.012 0.008 0.010 0.010 
292    C4260    (0)    6 :  0.029 0.008 0.898 0.028 0.010 0.011 0.007 0.008 
293    C4261    (9)    6 :  0.034 0.072 0.714 0.020 0.056 0.035 0.053 0.018 
294    C4262    (0)    6 :  0.269 0.046 0.086 0.445 0.027 0.033 0.082 0.011 
295    C4263    (0)    6 :  0.029 0.023 0.163 0.652 0.025 0.013 0.028 0.066 
296    C4267    (9)    6 :  0.164 0.021 0.128 0.596 0.024 0.016 0.014 0.037 
297    C4269    (0)    6 :  0.223 0.046 0.294 0.314 0.041 0.016 0.044 0.022 
298    C4272    (0)    6 :  0.013 0.013 0.016 0.910 0.016 0.012 0.012 0.008 
299    C4274    (0)    6 :  0.023 0.039 0.097 0.401 0.035 0.380 0.013 0.013 
300    C4276    (9)    6 :  0.010 0.019 0.039 0.042 0.078 0.733 0.027 0.052 
301    C4278    (0)    6 :  0.074 0.036 0.079 0.633 0.084 0.046 0.028 0.020 
302    C4280    (0)    6 :  0.184 0.044 0.491 0.164 0.051 0.034 0.019 0.013 
303    C4281    (0)    6 :  0.047 0.027 0.112 0.737 0.019 0.014 0.021 0.023 
304    C4282    (0)    6 :  0.016 0.129 0.308 0.086 0.177 0.023 0.200 0.060 
305    C4284    (9)    6 :  0.204 0.010 0.048 0.702 0.010 0.008 0.010 0.009 
306    C4286    (9)    6 :  0.209 0.042 0.459 0.095 0.054 0.081 0.030 0.029 
307    C4287    (0)    6 :  0.132 0.061 0.481 0.116 0.073 0.062 0.064 0.011 
308    C4290    (0)    6 :  0.036 0.097 0.014 0.156 0.058 0.430 0.074 0.135 
309    C4307   (18)    6 :  0.166 0.022 0.319 0.252 0.179 0.023 0.027 0.013 
310    C4310    (9)    6 :  0.070 0.022 0.204 0.522 0.026 0.077 0.013 0.067 
311    C4311   (18)    6 :  0.034 0.032 0.637 0.161 0.038 0.057 0.023 0.019 
312    C4312    (0)    6 :  0.035 0.016 0.344 0.539 0.021 0.013 0.015 0.017 
313    C4314    (0)    6 :  0.021 0.043 0.134 0.574 0.033 0.025 0.011 0.158 
314    C4318    (9)    6 :  0.045 0.028 0.059 0.738 0.069 0.018 0.034 0.010 
315    C4321    (9)    6 :  0.156 0.024 0.392 0.239 0.041 0.085 0.051 0.012 
316    C4324    (0)    6 :  0.071 0.023 0.107 0.662 0.032 0.034 0.060 0.012 
317    C4334    (0)    6 :  0.050 0.012 0.020 0.832 0.019 0.016 0.041 0.010 
318    C4529    (0)    6 :  0.032 0.029 0.448 0.354 0.052 0.023 0.030 0.033 
319    C1582    (9)    6 :  0.138 0.017 0.107 0.682 0.012 0.016 0.014 0.014 
320    C1583    (0)    6 :  0.027 0.020 0.095 0.723 0.042 0.026 0.015 0.052 
321    C1584    (9)    6 :  0.032 0.013 0.034 0.843 0.015 0.036 0.009 0.019 
322    C1585    (0)    6 :  0.027 0.007 0.013 0.913 0.009 0.012 0.006 0.014 
323    C1586    (0)    6 :  0.025 0.018 0.031 0.815 0.031 0.011 0.046 0.023 
324    C1589    (0)    6 :  0.156 0.011 0.069 0.720 0.010 0.011 0.011 0.011 
325    C1591    (0)    6 :  0.028 0.006 0.029 0.898 0.009 0.010 0.008 0.010 
326    C1592    (0)    6 :  0.016 0.022 0.038 0.835 0.026 0.021 0.025 0.017 
327    C1594    (0)    6 :  0.042 0.023 0.088 0.726 0.018 0.021 0.015 0.067 
328    C1597    (9)    6 :  0.041 0.039 0.660 0.127 0.030 0.049 0.029 0.025 
329    C1598    (9)    6 :  0.241 0.019 0.073 0.564 0.025 0.021 0.015 0.043 
330    C1599    (0)    6 :  0.014 0.015 0.280 0.628 0.019 0.024 0.012 0.010 
331    C1601    (0)    6 :  0.428 0.077 0.177 0.150 0.051 0.029 0.022 0.066 
332    C1605    (0)    6 :  0.058 0.042 0.073 0.116 0.514 0.090 0.030 0.077 
333    C1609    (0)    6 :  0.025 0.008 0.021 0.914 0.008 0.008 0.008 0.008 
334    C1610    (0)    6 :  0.014 0.119 0.393 0.210 0.090 0.079 0.014 0.081 
335    C1611    (0)    6 :  0.011 0.013 0.867 0.020 0.033 0.012 0.033 0.010 
336    C1612    (0)    6 :  0.011 0.007 0.916 0.034 0.011 0.008 0.006 0.008 
337    C1613    (0)    6 :  0.033 0.024 0.602 0.203 0.025 0.032 0.046 0.036 
338    C3173    (9)    6 :  0.037 0.062 0.267 0.456 0.058 0.044 0.044 0.033 
339    C3204    (0)    6 :  0.023 0.017 0.841 0.049 0.019 0.019 0.015 0.017 
340    C3223    (9)    6 :  0.019 0.031 0.492 0.026 0.159 0.185 0.073 0.015 
341    C3262    (0)    6 :  0.043 0.025 0.210 0.472 0.088 0.052 0.024 0.086 
342    C3270    (0)    6 :  0.152 0.025 0.541 0.203 0.028 0.022 0.015 0.014 
343    C3300    (0)    6 :  0.308 0.012 0.172 0.465 0.014 0.012 0.009 0.008 
344    C3330    (0)    6 :  0.120 0.033 0.138 0.578 0.080 0.024 0.014 0.014 
345    C3390    (9)    6 :  0.078 0.027 0.402 0.406 0.029 0.017 0.024 0.016 
346    C3424    (9)    6 :  0.030 0.045 0.610 0.212 0.048 0.027 0.015 0.013 
347    C3958    (0)    6 :  0.890 0.012 0.018 0.041 0.011 0.008 0.013 0.006 
348    C3962    (0)    6 :  0.885 0.029 0.014 0.032 0.015 0.009 0.009 0.006 
349    C4019    (0)    6 :  0.098 0.563 0.009 0.011 0.237 0.017 0.036 0.028 
350    C3995   (18)    6 :  0.851 0.018 0.032 0.019 0.019 0.013 0.034 0.015 
351    C4000    (0)    6 :  0.599 0.107 0.106 0.025 0.056 0.026 0.067 0.014 
352    C4002    (0)    6 :  0.836 0.021 0.060 0.026 0.016 0.009 0.020 0.012 
353    C1692    (0)    7 :  0.109 0.171 0.023 0.016 0.523 0.089 0.025 0.043 
354    C1693    (0)    7 :  0.038 0.039 0.171 0.079 0.363 0.177 0.118 0.014 
355    C1694    (0)    7 :  0.016 0.132 0.054 0.108 0.160 0.113 0.319 0.097 
356    C1698    (0)    7 :  0.008 0.350 0.008 0.048 0.245 0.140 0.134 0.068 
357    C1699    (0)    7 :  0.018 0.068 0.031 0.019 0.359 0.091 0.042 0.372 
358    C1700    (0)    7 :  0.074 0.427 0.038 0.038 0.109 0.089 0.172 0.053 
359    C1701    (0)    7 :  0.011 0.339 0.012 0.027 0.252 0.028 0.026 0.305 
360    C1702    (0)    7 :  0.013 0.210 0.010 0.011 0.530 0.093 0.053 0.079 
361    C1703    (0)    7 :  0.019 0.377 0.009 0.014 0.103 0.117 0.308 0.052 
362    C1704    (0)    7 :  0.027 0.127 0.021 0.409 0.095 0.084 0.211 0.026 
363    C1705    (0)    7 :  0.245 0.041 0.009 0.013 0.046 0.224 0.404 0.018 
364    C1706    (0)    7 :  0.010 0.107 0.016 0.018 0.336 0.095 0.042 0.374 
365    C1707    (0)    7 :  0.019 0.042 0.116 0.216 0.083 0.315 0.038 0.171 
366    C1708    (0)    7 :  0.014 0.082 0.012 0.020 0.263 0.024 0.563 0.022 
367    C1709    (0)    7 :  0.069 0.058 0.023 0.018 0.073 0.016 0.720 0.023 
368    C1710    (0)    7 :  0.020 0.369 0.018 0.039 0.356 0.058 0.071 0.070 
369    C1712    (0)    7 :  0.028 0.214 0.010 0.008 0.111 0.032 0.584 0.013 
370    C1714    (0)    7 :  0.013 0.031 0.009 0.021 0.107 0.020 0.782 0.018 
371    C1715    (0)    7 :  0.019 0.181 0.019 0.021 0.210 0.438 0.022 0.089 
372    C1717    (0)    7 :  0.015 0.127 0.050 0.042 0.136 0.551 0.052 0.027 
373    C1718   (18)    7 :  0.014 0.474 0.013 0.077 0.174 0.167 0.032 0.047 
374    C1719    (0)    7 :  0.080 0.097 0.068 0.033 0.038 0.021 0.648 0.014 
375    C1656    (0)    8 :  0.055 0.132 0.012 0.009 0.236 0.043 0.051 0.461 
376    C1657   (18)    8 :  0.019 0.104 0.032 0.015 0.189 0.072 0.391 0.178 
377    C1658    (0)    8 :  0.010 0.518 0.007 0.009 0.110 0.215 0.031 0.098 
378    C1659    (0)    8 :  0.023 0.057 0.065 0.024 0.252 0.413 0.019 0.146 
379    C1661    (9)    8 :  0.021 0.343 0.034 0.090 0.267 0.123 0.054 0.068 
380    C1665    (0)    8 :  0.012 0.389 0.030 0.017 0.199 0.093 0.032 0.229 
381    C1667    (9)    8 :  0.005 0.044 0.008 0.007 0.041 0.016 0.862 0.018 
382    C1676    (9)    8 :  0.026 0.399 0.014 0.014 0.232 0.022 0.131 0.162 
383    C1681    (9)    8 :  0.018 0.190 0.013 0.054 0.114 0.254 0.099 0.258 
384    C1682    (0)    8 :  0.019 0.169 0.014 0.016 0.229 0.054 0.421 0.078 
385    C1685    (0)    8 :  0.028 0.426 0.040 0.013 0.376 0.015 0.030 0.072 
386    C4707    (0)    9 :  0.078 0.593 0.020 0.035 0.205 0.017 0.034 0.019 
387    C4747    (0)    9 :  0.087 0.038 0.166 0.034 0.182 0.083 0.393 0.017 
388    C4772    (0)    9 :  0.479 0.248 0.047 0.031 0.052 0.050 0.026 0.068 
389    C4781    (0)    9 :  0.031 0.049 0.009 0.057 0.112 0.041 0.686 0.016 
390    C4782    (0)    9 :  0.075 0.336 0.019 0.121 0.108 0.159 0.132 0.051 
391    C4787    (0)    9 :  0.094 0.052 0.013 0.024 0.119 0.621 0.045 0.031 
392    C4790    (0)    9 :  0.076 0.189 0.014 0.019 0.118 0.016 0.537 0.032 
393    C4803    (0)    9 :  0.086 0.311 0.045 0.028 0.132 0.296 0.074 0.029 
394    C4813    (0)    9 :  0.756 0.042 0.025 0.006 0.058 0.048 0.025 0.040 
395    C4837    (0)    9 :  0.168 0.432 0.044 0.016 0.191 0.092 0.033 0.024 
396    C4838    (0)    9 :  0.120 0.128 0.010 0.011 0.077 0.574 0.036 0.044 
397    C4843    (0)    9 :  0.052 0.240 0.036 0.011 0.538 0.036 0.022 0.065 
398    C4857    (0)    9 :  0.823 0.021 0.025 0.040 0.022 0.032 0.015 0.022 
399    C4828    (0)    9 :  0.025 0.070 0.216 0.046 0.339 0.110 0.046 0.148 
400    C4835    (0)    9 :  0.686 0.037 0.015 0.018 0.053 0.107 0.020 0.065 
401    C4836    (9)    9 :  0.247 0.185 0.020 0.029 0.191 0.174 0.125 0.027 
402    C4842    (0)    9 :  0.052 0.224 0.021 0.009 0.406 0.042 0.070 0.178 
403    C4863    (9)    9 :  0.042 0.187 0.013 0.043 0.218 0.362 0.115 0.020 
404    C4744    (0)    9 :  0.024 0.223 0.040 0.009 0.356 0.068 0.203 0.078 
405    C4745    (0)    9 :  0.109 0.239 0.015 0.027 0.325 0.142 0.025 0.117 
406    C4768    (0)    9 :  0.170 0.344 0.033 0.064 0.083 0.019 0.239 0.048 
407    C4769    (0)    9 :  0.167 0.115 0.013 0.011 0.097 0.139 0.068 0.390 
408    C4771    (0)    9 :  0.015 0.781 0.009 0.011 0.058 0.057 0.040 0.029 
409    C4784    (0)    9 :  0.172 0.080 0.016 0.047 0.138 0.037 0.461 0.050 
410    C4785    (0)    9 :  0.027 0.023 0.015 0.029 0.117 0.022 0.727 0.040 
411    C4795    (0)    9 :  0.077 0.018 0.024 0.035 0.174 0.052 0.595 0.023 
412    C4796    (0)    9 :  0.012 0.699 0.012 0.017 0.057 0.081 0.095 0.027 
413    C4800    (0)    9 :  0.322 0.110 0.008 0.015 0.175 0.340 0.013 0.017 
414    C4801    (0)    9 :  0.517 0.039 0.008 0.054 0.077 0.053 0.048 0.203 
415    C4802    (0)    9 :  0.019 0.066 0.025 0.676 0.045 0.046 0.018 0.106 
416    C4805    (0)    9 :  0.102 0.550 0.010 0.016 0.056 0.042 0.109 0.116 
417    C4806    (0)    9 :  0.041 0.680 0.008 0.013 0.048 0.060 0.018 0.132 
418    C4850    (0)    9 :  0.173 0.306 0.086 0.037 0.273 0.059 0.026 0.040 
419    C4748    (0)   10 :  0.169 0.020 0.009 0.009 0.139 0.051 0.085 0.518 
420    C4753    (0)   10 :  0.039 0.322 0.013 0.030 0.369 0.071 0.091 0.066 
421    C4754    (0)   10 :  0.131 0.541 0.012 0.026 0.177 0.018 0.054 0.040 
422    C4760    (0)   10 :  0.217 0.234 0.059 0.062 0.176 0.212 0.023 0.016 
423    C4761    (0)   10 :  0.338 0.044 0.008 0.021 0.058 0.034 0.095 0.402 
424    C4762    (0)   10 :  0.161 0.051 0.023 0.010 0.050 0.103 0.566 0.035 
425    C4791    (0)   10 :  0.170 0.289 0.007 0.011 0.076 0.346 0.073 0.028 
426    C4810    (0)   10 :  0.027 0.028 0.042 0.075 0.043 0.038 0.019 0.728 
427    C4812    (0)   10 :  0.043 0.369 0.050 0.037 0.085 0.193 0.024 0.199 
428    C4821    (0)   10 :  0.111 0.204 0.089 0.030 0.420 0.070 0.052 0.023 
429    C4864    (0)   10 :  0.637 0.179 0.031 0.031 0.057 0.025 0.021 0.018 
430    C4866    (0)   10 :  0.033 0.111 0.056 0.009 0.117 0.169 0.043 0.462 
431    C1722    (0)   10 :  0.014 0.176 0.023 0.051 0.115 0.327 0.029 0.265 
432    C1724    (0)   10 :  0.017 0.045 0.010 0.006 0.048 0.201 0.011 0.661 
433    C1725    (0)   10 :  0.012 0.118 0.050 0.033 0.284 0.167 0.038 0.299 
434    C1726    (0)   10 :  0.014 0.212 0.012 0.010 0.459 0.197 0.053 0.044 
435    C1731    (0)   10 :  0.054 0.152 0.055 0.012 0.218 0.125 0.080 0.303 
436    C1733    (9)   10 :  0.031 0.041 0.028 0.026 0.261 0.330 0.022 0.261 
437    C1734    (0)   10 :  0.054 0.300 0.061 0.012 0.126 0.387 0.026 0.034 
438    C1735    (0)   10 :  0.008 0.114 0.018 0.010 0.245 0.344 0.028 0.233 
439    C1738    (0)   10 :  0.024 0.076 0.095 0.011 0.062 0.292 0.016 0.423 
440    C1740    (9)   10 :  0.028 0.233 0.171 0.039 0.322 0.087 0.038 0.081 
441    C1741    (0)   10 :  0.232 0.059 0.043 0.066 0.312 0.179 0.096 0.013 
442    C1742    (0)   10 :  0.019 0.792 0.017 0.014 0.069 0.032 0.012 0.044 
443    C1743    (0)   10 :  0.020 0.108 0.039 0.015 0.149 0.209 0.374 0.086 
444    C1745    (0)   10 :  0.032 0.073 0.018 0.019 0.739 0.072 0.020 0.027 
445    C1746    (0)   10 :  0.068 0.151 0.031 0.036 0.156 0.221 0.110 0.225 
446    C1747    (0)   10 :  0.016 0.072 0.022 0.222 0.127 0.217 0.128 0.196 
447    C4742    (9)   10 :  0.527 0.190 0.034 0.016 0.068 0.031 0.091 0.044 
448    C4752    (0)   10 :  0.833 0.012 0.022 0.016 0.023 0.027 0.021 0.046 
449    C4792    (0)   10 :  0.294 0.162 0.088 0.054 0.136 0.051 0.094 0.120 
450    C4811    (0)   10 :  0.821 0.027 0.033 0.026 0.026 0.034 0.017 0.016 
451    C4814    (0)   10 :  0.530 0.125 0.029 0.019 0.157 0.033 0.072 0.034 
452    C4815    (0)   10 :  0.050 0.082 0.026 0.061 0.109 0.615 0.035 0.024 
453    C4818    (0)   10 :  0.225 0.091 0.177 0.027 0.115 0.169 0.081 0.114 
454    C4819    (0)   10 :  0.448 0.088 0.041 0.017 0.240 0.021 0.033 0.111 
455    C4826    (0)   10 :  0.028 0.511 0.008 0.010 0.185 0.140 0.054 0.063 
456    C4829    (0)   10 :  0.020 0.377 0.021 0.075 0.154 0.087 0.221 0.045 
457    C4830    (0)   10 :  0.036 0.598 0.023 0.009 0.154 0.037 0.132 0.011 
458    C4831    (0)   10 :  0.747 0.046 0.018 0.059 0.029 0.014 0.046 0.041 
459    C4832    (0)   10 :  0.034 0.313 0.014 0.011 0.119 0.039 0.394 0.077 
460    C4858    (0)   10 :  0.276 0.047 0.007 0.029 0.070 0.051 0.505 0.014 
