

----------------------------------------------------
STRUCTURE by Pritchard, Stephens and Donnelly (2000)
     and Falush, Stephens and Pritchard (2003)
       Code by Pritchard, Falush and Hubisz
             Version 2.3.4 (Jul 2012)
----------------------------------------------------



Command line arguments:   bin\structure -m G:\My Drive\Hoban_Lab_Docs\Projects\Butternut_JUCI\Graphical_Stat_Results\PostIndRemoval\24pop\Reorg_Results\STR\butternut\50-50\mainparams -e G:\My Drive\Hoban_Lab_Docs\Projects\Butternut_JUCI\Graphical_Stat_Results\PostIndRemoval\24pop\Reorg_Results\STR\butternut\50-50\extraparams 
Input File:    G:\My Drive\Hoban_Lab_Docs\Projects\Butternut_JUCI\Graphical_Stat_Results\PostIndRemoval\24pop\Reorg_Results\STR\butternut\project_data

Run parameters:
   993 individuals
   11 loci
   6 populations assumed
   50000 Burn-in period
   50000 Reps


--------------------------------------------
Proportion of membership of each pre-defined
 population in each of the 6 clusters

Given    Inferred Clusters                            Number of
 Pop       1      2      3      4      5      6      Individuals

  1:     0.057  0.489  0.284  0.061  0.055  0.055       40
  2:     0.068  0.354  0.425  0.037  0.056  0.059       45
  3:     0.051  0.528  0.251  0.039  0.064  0.066       62
  4:     0.051  0.398  0.373  0.064  0.069  0.045       48
  5:     0.055  0.384  0.393  0.065  0.051  0.052       87
  6:     0.050  0.481  0.316  0.035  0.070  0.048       70
  7:     0.256  0.061  0.040  0.133  0.197  0.313       22
  8:     0.344  0.024  0.024  0.223  0.159  0.227       11
  9:     0.304  0.047  0.174  0.114  0.160  0.202       33
 10:     0.294  0.046  0.160  0.187  0.194  0.120       48
 11:     0.269  0.044  0.262  0.105  0.131  0.190       48
 12:     0.269  0.062  0.038  0.157  0.282  0.191       90
 13:     0.141  0.034  0.022  0.064  0.169  0.569       63
 14:     0.257  0.092  0.043  0.150  0.303  0.156       16
 15:     0.141  0.108  0.105  0.210  0.331  0.105       31
 16:     0.083  0.020  0.040  0.789  0.030  0.037       16
 17:     0.160  0.136  0.030  0.064  0.141  0.469       24
 18:     0.435  0.084  0.032  0.168  0.162  0.119       12
 19:     0.251  0.052  0.038  0.199  0.230  0.229       54
 20:     0.212  0.060  0.054  0.332  0.263  0.079       96
 21:     0.144  0.059  0.029  0.366  0.207  0.194       22
 22:     0.099  0.063  0.118  0.600  0.086  0.033       23
 23:     0.244  0.040  0.022  0.393  0.228  0.073       13
 24:     0.273  0.073  0.041  0.120  0.270  0.224       19
--------------------------------------------

Allele-freq. divergence among pops (Net nucleotide distance),
computed using point estimates of P.

      1       2       3       4       5       6      
 1      -    0.0260  0.0308  0.0105  0.0064  0.0076  
 2   0.0260     -    0.0241  0.0320  0.0258  0.0290  
 3   0.0308  0.0241     -    0.0435  0.0384  0.0333  
 4   0.0105  0.0320  0.0435     -    0.0119  0.0185  
 5   0.0064  0.0258  0.0384  0.0119     -    0.0110  
 6   0.0076  0.0290  0.0333  0.0185  0.0110     -    

Average distances (expected heterozygosity) between individuals in same cluster:
cluster  1  : 0.8552 
cluster  2  : 0.8158 
cluster  3  : 0.8273 
cluster  4  : 0.8346 
cluster  5  : 0.8477 
cluster  6  : 0.8522 

--------------------------------------------
Estimated Ln Prob of Data   = -46679.3
Mean value of ln likelihood = -45401.8
Variance of ln likelihood   = 2555.0
Mean value of alpha         = 0.0611

Mean value of Fst_1         = 0.0142
Mean value of Fst_2         = 0.0527
Mean value of Fst_3         = 0.0666
Mean value of Fst_4         = 0.0314
Mean value of Fst_5         = 0.0198
Mean value of Fst_6         = 0.0247


Inferred ancestry of individuals:
        Label (%Miss) Pop:  Inferred clusters
  1    C3984    (0)    1 :  0.015 0.098 0.837 0.010 0.024 0.016 
  2    C3985    (0)    1 :  0.022 0.149 0.778 0.017 0.014 0.019 
  3    C3986    (0)    1 :  0.009 0.038 0.918 0.008 0.010 0.016 
  4    C4231    (0)    1 :  0.060 0.226 0.632 0.014 0.039 0.030 
  5    C4344    (0)    1 :  0.031 0.816 0.074 0.018 0.026 0.035 
  6    C4347   (18)    1 :  0.019 0.830 0.068 0.047 0.024 0.012 
  7    C4352   (18)    1 :  0.034 0.125 0.777 0.021 0.016 0.027 
  8    C4355    (9)    1 :  0.016 0.706 0.183 0.017 0.049 0.029 
  9    C4358   (18)    1 :  0.493 0.026 0.051 0.079 0.215 0.136 
 10    C4419    (9)    1 :  0.040 0.144 0.575 0.023 0.184 0.034 
 11    C4428    (9)    1 :  0.013 0.412 0.518 0.020 0.021 0.016 
 12    C4436    (0)    1 :  0.015 0.475 0.460 0.019 0.013 0.018 
 13    C4437   (18)    1 :  0.044 0.164 0.674 0.044 0.047 0.027 
 14    C4450    (0)    1 :  0.126 0.175 0.357 0.069 0.134 0.139 
 15    C4531    (0)    1 :  0.048 0.012 0.836 0.033 0.031 0.040 
 16    C1615    (0)    1 :  0.125 0.206 0.387 0.117 0.061 0.105 
 17    C1616    (0)    1 :  0.151 0.221 0.120 0.198 0.290 0.021 
 18    C1617    (9)    1 :  0.012 0.923 0.016 0.017 0.022 0.010 
 19    C1618    (0)    1 :  0.060 0.140 0.565 0.063 0.021 0.152 
 20    C1619    (0)    1 :  0.069 0.426 0.129 0.096 0.031 0.250 
 21    C1620    (9)    1 :  0.115 0.369 0.222 0.072 0.027 0.195 
 22    C1621    (0)    1 :  0.062 0.178 0.047 0.590 0.069 0.054 
 23    C1623    (9)    1 :  0.087 0.023 0.348 0.188 0.073 0.282 
 24    C1625    (0)    1 :  0.050 0.620 0.039 0.121 0.029 0.141 
 25    C1626    (0)    1 :  0.127 0.453 0.037 0.170 0.166 0.046 
 26    C1627    (9)    1 :  0.029 0.640 0.211 0.065 0.018 0.038 
 27    C1633    (0)    1 :  0.016 0.793 0.103 0.041 0.025 0.022 
 28    C1637    (0)    1 :  0.019 0.883 0.033 0.031 0.020 0.014 
 29    C1650    (0)    1 :  0.024 0.123 0.748 0.041 0.048 0.017 
 30    C3202    (0)    1 :  0.016 0.894 0.030 0.032 0.015 0.013 
 31    C3248    (0)    1 :  0.020 0.927 0.011 0.014 0.013 0.015 
 32    C3304    (9)    1 :  0.015 0.858 0.027 0.014 0.069 0.018 
 33    C3326    (0)    1 :  0.147 0.633 0.081 0.032 0.077 0.030 
 34    C3333    (0)    1 :  0.019 0.909 0.014 0.022 0.021 0.015 
 35    C3339   (18)    1 :  0.020 0.862 0.020 0.016 0.047 0.035 
 36    C3346    (0)    1 :  0.010 0.942 0.019 0.007 0.010 0.012 
 37    C3349    (0)    1 :  0.029 0.859 0.020 0.015 0.045 0.032 
 38    C3367   (18)    1 :  0.022 0.634 0.244 0.037 0.036 0.028 
 39    C3374    (0)    1 :  0.013 0.857 0.095 0.008 0.013 0.014 
 40    C3405    (0)    1 :  0.023 0.777 0.044 0.015 0.089 0.052 
 41    C4543    (0)    2 :  0.017 0.037 0.881 0.014 0.028 0.023 
 42    C4545    (9)    2 :  0.013 0.019 0.899 0.009 0.011 0.050 
 43    C4551    (9)    2 :  0.315 0.055 0.492 0.027 0.033 0.078 
 44    C4491    (0)    2 :  0.134 0.103 0.573 0.033 0.056 0.101 
 45    C4494    (0)    2 :  0.014 0.416 0.529 0.010 0.014 0.017 
 46    C4495    (0)    2 :  0.240 0.333 0.251 0.026 0.037 0.114 
 47    C4497    (9)    2 :  0.026 0.656 0.243 0.020 0.029 0.026 
 48    C4501    (0)    2 :  0.082 0.235 0.250 0.030 0.316 0.087 
 49    C4502    (0)    2 :  0.014 0.249 0.613 0.017 0.020 0.087 
 50    C4503    (0)    2 :  0.030 0.017 0.603 0.021 0.016 0.313 
 51    C4504    (0)    2 :  0.104 0.043 0.356 0.063 0.143 0.291 
 52    C4470    (0)    2 :  0.194 0.315 0.303 0.048 0.080 0.060 
 53    C4471    (0)    2 :  0.020 0.039 0.877 0.011 0.027 0.026 
 54    C4474    (9)    2 :  0.055 0.009 0.862 0.031 0.019 0.024 
 55    C4476    (0)    2 :  0.024 0.377 0.516 0.022 0.023 0.038 
 56    C4479    (0)    2 :  0.018 0.752 0.147 0.051 0.020 0.011 
 57    C4482    (0)    2 :  0.063 0.072 0.661 0.148 0.042 0.015 
 58    C4483    (0)    2 :  0.022 0.009 0.920 0.015 0.016 0.019 
 59    C4484    (0)    2 :  0.038 0.163 0.622 0.021 0.082 0.073 
 60    C4485    (0)    2 :  0.124 0.468 0.174 0.076 0.105 0.053 
 61    C4489    (0)    2 :  0.018 0.332 0.557 0.022 0.043 0.028 
 62    C4505    (0)    2 :  0.067 0.296 0.532 0.032 0.043 0.031 
 63    C4507    (0)    2 :  0.075 0.046 0.519 0.014 0.089 0.257 
 64    C4535    (0)    2 :  0.047 0.015 0.823 0.040 0.035 0.041 
 65    C4542    (0)    2 :  0.332 0.017 0.219 0.037 0.348 0.047 
 66    C4553    (9)    2 :  0.052 0.060 0.819 0.025 0.023 0.020 
 67    C4562   (18)    2 :  0.045 0.173 0.661 0.032 0.022 0.067 
 68    C4582   (18)    2 :  0.033 0.024 0.859 0.040 0.024 0.020 
 69    C4693    (0)    2 :  0.013 0.028 0.922 0.016 0.012 0.009 
 70    C4696    (0)    2 :  0.147 0.092 0.623 0.038 0.031 0.069 
 71    C3179    (0)    2 :  0.026 0.815 0.029 0.017 0.032 0.081 
 72    C3181    (0)    2 :  0.053 0.753 0.054 0.032 0.077 0.030 
 73    C3188    (0)    2 :  0.038 0.721 0.092 0.041 0.064 0.044 
 74    C3190    (0)    2 :  0.028 0.804 0.040 0.027 0.086 0.015 
 75    C3193    (0)    2 :  0.023 0.900 0.025 0.029 0.014 0.010 
 76    C3232    (0)    2 :  0.014 0.584 0.355 0.013 0.017 0.018 
 77    C3236    (0)    2 :  0.010 0.926 0.036 0.009 0.010 0.009 
 78    C3249    (0)    2 :  0.029 0.836 0.037 0.028 0.045 0.025 
 79    C3250    (0)    2 :  0.014 0.791 0.146 0.013 0.023 0.013 
 80    C3253    (0)    2 :  0.041 0.623 0.268 0.029 0.023 0.016 
 81    C3255    (0)    2 :  0.017 0.774 0.169 0.013 0.014 0.013 
 82    C3277    (0)    2 :  0.081 0.711 0.032 0.073 0.062 0.042 
 83    C3315    (0)    2 :  0.143 0.069 0.205 0.259 0.142 0.181 
 84    C3288    (0)    2 :  0.020 0.819 0.086 0.038 0.018 0.019 
 85    C3293    (0)    2 :  0.128 0.349 0.264 0.068 0.127 0.064 
 86    C4018    (0)    3 :  0.010 0.046 0.913 0.008 0.014 0.008 
 87    C3980    (0)    3 :  0.017 0.024 0.915 0.015 0.017 0.012 
 88    C3987    (0)    3 :  0.014 0.028 0.914 0.013 0.014 0.016 
 89    C3988    (0)    3 :  0.020 0.108 0.834 0.013 0.010 0.014 
 90    C3989    (0)    3 :  0.198 0.436 0.283 0.012 0.059 0.013 
 91    C4011    (0)    3 :  0.007 0.079 0.894 0.006 0.007 0.006 
 92    C4017    (0)    3 :  0.008 0.015 0.956 0.007 0.008 0.008 
 93    C4296    (0)    3 :  0.292 0.255 0.125 0.086 0.124 0.118 
 94    C4301    (9)    3 :  0.027 0.021 0.011 0.016 0.881 0.044 
 95    C4303    (0)    3 :  0.049 0.464 0.021 0.380 0.052 0.033 
 96    C4453    (0)    3 :  0.020 0.338 0.376 0.097 0.047 0.122 
 97    C4455    (9)    3 :  0.034 0.535 0.282 0.083 0.032 0.035 
 98    C4456   (18)    3 :  0.061 0.110 0.362 0.174 0.076 0.217 
 99    C4457    (9)    3 :  0.074 0.561 0.072 0.104 0.149 0.040 
100    C4459    (9)    3 :  0.029 0.406 0.508 0.024 0.020 0.013 
101    C4464   (18)    3 :  0.012 0.691 0.264 0.010 0.012 0.012 
102    C4467   (18)    3 :  0.012 0.714 0.244 0.011 0.009 0.010 
103    C4468    (9)    3 :  0.021 0.768 0.105 0.069 0.019 0.018 
104    C4783    (0)    3 :  0.056 0.037 0.859 0.018 0.013 0.017 
105    C4786    (0)    3 :  0.020 0.345 0.571 0.016 0.033 0.014 
106    C4789    (9)    3 :  0.023 0.319 0.543 0.015 0.087 0.012 
107    C4891    (0)    3 :  0.171 0.361 0.366 0.021 0.044 0.037 
108    C4896    (0)    3 :  0.109 0.079 0.595 0.079 0.091 0.047 
109    C4898    (0)    3 :  0.036 0.068 0.842 0.018 0.017 0.019 
110    C4901    (0)    3 :  0.031 0.415 0.495 0.020 0.026 0.013 
111    C4903    (9)    3 :  0.072 0.556 0.185 0.076 0.089 0.021 
112    C4904    (0)    3 :  0.041 0.053 0.865 0.009 0.020 0.013 
113    C3263    (0)    3 :  0.014 0.838 0.014 0.018 0.011 0.104 
114    C3271    (0)    3 :  0.016 0.908 0.029 0.011 0.021 0.015 
115    C3272    (0)    3 :  0.026 0.867 0.016 0.011 0.053 0.026 
116    C3276    (0)    3 :  0.047 0.472 0.018 0.033 0.357 0.073 
117    C3280    (9)    3 :  0.084 0.433 0.105 0.040 0.050 0.287 
118    C3305    (9)    3 :  0.021 0.838 0.061 0.012 0.044 0.024 
119    C3306    (0)    3 :  0.044 0.797 0.030 0.034 0.033 0.063 
120    C3324    (0)    3 :  0.132 0.348 0.039 0.019 0.043 0.417 
121    C3329    (0)    3 :  0.125 0.399 0.209 0.038 0.064 0.166 
122    C3336    (0)    3 :  0.031 0.853 0.028 0.017 0.048 0.023 
123    C3341   (18)    3 :  0.063 0.069 0.051 0.041 0.040 0.736 
124    C3409   (18)    3 :  0.088 0.623 0.040 0.051 0.134 0.063 
125    C3168    (9)    3 :  0.018 0.901 0.027 0.012 0.017 0.026 
126    C3170    (0)    3 :  0.018 0.890 0.035 0.011 0.029 0.017 
127    C3214   (18)    3 :  0.014 0.743 0.020 0.026 0.185 0.011 
128    C3227    (0)    3 :  0.017 0.863 0.029 0.020 0.050 0.021 
129    C3228    (0)    3 :  0.058 0.536 0.255 0.047 0.058 0.046 
130    C3279    (0)    3 :  0.114 0.724 0.025 0.025 0.090 0.022 
131    C3322    (0)    3 :  0.279 0.188 0.104 0.126 0.284 0.020 
132    C3303    (0)    3 :  0.036 0.849 0.013 0.016 0.050 0.036 
133    C3317    (0)    3 :  0.018 0.898 0.030 0.016 0.015 0.023 
134    C3355    (0)    3 :  0.013 0.930 0.024 0.010 0.011 0.013 
135    C3376    (9)    3 :  0.019 0.859 0.041 0.022 0.043 0.017 
136    C3401    (0)    3 :  0.037 0.817 0.056 0.029 0.031 0.030 
137    C3203    (9)    3 :  0.019 0.793 0.040 0.041 0.055 0.052 
138    C3245    (0)    3 :  0.019 0.907 0.011 0.025 0.024 0.013 
139    C3302    (0)    3 :  0.039 0.857 0.019 0.024 0.029 0.031 
140    C3307    (0)    3 :  0.052 0.389 0.168 0.108 0.018 0.265 
141    C3310    (0)    3 :  0.021 0.912 0.014 0.015 0.015 0.023 
142    C3312    (9)    3 :  0.065 0.656 0.178 0.039 0.026 0.036 
143    C3345    (0)    3 :  0.015 0.890 0.028 0.014 0.016 0.036 
144    C3371    (0)    3 :  0.020 0.834 0.016 0.017 0.014 0.099 
145    C3372    (0)    3 :  0.034 0.845 0.035 0.021 0.019 0.046 
146    C3380    (9)    3 :  0.008 0.913 0.051 0.010 0.010 0.008 
147    C3417    (0)    3 :  0.050 0.289 0.295 0.045 0.039 0.282 
148    C4569    (9)    4 :  0.214 0.032 0.322 0.061 0.178 0.194 
149    C4570    (9)    4 :  0.017 0.017 0.922 0.016 0.012 0.015 
150    C4571    (9)    4 :  0.017 0.103 0.813 0.032 0.020 0.015 
151    C4572    (9)    4 :  0.014 0.013 0.918 0.023 0.014 0.017 
152    C4573    (9)    4 :  0.095 0.042 0.159 0.541 0.121 0.042 
153    C4575    (9)    4 :  0.045 0.047 0.605 0.187 0.079 0.037 
154    C4577    (9)    4 :  0.025 0.027 0.905 0.013 0.014 0.017 
155    C4578    (9)    4 :  0.076 0.054 0.630 0.125 0.084 0.032 
156    C4600   (18)    4 :  0.331 0.037 0.489 0.044 0.066 0.033 
157    C4612    (9)    4 :  0.047 0.020 0.682 0.031 0.201 0.020 
158    C4621    (0)    4 :  0.011 0.027 0.922 0.019 0.014 0.007 
159    C4622    (9)    4 :  0.014 0.015 0.936 0.011 0.011 0.013 
160    C4623    (0)    4 :  0.062 0.170 0.203 0.067 0.072 0.426 
161    C4624    (0)    4 :  0.029 0.018 0.856 0.054 0.021 0.022 
162    C4625    (0)    4 :  0.102 0.046 0.196 0.573 0.062 0.021 
163    C4627    (0)    4 :  0.017 0.024 0.887 0.030 0.023 0.019 
164    C4631    (0)    4 :  0.027 0.015 0.612 0.023 0.015 0.307 
165    C4632    (0)    4 :  0.019 0.032 0.901 0.018 0.013 0.017 
166    C3939    (0)    4 :  0.022 0.045 0.873 0.013 0.031 0.016 
167    C3940    (0)    4 :  0.079 0.025 0.778 0.011 0.079 0.028 
168    C3945    (0)    4 :  0.014 0.014 0.948 0.007 0.009 0.008 
169    C4520    (0)    4 :  0.167 0.104 0.100 0.033 0.527 0.070 
170    C4522    (0)    4 :  0.012 0.041 0.914 0.010 0.013 0.010 
171    C3182    (0)    4 :  0.016 0.899 0.032 0.015 0.017 0.022 
172    C3189    (0)    4 :  0.097 0.473 0.075 0.220 0.099 0.037 
173    C3191    (9)    4 :  0.021 0.850 0.025 0.051 0.021 0.031 
174    C3196    (0)    4 :  0.024 0.888 0.017 0.024 0.030 0.016 
175    C3208    (0)    4 :  0.034 0.597 0.215 0.046 0.050 0.058 
176    C3211    (0)    4 :  0.029 0.851 0.034 0.014 0.049 0.024 
177    C3212    (0)    4 :  0.073 0.162 0.101 0.012 0.449 0.203 
178    C3213    (0)    4 :  0.038 0.852 0.016 0.016 0.040 0.038 
179    C3215    (0)    4 :  0.110 0.375 0.117 0.199 0.158 0.041 
180    C3217    (0)    4 :  0.026 0.892 0.018 0.016 0.020 0.027 
181    C3225    (9)    4 :  0.038 0.795 0.033 0.033 0.076 0.025 
182    C3226    (0)    4 :  0.013 0.546 0.401 0.013 0.013 0.014 
183    C3238    (9)    4 :  0.018 0.786 0.133 0.022 0.027 0.014 
184    C3239    (0)    4 :  0.020 0.751 0.113 0.021 0.046 0.048 
185    C3269   (18)    4 :  0.060 0.223 0.306 0.189 0.188 0.034 
186    C3273    (0)    4 :  0.017 0.870 0.034 0.037 0.033 0.010 
187    C3274    (0)    4 :  0.190 0.624 0.023 0.026 0.121 0.016 
188    C3354    (0)    4 :  0.025 0.914 0.016 0.016 0.018 0.011 
189    C3361    (0)    4 :  0.018 0.908 0.026 0.015 0.022 0.010 
190    C3289    (0)    4 :  0.022 0.818 0.094 0.020 0.031 0.014 
191    C3169    (0)    4 :  0.010 0.836 0.112 0.013 0.018 0.011 
192    C3199    (9)    4 :  0.021 0.698 0.186 0.044 0.031 0.021 
193    C3224    (0)    4 :  0.016 0.869 0.050 0.024 0.025 0.016 
194    C3261   (18)    4 :  0.024 0.815 0.122 0.009 0.016 0.014 
195    C3320    (0)    4 :  0.042 0.841 0.037 0.030 0.036 0.014 
196    C4151    (0)    5 :  0.010 0.017 0.946 0.010 0.008 0.008 
197    C4152    (0)    5 :  0.014 0.030 0.909 0.016 0.017 0.015 
198    C4153    (0)    5 :  0.032 0.186 0.666 0.036 0.060 0.021 
199    C4154   (18)    5 :  0.030 0.065 0.854 0.010 0.022 0.019 
200    C4157    (0)    5 :  0.187 0.274 0.480 0.021 0.022 0.016 
201    C4158    (0)    5 :  0.015 0.024 0.923 0.019 0.011 0.010 
202    C4163    (0)    5 :  0.008 0.011 0.960 0.007 0.007 0.007 
203    C4165    (0)    5 :  0.297 0.038 0.325 0.046 0.020 0.273 
204    C4248    (9)    5 :  0.042 0.733 0.143 0.030 0.027 0.023 
205    C4254    (0)    5 :  0.035 0.591 0.296 0.014 0.041 0.023 
206    C4371    (9)    5 :  0.028 0.306 0.550 0.021 0.027 0.068 
207    C3936    (0)    5 :  0.025 0.017 0.910 0.015 0.015 0.018 
208    C3937    (0)    5 :  0.010 0.014 0.948 0.011 0.008 0.010 
209    C3944    (0)    5 :  0.009 0.061 0.902 0.007 0.008 0.013 
210    C3954    (0)    5 :  0.011 0.333 0.599 0.029 0.019 0.009 
211    C3955    (9)    5 :  0.023 0.181 0.707 0.038 0.040 0.011 
212    C3961    (0)    5 :  0.016 0.028 0.892 0.012 0.020 0.033 
213    C3974    (0)    5 :  0.016 0.017 0.906 0.018 0.030 0.013 
214    C4024    (0)    5 :  0.022 0.084 0.810 0.014 0.024 0.048 
215    C4025    (0)    5 :  0.018 0.031 0.857 0.020 0.022 0.052 
216    C4028    (0)    5 :  0.041 0.056 0.756 0.071 0.047 0.029 
217    C4032   (18)    5 :  0.013 0.452 0.487 0.017 0.018 0.014 
218    C4033   (18)    5 :  0.015 0.892 0.053 0.014 0.013 0.013 
219    C4034    (0)    5 :  0.075 0.689 0.062 0.024 0.047 0.103 
220    C4041    (9)    5 :  0.050 0.531 0.053 0.019 0.180 0.167 
221    C4042   (18)    5 :  0.179 0.452 0.162 0.034 0.027 0.146 
222    C4043    (9)    5 :  0.029 0.340 0.554 0.026 0.023 0.028 
223    C4044    (9)    5 :  0.088 0.085 0.155 0.071 0.066 0.535 
224    C4045    (9)    5 :  0.040 0.607 0.271 0.042 0.023 0.016 
225    C4046    (9)    5 :  0.028 0.786 0.096 0.032 0.016 0.042 
226    C4047    (0)    5 :  0.109 0.650 0.070 0.066 0.080 0.025 
227    C4048    (9)    5 :  0.080 0.680 0.046 0.066 0.050 0.078 
228    C4055    (9)    5 :  0.038 0.242 0.597 0.054 0.043 0.028 
229    C4057   (18)    5 :  0.023 0.249 0.605 0.016 0.032 0.074 
230    C4059    (0)    5 :  0.012 0.871 0.059 0.026 0.020 0.013 
231    C4060    (9)    5 :  0.026 0.150 0.748 0.021 0.037 0.017 
232    C4064    (9)    5 :  0.194 0.310 0.177 0.250 0.046 0.023 
233    C4067    (0)    5 :  0.033 0.677 0.043 0.119 0.041 0.086 
234    C4068    (9)    5 :  0.022 0.885 0.023 0.029 0.024 0.017 
235    C4070    (9)    5 :  0.052 0.522 0.201 0.033 0.022 0.171 
236    C4075   (18)    5 :  0.030 0.741 0.133 0.027 0.038 0.031 
237    C4081    (9)    5 :  0.044 0.779 0.075 0.033 0.039 0.030 
238    C4082    (0)    5 :  0.038 0.320 0.503 0.047 0.067 0.024 
239    C4083    (0)    5 :  0.270 0.168 0.148 0.067 0.059 0.287 
240    C4086    (0)    5 :  0.044 0.439 0.132 0.320 0.049 0.017 
241    C4088    (9)    5 :  0.033 0.046 0.037 0.843 0.029 0.012 
242    C4092    (0)    5 :  0.036 0.223 0.606 0.016 0.032 0.086 
243    C4099    (9)    5 :  0.031 0.646 0.092 0.026 0.119 0.086 
244    C4104    (0)    5 :  0.018 0.041 0.880 0.017 0.016 0.027 
245    C4108   (18)    5 :  0.220 0.017 0.012 0.138 0.573 0.040 
246    C4118    (0)    5 :  0.273 0.200 0.104 0.144 0.223 0.057 
247    C4131    (0)    5 :  0.070 0.181 0.557 0.136 0.029 0.026 
248    C4133    (0)    5 :  0.020 0.676 0.241 0.019 0.026 0.017 
249    C4135    (0)    5 :  0.009 0.045 0.926 0.006 0.007 0.007 
250    C4136    (0)    5 :  0.114 0.031 0.584 0.159 0.071 0.041 
251    C4137    (9)    5 :  0.055 0.282 0.573 0.036 0.029 0.025 
252    C4139    (0)    5 :  0.014 0.037 0.915 0.009 0.013 0.011 
253    C4140    (9)    5 :  0.024 0.042 0.899 0.012 0.010 0.013 
254    C4167    (0)    5 :  0.119 0.059 0.663 0.065 0.021 0.073 
255    C4236    (0)    5 :  0.079 0.727 0.087 0.035 0.045 0.026 
256    C4237    (0)    5 :  0.075 0.024 0.065 0.679 0.129 0.027 
257    C4238    (0)    5 :  0.028 0.545 0.280 0.083 0.042 0.021 
258    C4241    (0)    5 :  0.026 0.855 0.066 0.015 0.021 0.016 
259    C4247    (9)    5 :  0.041 0.193 0.238 0.340 0.057 0.131 
260    C4257    (0)    5 :  0.020 0.835 0.053 0.027 0.045 0.020 
261    C4383    (0)    5 :  0.060 0.110 0.458 0.062 0.078 0.232 
262    C4397    (9)    5 :  0.043 0.355 0.556 0.016 0.018 0.013 
263    C4514    (0)    5 :  0.012 0.037 0.909 0.013 0.011 0.017 
264    C4519    (0)    5 :  0.019 0.041 0.777 0.010 0.135 0.018 
265    C4527    (0)    5 :  0.029 0.447 0.461 0.017 0.021 0.025 
266    C4534    (0)    5 :  0.043 0.311 0.424 0.026 0.112 0.084 
267    C4699    (0)    5 :  0.032 0.028 0.804 0.084 0.015 0.037 
268    C1541    (9)    5 :  0.012 0.926 0.028 0.013 0.009 0.012 
269    C1542    (9)    5 :  0.018 0.917 0.019 0.016 0.016 0.013 
270    C1544    (0)    5 :  0.019 0.813 0.077 0.044 0.032 0.015 
271    C1547    (9)    5 :  0.096 0.190 0.067 0.163 0.275 0.209 
272    C1553    (9)    5 :  0.355 0.088 0.142 0.095 0.188 0.131 
273    C1555    (9)    5 :  0.048 0.805 0.051 0.034 0.043 0.019 
274    C1557    (0)    5 :  0.032 0.803 0.087 0.032 0.019 0.027 
275    C1560    (0)    5 :  0.018 0.885 0.024 0.012 0.045 0.016 
276    C1565    (0)    5 :  0.035 0.870 0.029 0.012 0.021 0.033 
277    C1567    (0)    5 :  0.029 0.789 0.054 0.036 0.063 0.029 
278    C1569    (0)    5 :  0.018 0.864 0.066 0.016 0.015 0.021 
279    C1571    (0)    5 :  0.040 0.661 0.074 0.079 0.112 0.035 
280    C1576    (0)    5 :  0.031 0.454 0.340 0.099 0.041 0.035 
281    C1577    (9)    5 :  0.031 0.816 0.049 0.041 0.043 0.019 
282    C1579    (0)    5 :  0.021 0.911 0.023 0.015 0.017 0.012 
283    C3990    (0)    6 :  0.008 0.019 0.948 0.009 0.007 0.009 
284    C3991    (0)    6 :  0.021 0.028 0.814 0.050 0.029 0.059 
285    C3992    (0)    6 :  0.028 0.022 0.833 0.037 0.060 0.020 
286    C3994    (0)    6 :  0.038 0.258 0.418 0.057 0.057 0.173 
287    C4172    (0)    6 :  0.151 0.012 0.491 0.121 0.140 0.086 
288    C4173    (9)    6 :  0.021 0.033 0.317 0.016 0.019 0.593 
289    C4232    (9)    6 :  0.009 0.950 0.016 0.008 0.009 0.008 
290    C4234    (9)    6 :  0.012 0.923 0.032 0.011 0.012 0.010 
291    C4259    (0)    6 :  0.011 0.930 0.025 0.012 0.009 0.013 
292    C4260    (0)    6 :  0.012 0.744 0.211 0.009 0.016 0.009 
293    C4261    (9)    6 :  0.193 0.274 0.211 0.050 0.128 0.143 
294    C4262    (0)    6 :  0.034 0.304 0.542 0.014 0.034 0.073 
295    C4263    (0)    6 :  0.023 0.849 0.036 0.051 0.014 0.028 
296    C4267    (9)    6 :  0.028 0.470 0.422 0.044 0.018 0.018 
297    C4269    (0)    6 :  0.043 0.244 0.631 0.025 0.018 0.039 
298    C4272    (0)    6 :  0.023 0.814 0.098 0.015 0.027 0.024 
299    C4274    (0)    6 :  0.040 0.380 0.064 0.015 0.487 0.014 
300    C4276    (9)    6 :  0.032 0.062 0.011 0.056 0.814 0.026 
301    C4278    (0)    6 :  0.045 0.249 0.545 0.034 0.077 0.050 
302    C4280    (0)    6 :  0.067 0.439 0.407 0.017 0.048 0.023 
303    C4281    (0)    6 :  0.027 0.869 0.047 0.021 0.016 0.021 
304    C4282    (0)    6 :  0.139 0.538 0.019 0.060 0.041 0.203 
305    C4284    (9)    6 :  0.012 0.340 0.615 0.013 0.010 0.011 
306    C4286    (9)    6 :  0.072 0.519 0.244 0.035 0.095 0.034 
307    C4287    (0)    6 :  0.091 0.411 0.333 0.014 0.079 0.073 
308    C4290    (0)    6 :  0.094 0.071 0.044 0.246 0.425 0.120 
309    C4307   (18)    6 :  0.057 0.313 0.524 0.023 0.035 0.048 
310    C4310    (9)    6 :  0.021 0.760 0.107 0.051 0.047 0.015 
311    C4311   (18)    6 :  0.029 0.827 0.058 0.020 0.044 0.023 
312    C4312    (0)    6 :  0.018 0.768 0.147 0.031 0.019 0.017 
313    C4314    (0)    6 :  0.034 0.753 0.024 0.150 0.025 0.014 
314    C4318    (9)    6 :  0.050 0.751 0.074 0.014 0.039 0.072 
315    C4321    (9)    6 :  0.026 0.326 0.526 0.014 0.064 0.043 
316    C4324    (0)    6 :  0.032 0.472 0.340 0.014 0.054 0.088 
317    C4334    (0)    6 :  0.012 0.165 0.766 0.010 0.016 0.031 
318    C4529    (0)    6 :  0.040 0.714 0.108 0.058 0.037 0.043 
319    C1582    (9)    6 :  0.019 0.550 0.368 0.022 0.023 0.018 
320    C1583    (0)    6 :  0.030 0.796 0.043 0.072 0.036 0.023 
321    C1584    (9)    6 :  0.017 0.746 0.149 0.028 0.045 0.014 
322    C1585    (0)    6 :  0.009 0.228 0.718 0.019 0.015 0.011 
323    C1586    (0)    6 :  0.033 0.661 0.131 0.038 0.021 0.116 
324    C1589    (0)    6 :  0.013 0.471 0.477 0.013 0.012 0.013 
325    C1591    (0)    6 :  0.012 0.599 0.340 0.016 0.017 0.016 
326    C1592    (0)    6 :  0.022 0.843 0.041 0.025 0.029 0.040 
327    C1594    (0)    6 :  0.021 0.747 0.122 0.068 0.024 0.018 
328    C1597    (9)    6 :  0.029 0.806 0.059 0.029 0.051 0.026 
329    C1598    (9)    6 :  0.019 0.251 0.661 0.035 0.018 0.015 
330    C1599    (0)    6 :  0.016 0.901 0.028 0.011 0.031 0.013 
331    C1601    (0)    6 :  0.079 0.254 0.500 0.083 0.035 0.048 
332    C1605    (0)    6 :  0.128 0.111 0.165 0.106 0.436 0.054 
333    C1609    (0)    6 :  0.013 0.287 0.654 0.015 0.015 0.015 
334    C1610    (0)    6 :  0.096 0.702 0.024 0.073 0.089 0.017 
335    C1611    (0)    6 :  0.021 0.878 0.014 0.013 0.017 0.057 
336    C1612    (0)    6 :  0.010 0.950 0.011 0.010 0.010 0.008 
337    C1613    (0)    6 :  0.015 0.865 0.031 0.024 0.024 0.040 
338    C3173    (9)    6 :  0.062 0.733 0.060 0.034 0.050 0.060 
339    C3204    (0)    6 :  0.019 0.890 0.037 0.019 0.019 0.016 
340    C3223    (9)    6 :  0.058 0.311 0.024 0.021 0.487 0.099 
341    C3262    (0)    6 :  0.029 0.798 0.033 0.066 0.048 0.026 
342    C3270    (0)    6 :  0.029 0.496 0.406 0.020 0.027 0.022 
343    C3300    (0)    6 :  0.009 0.156 0.803 0.010 0.013 0.009 
344    C3330    (0)    6 :  0.051 0.492 0.386 0.016 0.030 0.024 
345    C3390    (9)    6 :  0.026 0.566 0.336 0.019 0.025 0.027 
346    C3424    (9)    6 :  0.064 0.816 0.059 0.016 0.029 0.016 
347    C3958    (0)    6 :  0.018 0.030 0.914 0.008 0.012 0.017 
348    C3962    (0)    6 :  0.027 0.018 0.919 0.008 0.013 0.014 
349    C4019    (0)    6 :  0.752 0.012 0.069 0.036 0.079 0.051 
350    C3995   (18)    6 :  0.023 0.021 0.873 0.022 0.017 0.044 
351    C4000    (0)    6 :  0.112 0.037 0.712 0.018 0.030 0.092 
352    C4002    (0)    6 :  0.027 0.041 0.882 0.015 0.012 0.022 
353    C1692    (0)    7 :  0.433 0.018 0.103 0.048 0.360 0.039 
354    C1693    (0)    7 :  0.107 0.225 0.045 0.020 0.404 0.199 
355    C1694    (0)    7 :  0.105 0.108 0.027 0.169 0.213 0.378 
356    C1698    (0)    7 :  0.468 0.019 0.010 0.094 0.202 0.208 
357    C1699    (0)    7 :  0.120 0.022 0.025 0.621 0.151 0.061 
358    C1700    (0)    7 :  0.444 0.054 0.081 0.103 0.121 0.197 
359    C1701    (0)    7 :  0.446 0.022 0.013 0.407 0.072 0.039 
360    C1702    (0)    7 :  0.568 0.013 0.015 0.118 0.204 0.080 
361    C1703    (0)    7 :  0.331 0.013 0.018 0.100 0.132 0.407 
362    C1704    (0)    7 :  0.219 0.090 0.062 0.054 0.185 0.390 
363    C1705    (0)    7 :  0.058 0.011 0.145 0.021 0.204 0.561 
364    C1706    (0)    7 :  0.159 0.021 0.011 0.527 0.218 0.064 
365    C1707    (0)    7 :  0.073 0.376 0.028 0.175 0.307 0.041 
366    C1708    (0)    7 :  0.122 0.016 0.017 0.028 0.028 0.788 
367    C1709    (0)    7 :  0.084 0.021 0.056 0.026 0.035 0.778 
368    C1710    (0)    7 :  0.606 0.035 0.026 0.117 0.095 0.122 
369    C1712    (0)    7 :  0.165 0.009 0.023 0.016 0.039 0.748 
370    C1714    (0)    7 :  0.037 0.015 0.015 0.022 0.024 0.887 
371    C1715    (0)    7 :  0.349 0.027 0.019 0.116 0.465 0.025 
372    C1717    (0)    7 :  0.152 0.109 0.016 0.034 0.597 0.092 
373    C1718   (18)    7 :  0.537 0.052 0.018 0.090 0.245 0.058 
374    C1719    (0)    7 :  0.057 0.061 0.098 0.024 0.029 0.731 
375    C1656    (0)    8 :  0.255 0.010 0.044 0.550 0.059 0.082 
376    C1657   (18)    8 :  0.115 0.020 0.021 0.298 0.067 0.479 
377    C1658    (0)    8 :  0.471 0.009 0.010 0.209 0.247 0.055 
378    C1659    (0)    8 :  0.124 0.044 0.025 0.139 0.646 0.022 
379    C1661    (9)    8 :  0.494 0.068 0.041 0.107 0.194 0.095 
380    C1665    (0)    8 :  0.484 0.025 0.015 0.294 0.123 0.059 
381    C1667    (9)    8 :  0.029 0.008 0.006 0.019 0.016 0.923 
382    C1676    (9)    8 :  0.586 0.017 0.023 0.232 0.037 0.104 
383    C1681    (9)    8 :  0.226 0.025 0.018 0.348 0.247 0.137 
384    C1682    (0)    8 :  0.222 0.015 0.030 0.135 0.088 0.511 
385    C1685    (0)    8 :  0.775 0.021 0.032 0.118 0.026 0.027 
386    C4707    (0)    9 :  0.799 0.027 0.078 0.031 0.024 0.040 
387    C4747    (0)    9 :  0.060 0.123 0.101 0.019 0.110 0.586 
388    C4772    (0)    9 :  0.251 0.066 0.490 0.093 0.063 0.037 
389    C4781    (0)    9 :  0.056 0.027 0.045 0.022 0.046 0.804 
390    C4782    (0)    9 :  0.293 0.069 0.127 0.093 0.187 0.231 
391    C4787    (0)    9 :  0.122 0.018 0.124 0.051 0.609 0.075 
392    C4790    (0)    9 :  0.248 0.016 0.102 0.061 0.029 0.545 
393    C4803    (0)    9 :  0.300 0.052 0.096 0.050 0.363 0.139 
394    C4813    (0)    9 :  0.145 0.022 0.616 0.071 0.092 0.053 
395    C4837    (0)    9 :  0.696 0.027 0.094 0.025 0.120 0.038 
396    C4838    (0)    9 :  0.210 0.012 0.083 0.070 0.572 0.053 
397    C4843    (0)    9 :  0.660 0.035 0.052 0.110 0.088 0.055 
398    C4857    (0)    9 :  0.033 0.033 0.851 0.033 0.031 0.020 
399    C4828    (0)    9 :  0.200 0.261 0.041 0.230 0.178 0.090 
400    C4835    (0)    9 :  0.057 0.015 0.687 0.083 0.131 0.027 
401    C4836    (9)    9 :  0.327 0.038 0.180 0.038 0.251 0.166 
402    C4842    (0)    9 :  0.482 0.013 0.038 0.281 0.083 0.103 
403    C4863    (9)    9 :  0.232 0.026 0.058 0.024 0.491 0.170 
404    C4744    (0)    9 :  0.451 0.021 0.026 0.138 0.118 0.245 
405    C4745    (0)    9 :  0.422 0.024 0.074 0.178 0.260 0.041 
406    C4768    (0)    9 :  0.314 0.047 0.206 0.064 0.031 0.338 
407    C4769    (0)    9 :  0.139 0.011 0.082 0.593 0.105 0.070 
408    C4771    (0)    9 :  0.763 0.014 0.017 0.062 0.080 0.065 
409    C4784    (0)    9 :  0.067 0.019 0.160 0.059 0.040 0.655 
410    C4785    (0)    9 :  0.030 0.022 0.029 0.042 0.025 0.852 
411    C4795    (0)    9 :  0.032 0.051 0.085 0.044 0.096 0.693 
412    C4796    (0)    9 :  0.655 0.018 0.015 0.045 0.123 0.144 
413    C4800    (0)    9 :  0.215 0.010 0.257 0.027 0.473 0.018 
414    C4801    (0)    9 :  0.093 0.018 0.477 0.322 0.047 0.043 
415    C4802    (0)    9 :  0.126 0.293 0.141 0.282 0.130 0.028 
416    C4805    (0)    9 :  0.462 0.014 0.079 0.221 0.053 0.170 
417    C4806    (0)    9 :  0.560 0.011 0.041 0.249 0.112 0.027 
418    C4850    (0)    9 :  0.527 0.084 0.184 0.061 0.104 0.039 
419    C4748    (0)   10 :  0.034 0.009 0.086 0.718 0.063 0.090 
420    C4753    (0)   10 :  0.582 0.022 0.033 0.086 0.152 0.125 
421    C4754    (0)   10 :  0.778 0.018 0.073 0.042 0.024 0.066 
422    C4760    (0)   10 :  0.403 0.110 0.179 0.027 0.240 0.041 
423    C4761    (0)   10 :  0.068 0.012 0.234 0.562 0.036 0.087 
424    C4762    (0)   10 :  0.063 0.014 0.159 0.054 0.099 0.612 
425    C4791    (0)   10 :  0.342 0.009 0.151 0.048 0.370 0.081 
426    C4810    (0)   10 :  0.045 0.076 0.049 0.739 0.065 0.027 
427    C4812    (0)   10 :  0.323 0.054 0.041 0.257 0.290 0.035 
428    C4821    (0)   10 :  0.584 0.091 0.081 0.028 0.143 0.073 
429    C4864    (0)   10 :  0.292 0.058 0.570 0.023 0.030 0.027 
430    C4866    (0)   10 :  0.084 0.015 0.030 0.659 0.175 0.037 
431    C1722    (0)   10 :  0.166 0.046 0.015 0.455 0.283 0.036 
432    C1724    (0)   10 :  0.078 0.008 0.015 0.718 0.167 0.014 
433    C1725    (0)   10 :  0.150 0.047 0.013 0.417 0.314 0.058 
434    C1726    (0)   10 :  0.545 0.013 0.016 0.072 0.253 0.101 
435    C1731    (0)   10 :  0.220 0.024 0.048 0.438 0.177 0.093 
436    C1733    (9)   10 :  0.110 0.028 0.027 0.264 0.548 0.022 
437    C1734    (0)   10 :  0.435 0.027 0.051 0.061 0.382 0.043 
438    C1735    (0)   10 :  0.190 0.012 0.009 0.186 0.576 0.027 
439    C1738    (0)   10 :  0.126 0.036 0.029 0.476 0.317 0.016 
440    C1740    (9)   10 :  0.430 0.100 0.040 0.158 0.211 0.061 
441    C1741    (0)   10 :  0.144 0.085 0.264 0.026 0.299 0.183 
442    C1742    (0)   10 :  0.844 0.019 0.024 0.053 0.042 0.018 
443    C1743    (0)   10 :  0.129 0.021 0.022 0.118 0.239 0.471 
444    C1745    (0)   10 :  0.436 0.027 0.062 0.077 0.353 0.044 
445    C1746    (0)   10 :  0.229 0.037 0.073 0.314 0.211 0.136 
446    C1747    (0)   10 :  0.065 0.048 0.030 0.314 0.332 0.210 
447    C4742    (9)   10 :  0.308 0.031 0.354 0.070 0.056 0.181 
448    C4752    (0)   10 :  0.021 0.021 0.824 0.069 0.035 0.029 
449    C4792    (0)   10 :  0.241 0.083 0.427 0.114 0.050 0.085 
450    C4811    (0)   10 :  0.043 0.035 0.828 0.021 0.050 0.023 
451    C4814    (0)   10 :  0.278 0.032 0.436 0.064 0.077 0.114 
452    C4815    (0)   10 :  0.119 0.045 0.072 0.037 0.681 0.046 
453    C4818    (0)   10 :  0.186 0.092 0.262 0.168 0.208 0.083 
454    C4819    (0)   10 :  0.290 0.042 0.325 0.213 0.059 0.072 
455    C4826    (0)   10 :  0.650 0.010 0.024 0.069 0.168 0.079 
456    C4829    (0)   10 :  0.329 0.053 0.033 0.064 0.116 0.405 
457    C4830    (0)   10 :  0.750 0.014 0.028 0.014 0.039 0.155 
458    C4831    (0)   10 :  0.063 0.038 0.769 0.050 0.018 0.063 
459    C4832    (0)   10 :  0.235 0.015 0.033 0.105 0.077 0.535 
460    C4858    (0)   10 :  0.085 0.011 0.361 0.022 0.070 0.452 
461    C4757    (0)   10 :  0.419 0.073 0.121 0.207 0.135 0.046 
462    C4770    (9)   10 :  0.049 0.468 0.142 0.019 0.261 0.062 
463    C4808    (0)   10 :  0.653 0.023 0.113 0.035 0.117 0.058 
464    C4809    (0)   10 :  0.879 0.009 0.014 0.047 0.039 0.012 
465    C4820    (0)   10 :  0.268 0.016 0.069 0.178 0.282 0.186 
466    C4824    (0)   10 :  0.336 0.010 0.032 0.017 0.361 0.243 
467    C4706    (0)   11 :  0.300 0.012 0.018 0.345 0.264 0.060 
468    C4708    (0)   11 :  0.015 0.031 0.918 0.013 0.011 0.013 
469    C4709    (0)   11 :  0.051 0.015 0.049 0.033 0.057 0.795 
470    C4714    (0)   11 :  0.123 0.029 0.277 0.042 0.054 0.476 
471    C4722    (0)   11 :  0.269 0.018 0.096 0.126 0.050 0.440 
472    C4726    (0)   11 :  0.158 0.086 0.175 0.271 0.276 0.034 
473    C4733    (0)   11 :  0.345 0.068 0.283 0.085 0.029 0.190 
474    C4734    (0)   11 :  0.407 0.019 0.090 0.311 0.102 0.072 
475    C4737    (0)   11 :  0.058 0.014 0.053 0.026 0.023 0.826 
476    C4882    (0)   11 :  0.692 0.013 0.014 0.097 0.121 0.063 
477    C4883    (0)   11 :  0.025 0.016 0.110 0.013 0.014 0.822 
478    C4702    (9)   11 :  0.362 0.131 0.084 0.092 0.159 0.171 
479    C4703    (0)   11 :  0.109 0.037 0.647 0.045 0.066 0.096 
480    C4727    (0)   11 :  0.278 0.011 0.074 0.437 0.089 0.112 
481    C4732    (0)   11 :  0.074 0.018 0.048 0.035 0.053 0.772 
482    C4735    (0)   11 :  0.286 0.018 0.048 0.022 0.577 0.049 
483    C4736    (0)   11 :  0.035 0.041 0.665 0.047 0.022 0.189 
484    C4746    (0)   11 :  0.201 0.015 0.225 0.047 0.081 0.430 
485    C4777    (0)   11 :  0.560 0.022 0.009 0.077 0.304 0.026 
486    C4846    (0)   11 :  0.162 0.134 0.511 0.069 0.027 0.098 
487    C4847    (0)   11 :  0.728 0.009 0.034 0.137 0.047 0.046 
488    C4884    (0)   11 :  0.339 0.010 0.154 0.028 0.284 0.184 
489    C4705    (0)   11 :  0.297 0.030 0.186 0.020 0.447 0.020 
490    C4711    (0)   11 :  0.080 0.020 0.117 0.600 0.033 0.150 
491    C4713    (9)   11 :  0.096 0.042 0.046 0.114 0.627 0.075 
492    C4716    (0)   11 :  0.478 0.023 0.087 0.093 0.178 0.141 
493    C4717    (0)   11 :  0.085 0.023 0.777 0.056 0.032 0.027 
494    C4719    (0)   11 :  0.881 0.012 0.014 0.045 0.015 0.034 
495    C4721    (0)   11 :  0.022 0.025 0.899 0.021 0.016 0.018 
496    C4729    (0)   11 :  0.696 0.014 0.089 0.039 0.130 0.032 
497    C4730    (0)   11 :  0.061 0.024 0.730 0.056 0.031 0.098 
498    C4773    (0)   11 :  0.027 0.036 0.843 0.064 0.015 0.014 
499    C4861    (0)   11 :  0.801 0.020 0.032 0.081 0.047 0.019 
500    C4890    (0)   11 :  0.313 0.019 0.453 0.030 0.068 0.117 
501    C4718    (0)   11 :  0.397 0.024 0.078 0.091 0.201 0.209 
502    C4724    (0)   11 :  0.202 0.014 0.489 0.058 0.189 0.048 
503    C4738    (0)   11 :  0.082 0.014 0.407 0.451 0.024 0.021 
504    C4739    (0)   11 :  0.643 0.043 0.056 0.143 0.070 0.044 
505    C4844    (0)   11 :  0.537 0.039 0.229 0.061 0.093 0.042 
506    C4845    (0)   11 :  0.063 0.018 0.042 0.023 0.042 0.813 
507    C4681    (0)   11 :  0.059 0.358 0.515 0.030 0.018 0.021 
508    C4682    (0)   11 :  0.058 0.195 0.072 0.151 0.190 0.334 
509    C4683    (0)   11 :  0.107 0.088 0.663 0.058 0.038 0.046 
510    C4685    (0)   11 :  0.391 0.026 0.208 0.034 0.126 0.215 
511    C4715    (0)   11 :  0.158 0.043 0.038 0.018 0.527 0.215 
512    C4725    (0)   11 :  0.521 0.016 0.013 0.076 0.138 0.236 
513    C4799    (0)   11 :  0.208 0.149 0.282 0.029 0.240 0.092 
514    C4889    (9)   11 :  0.056 0.018 0.639 0.183 0.037 0.068 
515    U1941    (0)   12 :  0.020 0.034 0.012 0.024 0.898 0.010 
516    U1942    (0)   12 :  0.270 0.088 0.258 0.055 0.239 0.090 
517    U1957    (9)   12 :  0.068 0.617 0.047 0.094 0.126 0.049 
518    U2016    (0)   12 :  0.594 0.012 0.006 0.107 0.243 0.039 
519    U2021    (9)   12 :  0.307 0.033 0.027 0.044 0.249 0.340 
520    U2022    (0)   12 :  0.590 0.028 0.012 0.023 0.077 0.271 
521    U2023    (0)   12 :  0.650 0.011 0.019 0.106 0.135 0.078 
522    U2024    (0)   12 :  0.747 0.036 0.041 0.046 0.026 0.104 
523    U2025    (9)   12 :  0.700 0.045 0.020 0.021 0.121 0.094 
524    U2026    (0)   12 :  0.500 0.175 0.028 0.021 0.127 0.150 
525    U2027    (0)   12 :  0.525 0.028 0.039 0.234 0.082 0.093 
526    U2028    (0)   12 :  0.892 0.010 0.007 0.025 0.018 0.048 
527    U2029    (0)   12 :  0.590 0.010 0.024 0.084 0.030 0.262 
528    U2030    (0)   12 :  0.532 0.014 0.009 0.159 0.129 0.157 
529    U2031    (0)   12 :  0.551 0.014 0.011 0.223 0.142 0.060 
530    U1943    (0)   12 :  0.041 0.018 0.033 0.021 0.050 0.836 
531    U1944    (0)   12 :  0.069 0.017 0.021 0.221 0.086 0.586 
532    U1945    (0)   12 :  0.315 0.016 0.015 0.104 0.133 0.416 
533    U1946    (0)   12 :  0.181 0.027 0.017 0.516 0.190 0.070 
534    U1947    (0)   12 :  0.485 0.022 0.016 0.015 0.379 0.083 
535    U1948    (0)   12 :  0.300 0.045 0.056 0.050 0.466 0.083 
536    U1949    (0)   12 :  0.606 0.017 0.013 0.101 0.174 0.089 
537    U1955    (0)   12 :  0.165 0.210 0.042 0.258 0.295 0.030 
538    U2005    (0)   12 :  0.087 0.129 0.009 0.019 0.462 0.294 
539    U2006    (0)   12 :  0.111 0.015 0.009 0.070 0.771 0.024 
540    U2007    (0)   12 :  0.155 0.044 0.014 0.029 0.718 0.040 
541    U2008    (0)   12 :  0.201 0.008 0.007 0.012 0.748 0.024 
542    U2010    (9)   12 :  0.174 0.124 0.031 0.023 0.481 0.167 
543    U2011    (0)   12 :  0.113 0.025 0.010 0.111 0.715 0.026 
544    U2012    (0)   12 :  0.130 0.014 0.011 0.037 0.656 0.152 
545    U2014    (0)   12 :  0.593 0.021 0.037 0.036 0.186 0.127 
546    U2702    (0)   12 :  0.018 0.021 0.015 0.018 0.013 0.915 
547    U2703    (0)   12 :  0.058 0.024 0.045 0.022 0.034 0.817 
548    U2704    (0)   12 :  0.384 0.063 0.030 0.058 0.365 0.101 
549    U2706   (18)   12 :  0.389 0.017 0.034 0.225 0.259 0.075 
550    U2707    (0)   12 :  0.070 0.016 0.017 0.619 0.168 0.109 
551    U2708    (0)   12 :  0.718 0.015 0.022 0.040 0.043 0.162 
552    U2698    (0)   12 :  0.278 0.112 0.112 0.190 0.236 0.072 
553    U2700    (0)   12 :  0.582 0.039 0.018 0.053 0.217 0.093 
554    U1924    (0)   12 :  0.347 0.020 0.023 0.080 0.393 0.138 
555    U1930    (0)   12 :  0.037 0.017 0.022 0.647 0.241 0.035 
556    U1931    (0)   12 :  0.256 0.028 0.160 0.116 0.305 0.136 
