

----------------------------------------------------
STRUCTURE by Pritchard, Stephens and Donnelly (2000)
     and Falush, Stephens and Pritchard (2003)
       Code by Pritchard, Falush and Hubisz
             Version 2.3.4 (Jul 2012)
----------------------------------------------------



Command line arguments:   bin\structure -m G:\My Drive\Hoban_Lab_Docs\Projects\Butternut_JUCI\Graphical_Stat_Results\PostIndRemoval\24pop\Reorg_Results\STR\butternut\50-50\mainparams -e G:\My Drive\Hoban_Lab_Docs\Projects\Butternut_JUCI\Graphical_Stat_Results\PostIndRemoval\24pop\Reorg_Results\STR\butternut\50-50\extraparams 
Input File:    G:\My Drive\Hoban_Lab_Docs\Projects\Butternut_JUCI\Graphical_Stat_Results\PostIndRemoval\24pop\Reorg_Results\STR\butternut\project_data

Run parameters:
   993 individuals
   11 loci
   5 populations assumed
   50000 Burn-in period
   50000 Reps


--------------------------------------------
Proportion of membership of each pre-defined
 population in each of the 5 clusters

Given    Inferred Clusters                     Number of
 Pop       1      2      3      4      5      Individuals

  1:     0.056  0.290  0.525  0.060  0.069       40
  2:     0.061  0.431  0.402  0.039  0.067       45
  3:     0.068  0.262  0.557  0.047  0.066       62
  4:     0.045  0.401  0.421  0.067  0.066       48
  5:     0.054  0.384  0.439  0.071  0.052       87
  6:     0.050  0.301  0.537  0.046  0.067       70
  7:     0.366  0.056  0.075  0.189  0.313       22
  8:     0.303  0.028  0.027  0.359  0.283       11
  9:     0.245  0.232  0.057  0.201  0.265       33
 10:     0.168  0.216  0.054  0.280  0.283       48
 11:     0.212  0.335  0.048  0.182  0.224       48
 12:     0.283  0.046  0.073  0.230  0.369       90
 13:     0.639  0.026  0.038  0.104  0.193       63
 14:     0.256  0.053  0.119  0.218  0.354       16
 15:     0.143  0.123  0.133  0.248  0.353       31
 16:     0.064  0.061  0.021  0.773  0.082       16
 17:     0.525  0.037  0.146  0.107  0.185       24
 18:     0.191  0.043  0.095  0.219  0.451       12
 19:     0.315  0.050  0.065  0.269  0.300       54
 20:     0.126  0.065  0.074  0.436  0.299       96
 21:     0.238  0.032  0.071  0.430  0.228       22
 22:     0.044  0.133  0.089  0.628  0.107       23
 23:     0.141  0.034  0.044  0.525  0.256       13
 24:     0.310  0.058  0.089  0.186  0.357       19
--------------------------------------------

Allele-freq. divergence among pops (Net nucleotide distance),
computed using point estimates of P.

      1       2       3       4       5      
 1      -    0.0300  0.0268  0.0117  0.0060  
 2   0.0300     -    0.0236  0.0366  0.0307  
 3   0.0268  0.0236     -    0.0285  0.0231  
 4   0.0117  0.0366  0.0285     -    0.0061  
 5   0.0060  0.0307  0.0231  0.0061     -    

Average distances (expected heterozygosity) between individuals in same cluster:
cluster  1  : 0.8539 
cluster  2  : 0.8327 
cluster  3  : 0.8185 
cluster  4  : 0.8415 
cluster  5  : 0.8545 

--------------------------------------------
Estimated Ln Prob of Data   = -46729.6
Mean value of ln likelihood = -45651.9
Variance of ln likelihood   = 2155.4
Mean value of alpha         = 0.0642

Mean value of Fst_1         = 0.0193
Mean value of Fst_2         = 0.0580
Mean value of Fst_3         = 0.0485
Mean value of Fst_4         = 0.0240
Mean value of Fst_5         = 0.0127


Inferred ancestry of individuals:
        Label (%Miss) Pop:  Inferred clusters
  1    C3984    (0)    1 :  0.016 0.748 0.201 0.011 0.024 
  2    C3985    (0)    1 :  0.017 0.768 0.183 0.017 0.016 
  3    C3986    (0)    1 :  0.013 0.922 0.046 0.009 0.011 
  4    C4231    (0)    1 :  0.030 0.532 0.361 0.027 0.051 
  5    C4344    (0)    1 :  0.032 0.086 0.836 0.017 0.029 
  6    C4347   (18)    1 :  0.015 0.070 0.849 0.044 0.021 
  7    C4352   (18)    1 :  0.038 0.715 0.200 0.023 0.024 
  8    C4355    (9)    1 :  0.023 0.128 0.803 0.019 0.028 
  9    C4358   (18)    1 :  0.243 0.067 0.030 0.110 0.549 
 10    C4419    (9)    1 :  0.032 0.528 0.249 0.029 0.162 
 11    C4428    (9)    1 :  0.017 0.389 0.560 0.017 0.017 
 12    C4436    (0)    1 :  0.016 0.457 0.493 0.020 0.014 
 13    C4437   (18)    1 :  0.026 0.734 0.134 0.056 0.050 
 14    C4450    (0)    1 :  0.153 0.378 0.224 0.077 0.167 
 15    C4531    (0)    1 :  0.035 0.892 0.013 0.034 0.027 
 16    C1615    (0)    1 :  0.106 0.452 0.221 0.148 0.073 
 17    C1616    (0)    1 :  0.034 0.111 0.244 0.255 0.356 
 18    C1617    (9)    1 :  0.011 0.015 0.940 0.018 0.016 
 19    C1618    (0)    1 :  0.097 0.700 0.117 0.058 0.028 
 20    C1619    (0)    1 :  0.223 0.187 0.458 0.075 0.056 
 21    C1620    (9)    1 :  0.155 0.335 0.389 0.070 0.051 
 22    C1621    (0)    1 :  0.105 0.059 0.246 0.441 0.149 
 23    C1623    (9)    1 :  0.221 0.508 0.026 0.153 0.092 
 24    C1625    (0)    1 :  0.148 0.067 0.655 0.094 0.036 
 25    C1626    (0)    1 :  0.062 0.040 0.530 0.171 0.197 
 26    C1627    (9)    1 :  0.037 0.198 0.692 0.049 0.024 
 27    C1633    (0)    1 :  0.020 0.073 0.857 0.027 0.023 
 28    C1637    (0)    1 :  0.015 0.028 0.913 0.026 0.018 
 29    C1650    (0)    1 :  0.019 0.710 0.189 0.043 0.038 
 30    C3202    (0)    1 :  0.017 0.032 0.909 0.027 0.016 
 31    C3248    (0)    1 :  0.016 0.013 0.940 0.014 0.018 
 32    C3304    (9)    1 :  0.017 0.023 0.891 0.019 0.050 
 33    C3326    (0)    1 :  0.032 0.112 0.670 0.058 0.128 
 34    C3333    (0)    1 :  0.019 0.018 0.913 0.027 0.023 
 35    C3339   (18)    1 :  0.034 0.024 0.882 0.023 0.038 
 36    C3346    (0)    1 :  0.012 0.019 0.950 0.008 0.010 
 37    C3349    (0)    1 :  0.035 0.018 0.892 0.018 0.037 
 38    C3367   (18)    1 :  0.027 0.306 0.603 0.035 0.029 
 39    C3374    (0)    1 :  0.014 0.087 0.878 0.009 0.012 
 40    C3405    (0)    1 :  0.049 0.053 0.820 0.020 0.058 
 41    C4543    (0)    2 :  0.020 0.902 0.043 0.014 0.021 
 42    C4545    (9)    2 :  0.037 0.923 0.020 0.009 0.010 
 43    C4551    (9)    2 :  0.143 0.622 0.069 0.046 0.120 
 44    C4491    (0)    2 :  0.111 0.633 0.123 0.044 0.090 
 45    C4494    (0)    2 :  0.018 0.405 0.551 0.011 0.015 
 46    C4495    (0)    2 :  0.139 0.362 0.367 0.050 0.082 
 47    C4497    (9)    2 :  0.020 0.166 0.770 0.019 0.026 
 48    C4501    (0)    2 :  0.119 0.189 0.366 0.037 0.288 
 49    C4502    (0)    2 :  0.053 0.619 0.297 0.014 0.017 
 50    C4503    (0)    2 :  0.173 0.766 0.016 0.024 0.021 
 51    C4504    (0)    2 :  0.357 0.393 0.067 0.049 0.134 
 52    C4470    (0)    2 :  0.083 0.283 0.420 0.058 0.156 
 53    C4471    (0)    2 :  0.024 0.876 0.059 0.014 0.026 
 54    C4474    (9)    2 :  0.026 0.905 0.010 0.035 0.025 
 55    C4476    (0)    2 :  0.027 0.405 0.521 0.019 0.027 
 56    C4479    (0)    2 :  0.014 0.110 0.819 0.040 0.017 
 57    C4482    (0)    2 :  0.019 0.676 0.112 0.118 0.075 
 58    C4483    (0)    2 :  0.016 0.946 0.009 0.012 0.017 
 59    C4484    (0)    2 :  0.071 0.607 0.226 0.030 0.067 
 60    C4485    (0)    2 :  0.059 0.137 0.584 0.072 0.148 
 61    C4489    (0)    2 :  0.028 0.459 0.462 0.020 0.032 
 62    C4505    (0)    2 :  0.031 0.454 0.418 0.035 0.061 
 63    C4507    (0)    2 :  0.206 0.602 0.072 0.028 0.092 
 64    C4535    (0)    2 :  0.041 0.878 0.015 0.030 0.036 
 65    C4542    (0)    2 :  0.075 0.394 0.018 0.063 0.450 
 66    C4553    (9)    2 :  0.021 0.847 0.075 0.028 0.030 
 67    C4562   (18)    2 :  0.055 0.729 0.158 0.034 0.025 
 68    C4582   (18)    2 :  0.022 0.890 0.028 0.033 0.028 
 69    C4693    (0)    2 :  0.009 0.939 0.027 0.014 0.011 
 70    C4696    (0)    2 :  0.072 0.754 0.076 0.044 0.054 
 71    C3179    (0)    2 :  0.112 0.033 0.801 0.019 0.034 
 72    C3181    (0)    2 :  0.031 0.039 0.826 0.033 0.071 
 73    C3188    (0)    2 :  0.038 0.068 0.810 0.030 0.054 
 74    C3190    (0)    2 :  0.021 0.038 0.832 0.039 0.070 
 75    C3193    (0)    2 :  0.012 0.021 0.927 0.023 0.017 
 76    C3232    (0)    2 :  0.015 0.249 0.704 0.013 0.019 
 77    C3236    (0)    2 :  0.009 0.037 0.937 0.009 0.009 
 78    C3249    (0)    2 :  0.031 0.029 0.871 0.029 0.040 
 79    C3250    (0)    2 :  0.011 0.080 0.878 0.015 0.016 
 80    C3253    (0)    2 :  0.017 0.178 0.745 0.027 0.033 
 81    C3255    (0)    2 :  0.014 0.105 0.856 0.012 0.014 
 82    C3277    (0)    2 :  0.044 0.032 0.772 0.070 0.082 
 83    C3315    (0)    2 :  0.214 0.199 0.142 0.264 0.181 
 84    C3288    (0)    2 :  0.025 0.094 0.826 0.033 0.021 
 85    C3293    (0)    2 :  0.079 0.317 0.387 0.083 0.134 
 86    C4018    (0)    3 :  0.009 0.893 0.075 0.010 0.013 
 87    C3980    (0)    3 :  0.012 0.930 0.024 0.014 0.019 
 88    C3987    (0)    3 :  0.013 0.927 0.035 0.013 0.012 
 89    C3988    (0)    3 :  0.014 0.853 0.105 0.014 0.014 
 90    C3989    (0)    3 :  0.022 0.297 0.504 0.017 0.160 
 91    C4011    (0)    3 :  0.006 0.841 0.139 0.006 0.007 
 92    C4017    (0)    3 :  0.008 0.960 0.017 0.007 0.008 
 93    C4296    (0)    3 :  0.191 0.143 0.307 0.130 0.230 
 94    C4301    (9)    3 :  0.156 0.017 0.034 0.135 0.659 
 95    C4303    (0)    3 :  0.041 0.027 0.463 0.403 0.065 
 96    C4453    (0)    3 :  0.095 0.418 0.395 0.053 0.040 
 97    C4455    (9)    3 :  0.035 0.311 0.534 0.076 0.043 
 98    C4456   (18)    3 :  0.161 0.558 0.083 0.136 0.062 
 99    C4457    (9)    3 :  0.049 0.078 0.622 0.128 0.124 
100    C4459    (9)    3 :  0.016 0.445 0.488 0.025 0.026 
101    C4464   (18)    3 :  0.012 0.193 0.773 0.010 0.012 
102    C4467   (18)    3 :  0.011 0.177 0.790 0.011 0.010 
103    C4468    (9)    3 :  0.018 0.094 0.827 0.041 0.019 
104    C4783    (0)    3 :  0.020 0.894 0.035 0.017 0.034 
105    C4786    (0)    3 :  0.016 0.565 0.376 0.019 0.023 
106    C4789    (9)    3 :  0.013 0.494 0.424 0.019 0.050 
107    C4891    (0)    3 :  0.045 0.463 0.381 0.042 0.070 
108    C4896    (0)    3 :  0.052 0.672 0.079 0.071 0.125 
109    C4898    (0)    3 :  0.023 0.873 0.065 0.017 0.021 
110    C4901    (0)    3 :  0.013 0.532 0.404 0.028 0.023 
111    C4903    (9)    3 :  0.028 0.222 0.565 0.089 0.096 
112    C4904    (0)    3 :  0.016 0.874 0.062 0.011 0.037 
113    C3263    (0)    3 :  0.083 0.016 0.870 0.017 0.014 
114    C3271    (0)    3 :  0.016 0.028 0.920 0.013 0.023 
115    C3272    (0)    3 :  0.033 0.019 0.883 0.014 0.052 
116    C3276    (0)    3 :  0.088 0.025 0.547 0.060 0.281 
117    C3280    (9)    3 :  0.266 0.090 0.534 0.044 0.067 
118    C3305    (9)    3 :  0.024 0.039 0.889 0.015 0.033 
119    C3306    (0)    3 :  0.059 0.042 0.807 0.043 0.049 
120    C3324    (0)    3 :  0.476 0.047 0.367 0.024 0.086 
121    C3329    (0)    3 :  0.132 0.319 0.399 0.055 0.096 
122    C3336    (0)    3 :  0.029 0.031 0.864 0.023 0.054 
123    C3341   (18)    3 :  0.689 0.086 0.082 0.068 0.076 
124    C3409   (18)    3 :  0.075 0.066 0.665 0.055 0.140 
125    C3168    (9)    3 :  0.029 0.035 0.902 0.013 0.021 
126    C3170    (0)    3 :  0.023 0.039 0.899 0.012 0.027 
127    C3214   (18)    3 :  0.014 0.020 0.811 0.065 0.090 
128    C3227    (0)    3 :  0.022 0.033 0.886 0.029 0.030 
129    C3228    (0)    3 :  0.057 0.238 0.597 0.056 0.052 
130    C3279    (0)    3 :  0.028 0.033 0.752 0.038 0.149 
131    C3322    (0)    3 :  0.040 0.152 0.264 0.277 0.267 
132    C3303    (0)    3 :  0.045 0.017 0.866 0.025 0.047 
133    C3317    (0)    3 :  0.025 0.036 0.905 0.016 0.018 
134    C3355    (0)    3 :  0.012 0.023 0.945 0.010 0.010 
135    C3376    (9)    3 :  0.016 0.033 0.901 0.020 0.030 
136    C3401    (0)    3 :  0.035 0.049 0.848 0.030 0.037 
137    C3203    (9)    3 :  0.041 0.038 0.837 0.039 0.044 
138    C3245    (0)    3 :  0.017 0.014 0.919 0.024 0.026 
139    C3302    (0)    3 :  0.041 0.025 0.871 0.031 0.032 
140    C3307    (0)    3 :  0.235 0.238 0.412 0.088 0.028 
141    C3310    (0)    3 :  0.024 0.016 0.925 0.016 0.019 
142    C3312    (9)    3 :  0.034 0.128 0.729 0.065 0.043 
143    C3345    (0)    3 :  0.031 0.030 0.910 0.014 0.016 
144    C3371    (0)    3 :  0.097 0.023 0.844 0.015 0.021 
145    C3372    (0)    3 :  0.042 0.041 0.872 0.022 0.024 
146    C3380    (9)    3 :  0.008 0.056 0.917 0.009 0.010 
147    C3417    (0)    3 :  0.249 0.369 0.287 0.037 0.059 
148    C4569    (9)    4 :  0.190 0.446 0.036 0.084 0.243 
149    C4570    (9)    4 :  0.016 0.935 0.021 0.014 0.014 
150    C4571    (9)    4 :  0.016 0.824 0.115 0.027 0.018 
151    C4572    (9)    4 :  0.015 0.937 0.014 0.020 0.014 
152    C4573    (9)    4 :  0.059 0.240 0.059 0.491 0.151 
153    C4575    (9)    4 :  0.043 0.758 0.048 0.096 0.055 
154    C4577    (9)    4 :  0.015 0.933 0.024 0.012 0.016 
155    C4578    (9)    4 :  0.033 0.751 0.046 0.076 0.094 
156    C4600   (18)    4 :  0.048 0.682 0.036 0.074 0.160 
157    C4612    (9)    4 :  0.028 0.774 0.022 0.058 0.118 
158    C4621    (0)    4 :  0.007 0.926 0.039 0.015 0.013 
159    C4622    (9)    4 :  0.013 0.952 0.015 0.010 0.010 
160    C4623    (0)    4 :  0.314 0.339 0.207 0.067 0.073 
161    C4624    (0)    4 :  0.021 0.895 0.019 0.048 0.017 
162    C4625    (0)    4 :  0.029 0.186 0.049 0.612 0.124 
163    C4627    (0)    4 :  0.016 0.915 0.025 0.022 0.022 
164    C4631    (0)    4 :  0.174 0.766 0.015 0.026 0.020 
165    C4632    (0)    4 :  0.018 0.912 0.034 0.018 0.018 
166    C3939    (0)    4 :  0.015 0.898 0.048 0.015 0.024 
167    C3940    (0)    4 :  0.026 0.878 0.023 0.014 0.059 
168    C3945    (0)    4 :  0.009 0.956 0.016 0.008 0.010 
169    C4520    (0)    4 :  0.141 0.121 0.208 0.116 0.415 
170    C4522    (0)    4 :  0.010 0.919 0.048 0.011 0.012 
171    C3182    (0)    4 :  0.023 0.034 0.910 0.015 0.017 
172    C3189    (0)    4 :  0.041 0.060 0.608 0.160 0.130 
173    C3191    (9)    4 :  0.020 0.021 0.906 0.033 0.020 
174    C3196    (0)    4 :  0.017 0.017 0.912 0.025 0.030 
175    C3208    (0)    4 :  0.053 0.243 0.607 0.049 0.047 
176    C3211    (0)    4 :  0.031 0.033 0.878 0.021 0.037 
177    C3212    (0)    4 :  0.297 0.106 0.201 0.038 0.358 
178    C3213    (0)    4 :  0.044 0.015 0.877 0.019 0.045 
179    C3215    (0)    4 :  0.052 0.160 0.357 0.343 0.087 
180    C3217    (0)    4 :  0.032 0.019 0.909 0.018 0.023 
181    C3225    (9)    4 :  0.036 0.031 0.846 0.040 0.047 
182    C3226    (0)    4 :  0.014 0.309 0.652 0.013 0.012 
183    C3238    (9)    4 :  0.014 0.113 0.829 0.023 0.021 
184    C3239    (0)    4 :  0.028 0.079 0.845 0.017 0.032 
185    C3269   (18)    4 :  0.035 0.350 0.296 0.190 0.128 
186    C3273    (0)    4 :  0.011 0.033 0.886 0.040 0.031 
187    C3274    (0)    4 :  0.031 0.055 0.647 0.058 0.208 
188    C3354    (0)    4 :  0.016 0.019 0.919 0.017 0.030 
189    C3361    (0)    4 :  0.012 0.027 0.923 0.017 0.021 
190    C3289    (0)    4 :  0.018 0.093 0.839 0.020 0.030 
191    C3169    (0)    4 :  0.012 0.088 0.872 0.013 0.015 
192    C3199    (9)    4 :  0.019 0.215 0.693 0.044 0.028 
193    C3224    (0)    4 :  0.018 0.034 0.902 0.026 0.020 
194    C3261   (18)    4 :  0.017 0.094 0.855 0.011 0.022 
195    C3320    (0)    4 :  0.020 0.042 0.872 0.035 0.031 
196    C4151    (0)    5 :  0.010 0.951 0.020 0.010 0.010 
197    C4152    (0)    5 :  0.013 0.923 0.032 0.014 0.017 
198    C4153    (0)    5 :  0.020 0.620 0.276 0.033 0.052 
199    C4154   (18)    5 :  0.027 0.829 0.101 0.013 0.030 
200    C4157    (0)    5 :  0.021 0.583 0.282 0.035 0.078 
201    C4158    (0)    5 :  0.010 0.942 0.023 0.016 0.010 
202    C4163    (0)    5 :  0.008 0.964 0.014 0.007 0.007 
203    C4165    (0)    5 :  0.253 0.568 0.046 0.055 0.078 
204    C4248    (9)    5 :  0.029 0.125 0.776 0.034 0.037 
205    C4254    (0)    5 :  0.024 0.218 0.708 0.019 0.031 
206    C4371    (9)    5 :  0.054 0.399 0.489 0.021 0.037 
207    C3936    (0)    5 :  0.019 0.930 0.019 0.016 0.016 
208    C3937    (0)    5 :  0.010 0.952 0.017 0.012 0.009 
209    C3944    (0)    5 :  0.011 0.901 0.071 0.008 0.009 
210    C3954    (0)    5 :  0.009 0.401 0.547 0.027 0.016 
211    C3955    (9)    5 :  0.012 0.585 0.321 0.040 0.042 
212    C3961    (0)    5 :  0.033 0.904 0.033 0.013 0.017 
213    C3974    (0)    5 :  0.017 0.920 0.020 0.019 0.023 
214    C4024    (0)    5 :  0.051 0.787 0.123 0.016 0.023 
215    C4025    (0)    5 :  0.026 0.914 0.028 0.018 0.015 
216    C4028    (0)    5 :  0.029 0.768 0.062 0.091 0.049 
217    C4032   (18)    5 :  0.015 0.312 0.642 0.015 0.017 
218    C4033   (18)    5 :  0.015 0.057 0.899 0.014 0.015 
219    C4034    (0)    5 :  0.125 0.061 0.731 0.030 0.052 
220    C4041    (9)    5 :  0.145 0.058 0.645 0.031 0.121 
221    C4042   (18)    5 :  0.135 0.202 0.537 0.048 0.078 
222    C4043    (9)    5 :  0.028 0.424 0.497 0.024 0.027 
223    C4044    (9)    5 :  0.540 0.155 0.117 0.078 0.110 
224    C4045    (9)    5 :  0.017 0.215 0.694 0.047 0.027 
225    C4046    (9)    5 :  0.039 0.084 0.826 0.031 0.020 
226    C4047    (0)    5 :  0.029 0.080 0.712 0.102 0.077 
227    C4048    (9)    5 :  0.060 0.052 0.764 0.062 0.063 
228    C4055    (9)    5 :  0.034 0.493 0.375 0.054 0.044 
229    C4057   (18)    5 :  0.053 0.495 0.408 0.015 0.030 
230    C4059    (0)    5 :  0.013 0.052 0.893 0.023 0.019 
231    C4060    (9)    5 :  0.021 0.625 0.294 0.025 0.035 
232    C4064    (9)    5 :  0.048 0.213 0.328 0.308 0.104 
233    C4067    (0)    5 :  0.078 0.041 0.755 0.088 0.039 
234    C4068    (9)    5 :  0.018 0.026 0.907 0.026 0.024 
235    C4070    (9)    5 :  0.143 0.273 0.513 0.036 0.035 
236    C4075   (18)    5 :  0.034 0.147 0.752 0.027 0.039 
237    C4081    (9)    5 :  0.027 0.051 0.852 0.036 0.033 
238    C4082    (0)    5 :  0.029 0.390 0.474 0.066 0.041 
239    C4083    (0)    5 :  0.290 0.202 0.231 0.108 0.169 
240    C4086    (0)    5 :  0.023 0.101 0.642 0.175 0.058 
241    C4088    (9)    5 :  0.017 0.054 0.076 0.801 0.053 
242    C4092    (0)    5 :  0.073 0.498 0.361 0.018 0.050 
243    C4099    (9)    5 :  0.062 0.075 0.758 0.039 0.066 
244    C4104    (0)    5 :  0.030 0.838 0.096 0.017 0.019 
245    C4108   (18)    5 :  0.104 0.015 0.019 0.475 0.387 
246    C4118    (0)    5 :  0.067 0.088 0.335 0.267 0.243 
247    C4131    (0)    5 :  0.030 0.585 0.234 0.095 0.057 
248    C4133    (0)    5 :  0.019 0.153 0.786 0.020 0.022 
249    C4135    (0)    5 :  0.008 0.869 0.109 0.006 0.008 
250    C4136    (0)    5 :  0.045 0.646 0.031 0.163 0.115 
251    C4137    (9)    5 :  0.025 0.560 0.335 0.040 0.041 
252    C4139    (0)    5 :  0.014 0.905 0.058 0.009 0.014 
253    C4140    (9)    5 :  0.016 0.888 0.066 0.014 0.015 
254    C4167    (0)    5 :  0.040 0.825 0.039 0.068 0.028 
255    C4236    (0)    5 :  0.030 0.066 0.810 0.042 0.052 
256    C4237    (0)    5 :  0.035 0.109 0.033 0.710 0.112 
257    C4238    (0)    5 :  0.021 0.227 0.639 0.073 0.040 
258    C4241    (0)    5 :  0.015 0.060 0.886 0.016 0.023 
259    C4247    (9)    5 :  0.197 0.307 0.257 0.176 0.063 
260    C4257    (0)    5 :  0.019 0.050 0.870 0.030 0.030 
261    C4383    (0)    5 :  0.237 0.438 0.174 0.069 0.082 
262    C4397    (9)    5 :  0.015 0.524 0.411 0.026 0.023 
263    C4514    (0)    5 :  0.019 0.907 0.048 0.013 0.013 
264    C4519    (0)    5 :  0.019 0.848 0.059 0.015 0.060 
265    C4527    (0)    5 :  0.021 0.424 0.513 0.019 0.022 
266    C4534    (0)    5 :  0.099 0.389 0.387 0.026 0.100 
267    C4699    (0)    5 :  0.026 0.881 0.024 0.051 0.019 
268    C1541    (9)    5 :  0.012 0.022 0.943 0.011 0.011 
269    C1542    (9)    5 :  0.014 0.019 0.929 0.019 0.019 
270    C1544    (0)    5 :  0.017 0.062 0.859 0.036 0.026 
271    C1547    (9)    5 :  0.285 0.070 0.242 0.218 0.185 
272    C1553    (9)    5 :  0.192 0.218 0.106 0.206 0.278 
273    C1555    (9)    5 :  0.026 0.054 0.824 0.049 0.047 
274    C1557    (0)    5 :  0.027 0.106 0.812 0.032 0.022 
275    C1560    (0)    5 :  0.017 0.022 0.912 0.016 0.033 
276    C1565    (0)    5 :  0.039 0.030 0.886 0.017 0.028 
277    C1567    (0)    5 :  0.032 0.052 0.829 0.050 0.038 
278    C1569    (0)    5 :  0.022 0.086 0.857 0.018 0.017 
279    C1571    (0)    5 :  0.038 0.061 0.744 0.085 0.072 
280    C1576    (0)    5 :  0.029 0.289 0.574 0.074 0.033 
281    C1577    (9)    5 :  0.021 0.047 0.846 0.047 0.039 
282    C1579    (0)    5 :  0.016 0.026 0.918 0.019 0.021 
283    C3990    (0)    6 :  0.009 0.949 0.026 0.009 0.008 
284    C3991    (0)    6 :  0.060 0.839 0.038 0.035 0.028 
285    C3992    (0)    6 :  0.024 0.869 0.022 0.043 0.043 
286    C3994    (0)    6 :  0.150 0.398 0.340 0.045 0.067 
287    C4172    (0)    6 :  0.060 0.709 0.012 0.118 0.101 
288    C4173    (9)    6 :  0.446 0.479 0.033 0.021 0.020 
289    C4232    (9)    6 :  0.009 0.015 0.957 0.009 0.010 
290    C4234    (9)    6 :  0.010 0.027 0.938 0.012 0.012 
291    C4259    (0)    6 :  0.012 0.031 0.932 0.013 0.011 
292    C4260    (0)    6 :  0.010 0.153 0.811 0.010 0.015 
293    C4261    (9)    6 :  0.153 0.314 0.286 0.139 0.109 
294    C4262    (0)    6 :  0.074 0.498 0.378 0.019 0.031 
295    C4263    (0)    6 :  0.032 0.047 0.859 0.046 0.016 
296    C4267    (9)    6 :  0.020 0.343 0.579 0.037 0.022 
297    C4269    (0)    6 :  0.037 0.615 0.296 0.028 0.026 
298    C4272    (0)    6 :  0.023 0.055 0.883 0.015 0.024 
299    C4274    (0)    6 :  0.022 0.061 0.611 0.064 0.241 
300    C4276    (9)    6 :  0.037 0.013 0.098 0.325 0.527 
301    C4278    (0)    6 :  0.059 0.447 0.389 0.035 0.070 
302    C4280    (0)    6 :  0.027 0.402 0.497 0.021 0.052 
303    C4281    (0)    6 :  0.020 0.059 0.876 0.024 0.020 
304    C4282    (0)    6 :  0.266 0.020 0.559 0.068 0.086 
305    C4284    (9)    6 :  0.011 0.503 0.463 0.011 0.011 
306    C4286    (9)    6 :  0.044 0.316 0.493 0.054 0.093 
307    C4287    (0)    6 :  0.078 0.339 0.461 0.024 0.097 
308    C4290    (0)    6 :  0.141 0.066 0.118 0.357 0.318 
309    C4307   (18)    6 :  0.055 0.530 0.336 0.019 0.060 
310    C4310    (9)    6 :  0.016 0.096 0.796 0.056 0.036 
311    C4311   (18)    6 :  0.024 0.055 0.850 0.026 0.045 
312    C4312    (0)    6 :  0.019 0.126 0.810 0.026 0.019 
313    C4314    (0)    6 :  0.017 0.026 0.821 0.105 0.031 
314    C4318    (9)    6 :  0.055 0.056 0.814 0.014 0.061 
315    C4321    (9)    6 :  0.053 0.460 0.416 0.020 0.051 
316    C4324    (0)    6 :  0.077 0.240 0.624 0.020 0.040 
317    C4334    (0)    6 :  0.046 0.584 0.338 0.012 0.020 
318    C4529    (0)    6 :  0.037 0.072 0.804 0.048 0.039 
319    C1582    (9)    6 :  0.018 0.340 0.604 0.021 0.018 
320    C1583    (0)    6 :  0.029 0.045 0.835 0.048 0.042 
321    C1584    (9)    6 :  0.015 0.119 0.803 0.033 0.029 
322    C1585    (0)    6 :  0.011 0.553 0.406 0.016 0.014 
323    C1586    (0)    6 :  0.113 0.121 0.709 0.029 0.028 
324    C1589    (0)    6 :  0.015 0.415 0.543 0.014 0.014 
325    C1591    (0)    6 :  0.014 0.192 0.764 0.014 0.015 
326    C1592    (0)    6 :  0.042 0.034 0.875 0.023 0.025 
327    C1594    (0)    6 :  0.019 0.110 0.794 0.054 0.024 
328    C1597    (9)    6 :  0.029 0.051 0.852 0.030 0.039 
329    C1598    (9)    6 :  0.019 0.512 0.412 0.037 0.019 
330    C1599    (0)    6 :  0.013 0.023 0.930 0.011 0.023 
331    C1601    (0)    6 :  0.054 0.544 0.269 0.088 0.045 
332    C1605    (0)    6 :  0.064 0.180 0.172 0.141 0.443 
333    C1609    (0)    6 :  0.015 0.494 0.464 0.013 0.015 
334    C1610    (0)    6 :  0.025 0.023 0.737 0.100 0.116 
335    C1611    (0)    6 :  0.054 0.018 0.892 0.014 0.022 
336    C1612    (0)    6 :  0.009 0.013 0.957 0.011 0.011 
337    C1613    (0)    6 :  0.033 0.030 0.896 0.020 0.021 
338    C3173    (9)    6 :  0.064 0.044 0.786 0.047 0.058 
339    C3204    (0)    6 :  0.018 0.031 0.909 0.024 0.018 
340    C3223    (9)    6 :  0.135 0.026 0.370 0.031 0.438 
341    C3262    (0)    6 :  0.026 0.039 0.837 0.056 0.043 
342    C3270    (0)    6 :  0.025 0.345 0.584 0.022 0.024 
343    C3300    (0)    6 :  0.010 0.644 0.322 0.010 0.013 
344    C3330    (0)    6 :  0.025 0.297 0.619 0.017 0.043 
345    C3390    (9)    6 :  0.027 0.280 0.647 0.020 0.026 
346    C3424    (9)    6 :  0.019 0.067 0.851 0.021 0.041 
347    C3958    (0)    6 :  0.015 0.931 0.033 0.009 0.012 
348    C3962    (0)    6 :  0.019 0.934 0.022 0.009 0.016 
349    C4019    (0)    6 :  0.123 0.210 0.016 0.229 0.422 
350    C3995   (18)    6 :  0.039 0.892 0.029 0.020 0.020 
351    C4000    (0)    6 :  0.077 0.809 0.038 0.028 0.047 
352    C4002    (0)    6 :  0.022 0.910 0.038 0.015 0.015 
353    C1692    (0)    7 :  0.042 0.160 0.020 0.090 0.689 
354    C1693    (0)    7 :  0.210 0.062 0.304 0.024 0.399 
355    C1694    (0)    7 :  0.386 0.024 0.139 0.155 0.296 
356    C1698    (0)    7 :  0.336 0.011 0.019 0.133 0.502 
357    C1699    (0)    7 :  0.089 0.031 0.028 0.539 0.313 
358    C1700    (0)    7 :  0.326 0.129 0.075 0.186 0.283 
359    C1701    (0)    7 :  0.077 0.015 0.024 0.548 0.336 
360    C1702    (0)    7 :  0.130 0.020 0.015 0.281 0.554 
361    C1703    (0)    7 :  0.615 0.021 0.013 0.157 0.194 
362    C1704    (0)    7 :  0.454 0.062 0.147 0.082 0.255 
363    C1705    (0)    7 :  0.462 0.299 0.014 0.035 0.190 
364    C1706    (0)    7 :  0.139 0.014 0.028 0.441 0.378 
365    C1707    (0)    7 :  0.044 0.040 0.403 0.246 0.266 
366    C1708    (0)    7 :  0.851 0.020 0.015 0.024 0.091 
367    C1709    (0)    7 :  0.792 0.068 0.028 0.031 0.081 
368    C1710    (0)    7 :  0.291 0.038 0.042 0.265 0.363 
369    C1712    (0)    7 :  0.871 0.024 0.009 0.022 0.073 
370    C1714    (0)    7 :  0.902 0.017 0.016 0.023 0.043 
371    C1715    (0)    7 :  0.037 0.021 0.026 0.347 0.569 
372    C1717    (0)    7 :  0.143 0.018 0.149 0.103 0.586 
373    C1718   (18)    7 :  0.117 0.021 0.067 0.402 0.393 
374    C1719    (0)    7 :  0.742 0.114 0.073 0.030 0.041 
375    C1656    (0)    8 :  0.112 0.051 0.010 0.657 0.171 
376    C1657   (18)    8 :  0.572 0.024 0.023 0.262 0.119 
377    C1658    (0)    8 :  0.094 0.013 0.009 0.340 0.544 
378    C1659    (0)    8 :  0.027 0.027 0.052 0.365 0.529 
379    C1661    (9)    8 :  0.263 0.043 0.081 0.209 0.404 
380    C1665    (0)    8 :  0.113 0.016 0.026 0.479 0.366 
381    C1667    (9)    8 :  0.935 0.006 0.008 0.019 0.031 
382    C1676    (9)    8 :  0.216 0.027 0.016 0.487 0.253 
383    C1681    (9)    8 :  0.174 0.023 0.030 0.467 0.306 
384    C1682    (0)    8 :  0.715 0.030 0.015 0.138 0.103 
385    C1685    (0)    8 :  0.109 0.048 0.026 0.525 0.291 
386    C4707    (0)    9 :  0.147 0.169 0.027 0.411 0.246 
387    C4747    (0)    9 :  0.530 0.156 0.163 0.034 0.117 
388    C4772    (0)    9 :  0.051 0.615 0.065 0.142 0.127 
389    C4781    (0)    9 :  0.727 0.081 0.042 0.036 0.114 
390    C4782    (0)    9 :  0.331 0.158 0.101 0.150 0.261 
391    C4787    (0)    9 :  0.088 0.157 0.023 0.134 0.598 
392    C4790    (0)    9 :  0.628 0.144 0.017 0.105 0.106 
393    C4803    (0)    9 :  0.247 0.133 0.056 0.088 0.475 
394    C4813    (0)    9 :  0.055 0.730 0.023 0.077 0.116 
395    C4837    (0)    9 :  0.099 0.257 0.043 0.131 0.470 
396    C4838    (0)    9 :  0.086 0.119 0.013 0.242 0.540 
397    C4843    (0)    9 :  0.109 0.107 0.033 0.310 0.441 
398    C4857    (0)    9 :  0.019 0.893 0.033 0.028 0.027 
399    C4828    (0)    9 :  0.129 0.052 0.310 0.301 0.208 
400    C4835    (0)    9 :  0.024 0.756 0.017 0.079 0.124 
401    C4836    (9)    9 :  0.214 0.281 0.037 0.097 0.372 
402    C4842    (0)    9 :  0.138 0.050 0.014 0.473 0.325 
403    C4863    (9)    9 :  0.170 0.075 0.032 0.049 0.675 
404    C4744    (0)    9 :  0.423 0.034 0.021 0.262 0.259 
405    C4745    (0)    9 :  0.056 0.102 0.025 0.236 0.580 
406    C4768    (0)    9 :  0.444 0.308 0.050 0.092 0.106 
407    C4769    (0)    9 :  0.075 0.150 0.013 0.636 0.126 
408    C4771    (0)    9 :  0.230 0.032 0.016 0.432 0.291 
409    C4784    (0)    9 :  0.621 0.242 0.025 0.052 0.060 
410    C4785    (0)    9 :  0.872 0.030 0.028 0.039 0.031 
411    C4795    (0)    9 :  0.613 0.165 0.062 0.040 0.121 
412    C4796    (0)    9 :  0.430 0.021 0.021 0.201 0.327 
413    C4800    (0)    9 :  0.021 0.349 0.012 0.047 0.571 
414    C4801    (0)    9 :  0.062 0.648 0.018 0.203 0.068 
415    C4802    (0)    9 :  0.043 0.114 0.428 0.241 0.174 
416    C4805    (0)    9 :  0.261 0.127 0.016 0.425 0.171 
417    C4806    (0)    9 :  0.054 0.072 0.012 0.643 0.220 
418    C4850    (0)    9 :  0.083 0.334 0.094 0.184 0.305 
419    C4748    (0)   10 :  0.102 0.227 0.011 0.543 0.117 
420    C4753    (0)   10 :  0.244 0.052 0.030 0.221 0.452 
421    C4754    (0)   10 :  0.270 0.179 0.022 0.284 0.246 
422    C4760    (0)   10 :  0.085 0.368 0.161 0.082 0.305 
423    C4761    (0)   10 :  0.112 0.397 0.014 0.430 0.048 
424    C4762    (0)   10 :  0.485 0.271 0.014 0.080 0.148 
425    C4791    (0)   10 :  0.147 0.195 0.010 0.133 0.515 
426    C4810    (0)   10 :  0.033 0.061 0.112 0.702 0.092 
427    C4812    (0)   10 :  0.049 0.062 0.063 0.538 0.287 
428    C4821    (0)   10 :  0.201 0.179 0.137 0.141 0.341 
429    C4864    (0)   10 :  0.047 0.730 0.057 0.088 0.078 
430    C4866    (0)   10 :  0.034 0.036 0.016 0.805 0.110 
431    C1722    (0)   10 :  0.054 0.016 0.047 0.693 0.188 
432    C1724    (0)   10 :  0.018 0.018 0.009 0.668 0.286 
433    C1725    (0)   10 :  0.086 0.015 0.044 0.488 0.368 
434    C1726    (0)   10 :  0.180 0.019 0.015 0.272 0.514 
435    C1731    (0)   10 :  0.123 0.061 0.024 0.572 0.220 
436    C1733    (9)   10 :  0.022 0.033 0.034 0.394 0.518 
437    C1734    (0)   10 :  0.069 0.090 0.030 0.179 0.632 
438    C1735    (0)   10 :  0.041 0.009 0.013 0.252 0.686 
439    C1738    (0)   10 :  0.018 0.033 0.032 0.525 0.391 
440    C1740    (9)   10 :  0.090 0.057 0.129 0.317 0.406 
441    C1741    (0)   10 :  0.212 0.340 0.102 0.036 0.309 
442    C1742    (0)   10 :  0.117 0.043 0.027 0.389 0.425 
443    C1743    (0)   10 :  0.610 0.029 0.026 0.154 0.181 
444    C1745    (0)   10 :  0.060 0.084 0.031 0.110 0.715 
445    C1746    (0)   10 :  0.184 0.095 0.039 0.486 0.195 
446    C1747    (0)   10 :  0.207 0.031 0.091 0.396 0.274 
447    C4742    (9)   10 :  0.196 0.559 0.028 0.097 0.119 
448    C4752    (0)   10 :  0.025 0.883 0.024 0.042 0.027 
449    C4792    (0)   10 :  0.094 0.535 0.080 0.196 0.095 
450    C4811    (0)   10 :  0.023 0.886 0.033 0.020 0.037 
451    C4814    (0)   10 :  0.112 0.575 0.036 0.107 0.170 
452    C4815    (0)   10 :  0.068 0.104 0.079 0.077 0.672 
453    C4818    (0)   10 :  0.095 0.340 0.081 0.339 0.144 
454    C4819    (0)   10 :  0.119 0.511 0.038 0.193 0.139 
455    C4826    (0)   10 :  0.176 0.043 0.011 0.195 0.575 
456    C4829    (0)   10 :  0.589 0.037 0.059 0.115 0.200 
457    C4830    (0)   10 :  0.575 0.070 0.018 0.084 0.253 
458    C4831    (0)   10 :  0.054 0.839 0.035 0.048 0.025 
459    C4832    (0)   10 :  0.629 0.062 0.018 0.191 0.100 
460    C4858    (0)   10 :  0.416 0.469 0.014 0.029 0.072 
461    C4757    (0)   10 :  0.063 0.152 0.071 0.441 0.274 
462    C4770    (9)   10 :  0.075 0.132 0.556 0.037 0.199 
463    C4808    (0)   10 :  0.198 0.279 0.032 0.210 0.281 
464    C4809    (0)   10 :  0.044 0.019 0.011 0.580 0.346 
465    C4820    (0)   10 :  0.261 0.086 0.019 0.398 0.236 
466    C4824    (0)   10 :  0.360 0.035 0.011 0.040 0.553 
467    C4706    (0)   11 :  0.087 0.029 0.013 0.516 0.355 
468    C4708    (0)   11 :  0.012 0.940 0.026 0.011 0.012 
469    C4709    (0)   11 :  0.838 0.061 0.017 0.030 0.054 
470    C4714    (0)   11 :  0.425 0.393 0.038 0.072 0.072 
471    C4722    (0)   11 :  0.508 0.156 0.021 0.179 0.136 
472    C4726    (0)   11 :  0.046 0.219 0.096 0.420 0.219 
473    C4733    (0)   11 :  0.155 0.517 0.052 0.191 0.086 
474    C4734    (0)   11 :  0.082 0.135 0.019 0.591 0.174 
475    C4737    (0)   11 :  0.851 0.063 0.016 0.024 0.046 
476    C4882    (0)   11 :  0.150 0.019 0.016 0.441 0.374 
477    C4883    (0)   11 :  0.640 0.300 0.020 0.014 0.026 
478    C4702    (9)   11 :  0.224 0.145 0.155 0.135 0.341 
479    C4703    (0)   11 :  0.096 0.742 0.044 0.042 0.076 
480    C4727    (0)   11 :  0.170 0.099 0.012 0.529 0.190 
481    C4732    (0)   11 :  0.749 0.082 0.019 0.039 0.110 
482    C4735    (0)   11 :  0.084 0.082 0.023 0.042 0.768 
483    C4736    (0)   11 :  0.091 0.821 0.034 0.034 0.020 
484    C4746    (0)   11 :  0.425 0.362 0.015 0.056 0.142 
485    C4777    (0)   11 :  0.035 0.012 0.022 0.227 0.704 
486    C4846    (0)   11 :  0.103 0.590 0.135 0.066 0.105 
487    C4847    (0)   11 :  0.107 0.074 0.012 0.500 0.308 
488    C4884    (0)   11 :  0.295 0.225 0.012 0.057 0.410 
489    C4705    (0)   11 :  0.022 0.256 0.034 0.055 0.633 
490    C4711    (0)   11 :  0.219 0.185 0.020 0.483 0.093 
491    C4713    (9)   11 :  0.115 0.095 0.058 0.306 0.426 
492    C4716    (0)   11 :  0.194 0.179 0.027 0.210 0.391 
493    C4717    (0)   11 :  0.030 0.851 0.024 0.062 0.034 
494    C4719    (0)   11 :  0.160 0.037 0.016 0.453 0.334 
495    C4721    (0)   11 :  0.016 0.919 0.027 0.022 0.017 
496    C4729    (0)   11 :  0.069 0.274 0.018 0.158 0.481 
497    C4730    (0)   11 :  0.070 0.812 0.022 0.042 0.055 
498    C4773    (0)   11 :  0.013 0.901 0.029 0.044 0.014 
499    C4861    (0)   11 :  0.100 0.057 0.025 0.407 0.411 
500    C4890    (0)   11 :  0.105 0.696 0.019 0.065 0.115 
501    C4718    (0)   11 :  0.306 0.133 0.029 0.187 0.344 
502    C4724    (0)   11 :  0.067 0.608 0.015 0.089 0.222 
503    C4738    (0)   11 :  0.022 0.513 0.016 0.408 0.042 
504    C4739    (0)   11 :  0.078 0.078 0.042 0.558 0.243 
505    C4844    (0)   11 :  0.080 0.443 0.050 0.147 0.280 
506    C4845    (0)   11 :  0.777 0.104 0.020 0.031 0.069 
507    C4681    (0)   11 :  0.022 0.668 0.258 0.026 0.026 
508    C4682    (0)   11 :  0.312 0.125 0.260 0.163 0.139 
509    C4683    (0)   11 :  0.057 0.710 0.115 0.050 0.068 
510    C4685    (0)   11 :  0.322 0.293 0.031 0.054 0.300 
511    C4715    (0)   11 :  0.274 0.073 0.067 0.044 0.541 
512    C4725    (0)   11 :  0.367 0.017 0.018 0.258 0.340 
513    C4799    (0)   11 :  0.125 0.271 0.209 0.047 0.349 
514    C4889    (9)   11 :  0.069 0.734 0.017 0.134 0.046 
515    U1941    (0)   12 :  0.017 0.013 0.072 0.231 0.666 
516    U1942    (0)   12 :  0.123 0.294 0.097 0.078 0.408 
517    U1957    (9)   12 :  0.065 0.041 0.687 0.089 0.118 
518    U2016    (0)   12 :  0.119 0.008 0.013 0.390 0.470 
519    U2021    (9)   12 :  0.548 0.028 0.038 0.091 0.294 
520    U2022    (0)   12 :  0.675 0.013 0.033 0.036 0.243 
521    U2023    (0)   12 :  0.238 0.023 0.013 0.218 0.507 
522    U2024    (0)   12 :  0.495 0.052 0.043 0.145 0.265 
523    U2025    (9)   12 :  0.296 0.023 0.057 0.059 0.564 
524    U2026    (0)   12 :  0.275 0.028 0.225 0.038 0.434 
525    U2027    (0)   12 :  0.110 0.041 0.027 0.582 0.240 
526    U2028    (0)   12 :  0.348 0.010 0.011 0.254 0.377 
527    U2029    (0)   12 :  0.691 0.035 0.012 0.116 0.146 
528    U2030    (0)   12 :  0.346 0.011 0.015 0.386 0.242 
529    U2031    (0)   12 :  0.152 0.012 0.013 0.480 0.343 
530    U1943    (0)   12 :  0.850 0.046 0.021 0.022 0.061 
531    U1944    (0)   12 :  0.627 0.028 0.019 0.217 0.109 
532    U1945    (0)   12 :  0.590 0.016 0.017 0.137 0.241 
533    U1946    (0)   12 :  0.106 0.020 0.026 0.677 0.172 
534    U1947    (0)   12 :  0.379 0.020 0.024 0.067 0.511 
535    U1948    (0)   12 :  0.079 0.061 0.061 0.085 0.714 
536    U1949    (0)   12 :  0.216 0.015 0.022 0.278 0.468 
537    U1955    (0)   12 :  0.040 0.043 0.206 0.369 0.343 
538    U2005    (0)   12 :  0.237 0.010 0.159 0.023 0.571 
539    U2006    (0)   12 :  0.034 0.009 0.019 0.133 0.804 
540    U2007    (0)   12 :  0.041 0.013 0.052 0.040 0.854 
541    U2008    (0)   12 :  0.034 0.007 0.009 0.027 0.924 
542    U2010    (9)   12 :  0.258 0.033 0.156 0.032 0.521 
543    U2011    (0)   12 :  0.041 0.011 0.028 0.367 0.552 
544    U2012    (0)   12 :  0.297 0.012 0.018 0.091 0.582 
545    U2014    (0)   12 :  0.299 0.065 0.030 0.091 0.515 
546    U2702    (0)   12 :  0.909 0.023 0.029 0.022 0.018 
547    U2703    (0)   12 :  0.795 0.078 0.030 0.030 0.067 
548    U2704    (0)   12 :  0.204 0.033 0.084 0.085 0.595 
549    U2706   (18)   12 :  0.138 0.045 0.020 0.232 0.565 
550    U2707    (0)   12 :  0.202 0.020 0.017 0.572 0.188 
551    U2708    (0)   12 :  0.609 0.035 0.020 0.109 0.227 
552    U2698    (0)   12 :  0.111 0.128 0.148 0.375 0.238 
553    U2700    (0)   12 :  0.197 0.021 0.057 0.228 0.497 
554    U1924    (0)   12 :  0.228 0.027 0.024 0.186 0.534 
555    U1930    (0)   12 :  0.048 0.025 0.022 0.680 0.226 
556    U1931    (0)   12 :  0.224 0.183 0.029 0.124 0.440 
557    U1933    (0)   12 :  0.136 0.049 0.014 0.205 0.596 
558    U1934    (0)   12 :  0.104 0.057 0.283 0.044 0.511 
559    U1935    (0)   12 :  0.113 0.045 0.311 0.044 0.487 
560    U1936    (9)   12 :  0.577 0.017 0.011 0.084 0.310 
561    U1938    (0)   12 :  0.154 0.096 0.023 0.232 0.495 
562    U1939    (0)   12 :  0.027 0.185 0.080 0.438 0.270 
563    U1950    (0)   12 :  0.058 0.021 0.015 0.340 0.566 
564    U1951    (0)   12 :  0.482 0.096 0.038 0.123 0.261 
565    U1953    (0)   12 :  0.104 0.008 0.026 0.773 0.089 
566    U1954    (0)   12 :  0.121 0.009 0.009 0.259 0.601 
567    U2044    (0)   12 :  0.765 0.015 0.069 0.014 0.136 
568    U2045    (0)   12 :  0.112 0.014 0.012 0.333 0.529 
569    U2046    (9)   12 :  0.462 0.029 0.031 0.078 0.401 
570    U2047    (0)   12 :  0.907 0.011 0.030 0.019 0.034 
571    U2048    (0)   12 :  0.475 0.019 0.042 0.206 0.259 
572    U2050    (0)   12 :  0.584 0.022 0.025 0.101 0.267 
573    U2051    (0)   12 :  0.393 0.016 0.014 0.090 0.487 
574    U2056    (0)   12 :  0.044 0.011 0.013 0.675 0.257 
575    U2057    (0)   12 :  0.049 0.020 0.052 0.192 0.687 
576    U2058    (0)   12 :  0.345 0.031 0.053 0.148 0.423 
577    U2059    (9)   12 :  0.041 0.144 0.085 0.339 0.392 
578    U2060    (0)   12 :  0.031 0.015 0.010 0.410 0.534 
579    U2061    (0)   12 :  0.085 0.010 0.016 0.748 0.141 
580    U2062    (9)   12 :  0.050 0.008 0.012 0.856 0.074 
581    U2063    (9)   12 :  0.038 0.016 0.026 0.700 0.221 
582    U2065    (0)   12 :  0.814 0.020 0.013 0.068 0.085 
583    U2067    (0)   12 :  0.209 0.045 0.037 0.425 0.284 
584    U2068    (0)   12 :  0.485 0.028 0.147 0.151 0.189 
585    U2069    (0)   12 :  0.119 0.013 0.013 0.236 0.620 
586    U2070    (0)   12 :  0.087 0.022 0.038 0.458 0.395 
587    U2071    (0)   12 :  0.743 0.012 0.023 0.046 0.176 
588    U2076    (0)   12 :  0.115 0.032 0.020 0.555 0.277 
589    U2077    (0)   12 :  0.201 0.201 0.173 0.277 0.148 
590    U2082    (0)   12 :  0.068 0.031 0.056 0.176 0.670 
591    U2084    (0)   12 :  0.084 0.029 0.265 0.085 0.538 
592    U2089    (0)   12 :  0.174 0.071 0.048 0.245 0.462 
593    U2090    (0)   12 :  0.069 0.277 0.043 0.248 0.363 
594    U2098    (0)   12 :  0.197 0.009 0.021 0.321 0.451 
595    U2108    (0)   12 :  0.600 0.209 0.129 0.022 0.039 
596    U2111    (0)   12 :  0.700 0.058 0.027 0.078 0.137 
597    U2113    (0)   12 :  0.556 0.041 0.045 0.133 0.225 
598    U2114    (0)   12 :  0.107 0.013 0.040 0.167 0.673 
599    U2115    (0)   12 :  0.756 0.015 0.012 0.033 0.184 
600    U2116    (9)   12 :  0.139 0.027 0.009 0.733 0.092 
601    U2117    (0)   12 :  0.082 0.096 0.599 0.049 0.174 
602    U2119    (0)   12 :  0.402 0.185 0.025 0.025 0.362 
603    U2120    (0)   12 :  0.111 0.018 0.057 0.177 0.637 
604    U2664    (0)   12 :  0.083 0.031 0.721 0.041 0.125 
605    U1198    (9)   13 :  0.283 0.131 0.077 0.256 0.252 
606    U1199    (0)   13 :  0.596 0.056 0.032 0.112 0.205 
607    U1200    (0)   13 :  0.790 0.014 0.014 0.041 0.142 
608    U1201    (0)   13 :  0.943 0.011 0.015 0.017 0.014 
609    U1202    (0)   13 :  0.821 0.015 0.014 0.040 0.110 
610    U1203    (0)   13 :  0.911 0.020 0.014 0.025 0.031 
611    U1205    (0)   13 :  0.863 0.011 0.033 0.047 0.047 
612    U1206    (0)   13 :  0.770 0.095 0.029 0.062 0.044 
613    U1207    (0)   13 :  0.905 0.023 0.019 0.023 0.029 
614    U1208    (0)   13 :  0.842 0.034 0.021 0.060 0.042 
615    U1209    (0)   13 :  0.899 0.010 0.033 0.029 0.028 
616    U1210    (0)   13 :  0.839 0.021 0.030 0.052 0.059 
617    U1211    (0)   13 :  0.836 0.029 0.079 0.021 0.036 
618    U1212    (0)   13 :  0.344 0.017 0.049 0.109 0.482 
619    U1213    (0)   13 :  0.648 0.026 0.050 0.154 0.122 
