

----------------------------------------------------
STRUCTURE by Pritchard, Stephens and Donnelly (2000)
     and Falush, Stephens and Pritchard (2003)
       Code by Pritchard, Falush and Hubisz
             Version 2.3.4 (Jul 2012)
----------------------------------------------------



Command line arguments:   bin\structure -m G:\My Drive\Hoban_Lab_Docs\Projects\Butternut_JUCI\Graphical_Stat_Results\PostIndRemoval\24pop\Reorg_Results\STR\butternut\50-50\mainparams -e G:\My Drive\Hoban_Lab_Docs\Projects\Butternut_JUCI\Graphical_Stat_Results\PostIndRemoval\24pop\Reorg_Results\STR\butternut\50-50\extraparams 
Input File:    G:\My Drive\Hoban_Lab_Docs\Projects\Butternut_JUCI\Graphical_Stat_Results\PostIndRemoval\24pop\Reorg_Results\STR\butternut\project_data

Run parameters:
   993 individuals
   11 loci
   5 populations assumed
   50000 Burn-in period
   50000 Reps


--------------------------------------------
Proportion of membership of each pre-defined
 population in each of the 5 clusters

Given    Inferred Clusters                     Number of
 Pop       1      2      3      4      5      Individuals

  1:     0.063  0.523  0.287  0.071  0.056       40
  2:     0.040  0.393  0.437  0.067  0.064       45
  3:     0.045  0.558  0.260  0.069  0.068       62
  4:     0.065  0.422  0.400  0.070  0.043       48
  5:     0.073  0.436  0.384  0.051  0.056       87
  6:     0.043  0.538  0.298  0.073  0.049       70
  7:     0.211  0.074  0.060  0.288  0.367       22
  8:     0.414  0.029  0.028  0.228  0.300       11
  9:     0.228  0.056  0.236  0.237  0.243       33
 10:     0.290  0.054  0.220  0.271  0.165       48
 11:     0.205  0.047  0.342  0.200  0.207       48
 12:     0.221  0.072  0.046  0.372  0.289       90
 13:     0.089  0.039  0.027  0.203  0.642       63
 14:     0.206  0.120  0.054  0.360  0.260       16
 15:     0.215  0.129  0.123  0.391  0.141       31
 16:     0.805  0.021  0.060  0.047  0.067       16
 17:     0.099  0.150  0.037  0.177  0.537       24
 18:     0.226  0.099  0.043  0.426  0.206       12
 19:     0.270  0.066  0.052  0.292  0.320       54
 20:     0.428  0.075  0.067  0.303  0.127       96
 21:     0.418  0.068  0.034  0.242  0.238       22
 22:     0.637  0.086  0.138  0.097  0.042       23
 23:     0.502  0.050  0.034  0.263  0.151       13
 24:     0.179  0.089  0.058  0.362  0.313       19
--------------------------------------------

Allele-freq. divergence among pops (Net nucleotide distance),
computed using point estimates of P.

      1       2       3       4       5      
 1      -    0.0292  0.0363  0.0078  0.0120  
 2   0.0292     -    0.0239  0.0238  0.0271  
 3   0.0363  0.0239     -    0.0321  0.0305  
 4   0.0078  0.0238  0.0321     -    0.0071  
 5   0.0120  0.0271  0.0305  0.0071     -    

Average distances (expected heterozygosity) between individuals in same cluster:
cluster  1  : 0.8416 
cluster  2  : 0.8183 
cluster  3  : 0.8324 
cluster  4  : 0.8525 
cluster  5  : 0.8536 

--------------------------------------------
Estimated Ln Prob of Data   = -46736.8
Mean value of ln likelihood = -45646.4
Variance of ln likelihood   = 2180.9
Mean value of alpha         = 0.0663

Mean value of Fst_1         = 0.0245
Mean value of Fst_2         = 0.0485
Mean value of Fst_3         = 0.0579
Mean value of Fst_4         = 0.0134
Mean value of Fst_5         = 0.0196


Inferred ancestry of individuals:
        Label (%Miss) Pop:  Inferred clusters
  1    C3984    (0)    1 :  0.011 0.243 0.701 0.027 0.019 
  2    C3985    (0)    1 :  0.021 0.203 0.744 0.015 0.018 
  3    C3986    (0)    1 :  0.009 0.052 0.914 0.011 0.015 
  4    C4231    (0)    1 :  0.036 0.264 0.627 0.045 0.028 
  5    C4344    (0)    1 :  0.019 0.854 0.070 0.029 0.028 
  6    C4347   (18)    1 :  0.043 0.864 0.056 0.023 0.014 
  7    C4352   (18)    1 :  0.026 0.204 0.710 0.022 0.038 
  8    C4355    (9)    1 :  0.016 0.779 0.144 0.037 0.024 
  9    C4358   (18)    1 :  0.119 0.036 0.062 0.538 0.245 
 10    C4419    (9)    1 :  0.025 0.233 0.522 0.194 0.026 
 11    C4428    (9)    1 :  0.016 0.568 0.382 0.018 0.016 
 12    C4436    (0)    1 :  0.020 0.533 0.417 0.014 0.016 
 13    C4437   (18)    1 :  0.066 0.143 0.710 0.056 0.024 
 14    C4450    (0)    1 :  0.087 0.215 0.387 0.166 0.146 
 15    C4531    (0)    1 :  0.035 0.013 0.890 0.030 0.032 
 16    C1615    (0)    1 :  0.155 0.252 0.417 0.071 0.105 
 17    C1616    (0)    1 :  0.255 0.226 0.111 0.377 0.031 
 18    C1617    (9)    1 :  0.018 0.935 0.018 0.018 0.011 
 19    C1618    (0)    1 :  0.074 0.111 0.693 0.025 0.097 
 20    C1619    (0)    1 :  0.085 0.453 0.180 0.056 0.227 
 21    C1620    (9)    1 :  0.087 0.386 0.341 0.037 0.148 
 22    C1621    (0)    1 :  0.456 0.238 0.056 0.159 0.090 
 23    C1623    (9)    1 :  0.174 0.028 0.478 0.095 0.225 
 24    C1625    (0)    1 :  0.098 0.651 0.064 0.034 0.153 
 25    C1626    (0)    1 :  0.169 0.519 0.041 0.205 0.066 
 26    C1627    (9)    1 :  0.048 0.712 0.173 0.025 0.042 
 27    C1633    (0)    1 :  0.026 0.833 0.097 0.024 0.020 
 28    C1637    (0)    1 :  0.026 0.897 0.036 0.024 0.017 
 29    C1650    (0)    1 :  0.034 0.164 0.742 0.040 0.019 
 30    C3202    (0)    1 :  0.026 0.910 0.032 0.014 0.017 
 31    C3248    (0)    1 :  0.016 0.935 0.014 0.018 0.017 
 32    C3304    (9)    1 :  0.016 0.896 0.023 0.048 0.017 
 33    C3326    (0)    1 :  0.065 0.649 0.129 0.123 0.035 
 34    C3333    (0)    1 :  0.024 0.917 0.017 0.022 0.019 
 35    C3339   (18)    1 :  0.020 0.864 0.025 0.052 0.039 
 36    C3346    (0)    1 :  0.008 0.949 0.019 0.011 0.013 
 37    C3349    (0)    1 :  0.019 0.886 0.020 0.037 0.037 
 38    C3367   (18)    1 :  0.035 0.614 0.294 0.030 0.027 
 39    C3374    (0)    1 :  0.009 0.864 0.098 0.015 0.015 
 40    C3405    (0)    1 :  0.020 0.833 0.046 0.057 0.044 
 41    C4543    (0)    2 :  0.014 0.035 0.910 0.023 0.019 
 42    C4545    (9)    2 :  0.010 0.023 0.917 0.011 0.040 
 43    C4551    (9)    2 :  0.055 0.066 0.665 0.071 0.143 
 44    C4491    (0)    2 :  0.047 0.106 0.659 0.082 0.106 
 45    C4494    (0)    2 :  0.010 0.567 0.390 0.016 0.017 
 46    C4495    (0)    2 :  0.058 0.404 0.314 0.047 0.177 
 47    C4497    (9)    2 :  0.019 0.764 0.163 0.032 0.023 
 48    C4501    (0)    2 :  0.033 0.288 0.207 0.356 0.116 
 49    C4502    (0)    2 :  0.014 0.272 0.638 0.021 0.055 
 50    C4503    (0)    2 :  0.030 0.016 0.773 0.020 0.160 
 51    C4504    (0)    2 :  0.047 0.065 0.331 0.116 0.441 
 52    C4470    (0)    2 :  0.066 0.382 0.303 0.149 0.101 
 53    C4471    (0)    2 :  0.013 0.071 0.864 0.029 0.023 
 54    C4474    (9)    2 :  0.035 0.010 0.907 0.021 0.026 
 55    C4476    (0)    2 :  0.020 0.445 0.475 0.027 0.033 
 56    C4479    (0)    2 :  0.039 0.801 0.130 0.017 0.013 
 57    C4482    (0)    2 :  0.129 0.118 0.666 0.069 0.019 
 58    C4483    (0)    2 :  0.013 0.009 0.942 0.018 0.017 
 59    C4484    (0)    2 :  0.027 0.210 0.624 0.071 0.067 
 60    C4485    (0)    2 :  0.080 0.551 0.144 0.155 0.070 
 61    C4489    (0)    2 :  0.019 0.432 0.482 0.039 0.028 
 62    C4505    (0)    2 :  0.043 0.366 0.500 0.062 0.029 
 63    C4507    (0)    2 :  0.023 0.061 0.639 0.103 0.173 
 64    C4535    (0)    2 :  0.034 0.014 0.884 0.031 0.037 
 65    C4542    (0)    2 :  0.057 0.018 0.369 0.495 0.061 
 66    C4553    (9)    2 :  0.029 0.084 0.839 0.026 0.022 
 67    C4562   (18)    2 :  0.034 0.156 0.733 0.023 0.055 
 68    C4582   (18)    2 :  0.038 0.032 0.884 0.024 0.022 
 69    C4693    (0)    2 :  0.012 0.028 0.940 0.011 0.009 
 70    C4696    (0)    2 :  0.045 0.076 0.772 0.039 0.068 
 71    C3179    (0)    2 :  0.017 0.788 0.036 0.037 0.122 
 72    C3181    (0)    2 :  0.028 0.826 0.037 0.078 0.031 
 73    C3188    (0)    2 :  0.028 0.797 0.070 0.060 0.044 
 74    C3190    (0)    2 :  0.031 0.826 0.042 0.079 0.022 
 75    C3193    (0)    2 :  0.027 0.915 0.028 0.017 0.012 
 76    C3232    (0)    2 :  0.012 0.681 0.274 0.018 0.015 
 77    C3236    (0)    2 :  0.010 0.934 0.037 0.010 0.009 
 78    C3249    (0)    2 :  0.026 0.879 0.028 0.036 0.031 
 79    C3250    (0)    2 :  0.016 0.867 0.086 0.019 0.012 
 80    C3253    (0)    2 :  0.032 0.718 0.203 0.029 0.018 
 81    C3255    (0)    2 :  0.012 0.861 0.100 0.014 0.013 
 82    C3277    (0)    2 :  0.084 0.753 0.035 0.085 0.043 
 83    C3315    (0)    2 :  0.265 0.125 0.238 0.170 0.202 
 84    C3288    (0)    2 :  0.035 0.823 0.099 0.019 0.025 
 85    C3293    (0)    2 :  0.081 0.424 0.268 0.135 0.093 
 86    C4018    (0)    3 :  0.010 0.084 0.884 0.014 0.009 
 87    C3980    (0)    3 :  0.014 0.029 0.929 0.017 0.011 
 88    C3987    (0)    3 :  0.014 0.038 0.920 0.015 0.014 
 89    C3988    (0)    3 :  0.016 0.112 0.848 0.013 0.012 
 90    C3989    (0)    3 :  0.017 0.578 0.263 0.120 0.023 
 91    C4011    (0)    3 :  0.007 0.150 0.829 0.007 0.007 
 92    C4017    (0)    3 :  0.007 0.016 0.959 0.009 0.009 
 93    C4296    (0)    3 :  0.138 0.293 0.173 0.182 0.213 
 94    C4301    (9)    3 :  0.033 0.029 0.016 0.818 0.104 
 95    C4303    (0)    3 :  0.357 0.509 0.028 0.058 0.048 
 96    C4453    (0)    3 :  0.049 0.409 0.398 0.043 0.101 
 97    C4455    (9)    3 :  0.076 0.581 0.271 0.038 0.034 
 98    C4456   (18)    3 :  0.145 0.094 0.519 0.074 0.168 
 99    C4457    (9)    3 :  0.109 0.612 0.077 0.162 0.040 
100    C4459    (9)    3 :  0.030 0.514 0.418 0.022 0.016 
101    C4464   (18)    3 :  0.010 0.774 0.192 0.012 0.012 
102    C4467   (18)    3 :  0.011 0.787 0.179 0.011 0.012 
103    C4468    (9)    3 :  0.037 0.838 0.083 0.020 0.021 
104    C4783    (0)    3 :  0.020 0.051 0.882 0.024 0.023 
105    C4786    (0)    3 :  0.021 0.353 0.580 0.029 0.016 
106    C4789    (9)    3 :  0.018 0.382 0.520 0.066 0.013 
107    C4891    (0)    3 :  0.049 0.431 0.415 0.055 0.051 
108    C4896    (0)    3 :  0.061 0.102 0.660 0.126 0.051 
109    C4898    (0)    3 :  0.019 0.064 0.878 0.019 0.020 
110    C4901    (0)    3 :  0.025 0.415 0.523 0.025 0.013 
111    C4903    (9)    3 :  0.093 0.553 0.217 0.108 0.029 
112    C4904    (0)    3 :  0.010 0.050 0.879 0.043 0.017 
113    C3263    (0)    3 :  0.018 0.875 0.017 0.013 0.077 
114    C3271    (0)    3 :  0.013 0.917 0.030 0.021 0.018 
115    C3272    (0)    3 :  0.013 0.878 0.020 0.057 0.032 
116    C3276    (0)    3 :  0.044 0.501 0.024 0.354 0.078 
117    C3280    (9)    3 :  0.050 0.495 0.099 0.057 0.300 
118    C3305    (9)    3 :  0.015 0.879 0.044 0.038 0.024 
119    C3306    (0)    3 :  0.054 0.805 0.045 0.040 0.056 
120    C3324    (0)    3 :  0.023 0.359 0.041 0.061 0.517 
121    C3329    (0)    3 :  0.067 0.367 0.356 0.079 0.132 
122    C3336    (0)    3 :  0.022 0.860 0.036 0.052 0.030 
123    C3341   (18)    3 :  0.083 0.082 0.106 0.064 0.666 
124    C3409   (18)    3 :  0.049 0.660 0.066 0.142 0.083 
125    C3168    (9)    3 :  0.014 0.906 0.032 0.020 0.028 
126    C3170    (0)    3 :  0.012 0.894 0.038 0.034 0.022 
127    C3214   (18)    3 :  0.031 0.824 0.018 0.116 0.012 
128    C3227    (0)    3 :  0.025 0.882 0.035 0.039 0.020 
129    C3228    (0)    3 :  0.048 0.612 0.232 0.057 0.050 
130    C3279    (0)    3 :  0.039 0.774 0.028 0.125 0.033 
131    C3322    (0)    3 :  0.245 0.304 0.139 0.268 0.043 
132    C3303    (0)    3 :  0.023 0.866 0.016 0.053 0.042 
133    C3317    (0)    3 :  0.018 0.898 0.040 0.019 0.026 
134    C3355    (0)    3 :  0.012 0.939 0.023 0.010 0.015 
135    C3376    (9)    3 :  0.020 0.890 0.035 0.036 0.018 
136    C3401    (0)    3 :  0.031 0.853 0.049 0.036 0.031 
137    C3203    (9)    3 :  0.032 0.834 0.041 0.050 0.044 
138    C3245    (0)    3 :  0.023 0.915 0.013 0.031 0.018 
139    C3302    (0)    3 :  0.035 0.854 0.030 0.035 0.045 
140    C3307    (0)    3 :  0.103 0.407 0.248 0.026 0.217 
141    C3310    (0)    3 :  0.018 0.918 0.018 0.019 0.027 
142    C3312    (9)    3 :  0.091 0.690 0.151 0.035 0.032 
143    C3345    (0)    3 :  0.016 0.898 0.033 0.019 0.034 
144    C3371    (0)    3 :  0.016 0.841 0.023 0.019 0.101 
145    C3372    (0)    3 :  0.022 0.865 0.044 0.026 0.043 
146    C3380    (9)    3 :  0.010 0.921 0.051 0.010 0.008 
147    C3417    (0)    3 :  0.044 0.279 0.378 0.060 0.239 
148    C4569    (9)    4 :  0.081 0.033 0.473 0.241 0.172 
149    C4570    (9)    4 :  0.014 0.020 0.938 0.013 0.016 
150    C4571    (9)    4 :  0.029 0.117 0.817 0.020 0.017 
151    C4572    (9)    4 :  0.018 0.016 0.937 0.015 0.014 
152    C4573    (9)    4 :  0.505 0.061 0.230 0.149 0.055 
153    C4575    (9)    4 :  0.082 0.048 0.773 0.057 0.039 
154    C4577    (9)    4 :  0.013 0.024 0.935 0.015 0.014 
155    C4578    (9)    4 :  0.077 0.052 0.732 0.098 0.041 
156    C4600   (18)    4 :  0.087 0.039 0.703 0.124 0.047 
157    C4612    (9)    4 :  0.033 0.024 0.770 0.146 0.027 
158    C4621    (0)    4 :  0.017 0.044 0.917 0.015 0.007 
159    C4622    (9)    4 :  0.012 0.016 0.950 0.011 0.012 
160    C4623    (0)    4 :  0.066 0.199 0.389 0.072 0.274 
161    C4624    (0)    4 :  0.045 0.022 0.894 0.020 0.020 
162    C4625    (0)    4 :  0.669 0.043 0.146 0.117 0.025 
163    C4627    (0)    4 :  0.023 0.025 0.911 0.021 0.018 
164    C4631    (0)    4 :  0.029 0.017 0.768 0.018 0.168 
165    C4632    (0)    4 :  0.022 0.037 0.907 0.016 0.017 
166    C3939    (0)    4 :  0.013 0.045 0.899 0.027 0.016 
167    C3940    (0)    4 :  0.015 0.023 0.877 0.060 0.025 
168    C3945    (0)    4 :  0.008 0.015 0.958 0.009 0.009 
169    C4520    (0)    4 :  0.084 0.193 0.137 0.452 0.134 
170    C4522    (0)    4 :  0.012 0.055 0.911 0.012 0.010 
171    C3182    (0)    4 :  0.016 0.909 0.034 0.020 0.022 
172    C3189    (0)    4 :  0.164 0.602 0.067 0.128 0.039 
173    C3191    (9)    4 :  0.033 0.893 0.023 0.025 0.026 
174    C3196    (0)    4 :  0.027 0.900 0.021 0.034 0.019 
175    C3208    (0)    4 :  0.043 0.614 0.238 0.056 0.049 
176    C3211    (0)    4 :  0.018 0.876 0.034 0.041 0.031 
177    C3212    (0)    4 :  0.020 0.192 0.099 0.427 0.262 
178    C3213    (0)    4 :  0.017 0.879 0.015 0.044 0.046 
179    C3215    (0)    4 :  0.281 0.424 0.146 0.095 0.054 
180    C3217    (0)    4 :  0.019 0.902 0.021 0.022 0.035 
181    C3225    (9)    4 :  0.047 0.833 0.026 0.058 0.036 
182    C3226    (0)    4 :  0.014 0.670 0.287 0.013 0.016 
183    C3238    (9)    4 :  0.021 0.825 0.116 0.024 0.015 
184    C3239    (0)    4 :  0.016 0.822 0.092 0.041 0.030 
185    C3269   (18)    4 :  0.184 0.320 0.310 0.156 0.030 
186    C3273    (0)    4 :  0.031 0.900 0.030 0.028 0.011 
187    C3274    (0)    4 :  0.057 0.630 0.068 0.216 0.029 
188    C3354    (0)    4 :  0.018 0.917 0.021 0.026 0.017 
189    C3361    (0)    4 :  0.018 0.920 0.026 0.022 0.013 
190    C3289    (0)    4 :  0.021 0.847 0.080 0.034 0.018 
191    C3169    (0)    4 :  0.012 0.884 0.075 0.017 0.011 
192    C3199    (9)    4 :  0.039 0.693 0.216 0.031 0.021 
193    C3224    (0)    4 :  0.027 0.896 0.037 0.022 0.018 
194    C3261   (18)    4 :  0.011 0.860 0.092 0.020 0.017 
195    C3320    (0)    4 :  0.035 0.864 0.041 0.038 0.023 
196    C4151    (0)    5 :  0.010 0.019 0.952 0.010 0.009 
197    C4152    (0)    5 :  0.014 0.031 0.923 0.019 0.013 
198    C4153    (0)    5 :  0.029 0.243 0.652 0.056 0.020 
199    C4154   (18)    5 :  0.013 0.103 0.828 0.028 0.027 
200    C4157    (0)    5 :  0.041 0.253 0.632 0.052 0.021 
201    C4158    (0)    5 :  0.016 0.023 0.939 0.011 0.010 
202    C4163    (0)    5 :  0.008 0.014 0.964 0.007 0.007 
203    C4165    (0)    5 :  0.064 0.053 0.488 0.026 0.369 
204    C4248    (9)    5 :  0.039 0.793 0.106 0.034 0.027 
205    C4254    (0)    5 :  0.019 0.711 0.206 0.036 0.027 
206    C4371    (9)    5 :  0.021 0.492 0.395 0.033 0.059 
207    C3936    (0)    5 :  0.017 0.021 0.925 0.018 0.018 
208    C3937    (0)    5 :  0.012 0.018 0.952 0.009 0.010 
209    C3944    (0)    5 :  0.008 0.066 0.907 0.009 0.011 
210    C3954    (0)    5 :  0.028 0.548 0.397 0.017 0.009 
211    C3955    (9)    5 :  0.044 0.347 0.555 0.043 0.011 
212    C3961    (0)    5 :  0.012 0.028 0.911 0.018 0.031 
213    C3974    (0)    5 :  0.018 0.019 0.925 0.022 0.015 
214    C4024    (0)    5 :  0.014 0.103 0.812 0.024 0.046 
215    C4025    (0)    5 :  0.016 0.026 0.916 0.015 0.027 
216    C4028    (0)    5 :  0.102 0.067 0.759 0.044 0.028 
217    C4032   (18)    5 :  0.016 0.644 0.307 0.019 0.014 
218    C4033   (18)    5 :  0.015 0.895 0.059 0.014 0.017 
219    C4034    (0)    5 :  0.030 0.745 0.062 0.048 0.115 
220    C4041    (9)    5 :  0.027 0.622 0.058 0.146 0.147 
221    C4042   (18)    5 :  0.057 0.547 0.191 0.049 0.156 
222    C4043    (9)    5 :  0.026 0.500 0.418 0.027 0.029 
223    C4044    (9)    5 :  0.082 0.119 0.161 0.106 0.532 
224    C4045    (9)    5 :  0.049 0.679 0.230 0.025 0.017 
225    C4046    (9)    5 :  0.032 0.820 0.085 0.019 0.043 
226    C4047    (0)    5 :  0.115 0.732 0.063 0.060 0.031 
227    C4048    (9)    5 :  0.074 0.754 0.054 0.056 0.062 
228    C4055    (9)    5 :  0.056 0.367 0.495 0.045 0.037 
229    C4057   (18)    5 :  0.015 0.436 0.458 0.034 0.057 
230    C4059    (0)    5 :  0.020 0.885 0.063 0.020 0.013 
231    C4060    (9)    5 :  0.024 0.312 0.603 0.040 0.022 
232    C4064    (9)    5 :  0.373 0.314 0.204 0.063 0.045 
233    C4067    (0)    5 :  0.087 0.760 0.037 0.039 0.076 
234    C4068    (9)    5 :  0.029 0.906 0.024 0.023 0.018 
235    C4070    (9)    5 :  0.038 0.555 0.227 0.031 0.149 
236    C4075   (18)    5 :  0.027 0.787 0.119 0.035 0.032 
237    C4081    (9)    5 :  0.041 0.856 0.048 0.027 0.028 
238    C4082    (0)    5 :  0.060 0.521 0.344 0.047 0.029 
239    C4083    (0)    5 :  0.129 0.242 0.207 0.104 0.318 
240    C4086    (0)    5 :  0.202 0.602 0.114 0.062 0.021 
241    C4088    (9)    5 :  0.825 0.070 0.050 0.039 0.015 
242    C4092    (0)    5 :  0.018 0.333 0.533 0.042 0.075 
243    C4099    (9)    5 :  0.032 0.756 0.085 0.079 0.048 
244    C4104    (0)    5 :  0.017 0.102 0.828 0.021 0.032 
245    C4108   (18)    5 :  0.397 0.019 0.014 0.464 0.106 
246    C4118    (0)    5 :  0.259 0.256 0.111 0.292 0.082 
247    C4131    (0)    5 :  0.098 0.226 0.593 0.051 0.031 
248    C4133    (0)    5 :  0.018 0.773 0.165 0.024 0.021 
249    C4135    (0)    5 :  0.007 0.128 0.848 0.009 0.008 
250    C4136    (0)    5 :  0.145 0.028 0.666 0.123 0.037 
251    C4137    (9)    5 :  0.046 0.302 0.593 0.033 0.025 
252    C4139    (0)    5 :  0.010 0.051 0.913 0.013 0.013 
253    C4140    (9)    5 :  0.013 0.074 0.881 0.015 0.018 
254    C4167    (0)    5 :  0.078 0.043 0.819 0.020 0.040 
255    C4236    (0)    5 :  0.053 0.780 0.083 0.052 0.032 
256    C4237    (0)    5 :  0.744 0.031 0.093 0.103 0.030 
257    C4238    (0)    5 :  0.077 0.613 0.248 0.042 0.020 
258    C4241    (0)    5 :  0.018 0.879 0.061 0.023 0.020 
259    C4247    (9)    5 :  0.172 0.271 0.284 0.063 0.211 
260    C4257    (0)    5 :  0.028 0.866 0.053 0.034 0.018 
261    C4383    (0)    5 :  0.060 0.158 0.452 0.099 0.231 
262    C4397    (9)    5 :  0.024 0.375 0.564 0.021 0.016 
263    C4514    (0)    5 :  0.014 0.050 0.901 0.014 0.021 
264    C4519    (0)    5 :  0.012 0.048 0.848 0.073 0.019 
265    C4527    (0)    5 :  0.021 0.513 0.419 0.023 0.024 
266    C4534    (0)    5 :  0.021 0.322 0.451 0.116 0.090 
267    C4699    (0)    5 :  0.060 0.027 0.871 0.017 0.024 
268    C1541    (9)    5 :  0.012 0.940 0.023 0.011 0.014 
269    C1542    (9)    5 :  0.019 0.928 0.018 0.019 0.016 
270    C1544    (0)    5 :  0.035 0.851 0.067 0.027 0.020 
271    C1547    (9)    5 :  0.191 0.232 0.075 0.221 0.280 
272    C1553    (9)    5 :  0.237 0.108 0.240 0.246 0.169 
273    C1555    (9)    5 :  0.054 0.828 0.050 0.041 0.027 
274    C1557    (0)    5 :  0.032 0.824 0.095 0.021 0.028 
275    C1560    (0)    5 :  0.016 0.909 0.023 0.036 0.017 
276    C1565    (0)    5 :  0.018 0.879 0.033 0.027 0.043 
277    C1567    (0)    5 :  0.047 0.821 0.057 0.044 0.031 
278    C1569    (0)    5 :  0.018 0.877 0.069 0.016 0.020 
279    C1571    (0)    5 :  0.079 0.754 0.051 0.082 0.035 
280    C1576    (0)    5 :  0.065 0.518 0.348 0.038 0.031 
281    C1577    (9)    5 :  0.045 0.850 0.039 0.042 0.024 
282    C1579    (0)    5 :  0.019 0.920 0.025 0.020 0.016 
283    C3990    (0)    6 :  0.009 0.026 0.947 0.009 0.009 
284    C3991    (0)    6 :  0.039 0.032 0.846 0.028 0.054 
285    C3992    (0)    6 :  0.049 0.026 0.860 0.043 0.022 
286    C3994    (0)    6 :  0.045 0.329 0.406 0.065 0.155 
287    C4172    (0)    6 :  0.134 0.012 0.683 0.120 0.050 
288    C4173    (9)    6 :  0.024 0.037 0.459 0.025 0.455 
289    C4232    (9)    6 :  0.009 0.956 0.016 0.009 0.009 
290    C4234    (9)    6 :  0.012 0.939 0.026 0.013 0.011 
291    C4259    (0)    6 :  0.012 0.933 0.030 0.012 0.012 
292    C4260    (0)    6 :  0.009 0.830 0.134 0.016 0.010 
293    C4261    (9)    6 :  0.135 0.317 0.287 0.092 0.169 
294    C4262    (0)    6 :  0.018 0.373 0.505 0.033 0.072 
295    C4263    (0)    6 :  0.049 0.862 0.041 0.015 0.033 
296    C4267    (9)    6 :  0.034 0.562 0.359 0.025 0.019 
297    C4269    (0)    6 :  0.031 0.309 0.597 0.023 0.039 
298    C4272    (0)    6 :  0.015 0.855 0.078 0.027 0.026 
299    C4274    (0)    6 :  0.030 0.616 0.047 0.289 0.017 
300    C4276    (9)    6 :  0.130 0.127 0.013 0.701 0.029 
301    C4278    (0)    6 :  0.034 0.389 0.439 0.080 0.057 
302    C4280    (0)    6 :  0.021 0.542 0.354 0.054 0.028 
303    C4281    (0)    6 :  0.030 0.868 0.063 0.018 0.020 
304    C4282    (0)    6 :  0.078 0.585 0.024 0.057 0.256 
305    C4284    (9)    6 :  0.012 0.456 0.508 0.011 0.012 
306    C4286    (9)    6 :  0.048 0.470 0.338 0.105 0.039 
307    C4287    (0)    6 :  0.022 0.448 0.358 0.087 0.086 
308    C4290    (0)    6 :  0.273 0.116 0.067 0.407 0.137 
309    C4307   (18)    6 :  0.021 0.368 0.477 0.072 0.062 
310    C4310    (9)    6 :  0.047 0.821 0.082 0.035 0.014 
311    C4311   (18)    6 :  0.023 0.860 0.043 0.047 0.027 
312    C4312    (0)    6 :  0.025 0.862 0.075 0.017 0.021 
313    C4314    (0)    6 :  0.117 0.807 0.027 0.031 0.019 
314    C4318    (9)    6 :  0.014 0.789 0.068 0.072 0.057 
315    C4321    (9)    6 :  0.018 0.395 0.475 0.061 0.051 
316    C4324    (0)    6 :  0.020 0.575 0.284 0.044 0.078 
317    C4334    (0)    6 :  0.011 0.332 0.594 0.021 0.042 
318    C4529    (0)    6 :  0.044 0.790 0.082 0.043 0.041 
319    C1582    (9)    6 :  0.021 0.651 0.291 0.020 0.017 
320    C1583    (0)    6 :  0.055 0.837 0.038 0.040 0.030 
321    C1584    (9)    6 :  0.029 0.819 0.104 0.033 0.015 
322    C1585    (0)    6 :  0.017 0.422 0.536 0.014 0.011 
323    C1586    (0)    6 :  0.030 0.722 0.107 0.023 0.117 
324    C1589    (0)    6 :  0.014 0.570 0.388 0.015 0.014 
325    C1591    (0)    6 :  0.013 0.756 0.199 0.017 0.015 
326    C1592    (0)    6 :  0.023 0.878 0.029 0.025 0.045 
327    C1594    (0)    6 :  0.052 0.830 0.076 0.024 0.018 
328    C1597    (9)    6 :  0.035 0.845 0.049 0.042 0.029 
329    C1598    (9)    6 :  0.042 0.378 0.544 0.018 0.018 
330    C1599    (0)    6 :  0.011 0.925 0.023 0.028 0.013 
331    C1601    (0)    6 :  0.109 0.271 0.523 0.041 0.056 
332    C1605    (0)    6 :  0.115 0.163 0.184 0.485 0.055 
333    C1609    (0)    6 :  0.013 0.476 0.482 0.015 0.014 
334    C1610    (0)    6 :  0.100 0.736 0.022 0.118 0.024 
335    C1611    (0)    6 :  0.012 0.891 0.016 0.025 0.056 
336    C1612    (0)    6 :  0.012 0.956 0.012 0.011 0.009 
337    C1613    (0)    6 :  0.021 0.887 0.033 0.023 0.037 
338    C3173    (9)    6 :  0.052 0.778 0.051 0.054 0.066 
339    C3204    (0)    6 :  0.023 0.911 0.032 0.018 0.016 
340    C3223    (9)    6 :  0.022 0.298 0.025 0.544 0.111 
341    C3262    (0)    6 :  0.058 0.828 0.036 0.051 0.028 
342    C3270    (0)    6 :  0.022 0.612 0.311 0.028 0.026 
343    C3300    (0)    6 :  0.010 0.324 0.642 0.014 0.010 
344    C3330    (0)    6 :  0.019 0.582 0.337 0.038 0.024 
345    C3390    (9)    6 :  0.021 0.661 0.263 0.029 0.026 
346    C3424    (9)    6 :  0.027 0.841 0.072 0.043 0.018 
347    C3958    (0)    6 :  0.010 0.036 0.928 0.011 0.015 
348    C3962    (0)    6 :  0.010 0.021 0.936 0.014 0.017 
349    C4019    (0)    6 :  0.283 0.016 0.234 0.343 0.124 
350    C3995   (18)    6 :  0.019 0.023 0.899 0.021 0.038 
351    C4000    (0)    6 :  0.031 0.043 0.802 0.039 0.087 
352    C4002    (0)    6 :  0.016 0.035 0.913 0.013 0.023 
353    C1692    (0)    7 :  0.077 0.024 0.165 0.692 0.041 
354    C1693    (0)    7 :  0.024 0.242 0.061 0.484 0.190 
355    C1694    (0)    7 :  0.125 0.120 0.032 0.295 0.428 
356    C1698    (0)    7 :  0.155 0.022 0.012 0.463 0.348 
357    C1699    (0)    7 :  0.569 0.027 0.033 0.286 0.085 
358    C1700    (0)    7 :  0.229 0.073 0.152 0.216 0.330 
359    C1701    (0)    7 :  0.674 0.028 0.016 0.214 0.069 
360    C1702    (0)    7 :  0.387 0.015 0.024 0.440 0.133 
361    C1703    (0)    7 :  0.161 0.013 0.024 0.178 0.624 
362    C1704    (0)    7 :  0.087 0.143 0.070 0.273 0.426 
363    C1705    (0)    7 :  0.028 0.013 0.323 0.221 0.415 
364    C1706    (0)    7 :  0.479 0.028 0.014 0.366 0.113 
365    C1707    (0)    7 :  0.216 0.434 0.038 0.270 0.042 
366    C1708    (0)    7 :  0.024 0.016 0.018 0.065 0.877 
367    C1709    (0)    7 :  0.035 0.025 0.068 0.057 0.815 
368    C1710    (0)    7 :  0.350 0.045 0.042 0.241 0.323 
369    C1712    (0)    7 :  0.029 0.009 0.026 0.049 0.887 
370    C1714    (0)    7 :  0.023 0.017 0.018 0.038 0.904 
371    C1715    (0)    7 :  0.389 0.027 0.020 0.530 0.033 
372    C1717    (0)    7 :  0.075 0.153 0.018 0.627 0.126 
373    C1718   (18)    7 :  0.481 0.069 0.024 0.290 0.136 
374    C1719    (0)    7 :  0.029 0.074 0.120 0.044 0.733 
375    C1656    (0)    8 :  0.803 0.010 0.045 0.069 0.074 
376    C1657   (18)    8 :  0.265 0.024 0.024 0.107 0.580 
377    C1658    (0)    8 :  0.447 0.010 0.012 0.443 0.088 
378    C1659    (0)    8 :  0.255 0.059 0.029 0.633 0.025 
379    C1661    (9)    8 :  0.257 0.079 0.042 0.410 0.212 
380    C1665    (0)    8 :  0.534 0.031 0.017 0.297 0.121 
381    C1667    (9)    8 :  0.022 0.008 0.007 0.023 0.941 
382    C1676    (9)    8 :  0.647 0.017 0.031 0.097 0.208 
383    C1681    (9)    8 :  0.501 0.030 0.023 0.277 0.168 
384    C1682    (0)    8 :  0.122 0.015 0.026 0.066 0.771 
385    C1685    (0)    8 :  0.705 0.035 0.056 0.091 0.114 
386    C4707    (0)    9 :  0.531 0.027 0.182 0.085 0.175 
387    C4747    (0)    9 :  0.035 0.153 0.153 0.151 0.508 
388    C4772    (0)    9 :  0.144 0.068 0.648 0.090 0.050 
389    C4781    (0)    9 :  0.047 0.037 0.087 0.100 0.729 
390    C4782    (0)    9 :  0.165 0.104 0.158 0.261 0.312 
391    C4787    (0)    9 :  0.093 0.023 0.155 0.654 0.075 
392    C4790    (0)    9 :  0.116 0.019 0.172 0.070 0.623 
393    C4803    (0)    9 :  0.077 0.065 0.137 0.494 0.227 
394    C4813    (0)    9 :  0.084 0.020 0.743 0.104 0.049 
395    C4837    (0)    9 :  0.147 0.046 0.284 0.422 0.100 
396    C4838    (0)    9 :  0.216 0.012 0.124 0.576 0.071 
397    C4843    (0)    9 :  0.431 0.035 0.118 0.295 0.120 
398    C4857    (0)    9 :  0.038 0.039 0.874 0.028 0.021 
399    C4828    (0)    9 :  0.308 0.282 0.050 0.222 0.138 
400    C4835    (0)    9 :  0.079 0.016 0.732 0.151 0.023 
401    C4836    (9)    9 :  0.107 0.040 0.281 0.366 0.207 
402    C4842    (0)    9 :  0.613 0.015 0.044 0.191 0.138 
403    C4863    (9)    9 :  0.031 0.030 0.090 0.699 0.150 
404    C4744    (0)    9 :  0.292 0.024 0.034 0.171 0.479 
405    C4745    (0)    9 :  0.276 0.026 0.113 0.518 0.067 
406    C4768    (0)    9 :  0.108 0.051 0.305 0.065 0.471 
407    C4769    (0)    9 :  0.648 0.013 0.132 0.121 0.087 
408    C4771    (0)    9 :  0.526 0.017 0.036 0.180 0.241 
409    C4784    (0)    9 :  0.061 0.025 0.293 0.056 0.565 
410    C4785    (0)    9 :  0.042 0.027 0.039 0.029 0.863 
411    C4795    (0)    9 :  0.053 0.066 0.150 0.143 0.588 
412    C4796    (0)    9 :  0.249 0.022 0.024 0.228 0.476 
413    C4800    (0)    9 :  0.041 0.011 0.333 0.596 0.019 
414    C4801    (0)    9 :  0.238 0.018 0.613 0.070 0.061 
415    C4802    (0)    9 :  0.259 0.382 0.132 0.187 0.040 
416    C4805    (0)    9 :  0.515 0.018 0.140 0.111 0.216 
417    C4806    (0)    9 :  0.733 0.013 0.065 0.147 0.042 
418    C4850    (0)    9 :  0.236 0.101 0.349 0.236 0.079 
419    C4748    (0)   10 :  0.578 0.011 0.195 0.125 0.091 
420    C4753    (0)   10 :  0.280 0.033 0.057 0.416 0.214 
421    C4754    (0)   10 :  0.365 0.022 0.219 0.098 0.296 
422    C4760    (0)   10 :  0.081 0.163 0.366 0.306 0.085 
423    C4761    (0)   10 :  0.505 0.014 0.349 0.039 0.094 
424    C4762    (0)   10 :  0.095 0.015 0.270 0.165 0.455 
425    C4791    (0)   10 :  0.117 0.010 0.207 0.516 0.149 
426    C4810    (0)   10 :  0.697 0.126 0.055 0.091 0.031 
427    C4812    (0)   10 :  0.532 0.065 0.063 0.294 0.046 
428    C4821    (0)   10 :  0.174 0.149 0.195 0.304 0.179 
429    C4864    (0)   10 :  0.092 0.057 0.761 0.043 0.048 
430    C4866    (0)   10 :  0.779 0.016 0.038 0.129 0.038 
431    C1722    (0)   10 :  0.721 0.045 0.016 0.168 0.050 
432    C1724    (0)   10 :  0.656 0.010 0.019 0.295 0.021 
433    C1725    (0)   10 :  0.421 0.053 0.015 0.415 0.096 
434    C1726    (0)   10 :  0.369 0.016 0.022 0.424 0.169 
435    C1731    (0)   10 :  0.631 0.025 0.053 0.182 0.109 
436    C1733    (9)   10 :  0.300 0.037 0.035 0.598 0.028 
437    C1734    (0)   10 :  0.130 0.030 0.085 0.683 0.072 
438    C1735    (0)   10 :  0.184 0.013 0.009 0.756 0.038 
439    C1738    (0)   10 :  0.470 0.034 0.032 0.445 0.019 
440    C1740    (9)   10 :  0.375 0.131 0.055 0.344 0.094 
441    C1741    (0)   10 :  0.035 0.091 0.393 0.299 0.182 
442    C1742    (0)   10 :  0.443 0.030 0.049 0.339 0.140 
443    C1743    (0)   10 :  0.124 0.026 0.029 0.193 0.627 
444    C1745    (0)   10 :  0.107 0.034 0.086 0.710 0.063 
445    C1746    (0)   10 :  0.490 0.036 0.104 0.175 0.195 
446    C1747    (0)   10 :  0.303 0.104 0.036 0.322 0.234 
447    C4742    (9)   10 :  0.110 0.032 0.581 0.083 0.193 
448    C4752    (0)   10 :  0.042 0.023 0.879 0.031 0.024 
449    C4792    (0)   10 :  0.205 0.095 0.542 0.052 0.106 
450    C4811    (0)   10 :  0.022 0.032 0.869 0.054 0.024 
451    C4814    (0)   10 :  0.098 0.041 0.604 0.136 0.122 
452    C4815    (0)   10 :  0.053 0.054 0.095 0.751 0.047 
453    C4818    (0)   10 :  0.306 0.094 0.349 0.152 0.098 
454    C4819    (0)   10 :  0.241 0.042 0.492 0.101 0.124 
455    C4826    (0)   10 :  0.232 0.011 0.044 0.553 0.160 
456    C4829    (0)   10 :  0.122 0.060 0.042 0.179 0.596 
457    C4830    (0)   10 :  0.111 0.020 0.084 0.116 0.669 
458    C4831    (0)   10 :  0.048 0.037 0.840 0.020 0.055 
459    C4832    (0)   10 :  0.198 0.018 0.060 0.117 0.607 
460    C4858    (0)   10 :  0.029 0.013 0.509 0.084 0.364 
461    C4757    (0)   10 :  0.550 0.067 0.139 0.197 0.047 
462    C4770    (9)   10 :  0.028 0.505 0.160 0.236 0.072 
463    C4808    (0)   10 :  0.239 0.033 0.290 0.274 0.163 
464    C4809    (0)   10 :  0.811 0.011 0.026 0.119 0.033 
465    C4820    (0)   10 :  0.397 0.020 0.082 0.287 0.214 
466    C4824    (0)   10 :  0.030 0.010 0.043 0.583 0.334 
467    C4706    (0)   11 :  0.513 0.013 0.027 0.361 0.086 
468    C4708    (0)   11 :  0.013 0.028 0.934 0.012 0.013 
469    C4709    (0)   11 :  0.030 0.017 0.066 0.059 0.829 
470    C4714    (0)   11 :  0.074 0.040 0.432 0.077 0.377 
471    C4722    (0)   11 :  0.201 0.021 0.155 0.103 0.520 
472    C4726    (0)   11 :  0.408 0.090 0.204 0.249 0.049 
473    C4733    (0)   11 :  0.232 0.058 0.515 0.042 0.153 
474    C4734    (0)   11 :  0.664 0.021 0.134 0.114 0.067 
475    C4737    (0)   11 :  0.027 0.015 0.061 0.035 0.862 
476    C4882    (0)   11 :  0.577 0.017 0.024 0.201 0.181 
477    C4883    (0)   11 :  0.015 0.021 0.324 0.026 0.613 
478    C4702    (9)   11 :  0.152 0.146 0.158 0.328 0.216 
479    C4703    (0)   11 :  0.038 0.035 0.784 0.066 0.076 
480    C4727    (0)   11 :  0.616 0.011 0.098 0.124 0.151 
481    C4732    (0)   11 :  0.043 0.019 0.083 0.107 0.749 
482    C4735    (0)   11 :  0.039 0.021 0.077 0.794 0.069 
483    C4736    (0)   11 :  0.033 0.035 0.828 0.021 0.081 
484    C4746    (0)   11 :  0.056 0.016 0.399 0.137 0.392 
485    C4777    (0)   11 :  0.234 0.022 0.012 0.699 0.033 
486    C4846    (0)   11 :  0.086 0.134 0.600 0.066 0.114 
487    C4847    (0)   11 :  0.595 0.011 0.078 0.182 0.133 
488    C4884    (0)   11 :  0.056 0.012 0.205 0.454 0.272 
489    C4705    (0)   11 :  0.052 0.037 0.274 0.616 0.021 
490    C4711    (0)   11 :  0.533 0.020 0.174 0.069 0.204 
491    C4713    (9)   11 :  0.183 0.068 0.107 0.529 0.113 
492    C4716    (0)   11 :  0.249 0.030 0.207 0.338 0.175 
493    C4717    (0)   11 :  0.071 0.026 0.846 0.029 0.029 
494    C4719    (0)   11 :  0.600 0.017 0.049 0.161 0.172 
495    C4721    (0)   11 :  0.025 0.031 0.910 0.017 0.017 
496    C4729    (0)   11 :  0.165 0.018 0.305 0.433 0.079 
497    C4730    (0)   11 :  0.046 0.021 0.831 0.041 0.062 
498    C4773    (0)   11 :  0.045 0.029 0.898 0.014 0.014 
499    C4861    (0)   11 :  0.550 0.026 0.061 0.266 0.098 
500    C4890    (0)   11 :  0.063 0.015 0.728 0.105 0.088 
501    C4718    (0)   11 :  0.202 0.029 0.159 0.334 0.277 
502    C4724    (0)   11 :  0.090 0.017 0.619 0.218 0.055 
503    C4738    (0)   11 :  0.509 0.017 0.426 0.027 0.021 
504    C4739    (0)   11 :  0.718 0.045 0.068 0.098 0.071 
505    C4844    (0)   11 :  0.169 0.053 0.483 0.221 0.074 
506    C4845    (0)   11 :  0.038 0.022 0.118 0.073 0.750 
507    C4681    (0)   11 :  0.033 0.284 0.635 0.022 0.026 
508    C4682    (0)   11 :  0.140 0.254 0.140 0.129 0.338 
509    C4683    (0)   11 :  0.057 0.092 0.741 0.048 0.062 
510    C4685    (0)   11 :  0.058 0.034 0.321 0.264 0.323 
511    C4715    (0)   11 :  0.030 0.056 0.066 0.607 0.241 
512    C4725    (0)   11 :  0.295 0.020 0.018 0.269 0.399 
513    C4799    (0)   11 :  0.044 0.175 0.307 0.371 0.104 
514    C4889    (9)   11 :  0.149 0.019 0.720 0.043 0.069 
515    U1941    (0)   12 :  0.051 0.051 0.013 0.871 0.013 
516    U1942    (0)   12 :  0.080 0.110 0.294 0.390 0.126 
517    U1957    (9)   12 :  0.080 0.667 0.042 0.144 0.067 
518    U2016    (0)   12 :  0.440 0.014 0.008 0.413 0.125 
519    U2021    (9)   12 :  0.082 0.045 0.032 0.247 0.593 
520    U2022    (0)   12 :  0.044 0.032 0.015 0.200 0.710 
521    U2023    (0)   12 :  0.262 0.013 0.023 0.452 0.249 
522    U2024    (0)   12 :  0.168 0.040 0.055 0.130 0.607 
523    U2025    (9)   12 :  0.077 0.051 0.027 0.493 0.352 
524    U2026    (0)   12 :  0.046 0.271 0.032 0.363 0.288 
525    U2027    (0)   12 :  0.748 0.025 0.038 0.121 0.068 
526    U2028    (0)   12 :  0.353 0.012 0.009 0.205 0.420 
527    U2029    (0)   12 :  0.136 0.013 0.039 0.068 0.745 
528    U2030    (0)   12 :  0.453 0.015 0.011 0.173 0.349 
529    U2031    (0)   12 :  0.604 0.015 0.013 0.222 0.146 
530    U1943    (0)   12 :  0.023 0.022 0.044 0.066 0.844 
531    U1944    (0)   12 :  0.179 0.019 0.028 0.124 0.651 
532    U1945    (0)   12 :  0.154 0.018 0.017 0.197 0.614 
533    U1946    (0)   12 :  0.644 0.031 0.021 0.195 0.109 
534    U1947    (0)   12 :  0.056 0.024 0.019 0.486 0.414 
535    U1948    (0)   12 :  0.074 0.062 0.062 0.739 0.063 
536    U1949    (0)   12 :  0.346 0.024 0.019 0.371 0.241 
537    U1955    (0)   12 :  0.353 0.217 0.045 0.339 0.045 
538    U2005    (0)   12 :  0.020 0.145 0.010 0.594 0.232 
539    U2006    (0)   12 :  0.072 0.018 0.010 0.876 0.024 
540    U2007    (0)   12 :  0.027 0.045 0.013 0.883 0.032 
541    U2008    (0)   12 :  0.016 0.009 0.008 0.939 0.029 
542    U2010    (9)   12 :  0.026 0.152 0.032 0.574 0.217 
543    U2011    (0)   12 :  0.290 0.030 0.012 0.630 0.039 
544    U2012    (0)   12 :  0.048 0.018 0.012 0.701 0.221 
545    U2014    (0)   12 :  0.113 0.026 0.068 0.532 0.261 
546    U2702    (0)   12 :  0.027 0.030 0.026 0.018 0.898 
547    U2703    (0)   12 :  0.030 0.028 0.071 0.043 0.829 
548    U2704    (0)   12 :  0.067 0.079 0.031 0.628 0.194 
549    U2706   (18)   12 :  0.247 0.022 0.047 0.528 0.156 
550    U2707    (0)   12 :  0.557 0.017 0.022 0.211 0.193 
551    U2708    (0)   12 :  0.136 0.019 0.040 0.146 0.658 
552    U2698    (0)   12 :  0.324 0.150 0.134 0.281 0.111 
553    U2700    (0)   12 :  0.263 0.059 0.023 0.439 0.217 
554    U1924    (0)   12 :  0.159 0.025 0.028 0.592 0.196 
555    U1930    (0)   12 :  0.687 0.022 0.028 0.228 0.036 
556    U1931    (0)   12 :  0.114 0.032 0.181 0.468 0.205 
557    U1933    (0)   12 :  0.127 0.014 0.049 0.697 0.114 
558    U1934    (0)   12 :  0.042 0.269 0.058 0.527 0.104 
559    U1935    (0)   12 :  0.038 0.278 0.045 0.549 0.089 
560    U1936    (9)   12 :  0.068 0.012 0.020 0.346 0.554 
561    U1938    (0)   12 :  0.242 0.024 0.095 0.498 0.141 
562    U1939    (0)   12 :  0.575 0.077 0.187 0.133 0.029 
563    U1950    (0)   12 :  0.270 0.013 0.023 0.646 0.047 
564    U1951    (0)   12 :  0.123 0.039 0.082 0.141 0.615 
565    U1953    (0)   12 :  0.783 0.028 0.008 0.083 0.098 
566    U1954    (0)   12 :  0.178 0.010 0.010 0.653 0.150 
567    U2044    (0)   12 :  0.018 0.078 0.016 0.102 0.785 
568    U2045    (0)   12 :  0.398 0.012 0.013 0.472 0.104 
569    U2046    (9)   12 :  0.089 0.033 0.032 0.386 0.460 
570    U2047    (0)   12 :  0.015 0.031 0.011 0.026 0.916 
571    U2048    (0)   12 :  0.260 0.043 0.021 0.190 0.486 
572    U2050    (0)   12 :  0.107 0.029 0.023 0.208 0.633 
573    U2051    (0)   12 :  0.106 0.014 0.016 0.502 0.362 
574    U2056    (0)   12 :  0.699 0.015 0.010 0.237 0.039 
575    U2057    (0)   12 :  0.101 0.051 0.020 0.780 0.047 
576    U2058    (0)   12 :  0.096 0.045 0.033 0.506 0.319 
577    U2059    (9)   12 :  0.255 0.079 0.144 0.484 0.038 
578    U2060    (0)   12 :  0.324 0.010 0.017 0.623 0.025 
579    U2061    (0)   12 :  0.742 0.017 0.010 0.135 0.096 
580    U2062    (9)   12 :  0.853 0.012 0.009 0.074 0.051 
581    U2063    (9)   12 :  0.660 0.025 0.016 0.259 0.041 
582    U2065    (0)   12 :  0.055 0.013 0.018 0.093 0.821 
583    U2067    (0)   12 :  0.388 0.036 0.044 0.344 0.187 
584    U2068    (0)   12 :  0.137 0.144 0.031 0.191 0.498 
585    U2069    (0)   12 :  0.113 0.011 0.014 0.767 0.094 
586    U2070    (0)   12 :  0.401 0.034 0.020 0.471 0.074 
587    U2071    (0)   12 :  0.047 0.022 0.012 0.166 0.754 
588    U2076    (0)   12 :  0.565 0.018 0.031 0.257 0.129 
589    U2077    (0)   12 :  0.290 0.170 0.217 0.124 0.199 
590    U2082    (0)   12 :  0.054 0.046 0.032 0.814 0.054 
591    U2084    (0)   12 :  0.057 0.250 0.029 0.596 0.069 
592    U2089    (0)   12 :  0.215 0.051 0.068 0.474 0.192 
593    U2090    (0)   12 :  0.285 0.039 0.269 0.342 0.065 
594    U2098    (0)   12 :  0.196 0.021 0.011 0.568 0.204 
595    U2108    (0)   12 :  0.017 0.148 0.178 0.048 0.609 
596    U2111    (0)   12 :  0.064 0.030 0.056 0.137 0.713 
597    U2113    (0)   12 :  0.090 0.049 0.030 0.190 0.642 
598    U2114    (0)   12 :  0.180 0.032 0.015 0.672 0.101 
599    U2115    (0)   12 :  0.036 0.012 0.015 0.187 0.750 
600    U2116    (9)   12 :  0.710 0.009 0.029 0.094 0.158 
601    U2117    (0)   12 :  0.049 0.565 0.102 0.189 0.095 
602    U2119    (0)   12 :  0.027 0.025 0.202 0.260 0.486 
603    U2120    (0)   12 :  0.060 0.052 0.019 0.797 0.072 
604    U2664    (0)   12 :  0.032 0.725 0.029 0.133 0.081 
605    U1198    (9)   13 :  0.252 0.073 0.143 0.259 0.273 
606    U1199    (0)   13 :  0.109 0.033 0.061 0.157 0.640 
607    U1200    (0)   13 :  0.042 0.014 0.013 0.073 0.859 
608    U1201    (0)   13 :  0.018 0.016 0.011 0.015 0.940 
609    U1202    (0)   13 :  0.043 0.014 0.015 0.063 0.866 
610    U1203    (0)   13 :  0.030 0.015 0.020 0.022 0.914 
611    U1205    (0)   13 :  0.044 0.033 0.010 0.038 0.875 
612    U1206    (0)   13 :  0.060 0.027 0.096 0.051 0.766 
613    U1207    (0)   13 :  0.022 0.020 0.024 0.030 0.904 
614    U1208    (0)   13 :  0.053 0.022 0.036 0.040 0.850 
615    U1209    (0)   13 :  0.029 0.037 0.010 0.023 0.901 
616    U1210    (0)   13 :  0.044 0.030 0.020 0.059 0.848 
617    U1211    (0)   13 :  0.022 0.076 0.027 0.033 0.842 
618    U1212    (0)   13 :  0.088 0.046 0.018 0.519 0.328 
619    U1213    (0)   13 :  0.129 0.047 0.026 0.104 0.693 
