

----------------------------------------------------
STRUCTURE by Pritchard, Stephens and Donnelly (2000)
     and Falush, Stephens and Pritchard (2003)
       Code by Pritchard, Falush and Hubisz
             Version 2.3.4 (Jul 2012)
----------------------------------------------------



Command line arguments:   bin\structure -m G:\My Drive\Hoban_Lab_Docs\Projects\Butternut_JUCI\Graphical_Stat_Results\PostIndRemoval\24pop\Reorg_Results\STR\butternut\50-50\mainparams -e G:\My Drive\Hoban_Lab_Docs\Projects\Butternut_JUCI\Graphical_Stat_Results\PostIndRemoval\24pop\Reorg_Results\STR\butternut\50-50\extraparams 
Input File:    G:\My Drive\Hoban_Lab_Docs\Projects\Butternut_JUCI\Graphical_Stat_Results\PostIndRemoval\24pop\Reorg_Results\STR\butternut\project_data

Run parameters:
   993 individuals
   11 loci
   6 populations assumed
   50000 Burn-in period
   50000 Reps


--------------------------------------------
Proportion of membership of each pre-defined
 population in each of the 6 clusters

Given    Inferred Clusters                            Number of
 Pop       1      2      3      4      5      6      Individuals

  1:     0.061  0.275  0.052  0.494  0.054  0.064       40
  2:     0.039  0.432  0.054  0.344  0.057  0.074       45
  3:     0.039  0.249  0.062  0.526  0.062  0.062       62
  4:     0.064  0.376  0.044  0.394  0.068  0.053       48
  5:     0.065  0.394  0.048  0.382  0.052  0.059       87
  6:     0.038  0.322  0.048  0.472  0.066  0.054       70
  7:     0.142  0.041  0.318  0.062  0.204  0.232       22
  8:     0.239  0.024  0.237  0.025  0.167  0.309       11
  9:     0.124  0.173  0.199  0.046  0.174  0.284       33
 10:     0.190  0.155  0.123  0.045  0.201  0.286       48
 11:     0.117  0.264  0.190  0.043  0.142  0.245       48
 12:     0.156  0.037  0.205  0.061  0.285  0.255       90
 13:     0.061  0.022  0.584  0.034  0.163  0.135       63
 14:     0.152  0.045  0.167  0.097  0.274  0.265       16
 15:     0.203  0.108  0.107  0.104  0.336  0.143       31
 16:     0.798  0.043  0.040  0.019  0.029  0.071       16
 17:     0.062  0.030  0.453  0.134  0.140  0.182       24
 18:     0.170  0.034  0.125  0.081  0.150  0.440       12
 19:     0.204  0.038  0.236  0.050  0.222  0.249       54
 20:     0.325  0.055  0.085  0.059  0.261  0.215       96
 21:     0.354  0.030  0.193  0.058  0.193  0.173       22
 22:     0.597  0.119  0.034  0.064  0.089  0.098       23
 23:     0.404  0.023  0.087  0.041  0.234  0.210       13
 24:     0.124  0.042  0.227  0.074  0.246  0.286       19
--------------------------------------------

Allele-freq. divergence among pops (Net nucleotide distance),
computed using point estimates of P.

      1       2       3       4       5       6      
 1      -    0.0433  0.0179  0.0322  0.0120  0.0092  
 2   0.0433     -    0.0343  0.0242  0.0387  0.0296  
 3   0.0179  0.0343     -    0.0299  0.0111  0.0068  
 4   0.0322  0.0242  0.0299     -    0.0268  0.0235  
 5   0.0120  0.0387  0.0111  0.0268     -    0.0057  
 6   0.0092  0.0296  0.0068  0.0235  0.0057     -    

Average distances (expected heterozygosity) between individuals in same cluster:
cluster  1  : 0.8350 
cluster  2  : 0.8267 
cluster  3  : 0.8511 
cluster  4  : 0.8158 
cluster  5  : 0.8453 
cluster  6  : 0.8597 

--------------------------------------------
Estimated Ln Prob of Data   = -47188.5
Mean value of ln likelihood = -45428.8
Variance of ln likelihood   = 3519.4
Mean value of alpha         = 0.0618

Mean value of Fst_1         = 0.0316
Mean value of Fst_2         = 0.0676
Mean value of Fst_3         = 0.0254
Mean value of Fst_4         = 0.0533
Mean value of Fst_5         = 0.0222
Mean value of Fst_6         = 0.0104


Inferred ancestry of individuals:
        Label (%Miss) Pop:  Inferred clusters
  1    C3984    (0)    1 :  0.011 0.846 0.014 0.090 0.022 0.016 
  2    C3985    (0)    1 :  0.020 0.745 0.017 0.181 0.013 0.025 
  3    C3986    (0)    1 :  0.008 0.907 0.017 0.045 0.011 0.011 
  4    C4231    (0)    1 :  0.015 0.644 0.028 0.196 0.044 0.072 
  5    C4344    (0)    1 :  0.019 0.077 0.032 0.816 0.027 0.030 
  6    C4347   (18)    1 :  0.047 0.058 0.012 0.841 0.023 0.019 
  7    C4352   (18)    1 :  0.025 0.730 0.027 0.170 0.019 0.029 
  8    C4355    (9)    1 :  0.019 0.202 0.029 0.686 0.048 0.016 
  9    C4358   (18)    1 :  0.091 0.050 0.147 0.025 0.191 0.497 
 10    C4419    (9)    1 :  0.024 0.537 0.033 0.151 0.205 0.050 
 11    C4428    (9)    1 :  0.022 0.489 0.015 0.441 0.018 0.015 
 12    C4436    (0)    1 :  0.018 0.389 0.016 0.546 0.013 0.018 
 13    C4437   (18)    1 :  0.060 0.600 0.027 0.183 0.063 0.066 
 14    C4450    (0)    1 :  0.072 0.332 0.152 0.182 0.142 0.120 
 15    C4531    (0)    1 :  0.036 0.830 0.043 0.014 0.030 0.047 
 16    C1615    (0)    1 :  0.112 0.337 0.105 0.246 0.072 0.129 
 17    C1616    (0)    1 :  0.205 0.128 0.025 0.206 0.294 0.142 
 18    C1617    (9)    1 :  0.017 0.017 0.010 0.927 0.017 0.013 
 19    C1618    (0)    1 :  0.071 0.592 0.138 0.132 0.023 0.045 
 20    C1619    (0)    1 :  0.090 0.126 0.215 0.448 0.031 0.089 
 21    C1620    (9)    1 :  0.072 0.216 0.185 0.350 0.025 0.151 
 22    C1621    (0)    1 :  0.516 0.047 0.058 0.174 0.059 0.145 
 23    C1623    (9)    1 :  0.205 0.360 0.226 0.022 0.067 0.120 
 24    C1625    (0)    1 :  0.120 0.041 0.119 0.614 0.025 0.080 
 25    C1626    (0)    1 :  0.165 0.031 0.044 0.437 0.154 0.168 
 26    C1627    (9)    1 :  0.064 0.184 0.038 0.662 0.017 0.035 
 27    C1633    (0)    1 :  0.039 0.108 0.019 0.784 0.028 0.022 
 28    C1637    (0)    1 :  0.031 0.032 0.014 0.881 0.023 0.019 
 29    C1650    (0)    1 :  0.036 0.753 0.019 0.124 0.045 0.024 
 30    C3202    (0)    1 :  0.031 0.029 0.013 0.893 0.014 0.019 
 31    C3248    (0)    1 :  0.014 0.014 0.014 0.921 0.015 0.024 
 32    C3304    (9)    1 :  0.016 0.031 0.016 0.847 0.068 0.022 
 33    C3326    (0)    1 :  0.041 0.088 0.026 0.655 0.066 0.125 
 34    C3333    (0)    1 :  0.024 0.016 0.017 0.903 0.021 0.019 
 35    C3339   (18)    1 :  0.016 0.019 0.028 0.876 0.038 0.024 
 36    C3346    (0)    1 :  0.007 0.018 0.012 0.944 0.010 0.010 
 37    C3349    (0)    1 :  0.016 0.017 0.033 0.863 0.041 0.030 
 38    C3367   (18)    1 :  0.035 0.245 0.024 0.641 0.031 0.024 
 39    C3374    (0)    1 :  0.008 0.092 0.014 0.860 0.013 0.013 
 40    C3405    (0)    1 :  0.014 0.044 0.051 0.781 0.083 0.027 
 41    C4543    (0)    2 :  0.013 0.888 0.021 0.033 0.029 0.016 
 42    C4545    (9)    2 :  0.009 0.895 0.051 0.020 0.010 0.014 
 43    C4551    (9)    2 :  0.033 0.558 0.085 0.052 0.036 0.235 
 44    C4491    (0)    2 :  0.035 0.577 0.102 0.101 0.057 0.129 
 45    C4494    (0)    2 :  0.010 0.543 0.017 0.400 0.015 0.015 
 46    C4495    (0)    2 :  0.028 0.221 0.055 0.248 0.026 0.422 
 47    C4497    (9)    2 :  0.019 0.250 0.025 0.648 0.030 0.029 
 48    C4501    (0)    2 :  0.029 0.242 0.078 0.246 0.301 0.104 
 49    C4502    (0)    2 :  0.017 0.621 0.076 0.249 0.021 0.017 
 50    C4503    (0)    2 :  0.024 0.613 0.297 0.018 0.016 0.032 
 51    C4504    (0)    2 :  0.078 0.390 0.196 0.041 0.135 0.160 
 52    C4470    (0)    2 :  0.051 0.320 0.058 0.259 0.082 0.230 
 53    C4471    (0)    2 :  0.013 0.880 0.021 0.041 0.029 0.017 
 54    C4474    (9)    2 :  0.036 0.865 0.024 0.009 0.024 0.044 
 55    C4476    (0)    2 :  0.019 0.572 0.034 0.320 0.029 0.026 
 56    C4479    (0)    2 :  0.049 0.143 0.011 0.756 0.019 0.022 
 57    C4482    (0)    2 :  0.145 0.651 0.013 0.079 0.042 0.070 
 58    C4483    (0)    2 :  0.016 0.920 0.019 0.009 0.014 0.022 
 59    C4484    (0)    2 :  0.025 0.624 0.070 0.169 0.071 0.042 
 60    C4485    (0)    2 :  0.075 0.170 0.056 0.461 0.114 0.124 
 61    C4489    (0)    2 :  0.019 0.522 0.028 0.374 0.037 0.020 
 62    C4505    (0)    2 :  0.027 0.546 0.027 0.276 0.052 0.072 
 63    C4507    (0)    2 :  0.016 0.535 0.218 0.046 0.116 0.070 
 64    C4535    (0)    2 :  0.042 0.813 0.044 0.018 0.033 0.051 
 65    C4542    (0)    2 :  0.046 0.218 0.052 0.019 0.353 0.311 
 66    C4553    (9)    2 :  0.029 0.818 0.020 0.062 0.026 0.045 
 67    C4562   (18)    2 :  0.035 0.663 0.073 0.159 0.027 0.043 
 68    C4582   (18)    2 :  0.044 0.847 0.024 0.025 0.026 0.034 
 69    C4693    (0)    2 :  0.015 0.921 0.010 0.032 0.013 0.011 
 70    C4696    (0)    2 :  0.042 0.648 0.075 0.083 0.034 0.117 
 71    C3179    (0)    2 :  0.017 0.032 0.084 0.798 0.033 0.035 
 72    C3181    (0)    2 :  0.030 0.052 0.025 0.753 0.059 0.082 
 73    C3188    (0)    2 :  0.040 0.114 0.041 0.694 0.068 0.044 
 74    C3190    (0)    2 :  0.026 0.038 0.015 0.800 0.088 0.033 
 75    C3193    (0)    2 :  0.028 0.026 0.011 0.901 0.014 0.020 
 76    C3232    (0)    2 :  0.012 0.461 0.015 0.475 0.015 0.022 
 77    C3236    (0)    2 :  0.008 0.039 0.009 0.923 0.010 0.010 
 78    C3249    (0)    2 :  0.031 0.038 0.032 0.823 0.052 0.024 
 79    C3250    (0)    2 :  0.015 0.140 0.012 0.793 0.025 0.016 
 80    C3253    (0)    2 :  0.030 0.300 0.020 0.584 0.027 0.039 
 81    C3255    (0)    2 :  0.013 0.170 0.012 0.770 0.013 0.022 
 82    C3277    (0)    2 :  0.086 0.030 0.039 0.696 0.065 0.084 
 83    C3315    (0)    2 :  0.260 0.204 0.155 0.066 0.149 0.166 
 84    C3288    (0)    2 :  0.036 0.089 0.020 0.814 0.017 0.024 
 85    C3293    (0)    2 :  0.069 0.244 0.057 0.341 0.101 0.188 
 86    C4018    (0)    3 :  0.008 0.908 0.008 0.050 0.016 0.011 
 87    C3980    (0)    3 :  0.014 0.917 0.013 0.019 0.017 0.019 
 88    C3987    (0)    3 :  0.013 0.913 0.014 0.030 0.014 0.016 
 89    C3988    (0)    3 :  0.013 0.829 0.014 0.116 0.010 0.020 
 90    C3989    (0)    3 :  0.011 0.313 0.011 0.304 0.024 0.337 
 91    C4011    (0)    3 :  0.006 0.896 0.007 0.077 0.007 0.007 
 92    C4017    (0)    3 :  0.007 0.958 0.008 0.012 0.007 0.007 
 93    C4296    (0)    3 :  0.081 0.120 0.122 0.245 0.154 0.279 
 94    C4301    (9)    3 :  0.016 0.012 0.047 0.023 0.870 0.033 
 95    C4303    (0)    3 :  0.376 0.024 0.032 0.471 0.051 0.045 
 96    C4453    (0)    3 :  0.078 0.409 0.098 0.347 0.044 0.024 
 97    C4455    (9)    3 :  0.082 0.264 0.030 0.538 0.033 0.054 
 98    C4456   (18)    3 :  0.181 0.376 0.185 0.119 0.067 0.072 
 99    C4457    (9)    3 :  0.103 0.078 0.038 0.553 0.125 0.102 
100    C4459    (9)    3 :  0.024 0.551 0.013 0.363 0.019 0.030 
101    C4464   (18)    3 :  0.010 0.279 0.012 0.673 0.012 0.015 
102    C4467   (18)    3 :  0.011 0.251 0.011 0.707 0.010 0.011 
103    C4468    (9)    3 :  0.066 0.102 0.021 0.773 0.016 0.021 
104    C4783    (0)    3 :  0.016 0.814 0.016 0.035 0.015 0.103 
105    C4786    (0)    3 :  0.015 0.509 0.015 0.409 0.032 0.020 
106    C4789    (9)    3 :  0.014 0.519 0.011 0.347 0.087 0.023 
107    C4891    (0)    3 :  0.021 0.307 0.042 0.412 0.039 0.179 
108    C4896    (0)    3 :  0.071 0.552 0.046 0.077 0.134 0.119 
109    C4898    (0)    3 :  0.023 0.823 0.021 0.071 0.016 0.046 
110    C4901    (0)    3 :  0.021 0.442 0.012 0.461 0.031 0.033 
111    C4903    (9)    3 :  0.063 0.147 0.021 0.589 0.096 0.084 
112    C4904    (0)    3 :  0.010 0.853 0.012 0.057 0.024 0.045 
113    C3263    (0)    3 :  0.017 0.013 0.096 0.845 0.011 0.018 
114    C3271    (0)    3 :  0.011 0.031 0.016 0.901 0.022 0.020 
115    C3272    (0)    3 :  0.011 0.020 0.026 0.857 0.054 0.032 
116    C3276    (0)    3 :  0.035 0.018 0.066 0.494 0.327 0.060 
117    C3280    (9)    3 :  0.042 0.108 0.272 0.424 0.052 0.102 
118    C3305    (9)    3 :  0.014 0.053 0.026 0.845 0.039 0.023 
119    C3306    (0)    3 :  0.032 0.031 0.059 0.790 0.026 0.062 
120    C3324    (0)    3 :  0.022 0.043 0.389 0.351 0.042 0.153 
121    C3329    (0)    3 :  0.043 0.199 0.145 0.395 0.069 0.149 
122    C3336    (0)    3 :  0.017 0.033 0.023 0.836 0.048 0.043 
123    C3341   (18)    3 :  0.047 0.058 0.723 0.065 0.038 0.069 
124    C3409   (18)    3 :  0.046 0.047 0.062 0.587 0.135 0.121 
125    C3168    (9)    3 :  0.013 0.032 0.023 0.894 0.019 0.020 
126    C3170    (0)    3 :  0.010 0.035 0.018 0.883 0.033 0.020 
127    C3214   (18)    3 :  0.036 0.022 0.012 0.745 0.166 0.020 
128    C3227    (0)    3 :  0.020 0.026 0.019 0.867 0.048 0.021 
129    C3228    (0)    3 :  0.048 0.286 0.053 0.491 0.061 0.061 
130    C3279    (0)    3 :  0.023 0.025 0.023 0.689 0.073 0.166 
131    C3322    (0)    3 :  0.109 0.105 0.020 0.187 0.203 0.376 
132    C3303    (0)    3 :  0.016 0.014 0.039 0.848 0.052 0.031 
133    C3317    (0)    3 :  0.017 0.032 0.026 0.889 0.015 0.021 
134    C3355    (0)    3 :  0.010 0.025 0.013 0.932 0.009 0.010 
135    C3376    (9)    3 :  0.023 0.045 0.016 0.841 0.051 0.025 
136    C3401    (0)    3 :  0.032 0.049 0.029 0.822 0.035 0.034 
137    C3203    (9)    3 :  0.040 0.035 0.049 0.804 0.046 0.027 
138    C3245    (0)    3 :  0.022 0.010 0.014 0.912 0.023 0.018 
139    C3302    (0)    3 :  0.025 0.023 0.034 0.847 0.030 0.042 
140    C3307    (0)    3 :  0.115 0.183 0.224 0.385 0.015 0.078 
141    C3310    (0)    3 :  0.015 0.015 0.021 0.914 0.015 0.021 
142    C3312    (9)    3 :  0.041 0.176 0.031 0.640 0.023 0.088 
143    C3345    (0)    3 :  0.014 0.028 0.033 0.888 0.018 0.019 
144    C3371    (0)    3 :  0.018 0.015 0.079 0.846 0.015 0.026 
145    C3372    (0)    3 :  0.021 0.039 0.043 0.840 0.018 0.039 
146    C3380    (9)    3 :  0.009 0.055 0.009 0.908 0.010 0.008 
147    C3417    (0)    3 :  0.046 0.321 0.248 0.284 0.036 0.065 
148    C4569    (9)    4 :  0.073 0.290 0.188 0.031 0.234 0.183 
149    C4570    (9)    4 :  0.016 0.920 0.016 0.018 0.014 0.016 
150    C4571    (9)    4 :  0.028 0.835 0.016 0.085 0.019 0.016 
151    C4572    (9)    4 :  0.020 0.922 0.014 0.013 0.014 0.016 
152    C4573    (9)    4 :  0.543 0.156 0.050 0.042 0.118 0.090 
153    C4575    (9)    4 :  0.163 0.626 0.036 0.047 0.064 0.064 
154    C4577    (9)    4 :  0.012 0.904 0.017 0.023 0.016 0.029 
155    C4578    (9)    4 :  0.118 0.648 0.028 0.040 0.074 0.093 
156    C4600   (18)    4 :  0.059 0.537 0.040 0.039 0.082 0.243 
157    C4612    (9)    4 :  0.028 0.658 0.021 0.023 0.233 0.037 
158    C4621    (0)    4 :  0.016 0.928 0.007 0.024 0.013 0.012 
159    C4622    (9)    4 :  0.012 0.935 0.014 0.014 0.011 0.014 
160    C4623    (0)    4 :  0.079 0.207 0.416 0.169 0.058 0.072 
161    C4624    (0)    4 :  0.059 0.847 0.024 0.021 0.023 0.026 
162    C4625    (0)    4 :  0.572 0.212 0.021 0.042 0.077 0.076 
163    C4627    (0)    4 :  0.031 0.884 0.020 0.024 0.025 0.018 
164    C4631    (0)    4 :  0.025 0.621 0.290 0.016 0.015 0.033 
165    C4632    (0)    4 :  0.020 0.902 0.017 0.028 0.014 0.019 
166    C3939    (0)    4 :  0.013 0.873 0.017 0.043 0.032 0.023 
167    C3940    (0)    4 :  0.012 0.784 0.026 0.024 0.080 0.074 
168    C3945    (0)    4 :  0.007 0.947 0.009 0.014 0.009 0.014 
169    C4520    (0)    4 :  0.033 0.094 0.074 0.106 0.504 0.188 
170    C4522    (0)    4 :  0.010 0.907 0.010 0.047 0.013 0.013 
171    C3182    (0)    4 :  0.013 0.036 0.021 0.896 0.015 0.019 
172    C3189    (0)    4 :  0.210 0.071 0.035 0.463 0.101 0.120 
173    C3191    (9)    4 :  0.048 0.025 0.028 0.852 0.022 0.024 
174    C3196    (0)    4 :  0.024 0.017 0.017 0.888 0.029 0.025 
175    C3208    (0)    4 :  0.056 0.209 0.055 0.589 0.057 0.034 
176    C3211    (0)    4 :  0.016 0.033 0.023 0.861 0.038 0.030 
177    C3212    (0)    4 :  0.015 0.106 0.194 0.170 0.359 0.156 
178    C3213    (0)    4 :  0.017 0.015 0.042 0.847 0.039 0.040 
179    C3215    (0)    4 :  0.184 0.116 0.042 0.407 0.143 0.108 
180    C3217    (0)    4 :  0.018 0.024 0.024 0.889 0.020 0.025 
181    C3225    (9)    4 :  0.031 0.034 0.027 0.785 0.075 0.048 
182    C3226    (0)    4 :  0.013 0.377 0.013 0.569 0.013 0.015 
183    C3238    (9)    4 :  0.026 0.153 0.014 0.758 0.030 0.018 
184    C3239    (0)    4 :  0.023 0.159 0.040 0.690 0.044 0.044 
185    C3269   (18)    4 :  0.180 0.307 0.034 0.207 0.188 0.084 
186    C3273    (0)    4 :  0.039 0.035 0.010 0.861 0.028 0.027 
187    C3274    (0)    4 :  0.036 0.024 0.018 0.626 0.119 0.177 
188    C3354    (0)    4 :  0.017 0.017 0.012 0.909 0.020 0.025 
189    C3361    (0)    4 :  0.017 0.027 0.013 0.902 0.023 0.019 
190    C3289    (0)    4 :  0.020 0.102 0.014 0.807 0.031 0.026 
191    C3169    (0)    4 :  0.014 0.118 0.012 0.826 0.020 0.011 
192    C3199    (9)    4 :  0.047 0.207 0.021 0.670 0.033 0.023 
193    C3224    (0)    4 :  0.022 0.037 0.018 0.876 0.030 0.017 
194    C3261   (18)    4 :  0.010 0.125 0.014 0.812 0.013 0.026 
195    C3320    (0)    4 :  0.031 0.044 0.015 0.836 0.037 0.036 
196    C4151    (0)    5 :  0.010 0.945 0.008 0.018 0.008 0.011 
197    C4152    (0)    5 :  0.017 0.904 0.015 0.030 0.019 0.015 
198    C4153    (0)    5 :  0.030 0.640 0.018 0.206 0.069 0.037 
199    C4154   (18)    5 :  0.011 0.851 0.020 0.067 0.021 0.031 
200    C4157    (0)    5 :  0.021 0.495 0.019 0.307 0.032 0.126 
201    C4158    (0)    5 :  0.020 0.927 0.008 0.022 0.009 0.014 
202    C4163    (0)    5 :  0.007 0.961 0.007 0.010 0.007 0.007 
203    C4165    (0)    5 :  0.047 0.287 0.092 0.036 0.019 0.518 
204    C4248    (9)    5 :  0.032 0.145 0.022 0.735 0.030 0.036 
205    C4254    (0)    5 :  0.016 0.274 0.024 0.612 0.041 0.033 
206    C4371    (9)    5 :  0.022 0.567 0.072 0.282 0.028 0.028 
207    C3936    (0)    5 :  0.017 0.911 0.019 0.017 0.016 0.020 
208    C3937    (0)    5 :  0.011 0.945 0.010 0.016 0.008 0.011 
209    C3944    (0)    5 :  0.008 0.902 0.012 0.060 0.008 0.009 
210    C3954    (0)    5 :  0.030 0.609 0.009 0.322 0.020 0.011 
211    C3955    (9)    5 :  0.042 0.682 0.010 0.199 0.041 0.025 
212    C3961    (0)    5 :  0.012 0.888 0.033 0.028 0.025 0.014 
213    C3974    (0)    5 :  0.017 0.905 0.014 0.018 0.031 0.015 
214    C4024    (0)    5 :  0.014 0.797 0.053 0.081 0.030 0.024 
215    C4025    (0)    5 :  0.022 0.868 0.042 0.030 0.020 0.018 
216    C4028    (0)    5 :  0.066 0.744 0.030 0.059 0.051 0.051 
217    C4032   (18)    5 :  0.017 0.515 0.015 0.421 0.018 0.014 
218    C4033   (18)    5 :  0.015 0.056 0.013 0.884 0.014 0.018 
219    C4034    (0)    5 :  0.027 0.059 0.112 0.684 0.048 0.070 
220    C4041    (9)    5 :  0.019 0.054 0.132 0.531 0.204 0.059 
221    C4042   (18)    5 :  0.038 0.178 0.104 0.425 0.033 0.222 
222    C4043    (9)    5 :  0.027 0.544 0.029 0.349 0.025 0.027 
223    C4044    (9)    5 :  0.079 0.171 0.516 0.088 0.071 0.075 
224    C4045    (9)    5 :  0.047 0.260 0.015 0.614 0.023 0.041 
225    C4046    (9)    5 :  0.035 0.106 0.047 0.770 0.018 0.024 
226    C4047    (0)    5 :  0.075 0.073 0.027 0.657 0.057 0.112 
227    C4048    (9)    5 :  0.076 0.047 0.053 0.681 0.042 0.101 
228    C4055    (9)    5 :  0.060 0.625 0.025 0.208 0.042 0.041 
229    C4057   (18)    5 :  0.014 0.626 0.068 0.231 0.031 0.030 
230    C4059    (0)    5 :  0.023 0.058 0.012 0.868 0.021 0.018 
231    C4060    (9)    5 :  0.022 0.768 0.018 0.127 0.033 0.032 
232    C4064    (9)    5 :  0.276 0.165 0.025 0.288 0.043 0.204 
233    C4067    (0)    5 :  0.118 0.046 0.068 0.689 0.028 0.051 
234    C4068    (9)    5 :  0.031 0.026 0.016 0.882 0.023 0.021 
235    C4070    (9)    5 :  0.034 0.177 0.135 0.570 0.021 0.063 
236    C4075   (18)    5 :  0.023 0.122 0.027 0.742 0.030 0.055 
237    C4081    (9)    5 :  0.032 0.066 0.029 0.793 0.039 0.042 
238    C4082    (0)    5 :  0.047 0.482 0.027 0.343 0.054 0.047 
239    C4083    (0)    5 :  0.079 0.151 0.285 0.170 0.056 0.258 
240    C4086    (0)    5 :  0.305 0.148 0.018 0.408 0.066 0.055 
241    C4088    (9)    5 :  0.860 0.030 0.012 0.039 0.025 0.033 
242    C4092    (0)    5 :  0.017 0.635 0.077 0.202 0.034 0.036 
243    C4099    (9)    5 :  0.027 0.094 0.079 0.616 0.151 0.034 
244    C4104    (0)    5 :  0.017 0.877 0.028 0.043 0.015 0.021 
245    C4108   (18)    5 :  0.159 0.011 0.043 0.015 0.556 0.216 
246    C4118    (0)    5 :  0.151 0.097 0.047 0.171 0.234 0.299 
247    C4131    (0)    5 :  0.120 0.572 0.026 0.171 0.040 0.071 
248    C4133    (0)    5 :  0.021 0.221 0.018 0.691 0.025 0.024 
249    C4135    (0)    5 :  0.006 0.921 0.007 0.050 0.007 0.009 
250    C4136    (0)    5 :  0.151 0.559 0.030 0.030 0.117 0.113 
251    C4137    (9)    5 :  0.033 0.591 0.023 0.271 0.028 0.055 
252    C4139    (0)    5 :  0.008 0.908 0.011 0.043 0.015 0.015 
253    C4140    (9)    5 :  0.011 0.895 0.013 0.046 0.010 0.025 
254    C4167    (0)    5 :  0.076 0.658 0.071 0.059 0.028 0.106 
255    C4236    (0)    5 :  0.035 0.089 0.029 0.735 0.052 0.060 
256    C4237    (0)    5 :  0.671 0.062 0.032 0.027 0.115 0.093 
257    C4238    (0)    5 :  0.082 0.284 0.019 0.542 0.036 0.036 
258    C4241    (0)    5 :  0.016 0.057 0.015 0.863 0.020 0.028 
259    C4247    (9)    5 :  0.278 0.255 0.160 0.194 0.046 0.066 
260    C4257    (0)    5 :  0.029 0.055 0.019 0.826 0.053 0.017 
261    C4383    (0)    5 :  0.066 0.441 0.248 0.107 0.086 0.052 
262    C4397    (9)    5 :  0.017 0.588 0.014 0.332 0.016 0.033 
263    C4514    (0)    5 :  0.013 0.916 0.016 0.031 0.010 0.014 
264    C4519    (0)    5 :  0.010 0.775 0.016 0.050 0.125 0.024 
265    C4527    (0)    5 :  0.022 0.465 0.025 0.441 0.020 0.027 
266    C4534    (0)    5 :  0.023 0.478 0.075 0.259 0.113 0.053 
267    C4699    (0)    5 :  0.085 0.797 0.035 0.030 0.019 0.035 
268    C1541    (9)    5 :  0.014 0.034 0.013 0.917 0.009 0.014 
269    C1542    (9)    5 :  0.018 0.019 0.013 0.916 0.016 0.018 
270    C1544    (0)    5 :  0.039 0.084 0.016 0.808 0.032 0.022 
271    C1547    (9)    5 :  0.139 0.071 0.214 0.194 0.281 0.101 
272    C1553    (9)    5 :  0.072 0.149 0.118 0.098 0.189 0.375 
273    C1555    (9)    5 :  0.035 0.041 0.020 0.810 0.041 0.052 
274    C1557    (0)    5 :  0.032 0.081 0.028 0.813 0.021 0.025 
275    C1560    (0)    5 :  0.012 0.022 0.017 0.884 0.046 0.019 
276    C1565    (0)    5 :  0.014 0.030 0.038 0.868 0.020 0.031 
277    C1567    (0)    5 :  0.037 0.053 0.031 0.788 0.061 0.029 
278    C1569    (0)    5 :  0.017 0.061 0.022 0.863 0.017 0.020 
279    C1571    (0)    5 :  0.069 0.059 0.035 0.700 0.089 0.048 
280    C1576    (0)    5 :  0.098 0.367 0.035 0.420 0.044 0.036 
281    C1577    (9)    5 :  0.043 0.046 0.018 0.819 0.043 0.030 
282    C1579    (0)    5 :  0.018 0.027 0.013 0.897 0.016 0.029 
283    C3990    (0)    6 :  0.009 0.952 0.008 0.015 0.008 0.009 
284    C3991    (0)    6 :  0.053 0.809 0.063 0.026 0.025 0.024 
285    C3992    (0)    6 :  0.046 0.833 0.020 0.018 0.051 0.033 
286    C3994    (0)    6 :  0.052 0.410 0.159 0.266 0.045 0.068 
287    C4172    (0)    6 :  0.134 0.490 0.084 0.014 0.135 0.144 
288    C4173    (9)    6 :  0.016 0.341 0.559 0.037 0.022 0.026 
289    C4232    (9)    6 :  0.008 0.016 0.008 0.950 0.009 0.009 
290    C4234    (9)    6 :  0.012 0.033 0.009 0.920 0.013 0.012 
291    C4259    (0)    6 :  0.012 0.024 0.011 0.930 0.010 0.013 
292    C4260    (0)    6 :  0.009 0.212 0.009 0.742 0.016 0.012 
293    C4261    (9)    6 :  0.056 0.214 0.121 0.253 0.086 0.269 
294    C4262    (0)    6 :  0.015 0.526 0.074 0.312 0.033 0.041 
295    C4263    (0)    6 :  0.052 0.046 0.029 0.837 0.014 0.022 
296    C4267    (9)    6 :  0.044 0.475 0.016 0.417 0.018 0.029 
297    C4269    (0)    6 :  0.024 0.654 0.035 0.225 0.017 0.045 
298    C4272    (0)    6 :  0.016 0.098 0.024 0.810 0.028 0.025 
299    C4274    (0)    6 :  0.017 0.069 0.014 0.350 0.514 0.035 
300    C4276    (9)    6 :  0.066 0.013 0.022 0.053 0.803 0.043 
301    C4278    (0)    6 :  0.033 0.543 0.053 0.240 0.065 0.065 
302    C4280    (0)    6 :  0.018 0.399 0.025 0.446 0.043 0.070 
303    C4281    (0)    6 :  0.021 0.047 0.020 0.867 0.016 0.029 
304    C4282    (0)    6 :  0.066 0.021 0.227 0.522 0.033 0.132 
305    C4284    (9)    6 :  0.011 0.648 0.010 0.309 0.011 0.012 
306    C4286    (9)    6 :  0.038 0.253 0.034 0.510 0.089 0.076 
307    C4287    (0)    6 :  0.016 0.333 0.076 0.408 0.073 0.094 
308    C4290    (0)    6 :  0.271 0.051 0.102 0.054 0.424 0.099 
309    C4307   (18)    6 :  0.021 0.542 0.043 0.293 0.031 0.070 
310    C4310    (9)    6 :  0.060 0.103 0.012 0.759 0.045 0.021 
311    C4311   (18)    6 :  0.024 0.055 0.020 0.823 0.044 0.034 
312    C4312    (0)    6 :  0.031 0.123 0.020 0.782 0.021 0.023 
313    C4314    (0)    6 :  0.150 0.025 0.016 0.746 0.029 0.034 
314    C4318    (9)    6 :  0.016 0.076 0.065 0.750 0.038 0.055 
315    C4321    (9)    6 :  0.014 0.536 0.048 0.305 0.070 0.028 
316    C4324    (0)    6 :  0.015 0.347 0.084 0.466 0.051 0.036 
317    C4334    (0)    6 :  0.010 0.796 0.032 0.134 0.017 0.012 
318    C4529    (0)    6 :  0.056 0.107 0.042 0.687 0.048 0.059 
319    C1582    (9)    6 :  0.024 0.373 0.018 0.543 0.023 0.019 
320    C1583    (0)    6 :  0.080 0.039 0.024 0.789 0.031 0.036 
321    C1584    (9)    6 :  0.028 0.169 0.015 0.719 0.047 0.023 
322    C1585    (0)    6 :  0.017 0.778 0.011 0.168 0.015 0.011 
323    C1586    (0)    6 :  0.040 0.139 0.119 0.648 0.019 0.035 
324    C1589    (0)    6 :  0.015 0.532 0.013 0.414 0.013 0.012 
325    C1591    (0)    6 :  0.016 0.336 0.016 0.602 0.017 0.013 
326    C1592    (0)    6 :  0.030 0.038 0.038 0.837 0.025 0.032 
327    C1594    (0)    6 :  0.091 0.128 0.018 0.719 0.023 0.020 
328    C1597    (9)    6 :  0.026 0.051 0.030 0.810 0.048 0.035 
329    C1598    (9)    6 :  0.033 0.694 0.015 0.223 0.016 0.019 
330    C1599    (0)    6 :  0.011 0.031 0.013 0.893 0.033 0.019 
331    C1601    (0)    6 :  0.087 0.491 0.037 0.270 0.040 0.074 
332    C1605    (0)    6 :  0.133 0.177 0.054 0.110 0.279 0.248 
333    C1609    (0)    6 :  0.014 0.698 0.015 0.244 0.014 0.015 
334    C1610    (0)    6 :  0.074 0.023 0.018 0.706 0.080 0.098 
335    C1611    (0)    6 :  0.013 0.014 0.051 0.880 0.016 0.026 
336    C1612    (0)    6 :  0.010 0.011 0.008 0.952 0.009 0.010 
337    C1613    (0)    6 :  0.025 0.036 0.044 0.853 0.027 0.015 
338    C3173    (9)    6 :  0.042 0.053 0.048 0.732 0.056 0.068 
339    C3204    (0)    6 :  0.020 0.034 0.016 0.889 0.021 0.019 
340    C3223    (9)    6 :  0.023 0.028 0.111 0.306 0.450 0.082 
341    C3262    (0)    6 :  0.069 0.032 0.025 0.794 0.042 0.037 
342    C3270    (0)    6 :  0.021 0.374 0.022 0.524 0.027 0.032 
343    C3300    (0)    6 :  0.009 0.829 0.008 0.132 0.012 0.009 
344    C3330    (0)    6 :  0.016 0.422 0.023 0.454 0.034 0.051 
345    C3390    (9)    6 :  0.024 0.382 0.028 0.512 0.025 0.028 
346    C3424    (9)    6 :  0.015 0.042 0.017 0.834 0.032 0.060 
347    C3958    (0)    6 :  0.009 0.914 0.018 0.028 0.012 0.020 
348    C3962    (0)    6 :  0.009 0.920 0.016 0.021 0.014 0.021 
349    C4019    (0)    6 :  0.060 0.106 0.094 0.014 0.080 0.647 
350    C3995   (18)    6 :  0.020 0.881 0.036 0.021 0.017 0.024 
351    C4000    (0)    6 :  0.020 0.681 0.092 0.050 0.035 0.122 
352    C4002    (0)    6 :  0.016 0.882 0.029 0.037 0.013 0.023 
353    C1692    (0)    7 :  0.062 0.112 0.041 0.020 0.294 0.471 
354    C1693    (0)    7 :  0.019 0.050 0.188 0.235 0.385 0.122 
355    C1694    (0)    7 :  0.154 0.024 0.330 0.110 0.253 0.130 
356    C1698    (0)    7 :  0.117 0.010 0.219 0.019 0.284 0.351 
357    C1699    (0)    7 :  0.557 0.023 0.053 0.027 0.138 0.203 
358    C1700    (0)    7 :  0.114 0.097 0.231 0.056 0.156 0.346 
359    C1701    (0)    7 :  0.517 0.014 0.047 0.022 0.058 0.342 
360    C1702    (0)    7 :  0.161 0.015 0.087 0.013 0.190 0.535 
361    C1703    (0)    7 :  0.091 0.018 0.546 0.012 0.123 0.211 
362    C1704    (0)    7 :  0.044 0.059 0.334 0.081 0.279 0.202 
363    C1705    (0)    7 :  0.022 0.154 0.532 0.011 0.229 0.053 
364    C1706    (0)    7 :  0.582 0.012 0.062 0.022 0.174 0.148 
365    C1707    (0)    7 :  0.185 0.027 0.036 0.387 0.259 0.105 
366    C1708    (0)    7 :  0.022 0.016 0.809 0.013 0.029 0.110 
367    C1709    (0)    7 :  0.030 0.057 0.787 0.022 0.036 0.069 
368    C1710    (0)    7 :  0.166 0.030 0.183 0.035 0.111 0.475 
369    C1712    (0)    7 :  0.019 0.020 0.766 0.010 0.036 0.149 
370    C1714    (0)    7 :  0.024 0.017 0.881 0.015 0.022 0.040 
371    C1715    (0)    7 :  0.123 0.017 0.028 0.025 0.459 0.349 
372    C1717    (0)    7 :  0.030 0.016 0.071 0.110 0.642 0.131 
373    C1718   (18)    7 :  0.065 0.018 0.061 0.051 0.306 0.500 
374    C1719    (0)    7 :  0.023 0.096 0.716 0.071 0.031 0.063 
375    C1656    (0)    8 :  0.555 0.041 0.070 0.010 0.065 0.258 
376    C1657   (18)    8 :  0.266 0.022 0.501 0.021 0.072 0.119 
377    C1658    (0)    8 :  0.229 0.010 0.071 0.009 0.365 0.317 
378    C1659    (0)    8 :  0.178 0.024 0.024 0.042 0.546 0.185 
379    C1661    (9)    8 :  0.116 0.038 0.120 0.073 0.208 0.446 
380    C1665    (0)    8 :  0.392 0.016 0.071 0.028 0.137 0.356 
381    C1667    (9)    8 :  0.021 0.006 0.916 0.008 0.018 0.031 
382    C1676    (9)    8 :  0.304 0.025 0.128 0.017 0.044 0.481 
383    C1681    (9)    8 :  0.326 0.018 0.140 0.027 0.295 0.193 
384    C1682    (0)    8 :  0.134 0.028 0.535 0.014 0.060 0.229 
385    C1685    (0)    8 :  0.113 0.031 0.029 0.024 0.021 0.781 
386    C4707    (0)    9 :  0.044 0.065 0.047 0.025 0.018 0.801 
387    C4747    (0)    9 :  0.025 0.098 0.506 0.137 0.106 0.127 
388    C4772    (0)    9 :  0.107 0.491 0.042 0.077 0.077 0.206 
389    C4781    (0)    9 :  0.024 0.040 0.664 0.024 0.044 0.203 
390    C4782    (0)    9 :  0.091 0.104 0.273 0.068 0.277 0.187 
391    C4787    (0)    9 :  0.048 0.110 0.066 0.017 0.645 0.115 
392    C4790    (0)    9 :  0.050 0.103 0.581 0.016 0.026 0.223 
393    C4803    (0)    9 :  0.052 0.092 0.152 0.050 0.461 0.195 
394    C4813    (0)    9 :  0.078 0.622 0.055 0.023 0.086 0.135 
395    C4837    (0)    9 :  0.040 0.112 0.038 0.033 0.142 0.635 
396    C4838    (0)    9 :  0.089 0.081 0.053 0.012 0.606 0.159 
397    C4843    (0)    9 :  0.126 0.047 0.038 0.030 0.066 0.693 
398    C4857    (0)    9 :  0.031 0.845 0.023 0.031 0.034 0.037 
399    C4828    (0)    9 :  0.215 0.039 0.079 0.258 0.117 0.292 
400    C4835    (0)    9 :  0.081 0.690 0.021 0.014 0.133 0.060 
401    C4836    (9)    9 :  0.044 0.174 0.157 0.036 0.262 0.327 
402    C4842    (0)    9 :  0.308 0.035 0.089 0.014 0.064 0.490 
403    C4863    (9)    9 :  0.024 0.061 0.174 0.024 0.532 0.185 
404    C4744    (0)    9 :  0.135 0.025 0.275 0.022 0.114 0.429 
405    C4745    (0)    9 :  0.188 0.077 0.048 0.025 0.267 0.396 
406    C4768    (0)    9 :  0.077 0.214 0.371 0.049 0.032 0.257 
407    C4769    (0)    9 :  0.607 0.075 0.072 0.011 0.119 0.116 
408    C4771    (0)    9 :  0.106 0.018 0.109 0.015 0.157 0.596 
409    C4784    (0)    9 :  0.057 0.184 0.632 0.019 0.045 0.062 
410    C4785    (0)    9 :  0.053 0.029 0.827 0.022 0.022 0.047 
411    C4795    (0)    9 :  0.036 0.096 0.587 0.053 0.053 0.174 
412    C4796    (0)    9 :  0.070 0.015 0.206 0.019 0.171 0.518 
413    C4800    (0)    9 :  0.024 0.230 0.017 0.010 0.511 0.208 
414    C4801    (0)    9 :  0.312 0.496 0.044 0.019 0.051 0.078 
415    C4802    (0)    9 :  0.261 0.154 0.033 0.270 0.173 0.109 
416    C4805    (0)    9 :  0.269 0.089 0.215 0.015 0.085 0.327 
417    C4806    (0)    9 :  0.363 0.042 0.037 0.012 0.154 0.393 
418    C4850    (0)    9 :  0.055 0.156 0.033 0.083 0.089 0.584 
419    C4748    (0)   10 :  0.678 0.090 0.073 0.009 0.054 0.096 
420    C4753    (0)   10 :  0.108 0.036 0.125 0.022 0.209 0.499 
421    C4754    (0)   10 :  0.093 0.090 0.106 0.018 0.028 0.665 
422    C4760    (0)   10 :  0.030 0.181 0.046 0.110 0.306 0.327 
423    C4761    (0)   10 :  0.525 0.262 0.095 0.011 0.037 0.070 
424    C4762    (0)   10 :  0.047 0.151 0.553 0.013 0.165 0.072 
425    C4791    (0)   10 :  0.051 0.147 0.088 0.008 0.475 0.230 
426    C4810    (0)   10 :  0.766 0.046 0.025 0.069 0.055 0.039 
427    C4812    (0)   10 :  0.235 0.039 0.033 0.058 0.353 0.282 
428    C4821    (0)   10 :  0.049 0.087 0.085 0.103 0.110 0.566 
429    C4864    (0)   10 :  0.039 0.595 0.033 0.053 0.048 0.232 
430    C4866    (0)   10 :  0.577 0.024 0.033 0.015 0.211 0.140 
431    C1722    (0)   10 :  0.457 0.014 0.039 0.045 0.302 0.143 
432    C1724    (0)   10 :  0.700 0.013 0.015 0.009 0.192 0.071 
433    C1725    (0)   10 :  0.338 0.013 0.056 0.044 0.314 0.235 
434    C1726    (0)   10 :  0.074 0.014 0.095 0.013 0.192 0.613 
435    C1731    (0)   10 :  0.511 0.044 0.099 0.024 0.153 0.169 
436    C1733    (9)   10 :  0.350 0.027 0.019 0.029 0.379 0.195 
437    C1734    (0)   10 :  0.061 0.049 0.040 0.026 0.511 0.314 
438    C1735    (0)   10 :  0.231 0.008 0.031 0.011 0.477 0.242 
439    C1738    (0)   10 :  0.395 0.027 0.016 0.037 0.381 0.145 
440    C1740    (9)   10 :  0.192 0.047 0.064 0.115 0.198 0.383 
441    C1741    (0)   10 :  0.026 0.258 0.157 0.085 0.273 0.200 
442    C1742    (0)   10 :  0.088 0.025 0.024 0.020 0.077 0.766 
443    C1743    (0)   10 :  0.115 0.024 0.522 0.022 0.209 0.109 
444    C1745    (0)   10 :  0.080 0.053 0.031 0.026 0.224 0.586 
445    C1746    (0)   10 :  0.336 0.061 0.131 0.035 0.180 0.258 
446    C1747    (0)   10 :  0.250 0.033 0.151 0.046 0.386 0.134 
447    C4742    (9)   10 :  0.080 0.383 0.181 0.030 0.066 0.261 
448    C4752    (0)   10 :  0.066 0.822 0.027 0.023 0.034 0.028 
449    C4792    (0)   10 :  0.161 0.328 0.072 0.080 0.050 0.308 
450    C4811    (0)   10 :  0.021 0.821 0.030 0.036 0.056 0.036 
451    C4814    (0)   10 :  0.060 0.364 0.089 0.032 0.063 0.392 
452    C4815    (0)   10 :  0.033 0.072 0.045 0.039 0.693 0.119 
453    C4818    (0)   10 :  0.170 0.260 0.078 0.097 0.184 0.210 
454    C4819    (0)   10 :  0.245 0.299 0.074 0.043 0.057 0.282 
455    C4826    (0)   10 :  0.112 0.027 0.105 0.010 0.294 0.452 
456    C4829    (0)   10 :  0.067 0.032 0.478 0.050 0.124 0.249 
457    C4830    (0)   10 :  0.022 0.031 0.283 0.015 0.053 0.596 
458    C4831    (0)   10 :  0.059 0.740 0.068 0.041 0.019 0.073 
459    C4832    (0)   10 :  0.112 0.028 0.450 0.015 0.071 0.324 
460    C4858    (0)   10 :  0.020 0.345 0.495 0.010 0.048 0.082 
461    C4757    (0)   10 :  0.192 0.097 0.041 0.072 0.124 0.474 
462    C4770    (9)   10 :  0.018 0.119 0.050 0.446 0.297 0.069 
463    C4808    (0)   10 :  0.041 0.087 0.052 0.024 0.140 0.657 
464    C4809    (0)   10 :  0.054 0.013 0.017 0.009 0.047 0.860 
465    C4820    (0)   10 :  0.181 0.066 0.218 0.017 0.275 0.243 
466    C4824    (0)   10 :  0.019 0.035 0.251 0.010 0.465 0.219 
467    C4706    (0)   11 :  0.489 0.021 0.076 0.011 0.212 0.191 
468    C4708    (0)   11 :  0.013 0.920 0.013 0.029 0.011 0.014 
469    C4709    (0)   11 :  0.025 0.052 0.813 0.014 0.060 0.037 
470    C4714    (0)   11 :  0.045 0.293 0.474 0.029 0.057 0.102 
471    C4722    (0)   11 :  0.147 0.101 0.490 0.020 0.048 0.194 
472    C4726    (0)   11 :  0.307 0.154 0.034 0.084 0.254 0.169 
473    C4733    (0)   11 :  0.101 0.259 0.201 0.072 0.036 0.332 
474    C4734    (0)   11 :  0.360 0.088 0.060 0.019 0.128 0.346 
475    C4737    (0)   11 :  0.026 0.047 0.838 0.014 0.021 0.054 
476    C4882    (0)   11 :  0.150 0.015 0.084 0.015 0.121 0.614 
477    C4883    (0)   11 :  0.013 0.111 0.819 0.016 0.015 0.027 
478    C4702    (9)   11 :  0.091 0.084 0.148 0.128 0.137 0.412 
479    C4703    (0)   11 :  0.049 0.664 0.093 0.035 0.062 0.096 
480    C4727    (0)   11 :  0.446 0.071 0.124 0.011 0.097 0.250 
481    C4732    (0)   11 :  0.030 0.053 0.731 0.019 0.081 0.086 
482    C4735    (0)   11 :  0.024 0.049 0.044 0.018 0.625 0.239 
483    C4736    (0)   11 :  0.041 0.677 0.187 0.036 0.025 0.033 
484    C4746    (0)   11 :  0.052 0.226 0.474 0.015 0.085 0.148 
485    C4777    (0)   11 :  0.077 0.010 0.022 0.022 0.288 0.581 
486    C4846    (0)   11 :  0.062 0.504 0.080 0.116 0.022 0.216 
487    C4847    (0)   11 :  0.217 0.036 0.058 0.010 0.053 0.626 
488    C4884    (0)   11 :  0.027 0.162 0.176 0.010 0.364 0.261 
489    C4705    (0)   11 :  0.026 0.194 0.017 0.028 0.452 0.282 
490    C4711    (0)   11 :  0.597 0.122 0.108 0.018 0.023 0.131 
491    C4713    (9)   11 :  0.109 0.041 0.075 0.050 0.614 0.111 
492    C4716    (0)   11 :  0.127 0.090 0.140 0.022 0.239 0.383 
493    C4717    (0)   11 :  0.059 0.786 0.031 0.024 0.038 0.061 
494    C4719    (0)   11 :  0.048 0.015 0.038 0.012 0.017 0.868 
495    C4721    (0)   11 :  0.024 0.896 0.016 0.024 0.018 0.021 
496    C4729    (0)   11 :  0.044 0.083 0.034 0.017 0.175 0.646 
497    C4730    (0)   11 :  0.052 0.713 0.096 0.021 0.035 0.083 
498    C4773    (0)   11 :  0.072 0.842 0.014 0.035 0.012 0.025 
499    C4861    (0)   11 :  0.097 0.032 0.027 0.020 0.049 0.775 
500    C4890    (0)   11 :  0.033 0.429 0.118 0.018 0.076 0.327 
501    C4718    (0)   11 :  0.101 0.078 0.214 0.023 0.314 0.270 
502    C4724    (0)   11 :  0.056 0.495 0.051 0.014 0.202 0.182 
503    C4738    (0)   11 :  0.486 0.367 0.020 0.015 0.029 0.082 
504    C4739    (0)   11 :  0.196 0.058 0.042 0.044 0.079 0.580 
505    C4844    (0)   11 :  0.085 0.270 0.048 0.044 0.127 0.426 
506    C4845    (0)   11 :  0.024 0.045 0.814 0.018 0.039 0.061 
507    C4681    (0)   11 :  0.030 0.564 0.023 0.316 0.018 0.049 
508    C4682    (0)   11 :  0.143 0.063 0.245 0.207 0.175 0.166 
509    C4683    (0)   11 :  0.065 0.687 0.045 0.064 0.031 0.108 
510    C4685    (0)   11 :  0.040 0.237 0.241 0.029 0.210 0.243 
511    C4715    (0)   11 :  0.019 0.038 0.191 0.042 0.527 0.183 
512    C4725    (0)   11 :  0.083 0.013 0.265 0.017 0.154 0.468 
513    C4799    (0)   11 :  0.026 0.262 0.094 0.156 0.293 0.169 
514    C4889    (9)   11 :  0.161 0.648 0.072 0.017 0.050 0.053 
515    U1941    (0)   12 :  0.030 0.013 0.011 0.036 0.887 0.023 
516    U1942    (0)   12 :  0.052 0.206 0.064 0.074 0.146 0.459 
517    U1957    (9)   12 :  0.088 0.045 0.048 0.616 0.124 0.079 
518    U2016    (0)   12 :  0.136 0.007 0.065 0.012 0.314 0.467 
519    U2021    (9)   12 :  0.047 0.026 0.312 0.032 0.217 0.365 
520    U2022    (0)   12 :  0.021 0.012 0.446 0.027 0.080 0.413 
521    U2023    (0)   12 :  0.158 0.019 0.137 0.012 0.175 0.499 
522    U2024    (0)   12 :  0.066 0.037 0.163 0.033 0.030 0.671 
523    U2025    (9)   12 :  0.024 0.021 0.105 0.045 0.143 0.662 
524    U2026    (0)   12 :  0.022 0.026 0.133 0.146 0.084 0.589 
525    U2027    (0)   12 :  0.258 0.035 0.091 0.028 0.068 0.519 
526    U2028    (0)   12 :  0.023 0.007 0.056 0.009 0.019 0.887 
527    U2029    (0)   12 :  0.103 0.026 0.455 0.011 0.034 0.370 
528    U2030    (0)   12 :  0.173 0.009 0.242 0.014 0.124 0.438 
529    U2031    (0)   12 :  0.272 0.012 0.105 0.016 0.169 0.426 
530    U1943    (0)   12 :  0.026 0.033 0.837 0.018 0.032 0.053 
531    U1944    (0)   12 :  0.213 0.025 0.580 0.016 0.099 0.067 
532    U1945    (0)   12 :  0.095 0.016 0.509 0.017 0.120 0.245 
533    U1946    (0)   12 :  0.561 0.017 0.074 0.024 0.201 0.124 
534    U1947    (0)   12 :  0.017 0.016 0.143 0.023 0.321 0.481 
535    U1948    (0)   12 :  0.058 0.063 0.075 0.052 0.318 0.435 
536    U1949    (0)   12 :  0.130 0.013 0.140 0.021 0.223 0.472 
537    U1955    (0)   12 :  0.287 0.041 0.035 0.210 0.221 0.206 
538    U2005    (0)   12 :  0.021 0.009 0.254 0.146 0.322 0.248 
539    U2006    (0)   12 :  0.063 0.009 0.026 0.017 0.831 0.054 
540    U2007    (0)   12 :  0.022 0.013 0.031 0.047 0.763 0.123 
541    U2008    (0)   12 :  0.012 0.007 0.026 0.009 0.800 0.147 
542    U2010    (9)   12 :  0.023 0.030 0.198 0.133 0.486 0.130 
543    U2011    (0)   12 :  0.094 0.011 0.022 0.025 0.749 0.099 
544    U2012    (0)   12 :  0.030 0.011 0.140 0.016 0.715 0.089 
545    U2014    (0)   12 :  0.046 0.045 0.131 0.021 0.286 0.470 
546    U2702    (0)   12 :  0.020 0.018 0.902 0.024 0.012 0.023 
547    U2703    (0)   12 :  0.023 0.053 0.779 0.026 0.036 0.083 
548    U2704    (0)   12 :  0.058 0.030 0.118 0.058 0.334 0.403 
549    U2706   (18)   12 :  0.237 0.037 0.087 0.018 0.198 0.422 
550    U2707    (0)   12 :  0.534 0.016 0.140 0.015 0.237 0.059 
551    U2708    (0)   12 :  0.055 0.025 0.313 0.016 0.049 0.541 
552    U2698    (0)   12 :  0.227 0.114 0.070 0.106 0.277 0.206 
553    U2700    (0)   12 :  0.062 0.019 0.115 0.042 0.231 0.530 
554    U1924    (0)   12 :  0.083 0.021 0.127 0.022 0.409 0.337 
555    U1930    (0)   12 :  0.661 0.021 0.030 0.017 0.208 0.063 
556    U1931    (0)   12 :  0.105 0.135 0.139 0.026 0.418 0.177 
