

----------------------------------------------------
STRUCTURE by Pritchard, Stephens and Donnelly (2000)
     and Falush, Stephens and Pritchard (2003)
       Code by Pritchard, Falush and Hubisz
             Version 2.3.4 (Jul 2012)
----------------------------------------------------



Command line arguments:   bin\structure -m G:\My Drive\Hoban_Lab_Docs\Projects\Butternut_JUCI\Graphical_Stat_Results\PostIndRemoval\24pop\Reorg_Results\STR\butternut\50-50\mainparams -e G:\My Drive\Hoban_Lab_Docs\Projects\Butternut_JUCI\Graphical_Stat_Results\PostIndRemoval\24pop\Reorg_Results\STR\butternut\50-50\extraparams 
Input File:    G:\My Drive\Hoban_Lab_Docs\Projects\Butternut_JUCI\Graphical_Stat_Results\PostIndRemoval\24pop\Reorg_Results\STR\butternut\project_data

Run parameters:
   993 individuals
   11 loci
   9 populations assumed
   50000 Burn-in period
   50000 Reps


--------------------------------------------
Proportion of membership of each pre-defined
 population in each of the 9 clusters

Given    Inferred Clusters                                                 Number of
 Pop       1      2      3      4      5      6      7      8      9      Individuals

  1:     0.365  0.046  0.152  0.220  0.049  0.040  0.036  0.042  0.050       40
  2:     0.266  0.037  0.293  0.193  0.066  0.035  0.036  0.029  0.045       45
  3:     0.218  0.044  0.166  0.389  0.042  0.044  0.034  0.027  0.037       62
  4:     0.139  0.049  0.318  0.300  0.041  0.029  0.037  0.045  0.042       48
  5:     0.293  0.038  0.250  0.203  0.044  0.037  0.040  0.050  0.045       87
  6:     0.347  0.046  0.169  0.238  0.052  0.035  0.039  0.031  0.043       70
  7:     0.052  0.120  0.036  0.030  0.190  0.201  0.130  0.072  0.169       22
  8:     0.023  0.124  0.016  0.022  0.110  0.156  0.180  0.089  0.279       11
  9:     0.045  0.114  0.153  0.031  0.118  0.135  0.142  0.056  0.207       33
 10:     0.031  0.129  0.140  0.040  0.126  0.080  0.149  0.107  0.200       48
 11:     0.040  0.096  0.252  0.025  0.099  0.132  0.125  0.066  0.165       48
 12:     0.042  0.191  0.029  0.040  0.174  0.107  0.179  0.098  0.140       90
 13:     0.023  0.117  0.019  0.027  0.099  0.466  0.122  0.037  0.090       63
 14:     0.073  0.189  0.026  0.065  0.145  0.092  0.178  0.092  0.141       16
 15:     0.082  0.293  0.074  0.056  0.115  0.060  0.095  0.131  0.094       31
 16:     0.017  0.023  0.044  0.014  0.039  0.027  0.055  0.715  0.066       16
 17:     0.067  0.071  0.022  0.080  0.186  0.316  0.115  0.038  0.105       24
 18:     0.056  0.070  0.031  0.036  0.223  0.080  0.231  0.113  0.160       12
 19:     0.053  0.131  0.027  0.033  0.174  0.144  0.158  0.130  0.149       54
 20:     0.051  0.173  0.040  0.034  0.132  0.053  0.160  0.219  0.139       96
 21:     0.052  0.108  0.018  0.026  0.169  0.127  0.122  0.243  0.135       22
 22:     0.059  0.063  0.073  0.046  0.051  0.028  0.068  0.534  0.078       23
 23:     0.027  0.150  0.022  0.034  0.099  0.047  0.228  0.299  0.094       13
 24:     0.040  0.096  0.035  0.071  0.223  0.129  0.182  0.067  0.156       19
--------------------------------------------

Allele-freq. divergence among pops (Net nucleotide distance),
computed using point estimates of P.

      1       2       3       4       5       6       7       8       9      
 1      -    0.0370  0.0372  0.0233  0.0285  0.0401  0.0365  0.0445  0.0317  
 2   0.0370     -    0.0486  0.0344  0.0072  0.0172  0.0060  0.0182  0.0077  
 3   0.0372  0.0486     -    0.0401  0.0400  0.0430  0.0450  0.0577  0.0365  
 4   0.0233  0.0344  0.0401     -    0.0269  0.0402  0.0332  0.0430  0.0294  
 5   0.0285  0.0072  0.0400  0.0269     -    0.0104  0.0034  0.0151  0.0023  
 6   0.0401  0.0172  0.0430  0.0402  0.0104     -    0.0122  0.0292  0.0111  
 7   0.0365  0.0060  0.0450  0.0332  0.0034  0.0122     -    0.0136  0.0022  
 8   0.0445  0.0182  0.0577  0.0430  0.0151  0.0292  0.0136     -    0.0138  
 9   0.0317  0.0077  0.0365  0.0294  0.0023  0.0111  0.0022  0.0138     -    

Average distances (expected heterozygosity) between individuals in same cluster:
cluster  1  : 0.8019 
cluster  2  : 0.8422 
cluster  3  : 0.8158 
cluster  4  : 0.8114 
cluster  5  : 0.8577 
cluster  6  : 0.8453 
cluster  7  : 0.8505 
cluster  8  : 0.8247 
cluster  9  : 0.8569 

--------------------------------------------
Estimated Ln Prob of Data   = -46967.3
Mean value of ln likelihood = -44745.7
Variance of ln likelihood   = 4443.1
Mean value of alpha         = 0.0588

Mean value of Fst_1         = 0.0752
Mean value of Fst_2         = 0.0345
Mean value of Fst_3         = 0.0844
Mean value of Fst_4         = 0.0759
Mean value of Fst_5         = 0.0211
Mean value of Fst_6         = 0.0394
Mean value of Fst_7         = 0.0278
Mean value of Fst_8         = 0.0517
Mean value of Fst_9         = 0.0233


Inferred ancestry of individuals:
        Label (%Miss) Pop:  Inferred clusters
  1    C3984    (0)    1 :  0.695 0.016 0.220 0.014 0.015 0.012 0.010 0.007 0.011 
  2    C3985    (0)    1 :  0.279 0.011 0.511 0.077 0.020 0.017 0.024 0.016 0.045 
  3    C3986    (0)    1 :  0.116 0.011 0.706 0.101 0.011 0.022 0.012 0.008 0.014 
  4    C4231    (0)    1 :  0.369 0.043 0.384 0.058 0.036 0.015 0.032 0.010 0.053 
  5    C4344    (0)    1 :  0.121 0.019 0.049 0.663 0.034 0.036 0.021 0.016 0.041 
  6    C4347   (18)    1 :  0.375 0.026 0.043 0.393 0.024 0.012 0.026 0.075 0.026 
  7    C4352   (18)    1 :  0.463 0.020 0.330 0.056 0.027 0.026 0.024 0.021 0.033 
  8    C4355    (9)    1 :  0.701 0.051 0.039 0.108 0.027 0.023 0.019 0.015 0.019 
  9    C4358   (18)    1 :  0.064 0.088 0.027 0.016 0.303 0.059 0.196 0.067 0.182 
 10    C4419    (9)    1 :  0.632 0.132 0.083 0.018 0.044 0.022 0.026 0.015 0.027 
 11    C4428    (9)    1 :  0.724 0.020 0.095 0.089 0.014 0.014 0.012 0.017 0.014 
 12    C4436    (0)    1 :  0.589 0.013 0.227 0.087 0.013 0.015 0.013 0.018 0.025 
 13    C4437   (18)    1 :  0.249 0.041 0.413 0.034 0.042 0.023 0.052 0.048 0.098 
 14    C4450    (0)    1 :  0.497 0.073 0.082 0.022 0.089 0.051 0.063 0.035 0.088 
 15    C4531    (0)    1 :  0.023 0.028 0.740 0.009 0.027 0.032 0.036 0.027 0.079 
 16    C1615    (0)    1 :  0.236 0.048 0.252 0.047 0.057 0.058 0.085 0.069 0.147 
 17    C1616    (0)    1 :  0.205 0.275 0.059 0.077 0.098 0.020 0.062 0.135 0.068 
 18    C1617    (9)    1 :  0.750 0.034 0.012 0.113 0.021 0.011 0.018 0.023 0.017 
 19    C1618    (0)    1 :  0.310 0.023 0.347 0.031 0.028 0.131 0.036 0.039 0.054 
 20    C1619    (0)    1 :  0.329 0.024 0.097 0.088 0.126 0.152 0.037 0.055 0.092 
 21    C1620    (9)    1 :  0.411 0.020 0.142 0.040 0.075 0.168 0.033 0.049 0.062 
 22    C1621    (0)    1 :  0.227 0.086 0.029 0.039 0.111 0.043 0.067 0.287 0.111 
 23    C1623    (9)    1 :  0.032 0.054 0.279 0.014 0.096 0.221 0.057 0.137 0.111 
 24    C1625    (0)    1 :  0.406 0.018 0.032 0.083 0.107 0.107 0.039 0.117 0.092 
 25    C1626    (0)    1 :  0.399 0.159 0.018 0.041 0.100 0.033 0.055 0.086 0.108 
 26    C1627    (9)    1 :  0.814 0.013 0.033 0.022 0.022 0.022 0.014 0.039 0.022 
 27    C1633    (0)    1 :  0.902 0.013 0.012 0.016 0.011 0.010 0.009 0.015 0.012 
 28    C1637    (0)    1 :  0.835 0.023 0.013 0.034 0.017 0.015 0.015 0.028 0.019 
 29    C1650    (0)    1 :  0.202 0.056 0.548 0.071 0.025 0.014 0.026 0.032 0.028 
 30    C3202    (0)    1 :  0.015 0.011 0.017 0.885 0.014 0.011 0.012 0.020 0.015 
 31    C3248    (0)    1 :  0.561 0.017 0.010 0.308 0.029 0.016 0.022 0.013 0.024 
 32    C3304    (9)    1 :  0.189 0.058 0.020 0.614 0.050 0.015 0.016 0.015 0.023 
 33    C3326    (0)    1 :  0.163 0.068 0.079 0.355 0.073 0.021 0.103 0.031 0.106 
 34    C3333    (0)    1 :  0.020 0.016 0.010 0.883 0.014 0.012 0.014 0.016 0.015 
 35    C3339   (18)    1 :  0.591 0.069 0.012 0.180 0.040 0.038 0.027 0.017 0.025 
 36    C3346    (0)    1 :  0.016 0.009 0.014 0.915 0.009 0.012 0.009 0.007 0.009 
 37    C3349    (0)    1 :  0.087 0.072 0.015 0.672 0.033 0.032 0.039 0.015 0.035 
 38    C3367   (18)    1 :  0.033 0.024 0.045 0.788 0.023 0.020 0.019 0.023 0.025 
 39    C3374    (0)    1 :  0.893 0.010 0.016 0.035 0.011 0.011 0.008 0.007 0.009 
 40    C3405    (0)    1 :  0.091 0.049 0.016 0.685 0.039 0.039 0.036 0.012 0.031 
 41    C4543    (0)    2 :  0.021 0.032 0.816 0.045 0.022 0.018 0.017 0.011 0.019 
 42    C4545    (9)    2 :  0.043 0.009 0.816 0.013 0.011 0.073 0.012 0.008 0.015 
 43    C4551    (9)    2 :  0.129 0.046 0.363 0.021 0.113 0.062 0.108 0.025 0.134 
 44    C4491    (0)    2 :  0.084 0.035 0.404 0.093 0.104 0.047 0.086 0.025 0.122 
 45    C4494    (0)    2 :  0.152 0.012 0.215 0.553 0.015 0.015 0.014 0.009 0.015 
 46    C4495    (0)    2 :  0.051 0.015 0.065 0.521 0.139 0.045 0.042 0.014 0.108 
 47    C4497    (9)    2 :  0.765 0.027 0.040 0.059 0.035 0.019 0.018 0.014 0.023 
 48    C4501    (0)    2 :  0.567 0.168 0.070 0.018 0.089 0.021 0.026 0.012 0.029 
 49    C4502    (0)    2 :  0.591 0.027 0.180 0.052 0.025 0.083 0.013 0.012 0.018 
 50    C4503    (0)    2 :  0.011 0.012 0.656 0.012 0.023 0.225 0.021 0.017 0.022 
 51    C4504    (0)    2 :  0.096 0.068 0.133 0.041 0.404 0.038 0.031 0.020 0.170 
 52    C4470    (0)    2 :  0.391 0.036 0.116 0.069 0.199 0.020 0.076 0.023 0.070 
 53    C4471    (0)    2 :  0.142 0.032 0.664 0.036 0.048 0.024 0.018 0.014 0.022 
 54    C4474    (9)    2 :  0.011 0.017 0.832 0.008 0.029 0.017 0.032 0.025 0.029 
 55    C4476    (0)    2 :  0.579 0.033 0.209 0.062 0.039 0.024 0.017 0.013 0.023 
 56    C4479    (0)    2 :  0.585 0.019 0.075 0.202 0.019 0.010 0.019 0.054 0.018 
 57    C4482    (0)    2 :  0.066 0.047 0.395 0.140 0.074 0.010 0.037 0.167 0.064 
 58    C4483    (0)    2 :  0.010 0.013 0.887 0.009 0.024 0.016 0.011 0.011 0.019 
 59    C4484    (0)    2 :  0.050 0.052 0.485 0.186 0.062 0.062 0.043 0.023 0.037 
 60    C4485    (0)    2 :  0.085 0.040 0.049 0.473 0.189 0.020 0.043 0.037 0.065 
 61    C4489    (0)    2 :  0.374 0.034 0.358 0.099 0.039 0.031 0.020 0.023 0.023 
 62    C4505    (0)    2 :  0.612 0.024 0.170 0.031 0.057 0.019 0.038 0.018 0.031 
 63    C4507    (0)    2 :  0.251 0.045 0.334 0.013 0.099 0.110 0.083 0.011 0.054 
 64    C4535    (0)    2 :  0.022 0.024 0.777 0.012 0.038 0.033 0.028 0.026 0.040 
 65    C4542    (0)    2 :  0.021 0.258 0.229 0.015 0.153 0.026 0.128 0.025 0.143 
 66    C4553    (9)    2 :  0.087 0.021 0.600 0.113 0.029 0.016 0.043 0.021 0.071 
 67    C4562   (18)    2 :  0.096 0.018 0.628 0.066 0.034 0.049 0.039 0.027 0.042 
 68    C4582   (18)    2 :  0.087 0.031 0.687 0.028 0.027 0.019 0.033 0.038 0.050 
 69    C4693    (0)    2 :  0.038 0.012 0.866 0.025 0.012 0.010 0.010 0.015 0.013 
 70    C4696    (0)    2 :  0.163 0.025 0.476 0.034 0.072 0.043 0.099 0.025 0.062 
 71    C3179    (0)    2 :  0.068 0.018 0.018 0.756 0.038 0.049 0.021 0.010 0.021 
 72    C3181    (0)    2 :  0.485 0.038 0.026 0.269 0.074 0.016 0.034 0.025 0.033 
 73    C3188    (0)    2 :  0.520 0.035 0.025 0.183 0.121 0.024 0.024 0.023 0.046 
 74    C3190    (0)    2 :  0.016 0.065 0.031 0.785 0.024 0.012 0.023 0.021 0.023 
 75    C3193    (0)    2 :  0.373 0.014 0.016 0.477 0.030 0.009 0.024 0.035 0.023 
 76    C3232    (0)    2 :  0.620 0.016 0.160 0.131 0.020 0.014 0.012 0.010 0.017 
 77    C3236    (0)    2 :  0.158 0.009 0.052 0.727 0.012 0.009 0.012 0.009 0.011 
 78    C3249    (0)    2 :  0.412 0.059 0.019 0.346 0.043 0.029 0.032 0.031 0.030 
 79    C3250    (0)    2 :  0.867 0.014 0.016 0.053 0.011 0.008 0.012 0.010 0.010 
 80    C3253    (0)    2 :  0.896 0.011 0.014 0.012 0.019 0.010 0.011 0.016 0.012 
 81    C3255    (0)    2 :  0.645 0.011 0.048 0.231 0.019 0.010 0.011 0.011 0.013 
 82    C3277    (0)    2 :  0.446 0.047 0.020 0.141 0.114 0.039 0.050 0.076 0.067 
 83    C3315    (0)    2 :  0.260 0.070 0.087 0.020 0.120 0.077 0.077 0.213 0.076 
 84    C3288    (0)    2 :  0.021 0.014 0.019 0.860 0.015 0.014 0.016 0.022 0.019 
 85    C3293    (0)    2 :  0.022 0.025 0.040 0.652 0.083 0.031 0.046 0.029 0.072 
 86    C4018    (0)    3 :  0.025 0.022 0.704 0.206 0.009 0.008 0.009 0.007 0.011 
 87    C3980    (0)    3 :  0.016 0.015 0.874 0.030 0.014 0.011 0.012 0.014 0.013 
 88    C3987    (0)    3 :  0.066 0.013 0.823 0.025 0.014 0.014 0.013 0.014 0.018 
 89    C3988    (0)    3 :  0.071 0.009 0.770 0.074 0.018 0.013 0.011 0.013 0.021 
 90    C3989    (0)    3 :  0.041 0.018 0.044 0.633 0.158 0.007 0.024 0.008 0.067 
 91    C4011    (0)    3 :  0.160 0.007 0.676 0.125 0.007 0.006 0.006 0.006 0.007 
 92    C4017    (0)    3 :  0.019 0.008 0.928 0.012 0.007 0.007 0.006 0.006 0.007 
 93    C4296    (0)    3 :  0.322 0.090 0.056 0.046 0.130 0.044 0.177 0.034 0.101 
 94    C4301    (9)    3 :  0.011 0.646 0.009 0.049 0.048 0.030 0.158 0.009 0.039 
 95    C4303    (0)    3 :  0.033 0.039 0.014 0.494 0.031 0.025 0.051 0.281 0.032 
 96    C4453    (0)    3 :  0.129 0.042 0.132 0.478 0.042 0.088 0.022 0.038 0.029 
 97    C4455    (9)    3 :  0.015 0.015 0.054 0.792 0.019 0.018 0.018 0.039 0.029 
 98    C4456   (18)    3 :  0.018 0.041 0.222 0.295 0.050 0.143 0.055 0.068 0.108 
 99    C4457    (9)    3 :  0.050 0.037 0.030 0.577 0.106 0.022 0.041 0.062 0.073 
100    C4459    (9)    3 :  0.226 0.016 0.198 0.445 0.024 0.011 0.025 0.021 0.034 
101    C4464   (18)    3 :  0.203 0.010 0.066 0.669 0.012 0.010 0.011 0.008 0.011 
102    C4467   (18)    3 :  0.537 0.009 0.039 0.365 0.012 0.009 0.009 0.009 0.010 
103    C4468    (9)    3 :  0.601 0.019 0.047 0.186 0.023 0.015 0.015 0.077 0.017 
104    C4783    (0)    3 :  0.013 0.013 0.679 0.181 0.025 0.011 0.024 0.012 0.042 
105    C4786    (0)    3 :  0.033 0.024 0.231 0.640 0.013 0.012 0.020 0.010 0.017 
106    C4789    (9)    3 :  0.151 0.072 0.401 0.298 0.019 0.009 0.022 0.012 0.017 
107    C4891    (0)    3 :  0.025 0.016 0.083 0.707 0.027 0.024 0.039 0.011 0.067 
108    C4896    (0)    3 :  0.018 0.077 0.447 0.217 0.074 0.018 0.057 0.036 0.057 
109    C4898    (0)    3 :  0.054 0.013 0.733 0.092 0.029 0.015 0.024 0.014 0.026 
110    C4901    (0)    3 :  0.014 0.024 0.155 0.746 0.013 0.007 0.012 0.009 0.019 
111    C4903    (9)    3 :  0.015 0.047 0.066 0.752 0.023 0.013 0.027 0.024 0.033 
112    C4904    (0)    3 :  0.017 0.016 0.698 0.154 0.043 0.009 0.029 0.008 0.025 
113    C3263    (0)    3 :  0.452 0.011 0.014 0.206 0.064 0.192 0.015 0.021 0.024 
114    C3271    (0)    3 :  0.792 0.021 0.016 0.057 0.026 0.024 0.026 0.010 0.027 
115    C3272    (0)    3 :  0.796 0.037 0.012 0.047 0.032 0.018 0.023 0.008 0.027 
116    C3276    (0)    3 :  0.028 0.228 0.015 0.393 0.077 0.089 0.104 0.020 0.048 
117    C3280    (9)    3 :  0.604 0.031 0.033 0.030 0.091 0.091 0.049 0.024 0.046 
118    C3305    (9)    3 :  0.920 0.012 0.011 0.010 0.009 0.012 0.009 0.008 0.009 
119    C3306    (0)    3 :  0.632 0.020 0.018 0.072 0.083 0.071 0.027 0.020 0.058 
120    C3324    (0)    3 :  0.587 0.014 0.023 0.019 0.073 0.169 0.041 0.015 0.060 
121    C3329    (0)    3 :  0.363 0.043 0.099 0.108 0.093 0.071 0.065 0.025 0.133 
122    C3336    (0)    3 :  0.754 0.041 0.021 0.063 0.027 0.019 0.036 0.014 0.026 
123    C3341   (18)    3 :  0.068 0.034 0.048 0.029 0.108 0.579 0.035 0.026 0.072 
124    C3409   (18)    3 :  0.448 0.074 0.034 0.092 0.126 0.048 0.056 0.040 0.080 
125    C3168    (9)    3 :  0.018 0.011 0.015 0.894 0.019 0.010 0.012 0.008 0.014 
126    C3170    (0)    3 :  0.038 0.018 0.018 0.857 0.019 0.011 0.016 0.008 0.015 
127    C3214   (18)    3 :  0.061 0.157 0.023 0.602 0.022 0.012 0.058 0.039 0.027 
128    C3227    (0)    3 :  0.012 0.030 0.021 0.866 0.013 0.009 0.022 0.013 0.013 
129    C3228    (0)    3 :  0.665 0.037 0.066 0.039 0.037 0.031 0.057 0.036 0.029 
130    C3279    (0)    3 :  0.056 0.042 0.014 0.679 0.090 0.013 0.045 0.018 0.045 
131    C3322    (0)    3 :  0.028 0.051 0.076 0.435 0.085 0.011 0.153 0.056 0.104 
132    C3303    (0)    3 :  0.064 0.049 0.016 0.690 0.029 0.032 0.072 0.015 0.034 
133    C3317    (0)    3 :  0.794 0.013 0.021 0.063 0.032 0.021 0.017 0.019 0.020 
134    C3355    (0)    3 :  0.383 0.011 0.028 0.507 0.014 0.019 0.013 0.011 0.015 
135    C3376    (9)    3 :  0.406 0.110 0.033 0.325 0.031 0.017 0.023 0.025 0.029 
136    C3401    (0)    3 :  0.732 0.025 0.026 0.073 0.037 0.019 0.029 0.032 0.027 
137    C3203    (9)    3 :  0.237 0.082 0.038 0.464 0.036 0.059 0.021 0.037 0.026 
138    C3245    (0)    3 :  0.025 0.016 0.009 0.865 0.023 0.010 0.014 0.020 0.018 
139    C3302    (0)    3 :  0.012 0.018 0.011 0.876 0.016 0.015 0.018 0.015 0.019 
140    C3307    (0)    3 :  0.045 0.011 0.097 0.431 0.084 0.139 0.023 0.094 0.077 
141    C3310    (0)    3 :  0.008 0.010 0.008 0.915 0.012 0.012 0.013 0.009 0.013 
142    C3312    (9)    3 :  0.379 0.021 0.060 0.339 0.055 0.017 0.034 0.030 0.066 
143    C3345    (0)    3 :  0.019 0.013 0.022 0.864 0.021 0.024 0.010 0.012 0.015 
144    C3371    (0)    3 :  0.017 0.010 0.008 0.850 0.029 0.043 0.011 0.012 0.019 
145    C3372    (0)    3 :  0.120 0.018 0.022 0.662 0.053 0.043 0.021 0.025 0.038 
146    C3380    (9)    3 :  0.013 0.009 0.017 0.927 0.007 0.006 0.006 0.007 0.007 
147    C3417    (0)    3 :  0.044 0.028 0.097 0.474 0.061 0.185 0.034 0.023 0.052 
148    C4569    (9)    4 :  0.047 0.158 0.201 0.018 0.132 0.071 0.124 0.039 0.209 
149    C4570    (9)    4 :  0.054 0.014 0.850 0.012 0.015 0.014 0.013 0.015 0.014 
150    C4571    (9)    4 :  0.396 0.022 0.457 0.024 0.017 0.020 0.017 0.025 0.022 
151    C4572    (9)    4 :  0.028 0.016 0.863 0.010 0.015 0.017 0.014 0.020 0.017 
152    C4573    (9)    4 :  0.145 0.084 0.100 0.013 0.069 0.025 0.070 0.420 0.075 
153    C4575    (9)    4 :  0.039 0.069 0.608 0.033 0.077 0.024 0.030 0.081 0.039 
154    C4577    (9)    4 :  0.021 0.012 0.880 0.014 0.020 0.013 0.015 0.008 0.017 
155    C4578    (9)    4 :  0.076 0.064 0.593 0.022 0.057 0.023 0.042 0.085 0.038 
156    C4600   (18)    4 :  0.047 0.049 0.507 0.021 0.090 0.019 0.096 0.029 0.143 
157    C4612    (9)    4 :  0.025 0.174 0.634 0.025 0.031 0.015 0.053 0.017 0.025 
158    C4621    (0)    4 :  0.048 0.019 0.820 0.052 0.009 0.007 0.013 0.017 0.016 
159    C4622    (9)    4 :  0.011 0.008 0.916 0.016 0.009 0.009 0.011 0.010 0.010 
160    C4623    (0)    4 :  0.100 0.041 0.197 0.121 0.115 0.238 0.052 0.060 0.075 
161    C4624    (0)    4 :  0.028 0.018 0.809 0.011 0.016 0.015 0.026 0.060 0.018 
162    C4625    (0)    4 :  0.191 0.107 0.111 0.011 0.026 0.014 0.077 0.346 0.116 
163    C4627    (0)    4 :  0.015 0.025 0.791 0.068 0.020 0.017 0.016 0.023 0.024 
164    C4631    (0)    4 :  0.012 0.012 0.654 0.012 0.024 0.222 0.022 0.017 0.026 
165    C4632    (0)    4 :  0.044 0.015 0.818 0.035 0.016 0.016 0.018 0.020 0.017 
166    C3939    (0)    4 :  0.024 0.025 0.808 0.066 0.016 0.013 0.020 0.009 0.018 
167    C3940    (0)    4 :  0.018 0.083 0.693 0.039 0.045 0.022 0.034 0.008 0.058 
168    C3945    (0)    4 :  0.016 0.008 0.915 0.016 0.011 0.008 0.010 0.005 0.011 
169    C4520    (0)    4 :  0.108 0.285 0.025 0.057 0.069 0.040 0.235 0.020 0.160 
170    C4522    (0)    4 :  0.026 0.013 0.724 0.175 0.014 0.011 0.011 0.009 0.017 
171    C3182    (0)    4 :  0.113 0.015 0.049 0.710 0.025 0.031 0.019 0.014 0.023 
172    C3189    (0)    4 :  0.338 0.055 0.032 0.118 0.157 0.022 0.046 0.147 0.085 
173    C3191    (9)    4 :  0.394 0.017 0.018 0.375 0.054 0.028 0.020 0.068 0.025 
174    C3196    (0)    4 :  0.089 0.028 0.014 0.767 0.025 0.014 0.021 0.020 0.022 
175    C3208    (0)    4 :  0.031 0.040 0.176 0.577 0.025 0.049 0.032 0.045 0.026 
176    C3211    (0)    4 :  0.018 0.018 0.017 0.883 0.016 0.011 0.017 0.008 0.012 
177    C3212    (0)    4 :  0.081 0.302 0.057 0.116 0.144 0.103 0.054 0.009 0.133 
178    C3213    (0)    4 :  0.033 0.030 0.012 0.778 0.049 0.025 0.027 0.010 0.035 
179    C3215    (0)    4 :  0.012 0.041 0.042 0.685 0.024 0.013 0.099 0.042 0.043 
180    C3217    (0)    4 :  0.404 0.028 0.016 0.428 0.033 0.028 0.020 0.013 0.031 
181    C3225    (9)    4 :  0.543 0.051 0.023 0.190 0.046 0.018 0.061 0.031 0.037 
182    C3226    (0)    4 :  0.266 0.011 0.208 0.452 0.014 0.013 0.011 0.013 0.014 
183    C3238    (9)    4 :  0.050 0.023 0.123 0.722 0.018 0.011 0.016 0.021 0.016 
184    C3239    (0)    4 :  0.626 0.035 0.036 0.159 0.050 0.034 0.015 0.017 0.027 
185    C3269   (18)    4 :  0.452 0.068 0.134 0.037 0.043 0.021 0.064 0.133 0.047 
186    C3273    (0)    4 :  0.467 0.023 0.029 0.351 0.033 0.008 0.018 0.044 0.027 
187    C3274    (0)    4 :  0.025 0.078 0.027 0.554 0.101 0.012 0.090 0.023 0.092 
188    C3354    (0)    4 :  0.059 0.015 0.019 0.796 0.043 0.010 0.017 0.019 0.021 
189    C3361    (0)    4 :  0.034 0.018 0.020 0.860 0.014 0.008 0.016 0.014 0.016 
190    C3289    (0)    4 :  0.015 0.016 0.014 0.886 0.015 0.011 0.013 0.016 0.014 
191    C3169    (0)    4 :  0.634 0.020 0.037 0.250 0.014 0.009 0.011 0.015 0.010 
192    C3199    (9)    4 :  0.090 0.025 0.099 0.670 0.018 0.019 0.018 0.043 0.019 
193    C3224    (0)    4 :  0.174 0.027 0.017 0.703 0.018 0.013 0.016 0.015 0.015 
194    C3261   (18)    4 :  0.087 0.013 0.038 0.784 0.024 0.013 0.014 0.009 0.019 
195    C3320    (0)    4 :  0.100 0.030 0.039 0.675 0.040 0.013 0.034 0.035 0.035 
196    C4151    (0)    5 :  0.017 0.008 0.915 0.014 0.010 0.008 0.007 0.010 0.009 
197    C4152    (0)    5 :  0.071 0.017 0.834 0.011 0.015 0.014 0.010 0.015 0.014 
198    C4153    (0)    5 :  0.075 0.054 0.355 0.372 0.036 0.014 0.031 0.031 0.031 
199    C4154   (18)    5 :  0.064 0.022 0.693 0.104 0.031 0.021 0.027 0.010 0.028 
200    C4157    (0)    5 :  0.500 0.020 0.181 0.031 0.092 0.017 0.067 0.016 0.075 
201    C4158    (0)    5 :  0.020 0.009 0.896 0.020 0.012 0.007 0.010 0.014 0.013 
202    C4163    (0)    5 :  0.014 0.006 0.934 0.011 0.007 0.007 0.006 0.007 0.007 
203    C4165    (0)    5 :  0.027 0.010 0.213 0.058 0.304 0.089 0.057 0.023 0.218 
204    C4248    (9)    5 :  0.661 0.018 0.037 0.157 0.038 0.012 0.026 0.022 0.028 
205    C4254    (0)    5 :  0.477 0.030 0.060 0.309 0.026 0.018 0.039 0.011 0.030 
206    C4371    (9)    5 :  0.775 0.016 0.063 0.023 0.031 0.039 0.017 0.017 0.019 
207    C3936    (0)    5 :  0.020 0.015 0.864 0.018 0.019 0.016 0.019 0.013 0.017 
208    C3937    (0)    5 :  0.017 0.009 0.901 0.023 0.008 0.010 0.009 0.010 0.012 
209    C3944    (0)    5 :  0.108 0.008 0.777 0.059 0.009 0.012 0.008 0.007 0.010 
210    C3954    (0)    5 :  0.745 0.022 0.089 0.054 0.013 0.007 0.012 0.045 0.013 
211    C3955    (9)    5 :  0.163 0.027 0.388 0.306 0.024 0.008 0.022 0.027 0.034 
212    C3961    (0)    5 :  0.025 0.027 0.795 0.046 0.017 0.043 0.021 0.009 0.016 
213    C3974    (0)    5 :  0.020 0.030 0.842 0.020 0.018 0.013 0.021 0.016 0.019 
214    C4024    (0)    5 :  0.299 0.034 0.466 0.039 0.032 0.062 0.026 0.012 0.030 
215    C4025    (0)    5 :  0.049 0.016 0.808 0.014 0.019 0.041 0.013 0.023 0.017 
216    C4028    (0)    5 :  0.074 0.052 0.514 0.043 0.022 0.034 0.072 0.043 0.146 
217    C4032   (18)    5 :  0.871 0.012 0.040 0.023 0.013 0.009 0.010 0.013 0.009 
218    C4033   (18)    5 :  0.206 0.011 0.034 0.675 0.017 0.013 0.014 0.014 0.017 
219    C4034    (0)    5 :  0.218 0.025 0.039 0.391 0.082 0.069 0.100 0.024 0.053 
220    C4041    (9)    5 :  0.390 0.147 0.034 0.093 0.114 0.095 0.071 0.015 0.042 
221    C4042   (18)    5 :  0.164 0.017 0.126 0.264 0.135 0.084 0.085 0.022 0.103 
222    C4043    (9)    5 :  0.600 0.020 0.187 0.084 0.028 0.017 0.020 0.025 0.018 
223    C4044    (9)    5 :  0.099 0.066 0.126 0.075 0.071 0.386 0.065 0.047 0.066 
224    C4045    (9)    5 :  0.386 0.018 0.131 0.304 0.037 0.013 0.031 0.045 0.034 
225    C4046    (9)    5 :  0.651 0.013 0.036 0.170 0.019 0.040 0.023 0.032 0.017 
226    C4047    (0)    5 :  0.036 0.020 0.018 0.763 0.023 0.016 0.046 0.037 0.042 
227    C4048    (9)    5 :  0.074 0.015 0.016 0.671 0.044 0.043 0.046 0.046 0.043 
228    C4055    (9)    5 :  0.710 0.026 0.072 0.034 0.036 0.018 0.029 0.044 0.031 
229    C4057   (18)    5 :  0.828 0.014 0.030 0.033 0.020 0.028 0.018 0.009 0.019 
230    C4059    (0)    5 :  0.520 0.034 0.077 0.268 0.025 0.012 0.014 0.026 0.024 
231    C4060    (9)    5 :  0.614 0.048 0.131 0.071 0.033 0.021 0.024 0.022 0.036 
232    C4064    (9)    5 :  0.439 0.033 0.035 0.031 0.058 0.016 0.071 0.206 0.111 
233    C4067    (0)    5 :  0.029 0.012 0.019 0.724 0.050 0.034 0.027 0.075 0.029 
234    C4068    (9)    5 :  0.050 0.024 0.034 0.763 0.024 0.017 0.025 0.032 0.031 
235    C4070    (9)    5 :  0.089 0.017 0.133 0.473 0.065 0.119 0.040 0.024 0.039 
236    C4075   (18)    5 :  0.065 0.026 0.038 0.736 0.028 0.025 0.023 0.017 0.041 
237    C4081    (9)    5 :  0.627 0.027 0.023 0.169 0.038 0.019 0.037 0.021 0.038 
238    C4082    (0)    5 :  0.105 0.035 0.126 0.588 0.026 0.018 0.029 0.043 0.030 
239    C4083    (0)    5 :  0.163 0.033 0.109 0.041 0.221 0.162 0.103 0.057 0.112 
240    C4086    (0)    5 :  0.382 0.039 0.049 0.181 0.054 0.012 0.030 0.216 0.036 
241    C4088    (9)    5 :  0.033 0.017 0.024 0.027 0.028 0.009 0.022 0.802 0.039 
242    C4092    (0)    5 :  0.520 0.024 0.200 0.056 0.069 0.069 0.020 0.011 0.031 
243    C4099    (9)    5 :  0.335 0.118 0.039 0.261 0.064 0.069 0.042 0.021 0.051 
244    C4104    (0)    5 :  0.084 0.018 0.590 0.165 0.031 0.042 0.022 0.021 0.027 
245    C4108   (18)    5 :  0.012 0.349 0.010 0.017 0.118 0.023 0.296 0.048 0.127 
246    C4118    (0)    5 :  0.370 0.036 0.024 0.019 0.249 0.014 0.129 0.052 0.107 
247    C4131    (0)    5 :  0.118 0.026 0.447 0.117 0.070 0.015 0.037 0.102 0.069 
248    C4133    (0)    5 :  0.874 0.014 0.017 0.031 0.018 0.008 0.012 0.010 0.014 
249    C4135    (0)    5 :  0.293 0.007 0.618 0.036 0.012 0.009 0.008 0.006 0.013 
250    C4136    (0)    5 :  0.023 0.083 0.607 0.024 0.056 0.023 0.051 0.091 0.041 
251    C4137    (9)    5 :  0.389 0.019 0.366 0.039 0.050 0.020 0.033 0.025 0.058 
252    C4139    (0)    5 :  0.041 0.017 0.845 0.032 0.017 0.010 0.014 0.007 0.015 
253    C4140    (9)    5 :  0.129 0.012 0.709 0.043 0.024 0.017 0.023 0.010 0.033 
254    C4167    (0)    5 :  0.144 0.020 0.466 0.017 0.029 0.054 0.066 0.045 0.159 
255    C4236    (0)    5 :  0.639 0.040 0.024 0.059 0.052 0.036 0.050 0.028 0.074 
256    C4237    (0)    5 :  0.078 0.069 0.043 0.013 0.051 0.017 0.092 0.535 0.102 
257    C4238    (0)    5 :  0.359 0.022 0.076 0.355 0.028 0.017 0.035 0.068 0.039 
258    C4241    (0)    5 :  0.292 0.027 0.071 0.457 0.037 0.024 0.034 0.019 0.040 
259    C4247    (9)    5 :  0.357 0.031 0.078 0.050 0.097 0.072 0.040 0.212 0.062 
260    C4257    (0)    5 :  0.162 0.050 0.031 0.655 0.018 0.019 0.021 0.028 0.018 
261    C4383    (0)    5 :  0.313 0.087 0.128 0.034 0.045 0.248 0.059 0.055 0.031 
262    C4397    (9)    5 :  0.850 0.009 0.065 0.014 0.014 0.008 0.014 0.010 0.017 
263    C4514    (0)    5 :  0.114 0.015 0.746 0.028 0.023 0.021 0.018 0.017 0.018 
264    C4519    (0)    5 :  0.032 0.164 0.565 0.125 0.027 0.014 0.034 0.007 0.032 
265    C4527    (0)    5 :  0.031 0.012 0.169 0.711 0.018 0.017 0.014 0.013 0.015 
266    C4534    (0)    5 :  0.048 0.069 0.101 0.602 0.044 0.058 0.036 0.013 0.030 
267    C4699    (0)    5 :  0.018 0.015 0.704 0.070 0.019 0.032 0.026 0.061 0.055 
268    C1541    (9)    5 :  0.121 0.010 0.020 0.786 0.016 0.011 0.012 0.011 0.013 
269    C1542    (9)    5 :  0.056 0.013 0.011 0.856 0.012 0.010 0.015 0.015 0.010 
270    C1544    (0)    5 :  0.515 0.039 0.028 0.268 0.026 0.014 0.030 0.052 0.027 
271    C1547    (9)    5 :  0.135 0.214 0.043 0.069 0.069 0.140 0.148 0.081 0.103 
272    C1553    (9)    5 :  0.030 0.090 0.172 0.051 0.094 0.082 0.155 0.039 0.287 
273    C1555    (9)    5 :  0.816 0.033 0.016 0.031 0.020 0.012 0.025 0.021 0.026 
274    C1557    (0)    5 :  0.836 0.016 0.026 0.023 0.017 0.019 0.018 0.023 0.021 
275    C1560    (0)    5 :  0.827 0.046 0.014 0.029 0.017 0.014 0.025 0.009 0.018 
276    C1565    (0)    5 :  0.169 0.022 0.031 0.573 0.055 0.052 0.042 0.013 0.043 
277    C1567    (0)    5 :  0.702 0.060 0.030 0.056 0.019 0.029 0.050 0.028 0.025 
278    C1569    (0)    5 :  0.647 0.018 0.045 0.167 0.021 0.033 0.023 0.019 0.027 
279    C1571    (0)    5 :  0.253 0.076 0.032 0.372 0.034 0.035 0.071 0.069 0.056 
280    C1576    (0)    5 :  0.481 0.042 0.191 0.083 0.035 0.025 0.033 0.069 0.041 
281    C1577    (9)    5 :  0.189 0.033 0.024 0.610 0.026 0.017 0.034 0.037 0.032 
282    C1579    (0)    5 :  0.547 0.021 0.024 0.277 0.038 0.013 0.031 0.019 0.032 
283    C3990    (0)    6 :  0.027 0.008 0.902 0.024 0.007 0.009 0.008 0.008 0.008 
284    C3991    (0)    6 :  0.035 0.033 0.698 0.035 0.040 0.051 0.019 0.050 0.040 
285    C3992    (0)    6 :  0.024 0.083 0.708 0.037 0.023 0.017 0.022 0.041 0.045 
286    C3994    (0)    6 :  0.236 0.041 0.102 0.232 0.103 0.128 0.027 0.031 0.100 
287    C4172    (0)    6 :  0.008 0.053 0.638 0.017 0.048 0.051 0.044 0.049 0.093 
288    C4173    (9)    6 :  0.017 0.015 0.435 0.042 0.023 0.405 0.015 0.013 0.035 
289    C4232    (9)    6 :  0.116 0.009 0.011 0.823 0.008 0.008 0.009 0.007 0.008 
290    C4234    (9)    6 :  0.305 0.010 0.015 0.609 0.017 0.008 0.011 0.012 0.013 
291    C4259    (0)    6 :  0.639 0.009 0.021 0.268 0.015 0.012 0.011 0.011 0.013 
292    C4260    (0)    6 :  0.027 0.012 0.032 0.882 0.011 0.008 0.008 0.009 0.010 
293    C4261    (9)    6 :  0.023 0.027 0.038 0.586 0.056 0.062 0.083 0.021 0.105 
294    C4262    (0)    6 :  0.520 0.037 0.157 0.072 0.029 0.104 0.028 0.010 0.042 
295    C4263    (0)    6 :  0.604 0.012 0.027 0.163 0.031 0.030 0.025 0.085 0.024 
296    C4267    (9)    6 :  0.464 0.018 0.174 0.200 0.026 0.014 0.027 0.054 0.022 
297    C4269    (0)    6 :  0.330 0.016 0.178 0.268 0.037 0.048 0.037 0.021 0.066 
298    C4272    (0)    6 :  0.857 0.014 0.017 0.024 0.030 0.013 0.018 0.009 0.017 
299    C4274    (0)    6 :  0.323 0.272 0.028 0.100 0.064 0.012 0.116 0.012 0.071 
300    C4276    (9)    6 :  0.037 0.530 0.010 0.034 0.062 0.018 0.186 0.039 0.083 
301    C4278    (0)    6 :  0.565 0.043 0.081 0.076 0.095 0.026 0.042 0.020 0.053 
302    C4280    (0)    6 :  0.177 0.035 0.190 0.436 0.042 0.018 0.040 0.014 0.048 
303    C4281    (0)    6 :  0.643 0.020 0.035 0.172 0.024 0.023 0.024 0.028 0.032 
304    C4282    (0)    6 :  0.071 0.029 0.019 0.232 0.233 0.140 0.090 0.050 0.136 
305    C4284    (9)    6 :  0.712 0.009 0.189 0.042 0.010 0.010 0.009 0.009 0.009 
306    C4286    (9)    6 :  0.099 0.104 0.168 0.443 0.040 0.031 0.044 0.025 0.047 
307    C4287    (0)    6 :  0.184 0.078 0.116 0.353 0.059 0.076 0.050 0.011 0.074 
308    C4290    (0)    6 :  0.121 0.310 0.032 0.016 0.075 0.055 0.164 0.161 0.067 
309    C4307   (18)    6 :  0.189 0.020 0.158 0.313 0.178 0.019 0.024 0.014 0.085 
310    C4310    (9)    6 :  0.583 0.046 0.049 0.155 0.020 0.012 0.036 0.077 0.022 
311    C4311   (18)    6 :  0.193 0.061 0.030 0.547 0.040 0.022 0.043 0.022 0.041 
312    C4312    (0)    6 :  0.577 0.014 0.031 0.283 0.024 0.013 0.020 0.015 0.023 
313    C4314    (0)    6 :  0.447 0.029 0.022 0.173 0.039 0.013 0.032 0.203 0.041 
314    C4318    (9)    6 :  0.576 0.025 0.064 0.052 0.165 0.034 0.027 0.011 0.045 
315    C4321    (9)    6 :  0.275 0.083 0.127 0.341 0.034 0.058 0.037 0.014 0.031 
316    C4324    (0)    6 :  0.611 0.031 0.072 0.110 0.051 0.050 0.027 0.010 0.037 
317    C4334    (0)    6 :  0.792 0.021 0.064 0.021 0.024 0.039 0.015 0.008 0.015 
318    C4529    (0)    6 :  0.241 0.031 0.042 0.470 0.073 0.027 0.034 0.032 0.050 
319    C1582    (9)    6 :  0.613 0.018 0.166 0.120 0.016 0.014 0.019 0.014 0.019 
320    C1583    (0)    6 :  0.656 0.025 0.027 0.120 0.038 0.018 0.026 0.062 0.028 
321    C1584    (9)    6 :  0.824 0.029 0.031 0.033 0.016 0.008 0.022 0.023 0.014 
322    C1585    (0)    6 :  0.885 0.011 0.038 0.017 0.009 0.007 0.010 0.015 0.009 
323    C1586    (0)    6 :  0.764 0.011 0.030 0.040 0.032 0.055 0.022 0.022 0.023 
324    C1589    (0)    6 :  0.766 0.014 0.107 0.056 0.012 0.011 0.011 0.011 0.011 
325    C1591    (0)    6 :  0.863 0.010 0.040 0.036 0.010 0.011 0.009 0.012 0.010 
326    C1592    (0)    6 :  0.774 0.026 0.015 0.064 0.026 0.031 0.021 0.019 0.025 
327    C1594    (0)    6 :  0.684 0.021 0.040 0.095 0.018 0.017 0.026 0.079 0.020 
328    C1597    (9)    6 :  0.120 0.044 0.038 0.626 0.034 0.027 0.057 0.024 0.030 
329    C1598    (9)    6 :  0.555 0.023 0.219 0.070 0.022 0.015 0.024 0.040 0.032 
330    C1599    (0)    6 :  0.594 0.024 0.014 0.280 0.027 0.010 0.023 0.010 0.017 
331    C1601    (0)    6 :  0.169 0.031 0.377 0.155 0.051 0.020 0.065 0.073 0.058 
332    C1605    (0)    6 :  0.092 0.097 0.059 0.075 0.362 0.030 0.051 0.073 0.162 
333    C1609    (0)    6 :  0.890 0.010 0.035 0.020 0.009 0.008 0.009 0.010 0.009 
334    C1610    (0)    6 :  0.183 0.068 0.015 0.383 0.082 0.012 0.103 0.072 0.083 
335    C1611    (0)    6 :  0.032 0.011 0.013 0.776 0.075 0.039 0.016 0.012 0.025 
336    C1612    (0)    6 :  0.050 0.009 0.010 0.884 0.013 0.007 0.008 0.009 0.009 
337    C1613    (0)    6 :  0.171 0.030 0.036 0.594 0.031 0.049 0.023 0.043 0.023 
338    C3173    (9)    6 :  0.407 0.052 0.045 0.234 0.085 0.038 0.053 0.039 0.048 
339    C3204    (0)    6 :  0.049 0.021 0.029 0.802 0.023 0.013 0.023 0.016 0.024 
340    C3223    (9)    6 :  0.026 0.150 0.020 0.392 0.222 0.062 0.033 0.013 0.082 
341    C3262    (0)    6 :  0.452 0.054 0.034 0.202 0.059 0.027 0.036 0.094 0.041 
342    C3270    (0)    6 :  0.265 0.020 0.151 0.445 0.031 0.018 0.027 0.016 0.027 
343    C3300    (0)    6 :  0.445 0.013 0.314 0.170 0.014 0.010 0.011 0.009 0.013 
344    C3330    (0)    6 :  0.538 0.027 0.107 0.152 0.074 0.016 0.027 0.012 0.048 
345    C3390    (9)    6 :  0.396 0.019 0.080 0.383 0.033 0.026 0.019 0.018 0.025 
346    C3424    (9)    6 :  0.208 0.030 0.035 0.548 0.051 0.019 0.034 0.014 0.060 
347    C3958    (0)    6 :  0.058 0.008 0.846 0.022 0.012 0.016 0.012 0.007 0.020 
348    C3962    (0)    6 :  0.028 0.009 0.856 0.018 0.024 0.009 0.031 0.007 0.019 
349    C4019    (0)    6 :  0.014 0.030 0.112 0.010 0.207 0.041 0.314 0.023 0.247 
350    C3995   (18)    6 :  0.019 0.014 0.829 0.032 0.021 0.033 0.016 0.019 0.017 
351    C4000    (0)    6 :  0.026 0.027 0.583 0.081 0.056 0.065 0.074 0.014 0.074 
352    C4002    (0)    6 :  0.025 0.012 0.814 0.058 0.020 0.018 0.019 0.012 0.022 
353    C1692    (0)    7 :  0.016 0.117 0.113 0.025 0.361 0.025 0.098 0.033 0.211 
354    C1693    (0)    7 :  0.035 0.142 0.031 0.107 0.439 0.065 0.036 0.012 0.135 
355    C1694    (0)    7 :  0.060 0.134 0.018 0.069 0.273 0.178 0.075 0.085 0.107 
356    C1698    (0)    7 :  0.035 0.263 0.008 0.009 0.257 0.092 0.151 0.051 0.134 
357    C1699    (0)    7 :  0.020 0.091 0.014 0.027 0.207 0.038 0.117 0.226 0.259 
358    C1700    (0)    7 :  0.040 0.113 0.066 0.032 0.120 0.106 0.197 0.042 0.285 
359    C1701    (0)    7 :  0.028 0.038 0.011 0.012 0.213 0.018 0.142 0.338 0.200 
360    C1702    (0)    7 :  0.012 0.130 0.013 0.011 0.275 0.047 0.167 0.051 0.292 
361    C1703    (0)    7 :  0.015 0.081 0.018 0.008 0.150 0.214 0.323 0.042 0.149 
362    C1704    (0)    7 :  0.259 0.111 0.032 0.026 0.187 0.153 0.095 0.023 0.114 
363    C1705    (0)    7 :  0.013 0.167 0.163 0.009 0.036 0.461 0.062 0.017 0.072 
364    C1706    (0)    7 :  0.017 0.099 0.010 0.017 0.268 0.026 0.066 0.294 0.204 
365    C1707    (0)    7 :  0.286 0.233 0.015 0.094 0.043 0.038 0.074 0.099 0.116 
366    C1708    (0)    7 :  0.025 0.039 0.013 0.011 0.287 0.410 0.060 0.021 0.133 
367    C1709    (0)    7 :  0.020 0.025 0.065 0.026 0.073 0.680 0.035 0.023 0.053 
368    C1710    (0)    7 :  0.042 0.084 0.023 0.019 0.213 0.071 0.223 0.075 0.252 
369    C1712    (0)    7 :  0.009 0.032 0.028 0.011 0.142 0.457 0.184 0.013 0.123 
370    C1714    (0)    7 :  0.025 0.017 0.012 0.010 0.153 0.669 0.032 0.018 0.065 
371    C1715    (0)    7 :  0.020 0.247 0.013 0.016 0.081 0.016 0.206 0.052 0.348 
372    C1717    (0)    7 :  0.050 0.358 0.015 0.044 0.190 0.037 0.170 0.026 0.111 
373    C1718   (18)    7 :  0.072 0.101 0.015 0.015 0.166 0.027 0.296 0.029 0.279 
374    C1719    (0)    7 :  0.037 0.024 0.090 0.065 0.058 0.588 0.054 0.017 0.067 
375    C1656    (0)    8 :  0.008 0.056 0.028 0.009 0.046 0.036 0.203 0.173 0.441 
376    C1657   (18)    8 :  0.013 0.067 0.018 0.031 0.159 0.305 0.118 0.117 0.171 
377    C1658    (0)    8 :  0.009 0.358 0.010 0.008 0.133 0.027 0.206 0.049 0.200 
378    C1659    (0)    8 :  0.023 0.284 0.017 0.057 0.093 0.017 0.141 0.095 0.272 
379    C1661    (9)    8 :  0.082 0.107 0.020 0.033 0.196 0.040 0.264 0.049 0.209 
380    C1665    (0)    8 :  0.018 0.122 0.012 0.031 0.153 0.021 0.248 0.201 0.194 
381    C1667    (9)    8 :  0.007 0.018 0.006 0.008 0.094 0.788 0.027 0.019 0.034 
382    C1676    (9)    8 :  0.013 0.039 0.017 0.012 0.045 0.053 0.248 0.056 0.516 
383    C1681    (9)    8 :  0.049 0.221 0.014 0.013 0.083 0.092 0.157 0.139 0.231 
384    C1682    (0)    8 :  0.016 0.067 0.017 0.016 0.157 0.327 0.114 0.062 0.224 
385    C1685    (0)    8 :  0.012 0.019 0.017 0.029 0.052 0.014 0.260 0.022 0.575 
386    C4707    (0)    9 :  0.033 0.017 0.068 0.019 0.106 0.025 0.242 0.017 0.472 
387    C4747    (0)    9 :  0.035 0.090 0.081 0.135 0.128 0.370 0.041 0.015 0.105 
388    C4772    (0)    9 :  0.035 0.054 0.438 0.053 0.090 0.028 0.132 0.078 0.091 
389    C4781    (0)    9 :  0.043 0.049 0.026 0.009 0.064 0.640 0.028 0.011 0.131 
390    C4782    (0)    9 :  0.094 0.204 0.052 0.021 0.146 0.082 0.185 0.037 0.178 
391    C4787    (0)    9 :  0.025 0.457 0.112 0.015 0.106 0.044 0.112 0.029 0.101 
392    C4790    (0)    9 :  0.019 0.022 0.086 0.014 0.145 0.380 0.134 0.027 0.172 
393    C4803    (0)    9 :  0.025 0.262 0.094 0.039 0.171 0.054 0.205 0.025 0.125 
394    C4813    (0)    9 :  0.008 0.052 0.691 0.022 0.043 0.028 0.041 0.049 0.066 
395    C4837    (0)    9 :  0.015 0.084 0.074 0.037 0.105 0.025 0.173 0.019 0.468 
396    C4838    (0)    9 :  0.012 0.414 0.067 0.010 0.033 0.035 0.139 0.033 0.258 
397    C4843    (0)    9 :  0.012 0.019 0.032 0.039 0.160 0.018 0.187 0.031 0.502 
398    C4857    (0)    9 :  0.075 0.029 0.645 0.033 0.027 0.018 0.052 0.030 0.091 
399    C4828    (0)    9 :  0.042 0.126 0.024 0.170 0.122 0.046 0.089 0.086 0.295 
400    C4835    (0)    9 :  0.016 0.137 0.628 0.013 0.044 0.018 0.028 0.055 0.062 
401    C4836    (9)    9 :  0.029 0.134 0.176 0.022 0.092 0.104 0.120 0.026 0.297 
402    C4842    (0)    9 :  0.009 0.046 0.041 0.018 0.166 0.066 0.153 0.125 0.378 
403    C4863    (9)    9 :  0.046 0.328 0.043 0.012 0.156 0.137 0.125 0.018 0.136 
404    C4744    (0)    9 :  0.010 0.049 0.016 0.033 0.115 0.162 0.187 0.047 0.382 
405    C4745    (0)    9 :  0.028 0.148 0.093 0.013 0.283 0.025 0.135 0.091 0.185 
406    C4768    (0)    9 :  0.061 0.021 0.165 0.032 0.145 0.239 0.176 0.053 0.108 
407    C4769    (0)    9 :  0.010 0.115 0.139 0.014 0.058 0.051 0.126 0.274 0.214 
408    C4771    (0)    9 :  0.010 0.049 0.014 0.010 0.111 0.036 0.356 0.024 0.391 
409    C4784    (0)    9 :  0.041 0.051 0.164 0.015 0.191 0.342 0.054 0.039 0.104 
410    C4785    (0)    9 :  0.033 0.025 0.023 0.020 0.084 0.682 0.026 0.040 0.068 
411    C4795    (0)    9 :  0.044 0.058 0.068 0.024 0.078 0.518 0.034 0.020 0.157 
412    C4796    (0)    9 :  0.016 0.112 0.014 0.014 0.133 0.087 0.377 0.027 0.221 
413    C4800    (0)    9 :  0.013 0.327 0.275 0.007 0.160 0.014 0.079 0.017 0.108 
414    C4801    (0)    9 :  0.071 0.065 0.399 0.008 0.078 0.050 0.057 0.185 0.087 
415    C4802    (0)    9 :  0.492 0.069 0.029 0.035 0.121 0.014 0.052 0.135 0.053 
416    C4805    (0)    9 :  0.017 0.046 0.091 0.010 0.130 0.083 0.290 0.099 0.233 
417    C4806    (0)    9 :  0.013 0.057 0.038 0.007 0.130 0.012 0.403 0.063 0.277 
418    C4850    (0)    9 :  0.040 0.050 0.131 0.085 0.181 0.024 0.147 0.034 0.307 
419    C4748    (0)   10 :  0.009 0.061 0.147 0.010 0.069 0.078 0.055 0.330 0.242 
420    C4753    (0)   10 :  0.024 0.062 0.032 0.013 0.344 0.055 0.200 0.042 0.229 
421    C4754    (0)   10 :  0.033 0.021 0.122 0.013 0.133 0.063 0.236 0.048 0.332 
422    C4760    (0)   10 :  0.066 0.175 0.166 0.057 0.127 0.018 0.178 0.016 0.198 
