

----------------------------------------------------
STRUCTURE by Pritchard, Stephens and Donnelly (2000)
     and Falush, Stephens and Pritchard (2003)
       Code by Pritchard, Falush and Hubisz
             Version 2.3.4 (Jul 2012)
----------------------------------------------------



Command line arguments:   bin\structure -m G:\My Drive\Hoban_Lab_Docs\Projects\Butternut_JUCI\Graphical_Stat_Results\PostIndRemoval\24pop\Reorg_Results\STR\butternut\50-50\mainparams -e G:\My Drive\Hoban_Lab_Docs\Projects\Butternut_JUCI\Graphical_Stat_Results\PostIndRemoval\24pop\Reorg_Results\STR\butternut\50-50\extraparams 
Input File:    G:\My Drive\Hoban_Lab_Docs\Projects\Butternut_JUCI\Graphical_Stat_Results\PostIndRemoval\24pop\Reorg_Results\STR\butternut\project_data

Run parameters:
   993 individuals
   11 loci
   10 populations assumed
   50000 Burn-in period
   50000 Reps


--------------------------------------------
Proportion of membership of each pre-defined
 population in each of the 10 clusters

Given    Inferred Clusters                                                        Number of
 Pop       1      2      3      4      5      6      7      8      9     10      Individuals

  1:     0.126  0.025  0.043  0.180  0.402  0.025  0.042  0.030  0.032  0.095       40
  2:     0.315  0.027  0.043  0.153  0.074  0.029  0.040  0.025  0.035  0.257       45
  3:     0.114  0.038  0.034  0.376  0.182  0.036  0.039  0.023  0.026  0.133       62
  4:     0.168  0.037  0.037  0.264  0.060  0.025  0.046  0.042  0.034  0.287       48
  5:     0.206  0.036  0.031  0.156  0.211  0.032  0.035  0.044  0.036  0.212       87
  6:     0.283  0.041  0.040  0.188  0.166  0.031  0.043  0.028  0.033  0.148       70
  7:     0.044  0.082  0.198  0.023  0.060  0.192  0.135  0.070  0.161  0.035       22
  8:     0.019  0.089  0.150  0.023  0.022  0.170  0.134  0.090  0.287  0.017       11
  9:     0.054  0.090  0.113  0.032  0.033  0.132  0.128  0.056  0.213  0.150       33
 10:     0.039  0.118  0.118  0.044  0.034  0.072  0.138  0.102  0.199  0.137       48
 11:     0.043  0.083  0.094  0.025  0.045  0.123  0.091  0.070  0.179  0.247       48
 12:     0.036  0.161  0.177  0.038  0.034  0.109  0.168  0.091  0.159  0.027       90
 13:     0.022  0.130  0.103  0.026  0.025  0.455  0.096  0.033  0.091  0.018       63
 14:     0.067  0.154  0.135  0.059  0.044  0.083  0.185  0.083  0.166  0.024       16
 15:     0.093  0.082  0.170  0.046  0.047  0.058  0.231  0.122  0.088  0.062       31
 16:     0.014  0.032  0.035  0.012  0.031  0.025  0.027  0.725  0.054  0.046       16
 17:     0.033  0.106  0.136  0.064  0.133  0.306  0.086  0.033  0.082  0.021       24
 18:     0.028  0.138  0.219  0.035  0.072  0.077  0.130  0.111  0.160  0.030       12
 19:     0.039  0.153  0.160  0.031  0.037  0.139  0.142  0.124  0.146  0.029       54
 20:     0.052  0.179  0.129  0.031  0.035  0.050  0.138  0.207  0.142  0.037       96
 21:     0.057  0.161  0.150  0.024  0.030  0.123  0.123  0.215  0.101  0.018       22
 22:     0.077  0.066  0.040  0.037  0.038  0.024  0.052  0.515  0.084  0.068       23
 23:     0.019  0.305  0.072  0.029  0.034  0.045  0.099  0.254  0.122  0.021       13
 24:     0.045  0.173  0.185  0.061  0.038  0.128  0.126  0.069  0.142  0.034       19
--------------------------------------------

Allele-freq. divergence among pops (Net nucleotide distance),
computed using point estimates of P.

      1       2       3       4       5       6       7       8       9      10      
 1      -    0.0373  0.0270  0.0246  0.0207  0.0390  0.0279  0.0415  0.0336  0.0342  
 2   0.0373     -    0.0066  0.0357  0.0415  0.0159  0.0044  0.0154  0.0067  0.0516  
 3   0.0270  0.0066     -    0.0289  0.0316  0.0119  0.0015  0.0161  0.0052  0.0409  
 4   0.0246  0.0357  0.0289     -    0.0304  0.0413  0.0291  0.0447  0.0351  0.0409  
 5   0.0207  0.0415  0.0316  0.0304     -    0.0387  0.0326  0.0472  0.0348  0.0429  
 6   0.0390  0.0159  0.0119  0.0413  0.0387     -    0.0129  0.0299  0.0125  0.0432  
 7   0.0279  0.0044  0.0015  0.0291  0.0326  0.0129     -    0.0155  0.0053  0.0412  
 8   0.0415  0.0154  0.0161  0.0447  0.0472  0.0299  0.0155     -    0.0157  0.0568  
 9   0.0336  0.0067  0.0052  0.0351  0.0348  0.0125  0.0053  0.0157     -    0.0389  
10   0.0342  0.0516  0.0409  0.0409  0.0429  0.0432  0.0412  0.0568  0.0389     -    

Average distances (expected heterozygosity) between individuals in same cluster:
cluster  1  : 0.8100 
cluster  2  : 0.8425 
cluster  3  : 0.8562 
cluster  4  : 0.8151 
cluster  5  : 0.7979 
cluster  6  : 0.8452 
cluster  7  : 0.8541 
cluster  8  : 0.8258 
cluster  9  : 0.8513 
cluster 10  : 0.8164 

--------------------------------------------
Estimated Ln Prob of Data   = -46960.6
Mean value of ln likelihood = -44529.7
Variance of ln likelihood   = 4861.8
Mean value of alpha         = 0.0542

Mean value of Fst_1         = 0.0856
Mean value of Fst_2         = 0.0349
Mean value of Fst_3         = 0.0241
Mean value of Fst_4         = 0.0760
Mean value of Fst_5         = 0.0797
Mean value of Fst_6         = 0.0407
Mean value of Fst_7         = 0.0272
Mean value of Fst_8         = 0.0540
Mean value of Fst_9         = 0.0271
Mean value of Fst_10         = 0.0846


Inferred ancestry of individuals:
        Label (%Miss) Pop:  Inferred clusters
  1    C3984    (0)    1 :  0.532 0.010 0.022 0.017 0.147 0.012 0.020 0.007 0.011 0.221 
  2    C3985    (0)    1 :  0.034 0.011 0.015 0.024 0.717 0.012 0.011 0.012 0.020 0.146 
  3    C3986    (0)    1 :  0.057 0.011 0.012 0.156 0.283 0.018 0.013 0.007 0.013 0.429 
  4    C4231    (0)    1 :  0.432 0.018 0.028 0.042 0.058 0.014 0.043 0.010 0.042 0.313 
  5    C4344    (0)    1 :  0.027 0.017 0.034 0.269 0.518 0.023 0.035 0.013 0.027 0.036 
  6    C4347   (18)    1 :  0.066 0.025 0.017 0.289 0.476 0.011 0.025 0.052 0.017 0.023 
  7    C4352   (18)    1 :  0.160 0.022 0.024 0.053 0.442 0.026 0.025 0.019 0.035 0.194 
  8    C4355    (9)    1 :  0.674 0.021 0.029 0.070 0.096 0.019 0.033 0.013 0.012 0.032 
  9    C4358   (18)    1 :  0.026 0.078 0.383 0.014 0.127 0.044 0.150 0.058 0.094 0.025 
 10    C4419    (9)    1 :  0.367 0.027 0.078 0.017 0.270 0.018 0.086 0.015 0.027 0.095 
 11    C4428    (9)    1 :  0.290 0.015 0.017 0.176 0.343 0.016 0.023 0.022 0.015 0.084 
 12    C4436    (0)    1 :  0.015 0.008 0.008 0.017 0.887 0.009 0.009 0.012 0.011 0.026 
 13    C4437   (18)    1 :  0.044 0.019 0.059 0.029 0.537 0.018 0.042 0.042 0.055 0.155 
 14    C4450    (0)    1 :  0.073 0.039 0.090 0.019 0.506 0.047 0.077 0.029 0.066 0.054 
 15    C4531    (0)    1 :  0.045 0.015 0.042 0.008 0.057 0.029 0.025 0.033 0.083 0.664 
 16    C1615    (0)    1 :  0.048 0.053 0.036 0.041 0.499 0.035 0.045 0.046 0.052 0.146 
 17    C1616    (0)    1 :  0.098 0.062 0.160 0.041 0.256 0.016 0.179 0.083 0.073 0.032 
 18    C1617    (9)    1 :  0.026 0.012 0.013 0.029 0.860 0.009 0.016 0.017 0.011 0.009 
 19    C1618    (0)    1 :  0.048 0.018 0.022 0.021 0.617 0.054 0.022 0.023 0.041 0.134 
 20    C1619    (0)    1 :  0.016 0.012 0.025 0.023 0.808 0.033 0.016 0.020 0.017 0.029 
 21    C1620    (9)    1 :  0.013 0.009 0.016 0.011 0.858 0.023 0.012 0.017 0.013 0.029 
 22    C1621    (0)    1 :  0.080 0.100 0.050 0.023 0.285 0.039 0.161 0.189 0.055 0.017 
 23    C1623    (9)    1 :  0.034 0.032 0.076 0.015 0.062 0.208 0.086 0.149 0.091 0.248 
 24    C1625    (0)    1 :  0.010 0.013 0.020 0.018 0.855 0.023 0.014 0.025 0.015 0.008 
 25    C1626    (0)    1 :  0.034 0.030 0.073 0.019 0.608 0.025 0.106 0.051 0.042 0.012 
 26    C1627    (9)    1 :  0.017 0.007 0.009 0.012 0.893 0.011 0.010 0.020 0.009 0.013 
 27    C1633    (0)    1 :  0.077 0.008 0.013 0.013 0.835 0.009 0.014 0.012 0.008 0.011 
 28    C1637    (0)    1 :  0.018 0.009 0.014 0.013 0.881 0.009 0.015 0.015 0.014 0.010 
 29    C1650    (0)    1 :  0.359 0.028 0.026 0.050 0.045 0.014 0.035 0.024 0.025 0.396 
 30    C3202    (0)    1 :  0.013 0.008 0.013 0.893 0.013 0.010 0.011 0.015 0.010 0.014 
 31    C3248    (0)    1 :  0.617 0.015 0.021 0.127 0.143 0.013 0.019 0.011 0.023 0.011 
 32    C3304    (9)    1 :  0.139 0.018 0.043 0.522 0.171 0.012 0.056 0.013 0.010 0.014 
 33    C3326    (0)    1 :  0.051 0.055 0.060 0.308 0.233 0.017 0.057 0.028 0.116 0.076 
 34    C3333    (0)    1 :  0.029 0.016 0.020 0.813 0.041 0.012 0.021 0.020 0.017 0.012 
 35    C3339   (18)    1 :  0.014 0.018 0.021 0.049 0.829 0.018 0.024 0.009 0.012 0.007 
 36    C3346    (0)    1 :  0.015 0.009 0.008 0.892 0.026 0.012 0.009 0.006 0.008 0.015 
 37    C3349    (0)    1 :  0.055 0.024 0.060 0.651 0.065 0.032 0.058 0.014 0.030 0.012 
 38    C3367   (18)    1 :  0.022 0.018 0.015 0.810 0.038 0.014 0.021 0.019 0.018 0.025 
 39    C3374    (0)    1 :  0.252 0.008 0.010 0.021 0.651 0.011 0.010 0.006 0.009 0.021 
 40    C3405    (0)    1 :  0.129 0.070 0.034 0.600 0.048 0.034 0.038 0.010 0.023 0.014 
 41    C4543    (0)    2 :  0.054 0.015 0.018 0.043 0.014 0.016 0.022 0.009 0.013 0.796 
 42    C4545    (9)    2 :  0.087 0.011 0.009 0.018 0.041 0.068 0.009 0.007 0.013 0.737 
 43    C4551    (9)    2 :  0.152 0.056 0.060 0.014 0.066 0.047 0.056 0.023 0.172 0.353 
 44    C4491    (0)    2 :  0.121 0.056 0.069 0.074 0.057 0.048 0.050 0.029 0.095 0.402 
 45    C4494    (0)    2 :  0.339 0.010 0.011 0.425 0.020 0.011 0.012 0.008 0.010 0.154 
 46    C4495    (0)    2 :  0.096 0.034 0.044 0.545 0.030 0.038 0.076 0.013 0.066 0.056 
 47    C4497    (9)    2 :  0.773 0.013 0.026 0.029 0.050 0.016 0.019 0.009 0.016 0.048 
 48    C4501    (0)    2 :  0.462 0.027 0.136 0.016 0.073 0.014 0.164 0.013 0.023 0.072 
 49    C4502    (0)    2 :  0.225 0.012 0.022 0.052 0.502 0.052 0.030 0.010 0.011 0.085 
 50    C4503    (0)    2 :  0.016 0.015 0.015 0.012 0.012 0.204 0.013 0.015 0.022 0.676 
 51    C4504    (0)    2 :  0.262 0.053 0.284 0.046 0.012 0.056 0.138 0.020 0.030 0.099 
 52    C4470    (0)    2 :  0.676 0.037 0.073 0.025 0.026 0.018 0.033 0.016 0.044 0.052 
 53    C4471    (0)    2 :  0.519 0.013 0.024 0.019 0.010 0.014 0.022 0.009 0.011 0.357 
 54    C4474    (9)    2 :  0.040 0.023 0.017 0.007 0.009 0.014 0.015 0.025 0.042 0.809 
 55    C4476    (0)    2 :  0.735 0.012 0.021 0.020 0.077 0.013 0.015 0.008 0.011 0.087 
 56    C4479    (0)    2 :  0.762 0.016 0.011 0.043 0.059 0.008 0.012 0.035 0.012 0.041 
 57    C4482    (0)    2 :  0.177 0.021 0.063 0.136 0.035 0.009 0.088 0.130 0.045 0.296 
 58    C4483    (0)    2 :  0.018 0.009 0.024 0.009 0.007 0.014 0.020 0.011 0.013 0.876 
 59    C4484    (0)    2 :  0.117 0.050 0.041 0.134 0.028 0.048 0.042 0.020 0.025 0.495 
 60    C4485    (0)    2 :  0.469 0.034 0.065 0.254 0.012 0.016 0.042 0.029 0.039 0.040 
 61    C4489    (0)    2 :  0.273 0.017 0.032 0.066 0.176 0.024 0.039 0.023 0.015 0.336 
 62    C4505    (0)    2 :  0.529 0.028 0.033 0.023 0.167 0.015 0.025 0.013 0.034 0.134 
 63    C4507    (0)    2 :  0.329 0.060 0.043 0.012 0.054 0.074 0.044 0.009 0.071 0.304 
 64    C4535    (0)    2 :  0.018 0.019 0.029 0.013 0.024 0.028 0.025 0.027 0.035 0.782 
 65    C4542    (0)    2 :  0.017 0.127 0.121 0.020 0.017 0.025 0.210 0.026 0.138 0.299 
 66    C4553    (9)    2 :  0.311 0.031 0.028 0.084 0.068 0.017 0.025 0.018 0.075 0.342 
 67    C4562   (18)    2 :  0.177 0.026 0.019 0.039 0.080 0.039 0.022 0.024 0.040 0.535 
 68    C4582   (18)    2 :  0.183 0.021 0.035 0.034 0.050 0.017 0.034 0.037 0.044 0.545 
 69    C4693    (0)    2 :  0.083 0.009 0.011 0.033 0.026 0.008 0.013 0.015 0.012 0.792 
 70    C4696    (0)    2 :  0.055 0.048 0.037 0.028 0.131 0.033 0.033 0.027 0.095 0.513 
 71    C3179    (0)    2 :  0.041 0.025 0.032 0.507 0.278 0.050 0.020 0.010 0.018 0.019 
 72    C3181    (0)    2 :  0.560 0.026 0.060 0.178 0.061 0.014 0.045 0.020 0.020 0.016 
 73    C3188    (0)    2 :  0.684 0.016 0.054 0.098 0.030 0.020 0.026 0.015 0.018 0.038 
 74    C3190    (0)    2 :  0.015 0.022 0.022 0.824 0.012 0.011 0.035 0.019 0.016 0.024 
 75    C3193    (0)    2 :  0.642 0.013 0.016 0.225 0.021 0.007 0.015 0.028 0.019 0.013 
 76    C3232    (0)    2 :  0.769 0.009 0.012 0.073 0.026 0.010 0.012 0.007 0.009 0.071 
 77    C3236    (0)    2 :  0.041 0.012 0.010 0.684 0.165 0.007 0.010 0.008 0.009 0.054 
 78    C3249    (0)    2 :  0.488 0.029 0.051 0.221 0.079 0.023 0.039 0.026 0.026 0.019 
 79    C3250    (0)    2 :  0.885 0.010 0.009 0.021 0.025 0.008 0.012 0.009 0.008 0.012 
 80    C3253    (0)    2 :  0.579 0.012 0.016 0.012 0.297 0.009 0.012 0.016 0.016 0.030 
 81    C3255    (0)    2 :  0.624 0.010 0.017 0.153 0.118 0.009 0.014 0.011 0.010 0.035 
 82    C3277    (0)    2 :  0.393 0.035 0.073 0.061 0.214 0.029 0.060 0.071 0.047 0.017 
 83    C3315    (0)    2 :  0.324 0.070 0.067 0.015 0.053 0.067 0.083 0.187 0.055 0.079 
 84    C3288    (0)    2 :  0.018 0.011 0.015 0.861 0.023 0.012 0.014 0.017 0.014 0.015 
 85    C3293    (0)    2 :  0.039 0.030 0.061 0.691 0.011 0.024 0.060 0.025 0.030 0.030 
 86    C4018    (0)    3 :  0.091 0.011 0.012 0.288 0.015 0.008 0.017 0.007 0.011 0.541 
 87    C3980    (0)    3 :  0.049 0.012 0.012 0.028 0.011 0.009 0.012 0.012 0.011 0.843 
 88    C3987    (0)    3 :  0.093 0.013 0.011 0.021 0.107 0.013 0.011 0.012 0.016 0.703 
 89    C3988    (0)    3 :  0.082 0.007 0.016 0.032 0.265 0.012 0.012 0.011 0.018 0.546 
 90    C3989    (0)    3 :  0.170 0.009 0.087 0.562 0.018 0.006 0.092 0.008 0.022 0.027 
 91    C4011    (0)    3 :  0.225 0.005 0.006 0.138 0.051 0.006 0.006 0.005 0.006 0.552 
 92    C4017    (0)    3 :  0.022 0.006 0.008 0.013 0.011 0.007 0.007 0.005 0.007 0.915 
 93    C4296    (0)    3 :  0.226 0.134 0.039 0.022 0.211 0.043 0.089 0.026 0.176 0.035 
 94    C4301    (9)    3 :  0.012 0.409 0.115 0.070 0.012 0.034 0.312 0.010 0.016 0.010 
 95    C4303    (0)    3 :  0.020 0.060 0.023 0.432 0.132 0.022 0.029 0.243 0.028 0.010 
 96    C4453    (0)    3 :  0.080 0.016 0.045 0.566 0.064 0.060 0.044 0.028 0.018 0.079 
 97    C4455    (9)    3 :  0.021 0.011 0.012 0.850 0.010 0.014 0.015 0.028 0.013 0.025 
 98    C4456   (18)    3 :  0.013 0.034 0.043 0.469 0.050 0.090 0.056 0.048 0.075 0.121 
 99    C4457    (9)    3 :  0.067 0.049 0.078 0.496 0.096 0.021 0.063 0.060 0.043 0.027 
100    C4459    (9)    3 :  0.381 0.017 0.019 0.309 0.039 0.010 0.018 0.018 0.028 0.160 
101    C4464   (18)    3 :  0.158 0.009 0.011 0.584 0.149 0.009 0.010 0.008 0.011 0.051 
102    C4467   (18)    3 :  0.521 0.007 0.011 0.191 0.200 0.008 0.009 0.008 0.008 0.036 
103    C4468    (9)    3 :  0.365 0.016 0.022 0.171 0.250 0.015 0.022 0.083 0.015 0.042 
104    C4783    (0)    3 :  0.076 0.012 0.018 0.402 0.008 0.011 0.024 0.011 0.029 0.409 
105    C4786    (0)    3 :  0.030 0.023 0.009 0.689 0.043 0.009 0.015 0.009 0.015 0.158 
106    C4789    (9)    3 :  0.159 0.032 0.026 0.268 0.040 0.008 0.045 0.010 0.015 0.397 
107    C4891    (0)    3 :  0.020 0.018 0.016 0.801 0.023 0.016 0.016 0.010 0.035 0.045 
108    C4896    (0)    3 :  0.082 0.058 0.068 0.316 0.015 0.016 0.061 0.033 0.028 0.321 
109    C4898    (0)    3 :  0.117 0.016 0.024 0.269 0.030 0.013 0.023 0.013 0.020 0.473 
110    C4901    (0)    3 :  0.021 0.012 0.014 0.739 0.016 0.006 0.018 0.009 0.012 0.153 
111    C4903    (9)    3 :  0.016 0.021 0.037 0.760 0.027 0.011 0.040 0.020 0.023 0.046 
112    C4904    (0)    3 :  0.042 0.017 0.042 0.275 0.014 0.009 0.020 0.007 0.016 0.557 
113    C3263    (0)    3 :  0.016 0.008 0.016 0.030 0.852 0.043 0.010 0.009 0.008 0.007 
114    C3271    (0)    3 :  0.034 0.021 0.013 0.020 0.853 0.012 0.015 0.007 0.014 0.010 
115    C3272    (0)    3 :  0.397 0.033 0.042 0.047 0.375 0.021 0.044 0.008 0.022 0.014 
116    C3276    (0)    3 :  0.025 0.242 0.091 0.377 0.019 0.065 0.122 0.020 0.025 0.013 
117    C3280    (9)    3 :  0.315 0.042 0.038 0.031 0.326 0.092 0.045 0.028 0.051 0.032 
118    C3305    (9)    3 :  0.130 0.009 0.016 0.009 0.779 0.013 0.015 0.008 0.010 0.011 
119    C3306    (0)    3 :  0.015 0.009 0.018 0.016 0.871 0.023 0.014 0.010 0.017 0.007 
120    C3324    (0)    3 :  0.118 0.026 0.035 0.015 0.530 0.161 0.049 0.014 0.034 0.018 
121    C3329    (0)    3 :  0.122 0.039 0.037 0.076 0.371 0.058 0.084 0.022 0.099 0.092 
122    C3336    (0)    3 :  0.312 0.046 0.031 0.086 0.390 0.022 0.042 0.014 0.031 0.025 
123    C3341   (18)    3 :  0.054 0.025 0.083 0.029 0.056 0.556 0.056 0.027 0.058 0.057 
124    C3409   (18)    3 :  0.090 0.045 0.137 0.054 0.414 0.036 0.099 0.032 0.053 0.041 
125    C3168    (9)    3 :  0.015 0.014 0.018 0.877 0.023 0.009 0.012 0.008 0.009 0.013 
126    C3170    (0)    3 :  0.093 0.018 0.017 0.787 0.024 0.011 0.017 0.007 0.011 0.015 
127    C3214   (18)    3 :  0.053 0.165 0.022 0.465 0.110 0.010 0.108 0.028 0.014 0.024 
128    C3227    (0)    3 :  0.009 0.043 0.013 0.848 0.018 0.009 0.021 0.010 0.010 0.020 
129    C3228    (0)    3 :  0.517 0.066 0.027 0.031 0.157 0.033 0.031 0.027 0.030 0.082 
130    C3279    (0)    3 :  0.015 0.031 0.069 0.654 0.114 0.009 0.050 0.015 0.028 0.013 
131    C3322    (0)    3 :  0.047 0.135 0.044 0.580 0.014 0.009 0.044 0.041 0.034 0.051 
132    C3303    (0)    3 :  0.014 0.053 0.021 0.585 0.204 0.026 0.037 0.012 0.036 0.013 
133    C3317    (0)    3 :  0.035 0.010 0.020 0.022 0.839 0.012 0.017 0.015 0.014 0.015 
134    C3355    (0)    3 :  0.035 0.008 0.012 0.368 0.513 0.014 0.011 0.009 0.010 0.020 
135    C3376    (9)    3 :  0.338 0.023 0.048 0.187 0.243 0.014 0.073 0.020 0.023 0.031 
136    C3401    (0)    3 :  0.099 0.022 0.024 0.041 0.702 0.017 0.023 0.023 0.024 0.024 
137    C3203    (9)    3 :  0.208 0.019 0.065 0.433 0.092 0.046 0.065 0.029 0.013 0.029 
138    C3245    (0)    3 :  0.121 0.027 0.057 0.584 0.110 0.012 0.028 0.032 0.019 0.010 
139    C3302    (0)    3 :  0.011 0.014 0.016 0.881 0.013 0.014 0.015 0.011 0.016 0.009 
140    C3307    (0)    3 :  0.062 0.018 0.043 0.464 0.045 0.123 0.050 0.069 0.035 0.091 
141    C3310    (0)    3 :  0.009 0.011 0.011 0.915 0.009 0.011 0.009 0.008 0.010 0.008 
142    C3312    (9)    3 :  0.401 0.016 0.046 0.250 0.120 0.015 0.031 0.028 0.043 0.050 
143    C3345    (0)    3 :  0.019 0.011 0.017 0.868 0.016 0.020 0.013 0.010 0.010 0.016 
144    C3371    (0)    3 :  0.017 0.009 0.019 0.873 0.014 0.027 0.012 0.008 0.013 0.007 
145    C3372    (0)    3 :  0.086 0.015 0.040 0.601 0.124 0.037 0.035 0.020 0.019 0.022 
146    C3380    (9)    3 :  0.015 0.006 0.007 0.922 0.010 0.006 0.008 0.007 0.006 0.012 
147    C3417    (0)    3 :  0.039 0.019 0.072 0.544 0.028 0.149 0.043 0.024 0.027 0.055 
148    C4569    (9)    4 :  0.054 0.083 0.138 0.016 0.045 0.077 0.171 0.041 0.166 0.208 
149    C4570    (9)    4 :  0.174 0.010 0.011 0.012 0.021 0.014 0.014 0.012 0.014 0.717 
150    C4571    (9)    4 :  0.394 0.014 0.017 0.028 0.068 0.017 0.024 0.022 0.017 0.401 
151    C4572    (9)    4 :  0.077 0.015 0.011 0.011 0.024 0.014 0.013 0.017 0.014 0.803 
152    C4573    (9)    4 :  0.111 0.058 0.076 0.012 0.048 0.024 0.073 0.436 0.060 0.102 
153    C4575    (9)    4 :  0.101 0.027 0.046 0.027 0.031 0.022 0.054 0.070 0.024 0.599 
154    C4577    (9)    4 :  0.094 0.010 0.010 0.012 0.016 0.010 0.012 0.006 0.016 0.815 
155    C4578    (9)    4 :  0.159 0.029 0.057 0.021 0.034 0.021 0.069 0.068 0.043 0.498 
156    C4600   (18)    4 :  0.068 0.052 0.097 0.025 0.055 0.020 0.061 0.024 0.132 0.465 
157    C4612    (9)    4 :  0.060 0.086 0.027 0.023 0.013 0.015 0.076 0.013 0.026 0.663 
158    C4621    (0)    4 :  0.193 0.012 0.012 0.069 0.022 0.006 0.018 0.018 0.014 0.636 
159    C4622    (9)    4 :  0.015 0.010 0.009 0.042 0.011 0.008 0.008 0.010 0.012 0.876 
160    C4623    (0)    4 :  0.044 0.045 0.074 0.113 0.173 0.146 0.053 0.049 0.060 0.242 
161    C4624    (0)    4 :  0.073 0.031 0.013 0.013 0.025 0.013 0.015 0.056 0.021 0.740 
162    C4625    (0)    4 :  0.113 0.023 0.127 0.012 0.079 0.013 0.111 0.333 0.105 0.085 
163    C4627    (0)    4 :  0.063 0.014 0.028 0.100 0.011 0.017 0.027 0.029 0.029 0.682 
164    C4631    (0)    4 :  0.014 0.017 0.014 0.013 0.013 0.208 0.013 0.015 0.020 0.672 
165    C4632    (0)    4 :  0.108 0.013 0.012 0.028 0.031 0.014 0.015 0.020 0.018 0.740 
166    C3939    (0)    4 :  0.054 0.015 0.019 0.099 0.013 0.012 0.023 0.008 0.015 0.743 
167    C3940    (0)    4 :  0.074 0.018 0.047 0.062 0.012 0.022 0.082 0.007 0.039 0.638 
168    C3945    (0)    4 :  0.034 0.008 0.010 0.019 0.022 0.007 0.008 0.005 0.013 0.873 
169    C4520    (0)    4 :  0.104 0.366 0.072 0.073 0.032 0.039 0.169 0.020 0.101 0.024 
170    C4522    (0)    4 :  0.099 0.010 0.014 0.373 0.016 0.011 0.015 0.008 0.015 0.439 
171    C3182    (0)    4 :  0.055 0.016 0.019 0.481 0.311 0.026 0.016 0.012 0.017 0.045 
172    C3189    (0)    4 :  0.501 0.034 0.084 0.053 0.080 0.017 0.055 0.098 0.044 0.034 
173    C3191    (9)    4 :  0.623 0.016 0.026 0.141 0.072 0.020 0.026 0.045 0.016 0.015 
174    C3196    (0)    4 :  0.314 0.025 0.040 0.445 0.072 0.015 0.031 0.020 0.023 0.014 
175    C3208    (0)    4 :  0.074 0.042 0.024 0.516 0.021 0.048 0.034 0.039 0.025 0.178 
176    C3211    (0)    4 :  0.024 0.014 0.016 0.846 0.027 0.011 0.019 0.008 0.013 0.021 
177    C3212    (0)    4 :  0.082 0.073 0.105 0.129 0.048 0.088 0.364 0.008 0.056 0.047 
178    C3213    (0)    4 :  0.021 0.018 0.041 0.802 0.027 0.018 0.038 0.009 0.019 0.008 
179    C3215    (0)    4 :  0.010 0.124 0.011 0.738 0.008 0.010 0.023 0.026 0.023 0.026 
180    C3217    (0)    4 :  0.338 0.015 0.031 0.400 0.102 0.027 0.037 0.010 0.024 0.016 
181    C3225    (9)    4 :  0.386 0.083 0.040 0.176 0.169 0.018 0.049 0.028 0.034 0.017 
182    C3226    (0)    4 :  0.263 0.008 0.011 0.512 0.055 0.011 0.010 0.010 0.010 0.109 
183    C3238    (9)    4 :  0.123 0.015 0.017 0.640 0.023 0.011 0.021 0.017 0.015 0.116 
184    C3239    (0)    4 :  0.770 0.012 0.016 0.089 0.024 0.021 0.032 0.012 0.010 0.015 
185    C3269   (18)    4 :  0.233 0.090 0.053 0.037 0.162 0.022 0.070 0.129 0.041 0.163 
186    C3273    (0)    4 :  0.145 0.021 0.030 0.267 0.405 0.009 0.031 0.054 0.017 0.023 
187    C3274    (0)    4 :  0.022 0.062 0.074 0.544 0.023 0.011 0.085 0.022 0.119 0.038 
188    C3354    (0)    4 :  0.139 0.018 0.042 0.645 0.061 0.010 0.026 0.022 0.020 0.018 
189    C3361    (0)    4 :  0.047 0.016 0.015 0.807 0.033 0.009 0.019 0.015 0.018 0.023 
190    C3289    (0)    4 :  0.022 0.012 0.012 0.890 0.008 0.009 0.013 0.013 0.011 0.010 
191    C3169    (0)    4 :  0.784 0.010 0.011 0.111 0.030 0.008 0.011 0.010 0.007 0.017 
192    C3199    (9)    4 :  0.136 0.021 0.015 0.610 0.036 0.018 0.024 0.048 0.016 0.076 
193    C3224    (0)    4 :  0.111 0.028 0.014 0.647 0.119 0.012 0.023 0.015 0.015 0.016 
194    C3261   (18)    4 :  0.288 0.011 0.024 0.547 0.042 0.012 0.013 0.009 0.014 0.040 
195    C3320    (0)    4 :  0.271 0.024 0.059 0.413 0.097 0.011 0.032 0.031 0.031 0.031 
196    C4151    (0)    5 :  0.024 0.006 0.010 0.012 0.020 0.007 0.009 0.009 0.008 0.894 
197    C4152    (0)    5 :  0.014 0.008 0.014 0.010 0.097 0.012 0.018 0.012 0.010 0.804 
198    C4153    (0)    5 :  0.169 0.038 0.033 0.291 0.075 0.012 0.047 0.025 0.026 0.285 
199    C4154   (18)    5 :  0.130 0.019 0.026 0.135 0.033 0.016 0.026 0.008 0.022 0.585 
200    C4157    (0)    5 :  0.017 0.014 0.018 0.013 0.792 0.012 0.014 0.012 0.048 0.059 
201    C4158    (0)    5 :  0.019 0.007 0.008 0.017 0.022 0.007 0.008 0.013 0.010 0.888 
202    C4163    (0)    5 :  0.023 0.006 0.007 0.016 0.009 0.006 0.007 0.006 0.006 0.914 
203    C4165    (0)    5 :  0.081 0.081 0.078 0.073 0.019 0.075 0.174 0.023 0.161 0.234 
204    C4248    (9)    5 :  0.522 0.019 0.036 0.131 0.155 0.012 0.022 0.025 0.027 0.051 
205    C4254    (0)    5 :  0.183 0.035 0.029 0.392 0.192 0.018 0.032 0.012 0.025 0.083 
206    C4371    (9)    5 :  0.669 0.015 0.023 0.017 0.118 0.031 0.016 0.016 0.016 0.081 
207    C3936    (0)    5 :  0.090 0.016 0.016 0.020 0.012 0.013 0.017 0.012 0.021 0.782 
208    C3937    (0)    5 :  0.087 0.007 0.008 0.038 0.013 0.010 0.011 0.010 0.015 0.802 
209    C3944    (0)    5 :  0.149 0.008 0.008 0.075 0.081 0.011 0.009 0.008 0.010 0.642 
210    C3954    (0)    5 :  0.796 0.012 0.011 0.030 0.047 0.006 0.013 0.030 0.010 0.044 
211    C3955    (9)    5 :  0.280 0.015 0.026 0.235 0.114 0.007 0.027 0.021 0.023 0.251 
212    C3961    (0)    5 :  0.039 0.021 0.016 0.055 0.027 0.047 0.018 0.008 0.014 0.754 
213    C3974    (0)    5 :  0.087 0.023 0.018 0.024 0.011 0.013 0.022 0.014 0.021 0.768 
214    C4024    (0)    5 :  0.058 0.019 0.028 0.033 0.472 0.058 0.033 0.011 0.020 0.269 
215    C4025    (0)    5 :  0.032 0.013 0.014 0.009 0.056 0.030 0.017 0.021 0.014 0.794 
216    C4028    (0)    5 :  0.177 0.028 0.043 0.053 0.028 0.034 0.051 0.047 0.097 0.443 
217    C4032   (18)    5 :  0.824 0.009 0.010 0.013 0.084 0.008 0.009 0.010 0.008 0.025 
218    C4033   (18)    5 :  0.085 0.015 0.015 0.326 0.474 0.011 0.014 0.014 0.015 0.031 
219    C4034    (0)    5 :  0.182 0.109 0.054 0.241 0.210 0.057 0.035 0.023 0.049 0.039 
220    C4041    (9)    5 :  0.218 0.073 0.043 0.036 0.436 0.067 0.059 0.011 0.028 0.028 
221    C4042   (18)    5 :  0.094 0.033 0.034 0.091 0.516 0.043 0.033 0.017 0.068 0.069 
222    C4043    (9)    5 :  0.505 0.015 0.020 0.062 0.173 0.016 0.019 0.021 0.016 0.151 
223    C4044    (9)    5 :  0.124 0.053 0.075 0.072 0.033 0.354 0.092 0.035 0.062 0.100 
224    C4045    (9)    5 :  0.379 0.023 0.023 0.114 0.282 0.012 0.020 0.039 0.023 0.085 
225    C4046    (9)    5 :  0.073 0.015 0.010 0.044 0.783 0.019 0.010 0.019 0.011 0.016 
226    C4047    (0)    5 :  0.056 0.036 0.021 0.718 0.043 0.016 0.023 0.032 0.040 0.015 
227    C4048    (9)    5 :  0.053 0.041 0.026 0.478 0.242 0.034 0.030 0.041 0.036 0.018 
228    C4055    (9)    5 :  0.312 0.032 0.030 0.034 0.373 0.021 0.038 0.043 0.036 0.079 
229    C4057   (18)    5 :  0.628 0.017 0.021 0.038 0.182 0.038 0.020 0.011 0.016 0.029 
230    C4059    (0)    5 :  0.014 0.010 0.014 0.041 0.847 0.008 0.018 0.014 0.010 0.025 
231    C4060    (9)    5 :  0.705 0.017 0.018 0.068 0.039 0.016 0.046 0.017 0.017 0.058 
232    C4064    (9)    5 :  0.251 0.041 0.035 0.023 0.255 0.014 0.042 0.190 0.128 0.021 
233    C4067    (0)    5 :  0.047 0.043 0.045 0.541 0.088 0.045 0.035 0.113 0.024 0.019 
234    C4068    (9)    5 :  0.060 0.028 0.022 0.691 0.056 0.019 0.027 0.031 0.028 0.037 
235    C4070    (9)    5 :  0.019 0.018 0.018 0.146 0.660 0.048 0.016 0.014 0.018 0.043 
236    C4075   (18)    5 :  0.043 0.020 0.020 0.785 0.038 0.020 0.024 0.013 0.017 0.019 
237    C4081    (9)    5 :  0.630 0.022 0.025 0.031 0.186 0.016 0.023 0.016 0.034 0.016 
238    C4082    (0)    5 :  0.219 0.043 0.028 0.468 0.039 0.018 0.036 0.036 0.023 0.090 
239    C4083    (0)    5 :  0.189 0.041 0.167 0.030 0.083 0.141 0.094 0.048 0.110 0.096 
240    C4086    (0)    5 :  0.626 0.017 0.043 0.083 0.034 0.008 0.025 0.087 0.025 0.050 
241    C4088    (9)    5 :  0.050 0.025 0.022 0.024 0.022 0.008 0.022 0.762 0.040 0.025 
242    C4092    (0)    5 :  0.563 0.014 0.034 0.039 0.102 0.042 0.023 0.008 0.016 0.161 
243    C4099    (9)    5 :  0.522 0.037 0.058 0.106 0.101 0.048 0.059 0.015 0.031 0.024 
244    C4104    (0)    5 :  0.170 0.015 0.024 0.277 0.022 0.052 0.024 0.021 0.024 0.370 
245    C4108   (18)    5 :  0.011 0.454 0.093 0.017 0.012 0.024 0.191 0.046 0.142 0.010 
246    C4118    (0)    5 :  0.573 0.072 0.092 0.014 0.072 0.012 0.048 0.028 0.060 0.031 
247    C4131    (0)    5 :  0.187 0.018 0.050 0.064 0.096 0.014 0.040 0.078 0.061 0.393 
248    C4133    (0)    5 :  0.588 0.013 0.018 0.037 0.278 0.008 0.016 0.013 0.012 0.017 
249    C4135    (0)    5 :  0.363 0.006 0.013 0.034 0.190 0.007 0.010 0.005 0.010 0.363 
250    C4136    (0)    5 :  0.032 0.052 0.044 0.026 0.018 0.021 0.065 0.068 0.055 0.620 
251    C4137    (9)    5 :  0.152 0.018 0.038 0.026 0.361 0.018 0.027 0.024 0.039 0.298 
252    C4139    (0)    5 :  0.062 0.010 0.018 0.038 0.031 0.009 0.016 0.007 0.016 0.794 
253    C4140    (9)    5 :  0.268 0.014 0.017 0.059 0.073 0.014 0.012 0.009 0.024 0.510 
254    C4167    (0)    5 :  0.024 0.018 0.023 0.017 0.342 0.037 0.026 0.033 0.112 0.367 
255    C4236    (0)    5 :  0.251 0.026 0.048 0.041 0.436 0.030 0.042 0.026 0.077 0.024 
256    C4237    (0)    5 :  0.033 0.075 0.056 0.011 0.052 0.018 0.047 0.580 0.086 0.042 
257    C4238    (0)    5 :  0.263 0.043 0.019 0.269 0.233 0.014 0.034 0.050 0.025 0.051 
258    C4241    (0)    5 :  0.098 0.033 0.026 0.188 0.517 0.019 0.029 0.016 0.024 0.050 
259    C4247    (9)    5 :  0.154 0.045 0.084 0.038 0.289 0.065 0.036 0.187 0.027 0.074 
260    C4257    (0)    5 :  0.204 0.038 0.028 0.508 0.082 0.020 0.039 0.027 0.018 0.036 
261    C4383    (0)    5 :  0.382 0.054 0.046 0.020 0.039 0.249 0.046 0.045 0.041 0.078 
262    C4397    (9)    5 :  0.037 0.010 0.009 0.009 0.870 0.008 0.008 0.007 0.015 0.028 
263    C4514    (0)    5 :  0.255 0.016 0.017 0.023 0.038 0.018 0.012 0.012 0.012 0.597 
264    C4519    (0)    5 :  0.040 0.040 0.028 0.255 0.021 0.014 0.128 0.006 0.015 0.452 
265    C4527    (0)    5 :  0.136 0.016 0.015 0.547 0.024 0.016 0.013 0.015 0.017 0.200 
266    C4534    (0)    5 :  0.165 0.041 0.051 0.474 0.017 0.053 0.055 0.012 0.025 0.107 
267    C4699    (0)    5 :  0.024 0.021 0.019 0.161 0.040 0.034 0.026 0.064 0.061 0.549 
268    C1541    (9)    5 :  0.247 0.012 0.010 0.606 0.049 0.013 0.015 0.010 0.011 0.026 
269    C1542    (9)    5 :  0.219 0.017 0.010 0.681 0.014 0.010 0.012 0.013 0.012 0.013 
270    C1544    (0)    5 :  0.334 0.029 0.025 0.224 0.255 0.013 0.027 0.046 0.025 0.021 
271    C1547    (9)    5 :  0.112 0.197 0.092 0.064 0.063 0.124 0.153 0.068 0.087 0.040 
272    C1553    (9)    5 :  0.017 0.121 0.088 0.058 0.174 0.055 0.097 0.031 0.180 0.179 
273    C1555    (9)    5 :  0.042 0.019 0.014 0.016 0.836 0.009 0.016 0.015 0.020 0.013 
274    C1557    (0)    5 :  0.023 0.012 0.010 0.012 0.877 0.011 0.011 0.015 0.013 0.016 
275    C1560    (0)    5 :  0.026 0.021 0.013 0.018 0.864 0.009 0.020 0.007 0.011 0.010 
276    C1565    (0)    5 :  0.220 0.025 0.046 0.379 0.143 0.053 0.029 0.012 0.059 0.033 
277    C1567    (0)    5 :  0.143 0.068 0.019 0.028 0.618 0.020 0.034 0.024 0.022 0.024 
278    C1569    (0)    5 :  0.078 0.017 0.012 0.061 0.753 0.015 0.015 0.012 0.016 0.021 
279    C1571    (0)    5 :  0.075 0.104 0.034 0.373 0.208 0.026 0.066 0.046 0.036 0.032 
280    C1576    (0)    5 :  0.411 0.041 0.034 0.070 0.138 0.021 0.046 0.060 0.034 0.145 
281    C1577    (9)    5 :  0.151 0.035 0.024 0.592 0.071 0.014 0.033 0.033 0.029 0.019 
282    C1579    (0)    5 :  0.271 0.024 0.029 0.220 0.354 0.014 0.026 0.017 0.028 0.017 
283    C3990    (0)    6 :  0.040 0.007 0.007 0.029 0.013 0.007 0.007 0.006 0.007 0.877 
284    C3991    (0)    6 :  0.095 0.017 0.029 0.058 0.013 0.053 0.053 0.047 0.025 0.610 
285    C3992    (0)    6 :  0.082 0.021 0.032 0.063 0.014 0.016 0.068 0.045 0.029 0.630 
286    C3994    (0)    6 :  0.432 0.018 0.061 0.151 0.026 0.108 0.083 0.026 0.034 0.060 
287    C4172    (0)    6 :  0.009 0.030 0.039 0.020 0.010 0.040 0.046 0.057 0.086 0.662 
288    C4173    (9)    6 :  0.019 0.015 0.015 0.040 0.013 0.359 0.019 0.011 0.015 0.495 
289    C4232    (9)    6 :  0.196 0.010 0.008 0.707 0.036 0.008 0.009 0.007 0.008 0.011 
290    C4234    (9)    6 :  0.475 0.012 0.014 0.373 0.067 0.008 0.010 0.010 0.010 0.021 
291    C4259    (0)    6 :  0.268 0.008 0.009 0.066 0.595 0.009 0.010 0.010 0.010 0.015 
292    C4260    (0)    6 :  0.117 0.007 0.011 0.786 0.018 0.008 0.012 0.008 0.009 0.024 
293    C4261    (9)    6 :  0.027 0.059 0.020 0.669 0.021 0.043 0.047 0.017 0.070 0.027 
294    C4262    (0)    6 :  0.067 0.028 0.019 0.085 0.530 0.081 0.037 0.009 0.038 0.107 
295    C4263    (0)    6 :  0.063 0.022 0.017 0.049 0.723 0.019 0.013 0.054 0.017 0.024 
296    C4267    (9)    6 :  0.738 0.021 0.016 0.055 0.025 0.013 0.013 0.037 0.017 0.065 
297    C4269    (0)    6 :  0.307 0.020 0.018 0.236 0.169 0.045 0.027 0.017 0.047 0.113 
298    C4272    (0)    6 :  0.629 0.014 0.020 0.014 0.253 0.012 0.014 0.008 0.012 0.025 
299    C4274    (0)    6 :  0.273 0.250 0.050 0.046 0.113 0.010 0.197 0.010 0.031 0.021 
300    C4276    (9)    6 :  0.018 0.490 0.056 0.021 0.023 0.013 0.329 0.023 0.017 0.010 
301    C4278    (0)    6 :  0.460 0.035 0.059 0.070 0.176 0.024 0.050 0.017 0.024 0.085 
302    C4280    (0)    6 :  0.206 0.022 0.037 0.440 0.043 0.016 0.047 0.012 0.038 0.139 
303    C4281    (0)    6 :  0.207 0.014 0.011 0.052 0.639 0.014 0.014 0.016 0.016 0.018 
304    C4282    (0)    6 :  0.047 0.060 0.168 0.136 0.216 0.138 0.067 0.049 0.103 0.018 
305    C4284    (9)    6 :  0.372 0.008 0.009 0.036 0.349 0.009 0.009 0.010 0.009 0.188 
306    C4286    (9)    6 :  0.040 0.050 0.045 0.367 0.209 0.021 0.067 0.020 0.038 0.143 
307    C4287    (0)    6 :  0.077 0.028 0.054 0.395 0.145 0.062 0.070 0.010 0.060 0.099 
308    C4290    (0)    6 :  0.197 0.287 0.060 0.012 0.028 0.054 0.155 0.113 0.054 0.038 
309    C4307   (18)    6 :  0.122 0.014 0.160 0.394 0.082 0.016 0.063 0.012 0.016 0.121 
310    C4310    (9)    6 :  0.432 0.044 0.023 0.141 0.188 0.011 0.029 0.081 0.016 0.035 
311    C4311   (18)    6 :  0.155 0.031 0.049 0.509 0.124 0.017 0.051 0.022 0.023 0.019 
312    C4312    (0)    6 :  0.412 0.014 0.017 0.330 0.147 0.011 0.020 0.012 0.014 0.024 
313    C4314    (0)    6 :  0.197 0.029 0.040 0.076 0.348 0.011 0.038 0.198 0.045 0.017 
314    C4318    (9)    6 :  0.169 0.013 0.079 0.038 0.546 0.026 0.044 0.009 0.015 0.062 
315    C4321    (9)    6 :  0.218 0.042 0.038 0.388 0.093 0.053 0.057 0.011 0.023 0.076 
316    C4324    (0)    6 :  0.622 0.023 0.028 0.065 0.089 0.045 0.023 0.008 0.020 0.077 
317    C4334    (0)    6 :  0.738 0.014 0.026 0.018 0.062 0.033 0.016 0.007 0.012 0.074 
318    C4529    (0)    6 :  0.401 0.032 0.044 0.320 0.046 0.023 0.036 0.027 0.034 0.037 
319    C1582    (9)    6 :  0.512 0.020 0.012 0.090 0.176 0.013 0.017 0.014 0.017 0.128 
320    C1583    (0)    6 :  0.366 0.031 0.032 0.133 0.246 0.015 0.042 0.072 0.024 0.039 
321    C1584    (9)    6 :  0.429 0.035 0.017 0.034 0.384 0.009 0.024 0.022 0.011 0.035 
322    C1585    (0)    6 :  0.766 0.011 0.009 0.015 0.128 0.006 0.008 0.012 0.007 0.038 
323    C1586    (0)    6 :  0.522 0.019 0.022 0.031 0.264 0.055 0.016 0.022 0.022 0.027 
324    C1589    (0)    6 :  0.633 0.010 0.011 0.051 0.155 0.010 0.013 0.010 0.012 0.093 
325    C1591    (0)    6 :  0.786 0.009 0.011 0.032 0.093 0.011 0.011 0.010 0.008 0.029 
326    C1592    (0)    6 :  0.503 0.027 0.025 0.047 0.275 0.024 0.037 0.023 0.027 0.013 
327    C1594    (0)    6 :  0.600 0.022 0.016 0.082 0.117 0.014 0.022 0.078 0.018 0.029 
328    C1597    (9)    6 :  0.285 0.075 0.026 0.409 0.062 0.023 0.033 0.023 0.031 0.033 
329    C1598    (9)    6 :  0.560 0.013 0.022 0.059 0.115 0.012 0.016 0.034 0.022 0.147 
330    C1599    (0)    6 :  0.249 0.030 0.031 0.311 0.294 0.012 0.035 0.009 0.016 0.013 
331    C1601    (0)    6 :  0.108 0.039 0.051 0.195 0.104 0.019 0.031 0.071 0.063 0.319 
332    C1605    (0)    6 :  0.281 0.052 0.257 0.057 0.021 0.026 0.152 0.066 0.034 0.053 
333    C1609    (0)    6 :  0.782 0.009 0.009 0.020 0.125 0.007 0.009 0.008 0.008 0.023 
334    C1610    (0)    6 :  0.148 0.095 0.072 0.286 0.131 0.011 0.090 0.066 0.088 0.012 
335    C1611    (0)    6 :  0.017 0.012 0.046 0.353 0.500 0.024 0.014 0.010 0.013 0.010 
336    C1612    (0)    6 :  0.014 0.008 0.013 0.341 0.585 0.006 0.008 0.009 0.008 0.009 
337    C1613    (0)    6 :  0.300 0.028 0.029 0.313 0.184 0.039 0.026 0.035 0.018 0.028 
338    C3173    (9)    6 :  0.183 0.043 0.056 0.180 0.336 0.036 0.055 0.034 0.046 0.031 
339    C3204    (0)    6 :  0.043 0.021 0.020 0.797 0.032 0.013 0.022 0.012 0.017 0.022 
340    C3223    (9)    6 :  0.036 0.041 0.259 0.384 0.019 0.062 0.146 0.014 0.022 0.018 
341    C3262    (0)    6 :  0.314 0.035 0.051 0.147 0.229 0.020 0.047 0.102 0.020 0.035 
342    C3270    (0)    6 :  0.246 0.019 0.019 0.405 0.149 0.015 0.026 0.013 0.022 0.087 
343    C3300    (0)    6 :  0.648 0.008 0.012 0.090 0.042 0.007 0.011 0.007 0.011 0.164 
344    C3330    (0)    6 :  0.766 0.013 0.038 0.043 0.017 0.012 0.028 0.011 0.023 0.048 
345    C3390    (9)    6 :  0.421 0.016 0.021 0.269 0.152 0.019 0.022 0.017 0.022 0.042 
346    C3424    (9)    6 :  0.094 0.029 0.044 0.389 0.284 0.016 0.052 0.015 0.046 0.032 
347    C3958    (0)    6 :  0.068 0.009 0.010 0.019 0.082 0.016 0.012 0.006 0.018 0.759 
348    C3962    (0)    6 :  0.112 0.015 0.012 0.014 0.010 0.008 0.011 0.006 0.019 0.792 
349    C4019    (0)    6 :  0.011 0.217 0.103 0.009 0.039 0.028 0.047 0.022 0.424 0.101 
350    C3995   (18)    6 :  0.023 0.016 0.016 0.029 0.011 0.026 0.014 0.016 0.018 0.831 
351    C4000    (0)    6 :  0.039 0.044 0.032 0.145 0.025 0.069 0.033 0.015 0.084 0.514 
352    C4002    (0)    6 :  0.022 0.014 0.014 0.098 0.033 0.020 0.015 0.014 0.024 0.748 
353    C1692    (0)    7 :  0.036 0.073 0.338 0.025 0.013 0.021 0.183 0.036 0.159 0.117 
354    C1693    (0)    7 :  0.132 0.024 0.376 0.088 0.020 0.059 0.217 0.011 0.035 0.040 
355    C1694    (0)    7 :  0.146 0.071 0.192 0.036 0.026 0.178 0.186 0.066 0.080 0.018 
356    C1698    (0)    7 :  0.031 0.080 0.413 0.007 0.018 0.061 0.192 0.033 0.157 0.008 
357    C1699    (0)    7 :  0.021 0.039 0.233 0.025 0.020 0.042 0.200 0.221 0.188 0.012 
358    C1700    (0)    7 :  0.035 0.123 0.095 0.026 0.078 0.104 0.128 0.035 0.314 0.064 
359    C1701    (0)    7 :  0.019 0.069 0.175 0.010 0.037 0.017 0.097 0.365 0.199 0.011 
360    C1702    (0)    7 :  0.010 0.034 0.418 0.011 0.015 0.042 0.142 0.065 0.251 0.013 
361    C1703    (0)    7 :  0.014 0.210 0.099 0.009 0.015 0.218 0.092 0.043 0.281 0.018 
362    C1704    (0)    7 :  0.284 0.072 0.162 0.018 0.072 0.158 0.097 0.018 0.086 0.032 
363    C1705    (0)    7 :  0.012 0.066 0.075 0.009 0.020 0.470 0.112 0.016 0.073 0.148 
364    C1706    (0)    7 :  0.018 0.046 0.259 0.017 0.013 0.028 0.209 0.310 0.091 0.010 
365    C1707    (0)    7 :  0.013 0.054 0.056 0.030 0.620 0.024 0.092 0.056 0.045 0.009 
366    C1708    (0)    7 :  0.017 0.034 0.360 0.011 0.023 0.332 0.138 0.019 0.055 0.012 
367    C1709    (0)    7 :  0.026 0.035 0.077 0.020 0.016 0.632 0.048 0.021 0.057 0.068 
368    C1710    (0)    7 :  0.030 0.085 0.275 0.016 0.036 0.051 0.124 0.073 0.291 0.018 
369    C1712    (0)    7 :  0.009 0.103 0.062 0.012 0.009 0.479 0.049 0.010 0.235 0.031 
370    C1714    (0)    7 :  0.021 0.023 0.132 0.009 0.023 0.688 0.047 0.016 0.027 0.013 
371    C1715    (0)    7 :  0.011 0.112 0.191 0.015 0.047 0.015 0.221 0.063 0.314 0.012 
372    C1717    (0)    7 :  0.027 0.185 0.255 0.047 0.067 0.037 0.247 0.024 0.095 0.015 
373    C1718   (18)    7 :  0.027 0.219 0.090 0.013 0.079 0.023 0.097 0.023 0.417 0.013 
374    C1719    (0)    7 :  0.034 0.053 0.025 0.060 0.049 0.537 0.046 0.014 0.097 0.085 
375    C1656    (0)    8 :  0.010 0.023 0.139 0.011 0.010 0.044 0.107 0.261 0.367 0.029 
376    C1657   (18)    8 :  0.016 0.077 0.139 0.029 0.012 0.337 0.111 0.101 0.162 0.016 
377    C1658    (0)    8 :  0.007 0.102 0.261 0.007 0.009 0.021 0.228 0.035 0.319 0.009 
378    C1659    (0)    8 :  0.026 0.240 0.106 0.054 0.020 0.016 0.272 0.074 0.172 0.018 
379    C1661    (9)    8 :  0.059 0.156 0.214 0.028 0.069 0.039 0.113 0.051 0.253 0.017 
380    C1665    (0)    8 :  0.022 0.119 0.160 0.028 0.013 0.023 0.158 0.178 0.288 0.011 
381    C1667    (9)    8 :  0.007 0.031 0.043 0.007 0.007 0.826 0.026 0.017 0.030 0.005 
382    C1676    (9)    8 :  0.012 0.041 0.130 0.012 0.021 0.078 0.089 0.067 0.526 0.023 
383    C1681    (9)    8 :  0.019 0.067 0.185 0.011 0.061 0.084 0.184 0.124 0.251 0.015 
384    C1682    (0)    8 :  0.018 0.085 0.134 0.015 0.014 0.378 0.112 0.052 0.175 0.017 
385    C1685    (0)    8 :  0.013 0.035 0.135 0.046 0.012 0.023 0.076 0.030 0.609 0.020 
386    C4707    (0)    9 :  0.026 0.097 0.021 0.021 0.035 0.030 0.051 0.020 0.631 0.068 
387    C4747    (0)    9 :  0.031 0.032 0.135 0.108 0.077 0.365 0.108 0.015 0.053 0.076 
388    C4772    (0)    9 :  0.074 0.096 0.039 0.050 0.033 0.026 0.052 0.050 0.185 0.396 
389    C4781    (0)    9 :  0.033 0.026 0.028 0.007 0.101 0.616 0.118 0.011 0.036 0.024 
