

----------------------------------------------------
STRUCTURE by Pritchard, Stephens and Donnelly (2000)
     and Falush, Stephens and Pritchard (2003)
       Code by Pritchard, Falush and Hubisz
             Version 2.3.4 (Jul 2012)
----------------------------------------------------



Command line arguments:   bin\structure -m G:\My Drive\Hoban_Lab_Docs\Projects\Butternut_JUCI\Graphical_Stat_Results\PostIndRemoval\24pop\Reorg_Results\STR\butternut\50-50\mainparams -e G:\My Drive\Hoban_Lab_Docs\Projects\Butternut_JUCI\Graphical_Stat_Results\PostIndRemoval\24pop\Reorg_Results\STR\butternut\50-50\extraparams 
Input File:    G:\My Drive\Hoban_Lab_Docs\Projects\Butternut_JUCI\Graphical_Stat_Results\PostIndRemoval\24pop\Reorg_Results\STR\butternut\project_data

Run parameters:
   993 individuals
   11 loci
   9 populations assumed
   50000 Burn-in period
   50000 Reps


--------------------------------------------
Proportion of membership of each pre-defined
 population in each of the 9 clusters

Given    Inferred Clusters                                                 Number of
 Pop       1      2      3      4      5      6      7      8      9      Individuals

  1:     0.212  0.037  0.030  0.077  0.370  0.150  0.038  0.050  0.036       40
  2:     0.198  0.030  0.038  0.094  0.240  0.287  0.027  0.056  0.031       45
  3:     0.387  0.046  0.025  0.064  0.214  0.163  0.025  0.038  0.038       62
  4:     0.302  0.042  0.030  0.101  0.126  0.295  0.042  0.038  0.024       48
  5:     0.204  0.037  0.034  0.080  0.280  0.247  0.047  0.035  0.035       87
  6:     0.231  0.043  0.034  0.077  0.340  0.169  0.029  0.046  0.031       70
  7:     0.031  0.105  0.156  0.107  0.052  0.037  0.085  0.210  0.216       22
  8:     0.024  0.107  0.209  0.148  0.024  0.017  0.117  0.168  0.187       11
  9:     0.030  0.100  0.179  0.188  0.042  0.148  0.068  0.115  0.131       33
 10:     0.039  0.126  0.165  0.164  0.029  0.136  0.123  0.136  0.080       48
 11:     0.024  0.083  0.150  0.167  0.037  0.245  0.067  0.100  0.127       48
 12:     0.042  0.193  0.219  0.085  0.044  0.028  0.105  0.167  0.118       90
 13:     0.028  0.125  0.124  0.053  0.022  0.017  0.042  0.107  0.480       63
 14:     0.062  0.169  0.210  0.161  0.065  0.023  0.083  0.147  0.079       16
 15:     0.055  0.265  0.109  0.124  0.071  0.064  0.132  0.120  0.059       31
 16:     0.013  0.022  0.056  0.138  0.016  0.041  0.643  0.046  0.026       16
 17:     0.077  0.089  0.127  0.066  0.073  0.022  0.040  0.175  0.331       24
 18:     0.037  0.064  0.264  0.082  0.064  0.030  0.112  0.264  0.082       12
 19:     0.033  0.139  0.166  0.112  0.049  0.026  0.134  0.195  0.147       54
 20:     0.034  0.199  0.144  0.103  0.046  0.038  0.233  0.150  0.053       96
 21:     0.024  0.150  0.091  0.084  0.053  0.017  0.260  0.183  0.138       22
 22:     0.042  0.067  0.076  0.113  0.054  0.071  0.507  0.047  0.024       23
 23:     0.031  0.235  0.202  0.050  0.027  0.021  0.296  0.083  0.053       13
 24:     0.075  0.117  0.207  0.090  0.041  0.034  0.072  0.232  0.133       19
--------------------------------------------

Allele-freq. divergence among pops (Net nucleotide distance),
computed using point estimates of P.

      1       2       3       4       5       6       7       8       9      
 1      -    0.0348  0.0362  0.0265  0.0232  0.0391  0.0414  0.0263  0.0395  
 2   0.0348     -    0.0105  0.0145  0.0396  0.0522  0.0171  0.0089  0.0184  
 3   0.0362  0.0105     -    0.0091  0.0375  0.0445  0.0152  0.0069  0.0123  
 4   0.0265  0.0145  0.0091     -    0.0236  0.0286  0.0163  0.0084  0.0141  
 5   0.0232  0.0396  0.0375  0.0236     -    0.0372  0.0436  0.0288  0.0397  
 6   0.0391  0.0522  0.0445  0.0286  0.0372     -    0.0568  0.0401  0.0433  
 7   0.0414  0.0171  0.0152  0.0163  0.0436  0.0568     -    0.0142  0.0273  
 8   0.0263  0.0089  0.0069  0.0084  0.0288  0.0401  0.0142     -    0.0117  
 9   0.0395  0.0184  0.0123  0.0141  0.0397  0.0433  0.0273  0.0117     -    

Average distances (expected heterozygosity) between individuals in same cluster:
cluster  1  : 0.8122 
cluster  2  : 0.8390 
cluster  3  : 0.8472 
cluster  4  : 0.8498 
cluster  5  : 0.8042 
cluster  6  : 0.8164 
cluster  7  : 0.8272 
cluster  8  : 0.8587 
cluster  9  : 0.8458 

--------------------------------------------
Estimated Ln Prob of Data   = -46861.8
Mean value of ln likelihood = -44704.6
Variance of ln likelihood   = 4314.6
Mean value of alpha         = 0.0549

Mean value of Fst_1         = 0.0714
Mean value of Fst_2         = 0.0356
Mean value of Fst_3         = 0.0271
Mean value of Fst_4         = 0.0360
Mean value of Fst_5         = 0.0696
Mean value of Fst_6         = 0.0831
Mean value of Fst_7         = 0.0479
Mean value of Fst_8         = 0.0186
Mean value of Fst_9         = 0.0384


Inferred ancestry of individuals:
        Label (%Miss) Pop:  Inferred clusters
  1    C3984    (0)    1 :  0.015 0.012 0.009 0.011 0.614 0.302 0.007 0.017 0.013 
  2    C3985    (0)    1 :  0.064 0.009 0.016 0.045 0.344 0.470 0.014 0.022 0.016 
  3    C3986    (0)    1 :  0.098 0.012 0.010 0.020 0.130 0.694 0.008 0.011 0.018 
  4    C4231    (0)    1 :  0.063 0.031 0.034 0.067 0.303 0.431 0.010 0.045 0.015 
  5    C4344    (0)    1 :  0.644 0.017 0.020 0.044 0.131 0.064 0.015 0.036 0.029 
  6    C4347   (18)    1 :  0.388 0.024 0.016 0.061 0.366 0.043 0.067 0.023 0.012 
  7    C4352   (18)    1 :  0.050 0.018 0.030 0.078 0.451 0.300 0.021 0.026 0.027 
  8    C4355    (9)    1 :  0.107 0.047 0.013 0.036 0.686 0.043 0.015 0.031 0.022 
  9    C4358   (18)    1 :  0.015 0.071 0.146 0.091 0.055 0.027 0.040 0.482 0.073 
 10    C4419    (9)    1 :  0.019 0.088 0.017 0.113 0.607 0.079 0.015 0.041 0.020 
 11    C4428    (9)    1 :  0.131 0.016 0.009 0.086 0.621 0.095 0.015 0.015 0.012 
 12    C4436    (0)    1 :  0.048 0.012 0.010 0.043 0.600 0.246 0.016 0.012 0.013 
 13    C4437   (18)    1 :  0.033 0.035 0.018 0.145 0.234 0.411 0.044 0.060 0.020 
 14    C4450    (0)    1 :  0.017 0.066 0.048 0.076 0.507 0.081 0.037 0.121 0.046 
 15    C4531    (0)    1 :  0.009 0.018 0.026 0.137 0.020 0.703 0.025 0.032 0.030 
 16    C1615    (0)    1 :  0.043 0.044 0.073 0.118 0.268 0.269 0.081 0.044 0.059 
 17    C1616    (0)    1 :  0.072 0.245 0.086 0.112 0.192 0.060 0.121 0.091 0.019 
 18    C1617    (9)    1 :  0.069 0.028 0.013 0.017 0.820 0.011 0.017 0.015 0.010 
 19    C1618    (0)    1 :  0.026 0.021 0.027 0.070 0.375 0.302 0.039 0.033 0.107 
 20    C1619    (0)    1 :  0.060 0.022 0.028 0.057 0.473 0.085 0.056 0.100 0.119 
 21    C1620    (9)    1 :  0.032 0.015 0.039 0.068 0.483 0.122 0.037 0.080 0.122 
 22    C1621    (0)    1 :  0.025 0.046 0.043 0.402 0.141 0.022 0.239 0.053 0.030 
 23    C1623    (9)    1 :  0.013 0.046 0.033 0.153 0.033 0.265 0.124 0.087 0.246 
 24    C1625    (0)    1 :  0.046 0.018 0.026 0.071 0.548 0.027 0.109 0.078 0.077 
 25    C1626    (0)    1 :  0.036 0.067 0.079 0.322 0.312 0.018 0.079 0.053 0.033 
 26    C1627    (9)    1 :  0.020 0.009 0.016 0.038 0.806 0.036 0.038 0.015 0.023 
 27    C1633    (0)    1 :  0.014 0.011 0.007 0.025 0.898 0.013 0.012 0.011 0.010 
 28    C1637    (0)    1 :  0.026 0.018 0.018 0.030 0.845 0.012 0.024 0.015 0.012 
 29    C1650    (0)    1 :  0.060 0.047 0.024 0.075 0.185 0.541 0.034 0.022 0.012 
 30    C3202    (0)    1 :  0.893 0.011 0.008 0.012 0.015 0.015 0.018 0.017 0.011 
 31    C3248    (0)    1 :  0.337 0.010 0.024 0.069 0.503 0.010 0.012 0.019 0.015 
 32    C3304    (9)    1 :  0.598 0.062 0.012 0.025 0.216 0.019 0.012 0.043 0.012 
 33    C3326    (0)    1 :  0.360 0.051 0.095 0.089 0.194 0.081 0.029 0.080 0.021 
 34    C3333    (0)    1 :  0.900 0.014 0.011 0.013 0.015 0.009 0.013 0.014 0.010 
 35    C3339   (18)    1 :  0.105 0.060 0.015 0.023 0.707 0.012 0.014 0.031 0.034 
 36    C3346    (0)    1 :  0.914 0.009 0.009 0.012 0.015 0.014 0.007 0.008 0.012 
 37    C3349    (0)    1 :  0.700 0.067 0.039 0.031 0.066 0.013 0.015 0.037 0.031 
 38    C3367   (18)    1 :  0.752 0.022 0.013 0.066 0.047 0.039 0.024 0.021 0.017 
 39    C3374    (0)    1 :  0.037 0.008 0.008 0.040 0.868 0.014 0.006 0.009 0.011 
 40    C3405    (0)    1 :  0.637 0.060 0.018 0.098 0.084 0.016 0.012 0.038 0.038 
 41    C4543    (0)    2 :  0.047 0.025 0.014 0.021 0.019 0.826 0.011 0.018 0.018 
 42    C4545    (9)    2 :  0.013 0.010 0.010 0.018 0.047 0.820 0.008 0.011 0.065 
 43    C4551    (9)    2 :  0.019 0.023 0.161 0.300 0.099 0.270 0.022 0.055 0.051 
 44    C4491    (0)    2 :  0.088 0.032 0.078 0.107 0.077 0.452 0.029 0.078 0.061 
 45    C4494    (0)    2 :  0.614 0.013 0.012 0.023 0.086 0.217 0.008 0.013 0.013 
 46    C4495    (0)    2 :  0.528 0.015 0.050 0.192 0.044 0.047 0.016 0.081 0.028 
 47    C4497    (9)    2 :  0.060 0.019 0.020 0.030 0.757 0.050 0.015 0.032 0.017 
 48    C4501    (0)    2 :  0.020 0.087 0.041 0.113 0.537 0.065 0.013 0.101 0.023 
 49    C4502    (0)    2 :  0.047 0.020 0.010 0.100 0.587 0.146 0.012 0.021 0.057 
 50    C4503    (0)    2 :  0.012 0.010 0.024 0.025 0.010 0.659 0.018 0.020 0.222 
 51    C4504    (0)    2 :  0.046 0.070 0.046 0.026 0.082 0.165 0.022 0.488 0.054 
 52    C4470    (0)    2 :  0.062 0.023 0.109 0.187 0.355 0.094 0.022 0.128 0.021 
 53    C4471    (0)    2 :  0.032 0.025 0.015 0.035 0.109 0.705 0.013 0.045 0.021 
 54    C4474    (9)    2 :  0.008 0.017 0.038 0.055 0.011 0.809 0.024 0.023 0.017 
 55    C4476    (0)    2 :  0.046 0.014 0.020 0.260 0.456 0.155 0.013 0.019 0.016 
 56    C4479    (0)    2 :  0.161 0.016 0.013 0.297 0.389 0.059 0.038 0.017 0.009 
 57    C4482    (0)    2 :  0.133 0.033 0.036 0.067 0.067 0.415 0.159 0.082 0.009 
 58    C4483    (0)    2 :  0.009 0.012 0.010 0.037 0.010 0.854 0.012 0.038 0.018 
 59    C4484    (0)    2 :  0.192 0.053 0.037 0.036 0.053 0.496 0.023 0.054 0.056 
 60    C4485    (0)    2 :  0.513 0.038 0.069 0.044 0.109 0.053 0.043 0.108 0.023 
 61    C4489    (0)    2 :  0.093 0.027 0.016 0.030 0.384 0.375 0.022 0.027 0.025 
 62    C4505    (0)    2 :  0.034 0.021 0.039 0.078 0.582 0.176 0.020 0.032 0.018 
 63    C4507    (0)    2 :  0.012 0.043 0.068 0.302 0.193 0.242 0.010 0.056 0.073 
 64    C4535    (0)    2 :  0.013 0.020 0.033 0.046 0.022 0.779 0.028 0.032 0.027 
 65    C4542    (0)    2 :  0.015 0.212 0.129 0.218 0.018 0.198 0.025 0.165 0.021 
 66    C4553    (9)    2 :  0.107 0.020 0.045 0.098 0.077 0.597 0.021 0.020 0.015 
 67    C4562   (18)    2 :  0.074 0.015 0.051 0.073 0.082 0.616 0.024 0.022 0.044 
 68    C4582   (18)    2 :  0.026 0.022 0.024 0.112 0.070 0.668 0.035 0.025 0.018 
 69    C4693    (0)    2 :  0.023 0.011 0.010 0.135 0.038 0.752 0.014 0.009 0.007 
 70    C4696    (0)    2 :  0.025 0.021 0.112 0.067 0.146 0.516 0.025 0.051 0.037 
 71    C3179    (0)    2 :  0.749 0.021 0.022 0.011 0.085 0.016 0.010 0.039 0.046 
 72    C3181    (0)    2 :  0.294 0.039 0.026 0.062 0.439 0.022 0.023 0.080 0.015 
 73    C3188    (0)    2 :  0.241 0.025 0.021 0.027 0.516 0.028 0.024 0.091 0.027 
 74    C3190    (0)    2 :  0.799 0.060 0.019 0.027 0.015 0.031 0.020 0.018 0.011 
 75    C3193    (0)    2 :  0.461 0.010 0.026 0.036 0.389 0.015 0.032 0.023 0.008 
 76    C3232    (0)    2 :  0.165 0.012 0.012 0.077 0.470 0.222 0.009 0.019 0.014 
 77    C3236    (0)    2 :  0.737 0.010 0.012 0.013 0.156 0.045 0.009 0.011 0.008 
 78    C3249    (0)    2 :  0.438 0.050 0.030 0.022 0.339 0.024 0.027 0.040 0.029 
 79    C3250    (0)    2 :  0.058 0.014 0.011 0.120 0.751 0.018 0.010 0.010 0.008 
 80    C3253    (0)    2 :  0.012 0.009 0.013 0.020 0.888 0.017 0.016 0.015 0.010 
 81    C3255    (0)    2 :  0.249 0.009 0.011 0.041 0.600 0.047 0.011 0.024 0.009 
 82    C3277    (0)    2 :  0.111 0.033 0.049 0.219 0.389 0.017 0.062 0.084 0.036 
 83    C3315    (0)    2 :  0.019 0.046 0.081 0.303 0.185 0.070 0.157 0.079 0.060 
 84    C3288    (0)    2 :  0.849 0.013 0.012 0.028 0.026 0.021 0.022 0.018 0.012 
 85    C3293    (0)    2 :  0.678 0.028 0.021 0.085 0.015 0.035 0.024 0.088 0.027 
 86    C4018    (0)    3 :  0.214 0.022 0.008 0.025 0.027 0.681 0.007 0.009 0.008 
 87    C3980    (0)    3 :  0.028 0.014 0.010 0.015 0.013 0.884 0.012 0.015 0.009 
 88    C3987    (0)    3 :  0.023 0.012 0.009 0.034 0.067 0.816 0.011 0.014 0.013 
 89    C3988    (0)    3 :  0.077 0.007 0.012 0.040 0.081 0.742 0.012 0.018 0.011 
 90    C3989    (0)    3 :  0.666 0.014 0.014 0.079 0.032 0.029 0.007 0.151 0.007 
 91    C4011    (0)    3 :  0.119 0.006 0.006 0.008 0.129 0.716 0.006 0.006 0.006 
 92    C4017    (0)    3 :  0.013 0.007 0.006 0.008 0.015 0.932 0.006 0.007 0.007 
 93    C4296    (0)    3 :  0.032 0.038 0.214 0.429 0.180 0.037 0.022 0.020 0.027 
 94    C4301    (9)    3 :  0.041 0.778 0.014 0.025 0.010 0.009 0.009 0.083 0.030 
 95    C4303    (0)    3 :  0.522 0.048 0.032 0.040 0.037 0.012 0.256 0.030 0.024 
 96    C4453    (0)    3 :  0.489 0.034 0.013 0.046 0.111 0.137 0.044 0.045 0.082 
 97    C4455    (9)    3 :  0.790 0.012 0.014 0.066 0.012 0.039 0.037 0.012 0.018 
 98    C4456   (18)    3 :  0.256 0.050 0.020 0.190 0.020 0.197 0.078 0.055 0.134 
 99    C4457    (9)    3 :  0.574 0.051 0.027 0.059 0.060 0.033 0.070 0.101 0.025 
100    C4459    (9)    3 :  0.470 0.015 0.024 0.039 0.186 0.214 0.021 0.022 0.010 
101    C4464   (18)    3 :  0.666 0.009 0.011 0.027 0.184 0.075 0.008 0.010 0.010 
102    C4467   (18)    3 :  0.369 0.007 0.009 0.033 0.507 0.046 0.008 0.012 0.009 
103    C4468    (9)    3 :  0.225 0.015 0.017 0.081 0.533 0.041 0.055 0.021 0.013 
104    C4783    (0)    3 :  0.213 0.011 0.029 0.048 0.011 0.629 0.014 0.032 0.012 
105    C4786    (0)    3 :  0.604 0.029 0.017 0.021 0.038 0.259 0.011 0.010 0.010 
106    C4789    (9)    3 :  0.302 0.078 0.014 0.024 0.123 0.418 0.012 0.020 0.009 
107    C4891    (0)    3 :  0.758 0.017 0.036 0.032 0.021 0.078 0.011 0.025 0.022 
108    C4896    (0)    3 :  0.240 0.088 0.045 0.057 0.019 0.423 0.046 0.062 0.020 
109    C4898    (0)    3 :  0.125 0.013 0.025 0.068 0.055 0.657 0.015 0.027 0.015 
110    C4901    (0)    3 :  0.731 0.022 0.009 0.016 0.015 0.179 0.011 0.012 0.007 
111    C4903    (9)    3 :  0.767 0.052 0.017 0.023 0.014 0.058 0.027 0.033 0.010 
112    C4904    (0)    3 :  0.134 0.016 0.025 0.014 0.015 0.732 0.008 0.048 0.008 
113    C3263    (0)    3 :  0.153 0.011 0.011 0.058 0.538 0.013 0.020 0.046 0.149 
114    C3271    (0)    3 :  0.042 0.020 0.020 0.022 0.823 0.015 0.009 0.027 0.021 
115    C3272    (0)    3 :  0.048 0.037 0.022 0.018 0.801 0.013 0.009 0.034 0.018 
116    C3276    (0)    3 :  0.413 0.319 0.028 0.025 0.029 0.013 0.026 0.077 0.070 
117    C3280    (9)    3 :  0.035 0.026 0.065 0.110 0.582 0.034 0.023 0.040 0.085 
118    C3305    (9)    3 :  0.008 0.011 0.008 0.010 0.928 0.009 0.007 0.009 0.009 
119    C3306    (0)    3 :  0.057 0.013 0.021 0.079 0.664 0.014 0.017 0.076 0.058 
120    C3324    (0)    3 :  0.022 0.012 0.045 0.088 0.609 0.019 0.017 0.066 0.121 
121    C3329    (0)    3 :  0.080 0.025 0.053 0.363 0.304 0.082 0.018 0.034 0.041 
122    C3336    (0)    3 :  0.070 0.044 0.031 0.035 0.748 0.022 0.013 0.023 0.015 
123    C3341   (18)    3 :  0.026 0.024 0.040 0.142 0.069 0.052 0.031 0.093 0.525 
124    C3409   (18)    3 :  0.080 0.074 0.048 0.068 0.480 0.034 0.030 0.142 0.041 
125    C3168    (9)    3 :  0.906 0.011 0.009 0.009 0.016 0.015 0.008 0.017 0.010 
126    C3170    (0)    3 :  0.866 0.021 0.012 0.012 0.036 0.019 0.007 0.017 0.011 
127    C3214   (18)    3 :  0.568 0.152 0.014 0.120 0.069 0.022 0.029 0.016 0.010 
128    C3227    (0)    3 :  0.880 0.036 0.009 0.011 0.012 0.018 0.011 0.013 0.009 
129    C3228    (0)    3 :  0.046 0.038 0.038 0.064 0.646 0.074 0.031 0.034 0.029 
130    C3279    (0)    3 :  0.693 0.056 0.037 0.030 0.064 0.014 0.015 0.082 0.010 
131    C3322    (0)    3 :  0.522 0.099 0.071 0.066 0.017 0.060 0.055 0.097 0.013 
132    C3303    (0)    3 :  0.704 0.058 0.057 0.023 0.078 0.015 0.015 0.021 0.030 
133    C3317    (0)    3 :  0.040 0.011 0.016 0.020 0.839 0.018 0.015 0.022 0.018 
134    C3355    (0)    3 :  0.436 0.010 0.013 0.012 0.465 0.023 0.010 0.014 0.017 
135    C3376    (9)    3 :  0.344 0.058 0.022 0.137 0.348 0.029 0.022 0.023 0.016 
136    C3401    (0)    3 :  0.058 0.022 0.030 0.030 0.765 0.027 0.023 0.026 0.018 
137    C3203    (9)    3 :  0.491 0.066 0.015 0.041 0.212 0.038 0.035 0.043 0.059 
138    C3245    (0)    3 :  0.834 0.021 0.013 0.013 0.057 0.009 0.019 0.025 0.009 
139    C3302    (0)    3 :  0.870 0.019 0.015 0.022 0.016 0.010 0.014 0.018 0.015 
140    C3307    (0)    3 :  0.308 0.009 0.017 0.374 0.037 0.064 0.076 0.050 0.066 
141    C3310    (0)    3 :  0.924 0.009 0.010 0.011 0.008 0.008 0.008 0.012 0.010 
142    C3312    (9)    3 :  0.417 0.016 0.027 0.043 0.295 0.063 0.028 0.095 0.016 
143    C3345    (0)    3 :  0.860 0.012 0.009 0.020 0.020 0.021 0.012 0.022 0.025 
144    C3371    (0)    3 :  0.828 0.009 0.011 0.036 0.028 0.008 0.011 0.025 0.045 
145    C3372    (0)    3 :  0.510 0.014 0.017 0.245 0.101 0.022 0.019 0.045 0.029 
146    C3380    (9)    3 :  0.928 0.007 0.006 0.010 0.013 0.017 0.006 0.007 0.006 
147    C3417    (0)    3 :  0.452 0.018 0.026 0.071 0.046 0.099 0.023 0.085 0.181 
148    C4569    (9)    4 :  0.016 0.088 0.132 0.365 0.039 0.197 0.034 0.060 0.070 
149    C4570    (9)    4 :  0.011 0.010 0.015 0.169 0.043 0.719 0.012 0.010 0.012 
150    C4571    (9)    4 :  0.024 0.019 0.013 0.226 0.288 0.378 0.019 0.017 0.017 
151    C4572    (9)    4 :  0.010 0.014 0.013 0.095 0.023 0.800 0.020 0.011 0.014 
152    C4573    (9)    4 :  0.012 0.046 0.048 0.354 0.121 0.065 0.274 0.058 0.022 
153    C4575    (9)    4 :  0.031 0.056 0.027 0.153 0.040 0.493 0.097 0.078 0.025 
154    C4577    (9)    4 :  0.014 0.010 0.016 0.148 0.019 0.762 0.008 0.012 0.012 
155    C4578    (9)    4 :  0.023 0.041 0.042 0.236 0.062 0.452 0.071 0.054 0.019 
156    C4600   (18)    4 :  0.021 0.039 0.140 0.074 0.045 0.500 0.032 0.132 0.018 
157    C4612    (9)    4 :  0.025 0.171 0.037 0.073 0.024 0.609 0.023 0.023 0.015 
158    C4621    (0)    4 :  0.045 0.018 0.007 0.026 0.043 0.826 0.017 0.012 0.006 
159    C4622    (9)    4 :  0.015 0.008 0.012 0.008 0.010 0.922 0.010 0.008 0.008 
160    C4623    (0)    4 :  0.076 0.033 0.020 0.433 0.061 0.127 0.043 0.086 0.120 
161    C4624    (0)    4 :  0.011 0.023 0.026 0.034 0.027 0.799 0.053 0.013 0.015 
162    C4625    (0)    4 :  0.014 0.062 0.056 0.131 0.181 0.098 0.404 0.039 0.014 
163    C4627    (0)    4 :  0.078 0.027 0.011 0.034 0.016 0.767 0.026 0.024 0.017 
164    C4631    (0)    4 :  0.013 0.011 0.024 0.028 0.010 0.666 0.017 0.022 0.209 
165    C4632    (0)    4 :  0.037 0.012 0.018 0.099 0.034 0.752 0.021 0.011 0.016 
166    C3939    (0)    4 :  0.063 0.024 0.019 0.025 0.020 0.814 0.010 0.014 0.011 
167    C3940    (0)    4 :  0.034 0.049 0.031 0.250 0.018 0.558 0.007 0.034 0.019 
168    C3945    (0)    4 :  0.015 0.006 0.010 0.009 0.016 0.922 0.005 0.009 0.007 
169    C4520    (0)    4 :  0.059 0.341 0.069 0.248 0.096 0.027 0.021 0.101 0.038 
170    C4522    (0)    4 :  0.208 0.012 0.009 0.036 0.027 0.673 0.009 0.014 0.010 
171    C3182    (0)    4 :  0.715 0.015 0.020 0.019 0.119 0.055 0.012 0.020 0.026 
172    C3189    (0)    4 :  0.114 0.039 0.050 0.082 0.363 0.034 0.161 0.136 0.022 
173    C3191    (9)    4 :  0.367 0.018 0.021 0.145 0.316 0.016 0.052 0.038 0.027 
174    C3196    (0)    4 :  0.741 0.028 0.018 0.016 0.123 0.014 0.022 0.024 0.015 
175    C3208    (0)    4 :  0.586 0.040 0.028 0.030 0.026 0.189 0.036 0.023 0.041 
176    C3211    (0)    4 :  0.892 0.016 0.015 0.009 0.017 0.019 0.008 0.014 0.011 
177    C3212    (0)    4 :  0.109 0.193 0.046 0.341 0.056 0.057 0.009 0.124 0.065 
178    C3213    (0)    4 :  0.807 0.028 0.022 0.017 0.034 0.011 0.012 0.049 0.019 
179    C3215    (0)    4 :  0.754 0.060 0.026 0.032 0.011 0.034 0.048 0.021 0.014 
180    C3217    (0)    4 :  0.455 0.020 0.021 0.024 0.376 0.019 0.013 0.039 0.033 
181    C3225    (9)    4 :  0.188 0.065 0.042 0.083 0.516 0.020 0.024 0.043 0.018 
182    C3226    (0)    4 :  0.502 0.010 0.009 0.021 0.235 0.184 0.011 0.015 0.013 
183    C3238    (9)    4 :  0.740 0.024 0.013 0.019 0.041 0.113 0.020 0.019 0.011 
184    C3239    (0)    4 :  0.156 0.020 0.014 0.284 0.428 0.031 0.014 0.031 0.023 
185    C3269   (18)    4 :  0.036 0.079 0.024 0.163 0.405 0.111 0.111 0.053 0.018 
186    C3273    (0)    4 :  0.309 0.023 0.012 0.028 0.522 0.025 0.039 0.033 0.008 
187    C3274    (0)    4 :  0.557 0.065 0.121 0.075 0.027 0.027 0.021 0.097 0.010 
188    C3354    (0)    4 :  0.795 0.015 0.018 0.023 0.056 0.016 0.018 0.049 0.009 
189    C3361    (0)    4 :  0.848 0.017 0.016 0.031 0.036 0.019 0.013 0.013 0.008 
190    C3289    (0)    4 :  0.889 0.013 0.012 0.020 0.015 0.014 0.015 0.014 0.009 
191    C3169    (0)    4 :  0.307 0.019 0.008 0.017 0.569 0.041 0.013 0.015 0.009 
192    C3199    (9)    4 :  0.667 0.024 0.014 0.047 0.084 0.096 0.037 0.015 0.016 
193    C3224    (0)    4 :  0.660 0.034 0.014 0.021 0.209 0.016 0.021 0.012 0.013 
194    C3261   (18)    4 :  0.793 0.010 0.012 0.019 0.079 0.041 0.009 0.026 0.012 
195    C3320    (0)    4 :  0.662 0.030 0.032 0.027 0.127 0.035 0.031 0.045 0.011 
196    C4151    (0)    5 :  0.015 0.007 0.007 0.015 0.015 0.913 0.010 0.010 0.008 
197    C4152    (0)    5 :  0.011 0.013 0.009 0.037 0.077 0.811 0.015 0.014 0.012 
198    C4153    (0)    5 :  0.363 0.053 0.023 0.057 0.077 0.357 0.030 0.027 0.014 
199    C4154   (18)    5 :  0.111 0.019 0.025 0.025 0.056 0.711 0.009 0.026 0.017 
200    C4157    (0)    5 :  0.023 0.014 0.091 0.060 0.567 0.184 0.018 0.028 0.015 
201    C4158    (0)    5 :  0.019 0.007 0.010 0.018 0.018 0.899 0.012 0.011 0.007 
202    C4163    (0)    5 :  0.012 0.005 0.006 0.011 0.013 0.935 0.006 0.007 0.006 
203    C4165    (0)    5 :  0.043 0.007 0.077 0.542 0.015 0.143 0.014 0.129 0.030 
204    C4248    (9)    5 :  0.163 0.014 0.024 0.017 0.675 0.038 0.020 0.036 0.013 
205    C4254    (0)    5 :  0.325 0.028 0.032 0.050 0.435 0.076 0.012 0.024 0.018 
206    C4371    (9)    5 :  0.024 0.012 0.018 0.023 0.777 0.079 0.015 0.021 0.032 
207    C3936    (0)    5 :  0.017 0.012 0.018 0.014 0.018 0.880 0.012 0.015 0.014 
208    C3937    (0)    5 :  0.025 0.008 0.009 0.091 0.016 0.821 0.012 0.007 0.010 
209    C3944    (0)    5 :  0.053 0.007 0.009 0.021 0.083 0.802 0.006 0.008 0.011 
210    C3954    (0)    5 :  0.062 0.022 0.009 0.020 0.722 0.105 0.039 0.013 0.007 
211    C3955    (9)    5 :  0.257 0.026 0.016 0.026 0.159 0.457 0.029 0.024 0.008 
212    C3961    (0)    5 :  0.042 0.025 0.013 0.018 0.028 0.797 0.009 0.017 0.052 
213    C3974    (0)    5 :  0.019 0.032 0.018 0.071 0.020 0.793 0.018 0.014 0.015 
214    C4024    (0)    5 :  0.027 0.027 0.021 0.026 0.306 0.482 0.011 0.035 0.066 
215    C4025    (0)    5 :  0.011 0.015 0.010 0.038 0.039 0.822 0.017 0.016 0.032 
216    C4028    (0)    5 :  0.041 0.050 0.024 0.247 0.062 0.471 0.043 0.032 0.030 
217    C4032   (18)    5 :  0.026 0.012 0.009 0.013 0.856 0.053 0.011 0.012 0.008 
218    C4033   (18)    5 :  0.686 0.012 0.014 0.017 0.194 0.037 0.014 0.017 0.010 
219    C4034    (0)    5 :  0.390 0.035 0.080 0.076 0.239 0.039 0.022 0.054 0.064 
220    C4041    (9)    5 :  0.095 0.132 0.067 0.216 0.332 0.032 0.014 0.038 0.073 
221    C4042   (18)    5 :  0.448 0.014 0.072 0.080 0.160 0.077 0.015 0.048 0.086 
222    C4043    (9)    5 :  0.106 0.016 0.025 0.037 0.535 0.217 0.024 0.024 0.018 
223    C4044    (9)    5 :  0.077 0.052 0.076 0.076 0.086 0.139 0.062 0.074 0.357 
224    C4045    (9)    5 :  0.334 0.020 0.028 0.104 0.298 0.122 0.045 0.036 0.012 
225    C4046    (9)    5 :  0.156 0.012 0.017 0.042 0.671 0.029 0.027 0.013 0.034 
226    C4047    (0)    5 :  0.804 0.021 0.034 0.032 0.024 0.018 0.032 0.021 0.014 
227    C4048    (9)    5 :  0.725 0.016 0.031 0.020 0.102 0.013 0.024 0.020 0.049 
228    C4055    (9)    5 :  0.044 0.022 0.031 0.111 0.612 0.098 0.038 0.028 0.016 
229    C4057   (18)    5 :  0.046 0.014 0.016 0.037 0.772 0.043 0.009 0.023 0.040 
230    C4059    (0)    5 :  0.207 0.029 0.012 0.024 0.611 0.059 0.024 0.022 0.011 
231    C4060    (9)    5 :  0.046 0.022 0.016 0.454 0.339 0.075 0.015 0.019 0.013 
232    C4064    (9)    5 :  0.024 0.025 0.080 0.131 0.458 0.031 0.188 0.048 0.015 
233    C4067    (0)    5 :  0.738 0.016 0.021 0.051 0.025 0.017 0.062 0.041 0.029 
234    C4068    (9)    5 :  0.776 0.020 0.024 0.032 0.044 0.032 0.030 0.025 0.017 
235    C4070    (9)    5 :  0.513 0.016 0.034 0.052 0.116 0.117 0.020 0.043 0.089 
236    C4075   (18)    5 :  0.785 0.025 0.016 0.027 0.057 0.028 0.016 0.025 0.022 
237    C4081    (9)    5 :  0.157 0.023 0.038 0.181 0.506 0.022 0.021 0.034 0.019 
238    C4082    (0)    5 :  0.625 0.042 0.018 0.046 0.085 0.109 0.033 0.025 0.017 
239    C4083    (0)    5 :  0.044 0.026 0.123 0.156 0.146 0.099 0.046 0.217 0.143 
240    C4086    (0)    5 :  0.172 0.027 0.032 0.130 0.319 0.040 0.230 0.038 0.011 
241    C4088    (9)    5 :  0.021 0.019 0.017 0.044 0.029 0.022 0.820 0.022 0.008 
242    C4092    (0)    5 :  0.060 0.020 0.020 0.030 0.515 0.225 0.012 0.052 0.065 
243    C4099    (9)    5 :  0.202 0.090 0.030 0.311 0.240 0.031 0.018 0.028 0.051 
244    C4104    (0)    5 :  0.197 0.015 0.024 0.045 0.064 0.562 0.019 0.027 0.047 
245    C4108   (18)    5 :  0.017 0.472 0.255 0.056 0.011 0.009 0.075 0.083 0.021 
246    C4118    (0)    5 :  0.017 0.033 0.103 0.240 0.349 0.025 0.056 0.166 0.012 
247    C4131    (0)    5 :  0.115 0.020 0.029 0.074 0.136 0.434 0.115 0.058 0.018 
248    C4133    (0)    5 :  0.028 0.013 0.010 0.017 0.881 0.016 0.010 0.018 0.007 
249    C4135    (0)    5 :  0.042 0.006 0.008 0.010 0.298 0.611 0.005 0.013 0.007 
250    C4136    (0)    5 :  0.022 0.072 0.061 0.107 0.017 0.605 0.067 0.026 0.023 
251    C4137    (9)    5 :  0.037 0.015 0.032 0.034 0.373 0.424 0.026 0.041 0.018 
252    C4139    (0)    5 :  0.030 0.016 0.016 0.021 0.046 0.840 0.008 0.015 0.010 
253    C4140    (9)    5 :  0.037 0.012 0.022 0.025 0.128 0.721 0.011 0.025 0.018 
254    C4167    (0)    5 :  0.015 0.016 0.039 0.251 0.121 0.459 0.033 0.023 0.043 
255    C4236    (0)    5 :  0.064 0.029 0.069 0.094 0.612 0.028 0.033 0.039 0.032 
256    C4237    (0)    5 :  0.014 0.069 0.043 0.247 0.053 0.042 0.439 0.075 0.018 
257    C4238    (0)    5 :  0.307 0.023 0.023 0.146 0.315 0.090 0.061 0.021 0.015 
258    C4241    (0)    5 :  0.408 0.026 0.031 0.083 0.306 0.069 0.019 0.034 0.022 
259    C4247    (9)    5 :  0.046 0.041 0.020 0.032 0.414 0.074 0.183 0.116 0.074 
260    C4257    (0)    5 :  0.605 0.049 0.019 0.066 0.153 0.041 0.028 0.019 0.021 
261    C4383    (0)    5 :  0.039 0.071 0.079 0.060 0.256 0.179 0.046 0.028 0.240 
262    C4397    (9)    5 :  0.010 0.008 0.016 0.020 0.859 0.058 0.009 0.012 0.008 
263    C4514    (0)    5 :  0.020 0.014 0.015 0.012 0.124 0.760 0.015 0.018 0.022 
264    C4519    (0)    5 :  0.109 0.152 0.017 0.175 0.031 0.481 0.007 0.017 0.011 
265    C4527    (0)    5 :  0.707 0.012 0.016 0.017 0.029 0.178 0.012 0.014 0.016 
266    C4534    (0)    5 :  0.584 0.064 0.036 0.049 0.048 0.099 0.014 0.053 0.054 
267    C4699    (0)    5 :  0.064 0.015 0.021 0.101 0.018 0.671 0.062 0.018 0.029 
268    C1541    (9)    5 :  0.808 0.007 0.013 0.022 0.099 0.021 0.010 0.011 0.009 
269    C1542    (9)    5 :  0.876 0.012 0.014 0.013 0.040 0.011 0.013 0.011 0.009 
270    C1544    (0)    5 :  0.251 0.037 0.035 0.022 0.543 0.026 0.050 0.022 0.014 
271    C1547    (9)    5 :  0.075 0.239 0.105 0.112 0.112 0.040 0.088 0.078 0.152 
272    C1553    (9)    5 :  0.045 0.111 0.090 0.149 0.049 0.212 0.061 0.178 0.103 
273    C1555    (9)    5 :  0.025 0.024 0.023 0.019 0.847 0.016 0.018 0.019 0.011 
274    C1557    (0)    5 :  0.018 0.013 0.017 0.016 0.863 0.021 0.021 0.012 0.018 
275    C1560    (0)    5 :  0.024 0.042 0.015 0.013 0.858 0.014 0.010 0.012 0.012 
276    C1565    (0)    5 :  0.588 0.017 0.044 0.065 0.148 0.029 0.012 0.049 0.048 
277    C1567    (0)    5 :  0.060 0.070 0.030 0.054 0.681 0.031 0.029 0.016 0.028 
278    C1569    (0)    5 :  0.122 0.018 0.020 0.048 0.687 0.046 0.017 0.014 0.026 
279    C1571    (0)    5 :  0.376 0.098 0.030 0.034 0.272 0.033 0.077 0.043 0.037 
280    C1576    (0)    5 :  0.066 0.026 0.022 0.400 0.282 0.095 0.072 0.022 0.016 
281    C1577    (9)    5 :  0.663 0.034 0.030 0.033 0.147 0.022 0.036 0.022 0.015 
282    C1579    (0)    5 :  0.279 0.017 0.030 0.032 0.567 0.019 0.018 0.026 0.012 
283    C3990    (0)    6 :  0.021 0.007 0.007 0.008 0.017 0.919 0.007 0.007 0.008 
284    C3991    (0)    6 :  0.033 0.019 0.020 0.199 0.026 0.594 0.041 0.035 0.034 
285    C3992    (0)    6 :  0.029 0.047 0.018 0.223 0.021 0.593 0.033 0.024 0.013 
286    C3994    (0)    6 :  0.198 0.021 0.020 0.300 0.153 0.112 0.028 0.078 0.089 
287    C4172    (0)    6 :  0.015 0.045 0.028 0.177 0.008 0.584 0.053 0.050 0.040 
288    C4173    (9)    6 :  0.036 0.015 0.015 0.024 0.015 0.515 0.011 0.015 0.353 
289    C4232    (9)    6 :  0.818 0.009 0.008 0.011 0.121 0.011 0.008 0.007 0.007 
290    C4234    (9)    6 :  0.568 0.010 0.009 0.011 0.353 0.017 0.011 0.013 0.008 
291    C4259    (0)    6 :  0.300 0.009 0.012 0.053 0.570 0.022 0.010 0.013 0.011 
292    C4260    (0)    6 :  0.895 0.010 0.008 0.013 0.023 0.027 0.008 0.010 0.007 
293    C4261    (9)    6 :  0.538 0.028 0.060 0.234 0.016 0.029 0.019 0.030 0.047 
294    C4262    (0)    6 :  0.060 0.026 0.034 0.156 0.458 0.165 0.011 0.019 0.072 
295    C4263    (0)    6 :  0.116 0.013 0.020 0.013 0.678 0.029 0.077 0.026 0.027 
296    C4267    (9)    6 :  0.201 0.014 0.020 0.073 0.422 0.187 0.046 0.023 0.014 
297    C4269    (0)    6 :  0.191 0.009 0.026 0.398 0.192 0.115 0.016 0.019 0.034 
298    C4272    (0)    6 :  0.023 0.014 0.020 0.030 0.850 0.019 0.009 0.022 0.013 
299    C4274    (0)    6 :  0.077 0.182 0.029 0.433 0.209 0.023 0.011 0.027 0.009 
300    C4276    (9)    6 :  0.028 0.672 0.018 0.142 0.036 0.010 0.041 0.038 0.016 
301    C4278    (0)    6 :  0.059 0.032 0.032 0.102 0.558 0.085 0.021 0.090 0.021 
302    C4280    (0)    6 :  0.428 0.024 0.035 0.191 0.123 0.129 0.013 0.043 0.015 
303    C4281    (0)    6 :  0.151 0.017 0.018 0.176 0.554 0.030 0.022 0.016 0.017 
304    C4282    (0)    6 :  0.251 0.027 0.119 0.055 0.101 0.020 0.052 0.206 0.169 
305    C4284    (9)    6 :  0.039 0.008 0.009 0.012 0.694 0.211 0.009 0.010 0.008 
306    C4286    (9)    6 :  0.387 0.080 0.031 0.156 0.079 0.169 0.023 0.048 0.026 
307    C4287    (0)    6 :  0.318 0.051 0.049 0.203 0.148 0.103 0.011 0.057 0.060 
308    C4290    (0)    6 :  0.017 0.360 0.072 0.150 0.114 0.028 0.164 0.035 0.060 
309    C4307   (18)    6 :  0.280 0.019 0.019 0.024 0.203 0.165 0.014 0.256 0.020 
310    C4310    (9)    6 :  0.183 0.054 0.022 0.048 0.549 0.050 0.061 0.021 0.011 
311    C4311   (18)    6 :  0.574 0.056 0.033 0.050 0.181 0.029 0.023 0.033 0.021 
312    C4312    (0)    6 :  0.269 0.015 0.014 0.013 0.603 0.036 0.015 0.020 0.014 
313    C4314    (0)    6 :  0.133 0.029 0.043 0.069 0.471 0.020 0.194 0.031 0.010 
314    C4318    (9)    6 :  0.049 0.018 0.021 0.020 0.701 0.060 0.010 0.089 0.031 
315    C4321    (9)    6 :  0.329 0.078 0.022 0.101 0.245 0.121 0.011 0.040 0.053 
316    C4324    (0)    6 :  0.099 0.031 0.022 0.035 0.608 0.100 0.012 0.038 0.055 
317    C4334    (0)    6 :  0.019 0.019 0.012 0.013 0.753 0.101 0.010 0.029 0.043 
318    C4529    (0)    6 :  0.481 0.027 0.025 0.036 0.251 0.042 0.052 0.055 0.031 
319    C1582    (9)    6 :  0.137 0.016 0.016 0.064 0.573 0.154 0.013 0.012 0.014 
320    C1583    (0)    6 :  0.098 0.023 0.021 0.028 0.705 0.024 0.052 0.036 0.014 
321    C1584    (9)    6 :  0.031 0.027 0.011 0.020 0.845 0.024 0.020 0.014 0.008 
322    C1585    (0)    6 :  0.018 0.013 0.006 0.011 0.874 0.045 0.016 0.009 0.007 
323    C1586    (0)    6 :  0.044 0.010 0.018 0.015 0.796 0.023 0.021 0.022 0.050 
324    C1589    (0)    6 :  0.075 0.013 0.011 0.032 0.679 0.158 0.011 0.010 0.010 
325    C1591    (0)    6 :  0.043 0.012 0.007 0.020 0.846 0.043 0.011 0.009 0.008 
326    C1592    (0)    6 :  0.041 0.016 0.019 0.064 0.786 0.012 0.017 0.020 0.024 
327    C1594    (0)    6 :  0.116 0.016 0.017 0.041 0.682 0.036 0.065 0.015 0.012 
328    C1597    (9)    6 :  0.662 0.048 0.047 0.035 0.095 0.042 0.024 0.023 0.024 
329    C1598    (9)    6 :  0.069 0.022 0.015 0.032 0.577 0.208 0.038 0.025 0.014 
330    C1599    (0)    6 :  0.182 0.025 0.015 0.020 0.705 0.013 0.010 0.019 0.011 
331    C1601    (0)    6 :  0.151 0.027 0.075 0.044 0.160 0.408 0.059 0.053 0.023 
332    C1605    (0)    6 :  0.061 0.059 0.020 0.280 0.078 0.064 0.064 0.345 0.029 
333    C1609    (0)    6 :  0.023 0.010 0.008 0.019 0.871 0.042 0.009 0.008 0.008 
334    C1610    (0)    6 :  0.349 0.083 0.097 0.043 0.235 0.015 0.086 0.081 0.011 
335    C1611    (0)    6 :  0.775 0.011 0.014 0.016 0.071 0.011 0.011 0.047 0.043 
336    C1612    (0)    6 :  0.825 0.008 0.007 0.008 0.117 0.009 0.008 0.012 0.006 
337    C1613    (0)    6 :  0.601 0.040 0.021 0.037 0.171 0.029 0.040 0.023 0.038 
338    C3173    (9)    6 :  0.238 0.041 0.058 0.059 0.410 0.043 0.034 0.079 0.038 
339    C3204    (0)    6 :  0.825 0.017 0.017 0.016 0.041 0.031 0.021 0.019 0.013 
340    C3223    (9)    6 :  0.441 0.152 0.025 0.026 0.025 0.021 0.015 0.237 0.058 
341    C3262    (0)    6 :  0.185 0.053 0.020 0.040 0.518 0.033 0.073 0.056 0.022 
342    C3270    (0)    6 :  0.469 0.019 0.024 0.053 0.229 0.148 0.014 0.030 0.015 
343    C3300    (0)    6 :  0.176 0.011 0.009 0.020 0.374 0.377 0.009 0.014 0.010 
344    C3330    (0)    6 :  0.182 0.025 0.030 0.076 0.458 0.127 0.014 0.075 0.015 
345    C3390    (9)    6 :  0.374 0.014 0.022 0.048 0.386 0.083 0.017 0.032 0.024 
346    C3424    (9)    6 :  0.542 0.028 0.042 0.034 0.236 0.044 0.017 0.043 0.015 
347    C3958    (0)    6 :  0.020 0.009 0.012 0.017 0.048 0.863 0.007 0.010 0.014 
348    C3962    (0)    6 :  0.016 0.009 0.032 0.022 0.024 0.864 0.007 0.020 0.008 
349    C4019    (0)    6 :  0.009 0.024 0.510 0.088 0.014 0.117 0.024 0.180 0.034 
350    C3995   (18)    6 :  0.030 0.013 0.019 0.019 0.013 0.840 0.017 0.018 0.029 
351    C4000    (0)    6 :  0.094 0.024 0.100 0.065 0.025 0.567 0.014 0.044 0.066 
352    C4002    (0)    6 :  0.056 0.010 0.021 0.023 0.027 0.818 0.013 0.015 0.016 
353    C1692    (0)    7 :  0.026 0.082 0.092 0.154 0.013 0.129 0.033 0.451 0.021 
354    C1693    (0)    7 :  0.135 0.137 0.029 0.045 0.040 0.044 0.013 0.482 0.076 
355    C1694    (0)    7 :  0.062 0.104 0.130 0.081 0.064 0.017 0.127 0.164 0.251 
356    C1698    (0)    7 :  0.008 0.152 0.252 0.048 0.040 0.008 0.055 0.314 0.123 
357    C1699    (0)    7 :  0.023 0.076 0.053 0.175 0.022 0.015 0.309 0.283 0.045 
358    C1700    (0)    7 :  0.028 0.055 0.296 0.228 0.051 0.063 0.049 0.100 0.130 
359    C1701    (0)    7 :  0.011 0.032 0.205 0.094 0.032 0.012 0.330 0.262 0.022 
360    C1702    (0)    7 :  0.011 0.083 0.109 0.175 0.013 0.012 0.075 0.477 0.046 
361    C1703    (0)    7 :  0.008 0.095 0.415 0.068 0.018 0.021 0.054 0.082 0.239 
362    C1704    (0)    7 :  0.026 0.065 0.129 0.126 0.268 0.030 0.030 0.134 0.193 
363    C1705    (0)    7 :  0.009 0.154 0.043 0.136 0.012 0.175 0.015 0.045 0.411 
364    C1706    (0)    7 :  0.016 0.088 0.070 0.053 0.015 0.009 0.369 0.342 0.037 
365    C1707    (0)    7 :  0.088 0.227 0.024 0.193 0.280 0.014 0.094 0.051 0.029 
366    C1708    (0)    7 :  0.012 0.022 0.088 0.026 0.026 0.014 0.019 0.279 0.514 
367    C1709    (0)    7 :  0.024 0.019 0.060 0.046 0.016 0.065 0.024 0.078 0.669 
368    C1710    (0)    7 :  0.017 0.052 0.313 0.101 0.044 0.022 0.079 0.311 0.061 
369    C1712    (0)    7 :  0.011 0.031 0.289 0.050 0.008 0.025 0.013 0.080 0.493 
370    C1714    (0)    7 :  0.010 0.018 0.034 0.025 0.025 0.013 0.018 0.129 0.729 
371    C1715    (0)    7 :  0.016 0.290 0.146 0.213 0.023 0.013 0.075 0.205 0.018 
372    C1717    (0)    7 :  0.052 0.412 0.138 0.083 0.049 0.014 0.028 0.171 0.052 
373    C1718   (18)    7 :  0.014 0.104 0.430 0.151 0.062 0.013 0.034 0.163 0.028 
374    C1719    (0)    7 :  0.068 0.019 0.092 0.079 0.033 0.091 0.019 0.029 0.571 
375    C1656    (0)    8 :  0.010 0.034 0.084 0.270 0.009 0.031 0.300 0.211 0.051 
376    C1657   (18)    8 :  0.034 0.074 0.081 0.108 0.013 0.017 0.156 0.147 0.369 
377    C1658    (0)    8 :  0.007 0.239 0.385 0.115 0.010 0.010 0.079 0.125 0.029 
378    C1659    (0)    8 :  0.059 0.368 0.039 0.219 0.021 0.020 0.100 0.159 0.016 
379    C1661    (9)    8 :  0.035 0.096 0.352 0.082 0.094 0.022 0.062 0.200 0.058 
380    C1665    (0)    8 :  0.031 0.073 0.375 0.089 0.018 0.013 0.195 0.177 0.029 
381    C1667    (9)    8 :  0.007 0.015 0.062 0.016 0.007 0.005 0.019 0.044 0.826 
382    C1676    (9)    8 :  0.013 0.023 0.312 0.222 0.014 0.020 0.093 0.194 0.108 
383    C1681    (9)    8 :  0.013 0.191 0.144 0.191 0.050 0.015 0.184 0.122 0.091 
384    C1682    (0)    8 :  0.015 0.052 0.145 0.084 0.014 0.017 0.056 0.173 0.444 
385    C1685    (0)    8 :  0.043 0.012 0.316 0.230 0.012 0.020 0.041 0.292 0.033 
386    C4707    (0)    9 :  0.018 0.015 0.394 0.328 0.028 0.061 0.025 0.098 0.033 
387    C4747    (0)    9 :  0.134 0.082 0.034 0.077 0.038 0.110 0.019 0.157 0.348 
388    C4772    (0)    9 :  0.046 0.040 0.175 0.215 0.029 0.370 0.064 0.035 0.026 
389    C4781    (0)    9 :  0.008 0.024 0.031 0.353 0.036 0.023 0.012 0.025 0.488 
390    C4782    (0)    9 :  0.022 0.134 0.265 0.234 0.074 0.061 0.041 0.099 0.070 
391    C4787    (0)    9 :  0.012 0.542 0.049 0.045 0.023 0.109 0.039 0.139 0.041 
392    C4790    (0)    9 :  0.013 0.015 0.164 0.058 0.021 0.076 0.028 0.109 0.517 
393    C4803    (0)    9 :  0.042 0.177 0.259 0.211 0.021 0.079 0.028 0.129 0.053 
394    C4813    (0)    9 :  0.024 0.053 0.034 0.071 0.007 0.674 0.042 0.071 0.024 
395    C4837    (0)    9 :  0.041 0.044 0.209 0.483 0.014 0.085 0.017 0.083 0.025 
396    C4838    (0)    9 :  0.010 0.446 0.093 0.183 0.013 0.088 0.047 0.080 0.040 
397    C4843    (0)    9 :  0.039 0.026 0.145 0.302 0.012 0.038 0.060 0.354 0.024 
398    C4857    (0)    9 :  0.036 0.035 0.024 0.112 0.062 0.654 0.027 0.035 0.015 
399    C4828    (0)    9 :  0.142 0.070 0.052 0.397 0.032 0.019 0.087 0.167 0.032 
400    C4835    (0)    9 :  0.013 0.080 0.029 0.220 0.015 0.534 0.060 0.033 0.016 
401    C4836    (9)    9 :  0.023 0.148 0.118 0.254 0.031 0.180 0.031 0.118 0.098 
402    C4842    (0)    9 :  0.017 0.032 0.115 0.259 0.008 0.042 0.189 0.279 0.059 
403    C4863    (9)    9 :  0.013 0.263 0.112 0.256 0.040 0.034 0.020 0.165 0.097 
404    C4744    (0)    9 :  0.040 0.069 0.135 0.184 0.009 0.017 0.076 0.236 0.233 
405    C4745    (0)    9 :  0.013 0.120 0.198 0.124 0.030 0.098 0.103 0.291 0.024 
406    C4768    (0)    9 :  0.031 0.015 0.332 0.098 0.055 0.143 0.041 0.038 0.247 
407    C4769    (0)    9 :  0.013 0.124 0.062 0.164 0.009 0.116 0.377 0.085 0.052 
408    C4771    (0)    9 :  0.011 0.052 0.583 0.188 0.008 0.015 0.044 0.061 0.038 
409    C4784    (0)    9 :  0.013 0.031 0.058 0.205 0.034 0.186 0.053 0.134 0.286 
410    C4785    (0)    9 :  0.016 0.019 0.020 0.068 0.028 0.023 0.037 0.104 0.685 
411    C4795    (0)    9 :  0.025 0.034 0.020 0.262 0.054 0.061 0.019 0.054 0.470 
412    C4796    (0)    9 :  0.012 0.063 0.683 0.080 0.015 0.011 0.025 0.033 0.077 
413    C4800    (0)    9 :  0.007 0.312 0.067 0.113 0.015 0.290 0.019 0.164 0.013 
414    C4801    (0)    9 :  0.008 0.054 0.033 0.071 0.074 0.413 0.215 0.085 0.046 
415    C4802    (0)    9 :  0.029 0.051 0.065 0.121 0.477 0.026 0.144 0.074 0.014 
416    C4805    (0)    9 :  0.009 0.039 0.480 0.090 0.017 0.087 0.130 0.065 0.082 
417    C4806    (0)    9 :  0.007 0.051 0.629 0.143 0.011 0.037 0.072 0.039 0.010 
418    C4850    (0)    9 :  0.085 0.038 0.238 0.231 0.036 0.133 0.043 0.172 0.026 
419    C4748    (0)   10 :  0.008 0.043 0.014 0.215 0.008 0.114 0.458 0.086 0.055 
420    C4753    (0)   10 :  0.013 0.064 0.233 0.111 0.023 0.035 0.055 0.383 0.083 
421    C4754    (0)   10 :  0.013 0.018 0.401 0.181 0.032 0.121 0.044 0.135 0.055 
422    C4760    (0)   10 :  0.051 0.212 0.140 0.185 0.064 0.177 0.015 0.137 0.019 
