

----------------------------------------------------
STRUCTURE by Pritchard, Stephens and Donnelly (2000)
     and Falush, Stephens and Pritchard (2003)
       Code by Pritchard, Falush and Hubisz
             Version 2.3.4 (Jul 2012)
----------------------------------------------------



Command line arguments:   bin\structure -m G:\My Drive\Hoban_Lab_Docs\Projects\Butternut_JUCI\Graphical_Stat_Results\PostIndRemoval\24pop\Reorg_Results\STR\butternut\50-50\mainparams -e G:\My Drive\Hoban_Lab_Docs\Projects\Butternut_JUCI\Graphical_Stat_Results\PostIndRemoval\24pop\Reorg_Results\STR\butternut\50-50\extraparams 
Input File:    G:\My Drive\Hoban_Lab_Docs\Projects\Butternut_JUCI\Graphical_Stat_Results\PostIndRemoval\24pop\Reorg_Results\STR\butternut\project_data

Run parameters:
   993 individuals
   11 loci
   7 populations assumed
   50000 Burn-in period
   50000 Reps


--------------------------------------------
Proportion of membership of each pre-defined
 population in each of the 7 clusters

Given    Inferred Clusters                                   Number of
 Pop       1      2      3      4      5      6      7      Individuals

  1:     0.048  0.378  0.052  0.050  0.188  0.044  0.240       40
  2:     0.040  0.332  0.031  0.038  0.314  0.045  0.201       45
  3:     0.046  0.240  0.028  0.050  0.171  0.031  0.434       62
  4:     0.031  0.153  0.048  0.057  0.354  0.035  0.322       48
  5:     0.041  0.333  0.052  0.042  0.267  0.041  0.223       87
  6:     0.039  0.378  0.033  0.058  0.184  0.042  0.268       70
  7:     0.285  0.070  0.141  0.170  0.053  0.238  0.043       22
  8:     0.234  0.027  0.204  0.141  0.025  0.341  0.028       11
  9:     0.182  0.056  0.103  0.150  0.213  0.255  0.041       33
 10:     0.109  0.037  0.178  0.171  0.202  0.250  0.054       48
 11:     0.163  0.043  0.096  0.118  0.326  0.224  0.031       48
 12:     0.181  0.055  0.143  0.261  0.036  0.272  0.051       90
 13:     0.560  0.028  0.055  0.160  0.022  0.143  0.033       63
 14:     0.141  0.094  0.136  0.271  0.032  0.254  0.074       16
 15:     0.094  0.110  0.186  0.319  0.087  0.134  0.069       31
 16:     0.033  0.017  0.787  0.024  0.060  0.065  0.014       16
 17:     0.443  0.091  0.055  0.119  0.028  0.166  0.097       24
 18:     0.119  0.074  0.166  0.132  0.036  0.425  0.047       12
 19:     0.217  0.069  0.184  0.206  0.038  0.243  0.043       54
 20:     0.081  0.068  0.303  0.254  0.052  0.199  0.044       96
 21:     0.181  0.084  0.357  0.188  0.021  0.138  0.032       22
 22:     0.030  0.082  0.578  0.076  0.088  0.089  0.057       23
 23:     0.070  0.028  0.358  0.247  0.028  0.231  0.037       13
 24:     0.197  0.057  0.114  0.202  0.054  0.258  0.117       19
--------------------------------------------

Allele-freq. divergence among pops (Net nucleotide distance),
computed using point estimates of P.

      1       2       3       4       5       6       7      
 1      -    0.0325  0.0196  0.0124  0.0356  0.0082  0.0322  
 2   0.0325     -    0.0375  0.0324  0.0339  0.0307  0.0205  
 3   0.0196  0.0375     -    0.0134  0.0468  0.0114  0.0354  
 4   0.0124  0.0324  0.0134     -    0.0423  0.0075  0.0285  
 5   0.0356  0.0339  0.0468  0.0423     -    0.0341  0.0354  
 6   0.0082  0.0307  0.0114  0.0075  0.0341     -    0.0293  
 7   0.0322  0.0205  0.0354  0.0285  0.0354  0.0293     -    

Average distances (expected heterozygosity) between individuals in same cluster:
cluster  1  : 0.8516 
cluster  2  : 0.8077 
cluster  3  : 0.8341 
cluster  4  : 0.8447 
cluster  5  : 0.8245 
cluster  6  : 0.8540 
cluster  7  : 0.8198 

--------------------------------------------
Estimated Ln Prob of Data   = -46573.2
Mean value of ln likelihood = -45073.7
Variance of ln likelihood   = 2999.0
Mean value of alpha         = 0.0583

Mean value of Fst_1         = 0.0268
Mean value of Fst_2         = 0.0616
Mean value of Fst_3         = 0.0350
Mean value of Fst_4         = 0.0245
Mean value of Fst_5         = 0.0669
Mean value of Fst_6         = 0.0170
Mean value of Fst_7         = 0.0614


Inferred ancestry of individuals:
        Label (%Miss) Pop:  Inferred clusters
  1    C3984    (0)    1 :  0.014 0.769 0.008 0.014 0.166 0.011 0.018 
  2    C3985    (0)    1 :  0.015 0.227 0.016 0.011 0.636 0.017 0.078 
  3    C3986    (0)    1 :  0.018 0.120 0.008 0.011 0.713 0.010 0.119 
  4    C4231    (0)    1 :  0.024 0.452 0.014 0.034 0.344 0.049 0.082 
  5    C4344    (0)    1 :  0.026 0.135 0.015 0.022 0.058 0.025 0.718 
  6    C4347   (18)    1 :  0.014 0.351 0.054 0.026 0.051 0.020 0.484 
  7    C4352   (18)    1 :  0.031 0.479 0.020 0.018 0.354 0.032 0.066 
  8    C4355    (9)    1 :  0.027 0.721 0.014 0.045 0.047 0.014 0.132 
  9    C4358   (18)    1 :  0.200 0.073 0.107 0.186 0.046 0.369 0.018 
 10    C4419    (9)    1 :  0.025 0.703 0.016 0.119 0.092 0.028 0.018 
 11    C4428    (9)    1 :  0.013 0.693 0.015 0.019 0.121 0.012 0.127 
 12    C4436    (0)    1 :  0.015 0.485 0.017 0.013 0.363 0.014 0.093 
 13    C4437   (18)    1 :  0.022 0.151 0.046 0.040 0.670 0.027 0.043 
 14    C4450    (0)    1 :  0.085 0.548 0.056 0.080 0.132 0.074 0.026 
 15    C4531    (0)    1 :  0.024 0.013 0.020 0.016 0.896 0.022 0.009 
 16    C1615    (0)    1 :  0.089 0.233 0.088 0.061 0.387 0.084 0.058 
 17    C1616    (0)    1 :  0.021 0.221 0.167 0.312 0.075 0.128 0.077 
 18    C1617    (9)    1 :  0.012 0.774 0.019 0.030 0.014 0.015 0.136 
 19    C1618    (0)    1 :  0.104 0.269 0.038 0.020 0.503 0.034 0.032 
 20    C1619    (0)    1 :  0.195 0.414 0.085 0.029 0.128 0.053 0.096 
 21    C1620    (9)    1 :  0.163 0.417 0.051 0.019 0.232 0.068 0.050 
 22    C1621    (0)    1 :  0.054 0.252 0.464 0.104 0.027 0.056 0.043 
 23    C1623    (9)    1 :  0.233 0.041 0.153 0.058 0.443 0.053 0.018 
 24    C1625    (0)    1 :  0.128 0.495 0.150 0.023 0.046 0.054 0.104 
 25    C1626    (0)    1 :  0.040 0.477 0.135 0.176 0.027 0.098 0.048 
 26    C1627    (9)    1 :  0.026 0.828 0.042 0.013 0.045 0.020 0.025 
 27    C1633    (0)    1 :  0.011 0.927 0.014 0.011 0.014 0.008 0.015 
 28    C1637    (0)    1 :  0.016 0.850 0.024 0.025 0.021 0.020 0.044 
 29    C1650    (0)    1 :  0.016 0.261 0.031 0.041 0.554 0.023 0.072 
 30    C3202    (0)    1 :  0.012 0.016 0.020 0.012 0.018 0.011 0.910 
 31    C3248    (0)    1 :  0.014 0.739 0.014 0.011 0.009 0.021 0.192 
 32    C3304    (9)    1 :  0.015 0.152 0.013 0.053 0.017 0.013 0.737 
 33    C3326    (0)    1 :  0.028 0.121 0.032 0.079 0.144 0.141 0.455 
 34    C3333    (0)    1 :  0.012 0.018 0.016 0.016 0.011 0.012 0.916 
 35    C3339   (18)    1 :  0.042 0.548 0.016 0.071 0.018 0.023 0.282 
 36    C3346    (0)    1 :  0.010 0.014 0.006 0.008 0.014 0.009 0.938 
 37    C3349    (0)    1 :  0.038 0.087 0.018 0.076 0.014 0.040 0.727 
 38    C3367   (18)    1 :  0.018 0.025 0.029 0.026 0.053 0.014 0.835 
 39    C3374    (0)    1 :  0.011 0.922 0.006 0.009 0.017 0.008 0.026 
 40    C3405    (0)    1 :  0.044 0.095 0.014 0.075 0.020 0.021 0.733 
 41    C4543    (0)    2 :  0.020 0.031 0.013 0.027 0.832 0.014 0.064 
 42    C4545    (9)    2 :  0.043 0.037 0.008 0.010 0.876 0.010 0.016 
 43    C4551    (9)    2 :  0.066 0.144 0.028 0.034 0.457 0.252 0.020 
 44    C4491    (0)    2 :  0.077 0.096 0.032 0.050 0.557 0.101 0.087 
 45    C4494    (0)    2 :  0.014 0.152 0.009 0.013 0.176 0.013 0.622 
 46    C4495    (0)    2 :  0.044 0.043 0.021 0.020 0.086 0.095 0.692 
 47    C4497    (9)    2 :  0.017 0.849 0.013 0.018 0.032 0.021 0.050 
 48    C4501    (0)    2 :  0.026 0.786 0.014 0.080 0.038 0.038 0.018 
 49    C4502    (0)    2 :  0.077 0.611 0.016 0.020 0.213 0.011 0.053 
 50    C4503    (0)    2 :  0.142 0.012 0.018 0.014 0.779 0.024 0.012 
 51    C4504    (0)    2 :  0.276 0.178 0.096 0.148 0.148 0.072 0.082 
 52    C4470    (0)    2 :  0.028 0.698 0.024 0.032 0.088 0.095 0.036 
 53    C4471    (0)    2 :  0.026 0.216 0.015 0.035 0.647 0.020 0.042 
 54    C4474    (9)    2 :  0.017 0.012 0.024 0.016 0.892 0.032 0.009 
 55    C4476    (0)    2 :  0.019 0.822 0.011 0.013 0.093 0.015 0.027 
 56    C4479    (0)    2 :  0.010 0.707 0.041 0.019 0.074 0.016 0.134 
 57    C4482    (0)    2 :  0.012 0.089 0.190 0.046 0.411 0.055 0.197 
 58    C4483    (0)    2 :  0.015 0.009 0.011 0.011 0.932 0.013 0.008 
 59    C4484    (0)    2 :  0.070 0.099 0.026 0.069 0.457 0.041 0.239 
 60    C4485    (0)    2 :  0.034 0.280 0.054 0.056 0.046 0.088 0.442 
 61    C4489    (0)    2 :  0.032 0.496 0.020 0.031 0.280 0.020 0.121 
 62    C4505    (0)    2 :  0.016 0.821 0.013 0.015 0.091 0.024 0.020 
 63    C4507    (0)    2 :  0.125 0.367 0.013 0.058 0.358 0.065 0.014 
 64    C4535    (0)    2 :  0.028 0.020 0.029 0.021 0.859 0.030 0.013 
 65    C4542    (0)    2 :  0.039 0.020 0.033 0.290 0.379 0.218 0.020 
 66    C4553    (9)    2 :  0.016 0.100 0.020 0.020 0.708 0.046 0.089 
 67    C4562   (18)    2 :  0.044 0.137 0.028 0.017 0.687 0.035 0.053 
 68    C4582   (18)    2 :  0.022 0.067 0.028 0.020 0.811 0.026 0.026 
 69    C4693    (0)    2 :  0.008 0.026 0.011 0.009 0.916 0.009 0.021 
 70    C4696    (0)    2 :  0.040 0.115 0.024 0.021 0.683 0.089 0.027 
 71    C3179    (0)    2 :  0.045 0.101 0.012 0.022 0.015 0.021 0.783 
 72    C3181    (0)    2 :  0.021 0.570 0.026 0.055 0.019 0.039 0.269 
 73    C3188    (0)    2 :  0.030 0.750 0.023 0.027 0.021 0.027 0.122 
 74    C3190    (0)    2 :  0.014 0.016 0.024 0.052 0.032 0.022 0.840 
 75    C3193    (0)    2 :  0.010 0.561 0.032 0.012 0.016 0.024 0.345 
 76    C3232    (0)    2 :  0.013 0.701 0.009 0.015 0.089 0.012 0.162 
 77    C3236    (0)    2 :  0.008 0.105 0.009 0.009 0.042 0.011 0.814 
 78    C3249    (0)    2 :  0.033 0.437 0.033 0.056 0.021 0.032 0.389 
 79    C3250    (0)    2 :  0.007 0.915 0.010 0.013 0.016 0.010 0.028 
 80    C3253    (0)    2 :  0.009 0.935 0.011 0.009 0.013 0.012 0.010 
 81    C3255    (0)    2 :  0.011 0.713 0.010 0.012 0.036 0.014 0.203 
 82    C3277    (0)    2 :  0.040 0.599 0.086 0.054 0.025 0.071 0.125 
 83    C3315    (0)    2 :  0.093 0.453 0.176 0.086 0.092 0.076 0.023 
 84    C3288    (0)    2 :  0.015 0.023 0.023 0.012 0.023 0.014 0.889 
 85    C3293    (0)    2 :  0.031 0.023 0.031 0.040 0.047 0.038 0.789 
 86    C4018    (0)    3 :  0.008 0.033 0.008 0.016 0.702 0.009 0.223 
 87    C3980    (0)    3 :  0.011 0.017 0.012 0.014 0.904 0.011 0.031 
 88    C3987    (0)    3 :  0.011 0.046 0.010 0.012 0.879 0.010 0.032 
 89    C3988    (0)    3 :  0.011 0.074 0.012 0.008 0.820 0.016 0.059 
 90    C3989    (0)    3 :  0.010 0.044 0.009 0.025 0.030 0.076 0.806 
 91    C4011    (0)    3 :  0.006 0.167 0.006 0.007 0.646 0.006 0.162 
 92    C4017    (0)    3 :  0.008 0.018 0.006 0.007 0.939 0.007 0.014 
 93    C4296    (0)    3 :  0.072 0.444 0.047 0.075 0.068 0.258 0.036 
 94    C4301    (9)    3 :  0.037 0.011 0.013 0.838 0.011 0.019 0.071 
 95    C4303    (0)    3 :  0.029 0.033 0.268 0.038 0.016 0.032 0.584 
 96    C4453    (0)    3 :  0.074 0.115 0.050 0.033 0.123 0.014 0.590 
 97    C4455    (9)    3 :  0.017 0.013 0.034 0.016 0.041 0.014 0.866 
 98    C4456   (18)    3 :  0.121 0.017 0.099 0.047 0.328 0.024 0.364 
 99    C4457    (9)    3 :  0.023 0.048 0.059 0.054 0.025 0.036 0.754 
100    C4459    (9)    3 :  0.014 0.294 0.020 0.017 0.202 0.033 0.419 
101    C4464   (18)    3 :  0.011 0.222 0.008 0.010 0.065 0.012 0.672 
102    C4467   (18)    3 :  0.009 0.694 0.009 0.008 0.033 0.010 0.237 
103    C4468    (9)    3 :  0.014 0.647 0.043 0.014 0.038 0.015 0.229 
104    C4783    (0)    3 :  0.012 0.011 0.014 0.012 0.710 0.030 0.211 
105    C4786    (0)    3 :  0.012 0.038 0.011 0.022 0.238 0.014 0.664 
106    C4789    (9)    3 :  0.010 0.182 0.011 0.065 0.399 0.016 0.316 
107    C4891    (0)    3 :  0.021 0.016 0.013 0.017 0.069 0.040 0.824 
108    C4896    (0)    3 :  0.028 0.016 0.043 0.073 0.502 0.049 0.290 
109    C4898    (0)    3 :  0.018 0.061 0.017 0.015 0.735 0.025 0.130 
110    C4901    (0)    3 :  0.007 0.014 0.011 0.015 0.097 0.009 0.847 
111    C4903    (9)    3 :  0.012 0.015 0.025 0.033 0.060 0.019 0.836 
112    C4904    (0)    3 :  0.011 0.019 0.009 0.019 0.657 0.031 0.254 
113    C3263    (0)    3 :  0.166 0.480 0.023 0.011 0.015 0.017 0.287 
114    C3271    (0)    3 :  0.026 0.801 0.013 0.026 0.022 0.024 0.089 
115    C3272    (0)    3 :  0.018 0.847 0.009 0.043 0.014 0.025 0.044 
116    C3276    (0)    3 :  0.073 0.029 0.029 0.336 0.017 0.048 0.468 
117    C3280    (9)    3 :  0.093 0.742 0.027 0.030 0.026 0.050 0.032 
118    C3305    (9)    3 :  0.011 0.937 0.009 0.013 0.012 0.009 0.010 
119    C3306    (0)    3 :  0.092 0.694 0.030 0.024 0.022 0.036 0.102 
120    C3324    (0)    3 :  0.143 0.741 0.016 0.017 0.020 0.047 0.017 
121    C3329    (0)    3 :  0.073 0.422 0.038 0.048 0.205 0.096 0.117 
122    C3336    (0)    3 :  0.018 0.800 0.016 0.049 0.026 0.026 0.065 
123    C3341   (18)    3 :  0.710 0.061 0.038 0.031 0.071 0.054 0.035 
124    C3409   (18)    3 :  0.062 0.514 0.049 0.095 0.062 0.074 0.144 
125    C3168    (9)    3 :  0.013 0.015 0.009 0.011 0.014 0.011 0.927 
126    C3170    (0)    3 :  0.012 0.046 0.008 0.018 0.017 0.014 0.885 
127    C3214   (18)    3 :  0.010 0.088 0.027 0.211 0.020 0.015 0.630 
128    C3227    (0)    3 :  0.009 0.012 0.011 0.027 0.016 0.009 0.916 
129    C3228    (0)    3 :  0.034 0.728 0.032 0.042 0.072 0.037 0.056 
130    C3279    (0)    3 :  0.015 0.033 0.019 0.050 0.016 0.060 0.806 
131    C3322    (0)    3 :  0.013 0.016 0.063 0.079 0.065 0.082 0.682 
132    C3303    (0)    3 :  0.035 0.048 0.016 0.068 0.019 0.044 0.772 
133    C3317    (0)    3 :  0.021 0.856 0.017 0.012 0.024 0.017 0.052 
134    C3355    (0)    3 :  0.020 0.333 0.012 0.011 0.031 0.014 0.578 
135    C3376    (9)    3 :  0.020 0.546 0.024 0.068 0.029 0.025 0.287 
136    C3401    (0)    3 :  0.023 0.755 0.026 0.025 0.033 0.033 0.105 
137    C3203    (9)    3 :  0.064 0.263 0.037 0.067 0.037 0.017 0.516 
138    C3245    (0)    3 :  0.010 0.026 0.016 0.018 0.010 0.015 0.904 
139    C3302    (0)    3 :  0.017 0.013 0.016 0.016 0.011 0.016 0.911 
140    C3307    (0)    3 :  0.129 0.055 0.087 0.011 0.107 0.032 0.580 
141    C3310    (0)    3 :  0.013 0.008 0.008 0.009 0.008 0.010 0.943 
142    C3312    (9)    3 :  0.023 0.449 0.033 0.018 0.038 0.051 0.389 
143    C3345    (0)    3 :  0.022 0.021 0.011 0.012 0.018 0.010 0.906 
144    C3371    (0)    3 :  0.039 0.016 0.011 0.009 0.008 0.012 0.905 
145    C3372    (0)    3 :  0.035 0.134 0.022 0.016 0.023 0.022 0.748 
146    C3380    (9)    3 :  0.007 0.014 0.008 0.008 0.018 0.006 0.939 
147    C3417    (0)    3 :  0.194 0.041 0.033 0.033 0.108 0.040 0.551 
148    C4569    (9)    4 :  0.115 0.067 0.052 0.157 0.439 0.150 0.020 
149    C4570    (9)    4 :  0.015 0.064 0.011 0.012 0.873 0.014 0.010 
150    C4571    (9)    4 :  0.016 0.303 0.022 0.020 0.600 0.014 0.027 
151    C4572    (9)    4 :  0.013 0.026 0.018 0.013 0.907 0.013 0.011 
152    C4573    (9)    4 :  0.045 0.169 0.472 0.109 0.122 0.068 0.014 
153    C4575    (9)    4 :  0.031 0.050 0.103 0.050 0.696 0.036 0.034 
154    C4577    (9)    4 :  0.010 0.022 0.009 0.011 0.919 0.015 0.014 
155    C4578    (9)    4 :  0.026 0.068 0.065 0.066 0.703 0.050 0.021 
156    C4600   (18)    4 :  0.029 0.038 0.038 0.046 0.682 0.144 0.024 
157    C4612    (9)    4 :  0.016 0.019 0.018 0.147 0.743 0.031 0.026 
158    C4621    (0)    4 :  0.006 0.042 0.015 0.014 0.850 0.009 0.063 
159    C4622    (9)    4 :  0.010 0.012 0.009 0.008 0.932 0.010 0.020 
160    C4623    (0)    4 :  0.271 0.104 0.060 0.050 0.310 0.043 0.162 
161    C4624    (0)    4 :  0.015 0.025 0.033 0.017 0.880 0.019 0.012 
162    C4625    (0)    4 :  0.018 0.181 0.509 0.066 0.135 0.076 0.015 
163    C4627    (0)    4 :  0.017 0.019 0.026 0.023 0.841 0.013 0.061 
164    C4631    (0)    4 :  0.141 0.012 0.019 0.013 0.778 0.025 0.011 
165    C4632    (0)    4 :  0.014 0.053 0.015 0.012 0.852 0.018 0.036 
166    C3939    (0)    4 :  0.011 0.020 0.009 0.021 0.857 0.015 0.067 
167    C3940    (0)    4 :  0.020 0.015 0.008 0.051 0.828 0.037 0.040 
168    C3945    (0)    4 :  0.008 0.020 0.006 0.008 0.927 0.014 0.018 
169    C4520    (0)    4 :  0.064 0.125 0.030 0.542 0.039 0.105 0.095 
170    C4522    (0)    4 :  0.010 0.027 0.010 0.013 0.731 0.010 0.199 
171    C3182    (0)    4 :  0.024 0.062 0.014 0.018 0.051 0.019 0.813 
172    C3189    (0)    4 :  0.028 0.574 0.137 0.054 0.029 0.070 0.107 
173    C3191    (9)    4 :  0.024 0.594 0.048 0.020 0.016 0.019 0.278 
174    C3196    (0)    4 :  0.015 0.083 0.019 0.024 0.013 0.020 0.825 
175    C3208    (0)    4 :  0.040 0.031 0.035 0.043 0.222 0.024 0.604 
176    C3211    (0)    4 :  0.013 0.016 0.009 0.017 0.016 0.012 0.918 
177    C3212    (0)    4 :  0.139 0.105 0.015 0.458 0.081 0.060 0.143 
178    C3213    (0)    4 :  0.026 0.030 0.012 0.030 0.010 0.022 0.871 
179    C3215    (0)    4 :  0.014 0.013 0.053 0.040 0.032 0.024 0.825 
180    C3217    (0)    4 :  0.035 0.369 0.018 0.023 0.017 0.031 0.507 
181    C3225    (9)    4 :  0.021 0.629 0.030 0.072 0.022 0.038 0.188 
182    C3226    (0)    4 :  0.015 0.274 0.013 0.011 0.168 0.011 0.508 
183    C3238    (9)    4 :  0.013 0.049 0.019 0.024 0.099 0.015 0.782 
184    C3239    (0)    4 :  0.027 0.705 0.014 0.027 0.025 0.014 0.187 
185    C3269   (18)    4 :  0.020 0.524 0.093 0.122 0.165 0.032 0.044 
186    C3273    (0)    4 :  0.011 0.498 0.045 0.027 0.032 0.018 0.371 
187    C3274    (0)    4 :  0.015 0.023 0.030 0.098 0.053 0.179 0.601 
188    C3354    (0)    4 :  0.011 0.079 0.016 0.017 0.016 0.020 0.841 
189    C3361    (0)    4 :  0.009 0.030 0.013 0.018 0.022 0.015 0.893 
190    C3289    (0)    4 :  0.010 0.015 0.015 0.016 0.014 0.012 0.917 
191    C3169    (0)    4 :  0.010 0.656 0.012 0.017 0.030 0.008 0.267 
192    C3199    (9)    4 :  0.018 0.083 0.038 0.023 0.119 0.017 0.702 
193    C3224    (0)    4 :  0.013 0.159 0.016 0.028 0.016 0.013 0.754 
194    C3261   (18)    4 :  0.011 0.126 0.009 0.012 0.038 0.017 0.787 
195    C3320    (0)    4 :  0.017 0.115 0.031 0.031 0.040 0.037 0.729 
196    C4151    (0)    5 :  0.008 0.019 0.010 0.008 0.930 0.010 0.017 
197    C4152    (0)    5 :  0.012 0.077 0.014 0.014 0.858 0.012 0.013 
198    C4153    (0)    5 :  0.016 0.111 0.028 0.057 0.325 0.026 0.437 
199    C4154   (18)    5 :  0.022 0.055 0.010 0.022 0.733 0.033 0.125 
200    C4157    (0)    5 :  0.015 0.446 0.018 0.018 0.366 0.103 0.034 
201    C4158    (0)    5 :  0.008 0.018 0.013 0.008 0.927 0.010 0.017 
202    C4163    (0)    5 :  0.007 0.017 0.006 0.007 0.944 0.006 0.013 
203    C4165    (0)    5 :  0.145 0.039 0.072 0.023 0.397 0.233 0.090 
204    C4248    (9)    5 :  0.018 0.670 0.023 0.019 0.029 0.030 0.211 
205    C4254    (0)    5 :  0.021 0.421 0.013 0.037 0.072 0.031 0.406 
206    C4371    (9)    5 :  0.026 0.889 0.014 0.012 0.027 0.016 0.016 
207    C3936    (0)    5 :  0.015 0.026 0.013 0.013 0.895 0.017 0.021 
208    C3937    (0)    5 :  0.009 0.014 0.010 0.008 0.927 0.009 0.023 
209    C3944    (0)    5 :  0.011 0.099 0.007 0.008 0.816 0.009 0.051 
210    C3954    (0)    5 :  0.008 0.789 0.041 0.021 0.071 0.010 0.059 
211    C3955    (9)    5 :  0.011 0.181 0.033 0.028 0.349 0.023 0.375 
212    C3961    (0)    5 :  0.048 0.043 0.012 0.026 0.796 0.017 0.059 
213    C3974    (0)    5 :  0.015 0.022 0.014 0.026 0.887 0.015 0.021 
214    C4024    (0)    5 :  0.068 0.316 0.013 0.029 0.499 0.024 0.049 
215    C4025    (0)    5 :  0.024 0.036 0.015 0.014 0.887 0.010 0.012 
216    C4028    (0)    5 :  0.030 0.082 0.051 0.052 0.706 0.035 0.044 
217    C4032   (18)    5 :  0.009 0.893 0.011 0.011 0.039 0.009 0.028 
218    C4033   (18)    5 :  0.014 0.218 0.015 0.015 0.035 0.016 0.688 
219    C4034    (0)    5 :  0.070 0.308 0.022 0.044 0.036 0.067 0.454 
220    C4041    (9)    5 :  0.079 0.606 0.018 0.134 0.032 0.045 0.087 
221    C4042   (18)    5 :  0.099 0.278 0.027 0.020 0.123 0.140 0.313 
222    C4043    (9)    5 :  0.022 0.662 0.020 0.018 0.153 0.023 0.101 
223    C4044    (9)    5 :  0.458 0.111 0.059 0.073 0.130 0.081 0.088 
224    C4045    (9)    5 :  0.014 0.448 0.046 0.020 0.109 0.033 0.330 
225    C4046    (9)    5 :  0.028 0.734 0.026 0.014 0.032 0.019 0.147 
226    C4047    (0)    5 :  0.016 0.027 0.028 0.023 0.020 0.036 0.851 
227    C4048    (9)    5 :  0.045 0.092 0.031 0.020 0.018 0.045 0.750 
228    C4055    (9)    5 :  0.018 0.782 0.033 0.030 0.070 0.028 0.039 
229    C4057   (18)    5 :  0.033 0.857 0.009 0.016 0.030 0.014 0.041 
230    C4059    (0)    5 :  0.013 0.537 0.027 0.023 0.059 0.014 0.328 
231    C4060    (9)    5 :  0.019 0.681 0.018 0.037 0.129 0.026 0.091 
232    C4064    (9)    5 :  0.020 0.503 0.234 0.038 0.053 0.121 0.032 
233    C4067    (0)    5 :  0.032 0.023 0.061 0.018 0.017 0.020 0.829 
234    C4068    (9)    5 :  0.019 0.038 0.027 0.025 0.029 0.021 0.841 
235    C4070    (9)    5 :  0.107 0.087 0.029 0.016 0.165 0.044 0.551 
236    C4075   (18)    5 :  0.020 0.046 0.015 0.024 0.024 0.019 0.852 
237    C4081    (9)    5 :  0.021 0.780 0.023 0.025 0.022 0.036 0.092 
238    C4082    (0)    5 :  0.017 0.108 0.040 0.044 0.090 0.024 0.677 
239    C4083    (0)    5 :  0.226 0.232 0.061 0.042 0.138 0.246 0.055 
240    C4086    (0)    5 :  0.012 0.664 0.136 0.021 0.027 0.029 0.111 
241    C4088    (9)    5 :  0.012 0.042 0.834 0.024 0.030 0.032 0.026 
242    C4092    (0)    5 :  0.051 0.774 0.010 0.019 0.084 0.023 0.039 
243    C4099    (9)    5 :  0.057 0.560 0.022 0.107 0.035 0.030 0.189 
244    C4104    (0)    5 :  0.052 0.095 0.021 0.017 0.595 0.023 0.198 
245    C4108   (18)    5 :  0.031 0.012 0.141 0.534 0.012 0.249 0.021 
246    C4118    (0)    5 :  0.023 0.776 0.041 0.046 0.019 0.080 0.015 
247    C4131    (0)    5 :  0.026 0.249 0.117 0.027 0.438 0.054 0.088 
248    C4133    (0)    5 :  0.009 0.912 0.010 0.014 0.019 0.012 0.024 
249    C4135    (0)    5 :  0.009 0.329 0.006 0.007 0.582 0.011 0.056 
250    C4136    (0)    5 :  0.026 0.022 0.091 0.072 0.700 0.063 0.025 
251    C4137    (9)    5 :  0.020 0.525 0.024 0.018 0.331 0.041 0.040 
252    C4139    (0)    5 :  0.010 0.040 0.008 0.012 0.882 0.014 0.034 
253    C4140    (9)    5 :  0.019 0.100 0.012 0.014 0.780 0.026 0.050 
254    C4167    (0)    5 :  0.032 0.074 0.030 0.013 0.805 0.032 0.014 
255    C4236    (0)    5 :  0.032 0.731 0.038 0.030 0.026 0.073 0.069 
256    C4237    (0)    5 :  0.026 0.084 0.629 0.115 0.076 0.056 0.015 
257    C4238    (0)    5 :  0.018 0.304 0.064 0.031 0.090 0.024 0.470 
258    C4241    (0)    5 :  0.021 0.326 0.019 0.028 0.066 0.029 0.511 
259    C4247    (9)    5 :  0.131 0.427 0.228 0.040 0.089 0.032 0.053 
260    C4257    (0)    5 :  0.020 0.139 0.023 0.048 0.034 0.017 0.720 
261    C4383    (0)    5 :  0.209 0.397 0.061 0.072 0.169 0.060 0.032 
262    C4397    (9)    5 :  0.009 0.866 0.009 0.009 0.079 0.015 0.014 
263    C4514    (0)    5 :  0.025 0.155 0.016 0.014 0.746 0.016 0.029 
264    C4519    (0)    5 :  0.013 0.024 0.009 0.111 0.631 0.016 0.196 
265    C4527    (0)    5 :  0.015 0.050 0.011 0.012 0.154 0.017 0.742 
266    C4534    (0)    5 :  0.057 0.090 0.018 0.075 0.079 0.036 0.645 
267    C4699    (0)    5 :  0.024 0.015 0.054 0.014 0.809 0.020 0.064 
268    C1541    (9)    5 :  0.011 0.165 0.013 0.010 0.017 0.014 0.770 
269    C1542    (9)    5 :  0.011 0.095 0.014 0.014 0.011 0.013 0.843 
270    C1544    (0)    5 :  0.018 0.629 0.049 0.031 0.034 0.029 0.209 
271    C1547    (9)    5 :  0.225 0.137 0.109 0.291 0.043 0.097 0.098 
272    C1553    (9)    5 :  0.131 0.044 0.059 0.202 0.299 0.180 0.085 
273    C1555    (9)    5 :  0.013 0.839 0.023 0.033 0.022 0.027 0.043 
274    C1557    (0)    5 :  0.018 0.859 0.022 0.014 0.035 0.018 0.034 
275    C1560    (0)    5 :  0.017 0.830 0.010 0.055 0.017 0.016 0.054 
276    C1565    (0)    5 :  0.057 0.207 0.015 0.026 0.035 0.060 0.600 
277    C1567    (0)    5 :  0.029 0.749 0.029 0.072 0.033 0.028 0.059 
278    C1569    (0)    5 :  0.023 0.658 0.016 0.019 0.060 0.021 0.203 
279    C1571    (0)    5 :  0.039 0.211 0.067 0.108 0.030 0.041 0.504 
280    C1576    (0)    5 :  0.026 0.609 0.058 0.039 0.164 0.026 0.078 
281    C1577    (9)    5 :  0.017 0.171 0.032 0.038 0.025 0.029 0.687 
282    C1579    (0)    5 :  0.016 0.585 0.019 0.018 0.024 0.035 0.303 
283    C3990    (0)    6 :  0.008 0.022 0.007 0.007 0.926 0.007 0.022 
284    C3991    (0)    6 :  0.056 0.041 0.054 0.030 0.753 0.021 0.045 
285    C3992    (0)    6 :  0.018 0.026 0.044 0.059 0.797 0.019 0.036 
286    C3994    (0)    6 :  0.136 0.373 0.046 0.039 0.164 0.035 0.206 
287    C4172    (0)    6 :  0.038 0.008 0.047 0.039 0.822 0.029 0.016 
288    C4173    (9)    6 :  0.400 0.015 0.014 0.019 0.492 0.017 0.043 
289    C4232    (9)    6 :  0.008 0.152 0.008 0.009 0.012 0.008 0.803 
290    C4234    (9)    6 :  0.009 0.493 0.011 0.011 0.015 0.012 0.449 
291    C4259    (0)    6 :  0.012 0.728 0.010 0.010 0.022 0.011 0.207 
292    C4260    (0)    6 :  0.008 0.027 0.009 0.010 0.027 0.010 0.909 
293    C4261    (9)    6 :  0.054 0.017 0.025 0.044 0.044 0.074 0.743 
294    C4262    (0)    6 :  0.080 0.448 0.014 0.035 0.269 0.044 0.109 
295    C4263    (0)    6 :  0.030 0.675 0.056 0.014 0.034 0.027 0.165 
296    C4267    (9)    6 :  0.015 0.614 0.034 0.019 0.128 0.023 0.167 
297    C4269    (0)    6 :  0.041 0.321 0.023 0.018 0.254 0.047 0.297 
298    C4272    (0)    6 :  0.013 0.923 0.008 0.012 0.013 0.012 0.018 
299    C4274    (0)    6 :  0.013 0.385 0.014 0.423 0.024 0.026 0.117 
300    C4276    (9)    6 :  0.022 0.043 0.059 0.795 0.010 0.023 0.046 
301    C4278    (0)    6 :  0.037 0.682 0.024 0.063 0.078 0.035 0.082 
302    C4280    (0)    6 :  0.019 0.155 0.014 0.041 0.195 0.051 0.526 
303    C4281    (0)    6 :  0.019 0.761 0.021 0.013 0.035 0.021 0.129 
304    C4282    (0)    6 :  0.262 0.112 0.071 0.027 0.020 0.155 0.354 
305    C4284    (9)    6 :  0.009 0.722 0.010 0.009 0.186 0.010 0.054 
306    C4286    (9)    6 :  0.028 0.105 0.031 0.084 0.238 0.051 0.463 
307    C4287    (0)    6 :  0.073 0.141 0.013 0.070 0.161 0.075 0.466 
308    C4290    (0)    6 :  0.082 0.190 0.180 0.414 0.045 0.068 0.020 
309    C4307   (18)    6 :  0.039 0.245 0.017 0.029 0.153 0.040 0.477 
310    C4310    (9)    6 :  0.015 0.448 0.077 0.062 0.079 0.022 0.297 
311    C4311   (18)    6 :  0.023 0.164 0.022 0.057 0.030 0.031 0.674 
312    C4312    (0)    6 :  0.017 0.473 0.020 0.015 0.033 0.016 0.427 
313    C4314    (0)    6 :  0.013 0.623 0.138 0.026 0.021 0.039 0.140 
314    C4318    (9)    6 :  0.040 0.811 0.012 0.019 0.036 0.032 0.051 
315    C4321    (9)    6 :  0.055 0.261 0.015 0.087 0.139 0.026 0.418 
316    C4324    (0)    6 :  0.059 0.691 0.015 0.033 0.065 0.023 0.115 
317    C4334    (0)    6 :  0.039 0.861 0.010 0.019 0.037 0.013 0.021 
318    C4529    (0)    6 :  0.035 0.425 0.041 0.028 0.030 0.035 0.406 
319    C1582    (9)    6 :  0.015 0.636 0.015 0.018 0.161 0.016 0.138 
320    C1583    (0)    6 :  0.019 0.686 0.056 0.032 0.028 0.024 0.156 
321    C1584    (9)    6 :  0.011 0.844 0.022 0.035 0.031 0.014 0.043 
322    C1585    (0)    6 :  0.007 0.909 0.014 0.011 0.030 0.007 0.021 
323    C1586    (0)    6 :  0.056 0.799 0.026 0.011 0.030 0.023 0.054 
324    C1589    (0)    6 :  0.012 0.685 0.011 0.013 0.176 0.011 0.091 
325    C1591    (0)    6 :  0.010 0.888 0.010 0.011 0.028 0.008 0.044 
326    C1592    (0)    6 :  0.030 0.828 0.017 0.024 0.016 0.022 0.063 
327    C1594    (0)    6 :  0.017 0.664 0.073 0.023 0.047 0.018 0.158 
328    C1597    (9)    6 :  0.028 0.125 0.025 0.050 0.040 0.037 0.694 
329    C1598    (9)    6 :  0.015 0.614 0.043 0.020 0.200 0.019 0.090 
330    C1599    (0)    6 :  0.012 0.694 0.010 0.026 0.013 0.015 0.230 
331    C1601    (0)    6 :  0.037 0.146 0.072 0.036 0.425 0.072 0.212 
332    C1605    (0)    6 :  0.047 0.161 0.142 0.261 0.085 0.123 0.181 
333    C1609    (0)    6 :  0.009 0.910 0.009 0.009 0.029 0.010 0.024 
334    C1610    (0)    6 :  0.018 0.231 0.105 0.106 0.019 0.130 0.391 
335    C1611    (0)    6 :  0.039 0.037 0.011 0.012 0.011 0.018 0.872 
336    C1612    (0)    6 :  0.007 0.044 0.009 0.008 0.010 0.007 0.914 
337    C1613    (0)    6 :  0.051 0.239 0.030 0.036 0.031 0.021 0.591 
338    C3173    (9)    6 :  0.056 0.463 0.041 0.051 0.034 0.063 0.291 
339    C3204    (0)    6 :  0.017 0.049 0.019 0.023 0.023 0.017 0.853 
340    C3223    (9)    6 :  0.074 0.033 0.019 0.264 0.022 0.039 0.550 
341    C3262    (0)    6 :  0.028 0.485 0.098 0.060 0.043 0.027 0.258 
342    C3270    (0)    6 :  0.018 0.201 0.017 0.021 0.133 0.025 0.586 
343    C3300    (0)    6 :  0.009 0.537 0.010 0.014 0.220 0.012 0.198 
344    C3330    (0)    6 :  0.026 0.531 0.017 0.032 0.124 0.060 0.210 
345    C3390    (9)    6 :  0.023 0.413 0.018 0.019 0.064 0.024 0.440 
346    C3424    (9)    6 :  0.019 0.218 0.017 0.031 0.036 0.052 0.627 
347    C3958    (0)    6 :  0.012 0.053 0.007 0.009 0.885 0.012 0.022 
348    C3962    (0)    6 :  0.013 0.040 0.007 0.010 0.891 0.021 0.017 
349    C4019    (0)    6 :  0.052 0.013 0.044 0.053 0.197 0.628 0.012 
350    C3995   (18)    6 :  0.028 0.019 0.017 0.013 0.866 0.021 0.036 
351    C4000    (0)    6 :  0.062 0.026 0.018 0.027 0.663 0.103 0.103 
352    C4002    (0)    6 :  0.019 0.028 0.012 0.010 0.861 0.020 0.050 
353    C1692    (0)    7 :  0.033 0.021 0.084 0.244 0.191 0.387 0.039 
354    C1693    (0)    7 :  0.182 0.107 0.020 0.300 0.040 0.073 0.278 
355    C1694    (0)    7 :  0.367 0.130 0.145 0.138 0.017 0.135 0.068 
356    C1698    (0)    7 :  0.217 0.056 0.087 0.177 0.008 0.447 0.008 
357    C1699    (0)    7 :  0.070 0.023 0.595 0.128 0.019 0.131 0.033 
358    C1700    (0)    7 :  0.228 0.056 0.079 0.121 0.100 0.371 0.045 
359    C1701    (0)    7 :  0.038 0.028 0.481 0.042 0.014 0.383 0.013 
360    C1702    (0)    7 :  0.087 0.013 0.188 0.160 0.020 0.518 0.015 
361    C1703    (0)    7 :  0.398 0.016 0.089 0.131 0.023 0.334 0.010 
362    C1704    (0)    7 :  0.229 0.487 0.026 0.093 0.026 0.118 0.021 
363    C1705    (0)    7 :  0.369 0.014 0.022 0.198 0.340 0.046 0.011 
364    C1706    (0)    7 :  0.064 0.019 0.618 0.132 0.010 0.138 0.019 
365    C1707    (0)    7 :  0.039 0.246 0.211 0.302 0.026 0.051 0.126 
366    C1708    (0)    7 :  0.768 0.022 0.026 0.030 0.016 0.125 0.014 
367    C1709    (0)    7 :  0.725 0.020 0.027 0.029 0.086 0.087 0.026 
368    C1710    (0)    7 :  0.108 0.045 0.116 0.078 0.027 0.604 0.022 
369    C1712    (0)    7 :  0.684 0.010 0.015 0.037 0.033 0.211 0.012 
370    C1714    (0)    7 :  0.869 0.025 0.025 0.023 0.014 0.033 0.011 
371    C1715    (0)    7 :  0.021 0.020 0.130 0.467 0.021 0.321 0.021 
372    C1717    (0)    7 :  0.066 0.051 0.031 0.651 0.018 0.122 0.062 
373    C1718   (18)    7 :  0.056 0.092 0.059 0.229 0.016 0.528 0.018 
374    C1719    (0)    7 :  0.657 0.044 0.022 0.028 0.097 0.071 0.081 
375    C1656    (0)    8 :  0.104 0.009 0.547 0.051 0.064 0.212 0.013 
376    C1657   (18)    8 :  0.469 0.017 0.266 0.069 0.023 0.122 0.035 
377    C1658    (0)    8 :  0.052 0.010 0.120 0.232 0.011 0.566 0.008 
378    C1659    (0)    8 :  0.023 0.028 0.201 0.539 0.027 0.104 0.078 
379    C1661    (9)    8 :  0.125 0.105 0.093 0.147 0.023 0.466 0.041 
380    C1665    (0)    8 :  0.045 0.019 0.298 0.096 0.013 0.496 0.033 
381    C1667    (9)    8 :  0.903 0.007 0.020 0.015 0.006 0.041 0.008 
382    C1676    (9)    8 :  0.137 0.015 0.196 0.030 0.032 0.575 0.015 
383    C1681    (9)    8 :  0.130 0.062 0.279 0.281 0.018 0.217 0.014 
384    C1682    (0)    8 :  0.527 0.017 0.120 0.069 0.023 0.227 0.018 
385    C1685    (0)    8 :  0.059 0.013 0.109 0.018 0.032 0.721 0.047 
386    C4707    (0)    9 :  0.034 0.034 0.035 0.018 0.129 0.727 0.022 
387    C4747    (0)    9 :  0.438 0.036 0.026 0.082 0.137 0.072 0.208 
388    C4772    (0)    9 :  0.030 0.030 0.063 0.050 0.599 0.176 0.052 
389    C4781    (0)    9 :  0.726 0.076 0.018 0.054 0.051 0.063 0.011 
390    C4782    (0)    9 :  0.201 0.152 0.069 0.198 0.111 0.244 0.025 
391    C4787    (0)    9 :  0.046 0.033 0.034 0.699 0.098 0.075 0.015 
392    C4790    (0)    9 :  0.589 0.022 0.043 0.021 0.113 0.196 0.016 
393    C4803    (0)    9 :  0.108 0.033 0.037 0.396 0.117 0.244 0.065 
394    C4813    (0)    9 :  0.025 0.007 0.043 0.046 0.802 0.048 0.028 
395    C4837    (0)    9 :  0.032 0.019 0.029 0.142 0.259 0.475 0.044 
396    C4838    (0)    9 :  0.048 0.014 0.074 0.543 0.132 0.177 0.012 
397    C4843    (0)    9 :  0.058 0.014 0.185 0.058 0.082 0.551 0.052 
398    C4857    (0)    9 :  0.018 0.043 0.022 0.027 0.838 0.022 0.032 
399    C4828    (0)    9 :  0.062 0.048 0.251 0.124 0.034 0.168 0.313 
400    C4835    (0)    9 :  0.019 0.021 0.070 0.106 0.728 0.041 0.016 
401    C4836    (9)    9 :  0.115 0.037 0.039 0.227 0.342 0.213 0.027 
402    C4842    (0)    9 :  0.107 0.009 0.384 0.055 0.058 0.360 0.026 
403    C4863    (9)    9 :  0.163 0.050 0.022 0.521 0.061 0.168 0.014 
404    C4744    (0)    9 :  0.314 0.010 0.120 0.097 0.034 0.366 0.059 
405    C4745    (0)    9 :  0.046 0.028 0.186 0.234 0.144 0.346 0.016 
406    C4768    (0)    9 :  0.261 0.065 0.066 0.026 0.222 0.327 0.034 
407    C4769    (0)    9 :  0.068 0.011 0.529 0.105 0.170 0.103 0.015 
408    C4771    (0)    9 :  0.058 0.011 0.053 0.067 0.023 0.776 0.012 
409    C4784    (0)    9 :  0.554 0.054 0.065 0.047 0.193 0.069 0.018 
410    C4785    (0)    9 :  0.813 0.035 0.049 0.024 0.030 0.029 0.020 
411    C4795    (0)    9 :  0.627 0.054 0.030 0.106 0.110 0.039 0.035 
412    C4796    (0)    9 :  0.116 0.021 0.037 0.118 0.015 0.680 0.013 
413    C4800    (0)    9 :  0.016 0.017 0.023 0.433 0.369 0.133 0.009 
414    C4801    (0)    9 :  0.052 0.050 0.232 0.044 0.557 0.055 0.009 
415    C4802    (0)    9 :  0.021 0.728 0.104 0.050 0.022 0.053 0.022 
416    C4805    (0)    9 :  0.168 0.020 0.174 0.042 0.155 0.429 0.012 
417    C4806    (0)    9 :  0.024 0.013 0.232 0.102 0.086 0.533 0.009 
418    C4850    (0)    9 :  0.036 0.040 0.067 0.083 0.201 0.466 0.107 
419    C4748    (0)   10 :  0.068 0.008 0.650 0.064 0.179 0.021 0.009 
420    C4753    (0)   10 :  0.162 0.038 0.096 0.126 0.046 0.516 0.015 
421    C4754    (0)   10 :  0.050 0.028 0.048 0.022 0.210 0.630 0.012 
422    C4760    (0)   10 :  0.026 0.059 0.018 0.205 0.387 0.244 0.061 
423    C4761    (0)   10 :  0.102 0.023 0.367 0.033 0.415 0.050 0.008 
424    C4762    (0)   10 :  0.490 0.012 0.050 0.127 0.238 0.056 0.026 
425    C4791    (0)   10 :  0.064 0.013 0.037 0.373 0.227 0.278 0.008 
426    C4810    (0)   10 :  0.021 0.084 0.734 0.047 0.032 0.035 0.048 
427    C4812    (0)   10 :  0.031 0.044 0.233 0.228 0.052 0.352 0.059 
428    C4821    (0)   10 :  0.078 0.035 0.046 0.074 0.204 0.447 0.117 
429    C4864    (0)   10 :  0.019 0.033 0.019 0.022 0.729 0.145 0.033 
430    C4866    (0)   10 :  0.044 0.009 0.589 0.159 0.039 0.086 0.074 
431    C1722    (0)   10 :  0.037 0.053 0.386 0.302 0.014 0.177 0.030 
432    C1724    (0)   10 :  0.014 0.007 0.747 0.150 0.018 0.054 0.009 
433    C1725    (0)   10 :  0.061 0.037 0.449 0.203 0.013 0.171 0.067 
434    C1726    (0)   10 :  0.115 0.011 0.091 0.234 0.018 0.516 0.015 
435    C1731    (0)   10 :  0.086 0.013 0.493 0.136 0.062 0.149 0.062 
436    C1733    (9)   10 :  0.020 0.026 0.336 0.450 0.035 0.095 0.038 
437    C1734    (0)   10 :  0.030 0.014 0.054 0.413 0.090 0.322 0.078 
438    C1735    (0)   10 :  0.034 0.009 0.255 0.493 0.009 0.179 0.020 
439    C1738    (0)   10 :  0.016 0.014 0.402 0.344 0.028 0.109 0.088 
440    C1740    (9)   10 :  0.049 0.044 0.173 0.128 0.040 0.339 0.227 
441    C1741    (0)   10 :  0.162 0.085 0.024 0.236 0.318 0.113 0.061 
442    C1742    (0)   10 :  0.018 0.015 0.038 0.042 0.024 0.846 0.018 
443    C1743    (0)   10 :  0.438 0.018 0.116 0.236 0.024 0.124 0.044 
444    C1745    (0)   10 :  0.033 0.034 0.109 0.264 0.067 0.464 0.028 
445    C1746    (0)   10 :  0.139 0.036 0.333 0.193 0.089 0.170 0.040 
446    C1747    (0)   10 :  0.130 0.250 0.264 0.255 0.019 0.059 0.024 
447    C4742    (9)   10 :  0.086 0.017 0.045 0.043 0.638 0.139 0.033 
448    C4752    (0)   10 :  0.020 0.015 0.043 0.028 0.853 0.015 0.026 
449    C4792    (0)   10 :  0.077 0.058 0.121 0.052 0.425 0.163 0.104 
450    C4811    (0)   10 :  0.017 0.027 0.017 0.028 0.851 0.027 0.033 
451    C4814    (0)   10 :  0.065 0.019 0.048 0.042 0.635 0.154 0.037 
452    C4815    (0)   10 :  0.041 0.071 0.034 0.657 0.061 0.094 0.041 
453    C4818    (0)   10 :  0.064 0.026 0.142 0.172 0.264 0.118 0.213 
454    C4819    (0)   10 :  0.048 0.020 0.165 0.030 0.563 0.126 0.048 
455    C4826    (0)   10 :  0.075 0.011 0.067 0.182 0.035 0.621 0.008 
456    C4829    (0)   10 :  0.338 0.088 0.064 0.138 0.025 0.323 0.024 
457    C4830    (0)   10 :  0.143 0.010 0.013 0.033 0.046 0.729 0.026 
458    C4831    (0)   10 :  0.039 0.050 0.038 0.015 0.802 0.038 0.019 
459    C4832    (0)   10 :  0.435 0.011 0.109 0.068 0.064 0.294 0.019 
460    C4858    (0)   10 :  0.480 0.033 0.017 0.049 0.359 0.054 0.008 
461    C4757    (0)   10 :  0.059 0.032 0.211 0.111 0.122 0.314 0.151 
462    C4770    (9)   10 :  0.050 0.173 0.020 0.268 0.053 0.050 0.386 
463    C4808    (0)   10 :  0.053 0.032 0.031 0.095 0.145 0.626 0.017 
464    C4809    (0)   10 :  0.013 0.013 0.051 0.029 0.014 0.869 0.011 
465    C4820    (0)   10 :  0.322 0.016 0.120 0.257 0.049 0.202 0.034 
466    C4824    (0)   10 :  0.255 0.015 0.017 0.349 0.048 0.307 0.009 
467    C4706    (0)   11 :  0.049 0.009 0.409 0.243 0.033 0.241 0.016 
468    C4708    (0)   11 :  0.010 0.023 0.010 0.009 0.916 0.012 0.020 
469    C4709    (0)   11 :  0.750 0.020 0.028 0.073 0.059 0.052 0.018 
470    C4714    (0)   11 :  0.409 0.048 0.031 0.039 0.355 0.079 0.038 
471    C4722    (0)   11 :  0.421 0.020 0.134 0.036 0.184 0.187 0.017 
472    C4726    (0)   11 :  0.028 0.072 0.236 0.300 0.162 0.125 0.076 
473    C4733    (0)   11 :  0.099 0.058 0.061 0.023 0.500 0.224 0.034 
474    C4734    (0)   11 :  0.050 0.017 0.330 0.100 0.158 0.317 0.028 
475    C4737    (0)   11 :  0.804 0.031 0.026 0.018 0.039 0.072 0.010 
476    C4882    (0)   11 :  0.071 0.011 0.122 0.091 0.017 0.666 0.022 
477    C4883    (0)   11 :  0.721 0.020 0.010 0.013 0.200 0.020 0.016 
478    C4702    (9)   11 :  0.170 0.098 0.094 0.123 0.141 0.284 0.090 
479    C4703    (0)   11 :  0.063 0.029 0.035 0.042 0.731 0.077 0.023 
480    C4727    (0)   11 :  0.135 0.009 0.425 0.077 0.147 0.190 0.017 
481    C4732    (0)   11 :  0.726 0.015 0.030 0.061 0.092 0.058 0.019 
482    C4735    (0)   11 :  0.047 0.034 0.028 0.603 0.070 0.200 0.018 
483    C4736    (0)   11 :  0.060 0.020 0.024 0.018 0.834 0.017 0.027 
484    C4746    (0)   11 :  0.252 0.010 0.045 0.067 0.483 0.122 0.020 
485    C4777    (0)   11 :  0.019 0.017 0.059 0.191 0.009 0.685 0.020 
486    C4846    (0)   11 :  0.082 0.129 0.074 0.022 0.435 0.173 0.085 
487    C4847    (0)   11 :  0.040 0.009 0.182 0.037 0.071 0.649 0.013 
488    C4884    (0)   11 :  0.160 0.021 0.024 0.212 0.262 0.310 0.010 
489    C4705    (0)   11 :  0.014 0.028 0.020 0.389 0.306 0.215 0.028 
490    C4711    (0)   11 :  0.091 0.023 0.604 0.019 0.188 0.058 0.017 
491    C4713    (9)   11 :  0.073 0.020 0.085 0.569 0.065 0.065 0.123 
492    C4716    (0)   11 :  0.139 0.031 0.088 0.178 0.174 0.370 0.020 
493    C4717    (0)   11 :  0.028 0.059 0.043 0.025 0.781 0.050 0.015 
494    C4719    (0)   11 :  0.037 0.016 0.039 0.013 0.018 0.867 0.010 
495    C4721    (0)   11 :  0.012 0.032 0.016 0.015 0.891 0.016 0.018 
496    C4729    (0)   11 :  0.024 0.010 0.042 0.101 0.260 0.541 0.022 
497    C4730    (0)   11 :  0.039 0.019 0.036 0.022 0.837 0.033 0.015 
498    C4773    (0)   11 :  0.010 0.025 0.036 0.009 0.891 0.015 0.015 
499    C4861    (0)   11 :  0.016 0.017 0.055 0.036 0.044 0.813 0.018 
500    C4890    (0)   11 :  0.082 0.018 0.020 0.038 0.679 0.151 0.012 
501    C4718    (0)   11 :  0.166 0.045 0.070 0.192 0.135 0.381 0.012 
502    C4724    (0)   11 :  0.027 0.011 0.042 0.130 0.686 0.087 0.017 
503    C4738    (0)   11 :  0.018 0.016 0.312 0.022 0.578 0.039 0.015 
504    C4739    (0)   11 :  0.041 0.035 0.117 0.053 0.080 0.639 0.033 
