

----------------------------------------------------
STRUCTURE by Pritchard, Stephens and Donnelly (2000)
     and Falush, Stephens and Pritchard (2003)
       Code by Pritchard, Falush and Hubisz
             Version 2.3.4 (Jul 2012)
----------------------------------------------------



Command line arguments:   bin\structure -m G:\My Drive\Hoban_Lab_Docs\Projects\Butternut_JUCI\Graphical_Stat_Results\PostIndRemoval\24pop\Reorg_Results\STR\butternut\50-50\mainparams -e G:\My Drive\Hoban_Lab_Docs\Projects\Butternut_JUCI\Graphical_Stat_Results\PostIndRemoval\24pop\Reorg_Results\STR\butternut\50-50\extraparams 
Input File:    G:\My Drive\Hoban_Lab_Docs\Projects\Butternut_JUCI\Graphical_Stat_Results\PostIndRemoval\24pop\Reorg_Results\STR\butternut\project_data

Run parameters:
   993 individuals
   11 loci
   8 populations assumed
   50000 Burn-in period
   50000 Reps


--------------------------------------------
Proportion of membership of each pre-defined
 population in each of the 8 clusters

Given    Inferred Clusters                                          Number of
 Pop       1      2      3      4      5      6      7      8      Individuals

  1:     0.041  0.231  0.368  0.046  0.055  0.040  0.175  0.043       40
  2:     0.037  0.195  0.305  0.029  0.054  0.033  0.300  0.047       45
  3:     0.046  0.411  0.225  0.026  0.038  0.048  0.173  0.032       62
  4:     0.031  0.309  0.142  0.047  0.045  0.049  0.338  0.038       48
  5:     0.039  0.209  0.318  0.051  0.038  0.043  0.262  0.042       87
  6:     0.037  0.250  0.364  0.031  0.045  0.052  0.178  0.042       70
  7:     0.234  0.034  0.059  0.097  0.238  0.115  0.041  0.181       22
  8:     0.200  0.026  0.024  0.167  0.223  0.107  0.021  0.232       11
  9:     0.159  0.034  0.050  0.078  0.145  0.112  0.180  0.241       33
 10:     0.092  0.044  0.035  0.137  0.156  0.152  0.167  0.217       48
 11:     0.148  0.027  0.041  0.085  0.117  0.094  0.277  0.210       48
 12:     0.135  0.045  0.047  0.116  0.226  0.186  0.031  0.214       90
 13:     0.505  0.029  0.025  0.044  0.116  0.148  0.019  0.114       63
 14:     0.108  0.070  0.087  0.112  0.175  0.187  0.029  0.233       16
 15:     0.073  0.060  0.096  0.156  0.227  0.185  0.079  0.124       31
 16:     0.029  0.014  0.016  0.764  0.040  0.029  0.050  0.057       16
 17:     0.368  0.087  0.084  0.045  0.152  0.122  0.025  0.118       24
 18:     0.088  0.040  0.071  0.127  0.237  0.126  0.032  0.278       12
 19:     0.175  0.038  0.059  0.152  0.179  0.179  0.030  0.187       54
 20:     0.064  0.037  0.058  0.255  0.161  0.221  0.044  0.160       96
 21:     0.151  0.028  0.067  0.275  0.170  0.187  0.019  0.103       22
 22:     0.029  0.053  0.072  0.556  0.052  0.072  0.079  0.087       23
 23:     0.057  0.035  0.028  0.291  0.117  0.277  0.023  0.173       13
 24:     0.157  0.086  0.048  0.082  0.210  0.178  0.042  0.196       19
--------------------------------------------

Allele-freq. divergence among pops (Net nucleotide distance),
computed using point estimates of P.

      1       2       3       4       5       6       7       8      
 1      -    0.0363  0.0360  0.0241  0.0100  0.0140  0.0393  0.0102  
 2   0.0363     -    0.0220  0.0393  0.0260  0.0308  0.0376  0.0328  
 3   0.0360  0.0220     -    0.0405  0.0280  0.0354  0.0356  0.0325  
 4   0.0241  0.0393  0.0405     -    0.0128  0.0134  0.0518  0.0139  
 5   0.0100  0.0260  0.0280  0.0128     -    0.0038  0.0390  0.0043  
 6   0.0140  0.0308  0.0354  0.0134  0.0038     -    0.0469  0.0076  
 7   0.0393  0.0376  0.0356  0.0518  0.0390  0.0469     -    0.0361  
 8   0.0102  0.0328  0.0325  0.0139  0.0043  0.0076  0.0361     -    

Average distances (expected heterozygosity) between individuals in same cluster:
cluster  1  : 0.8485 
cluster  2  : 0.8151 
cluster  3  : 0.8050 
cluster  4  : 0.8305 
cluster  5  : 0.8556 
cluster  6  : 0.8462 
cluster  7  : 0.8200 
cluster  8  : 0.8510 

--------------------------------------------
Estimated Ln Prob of Data   = -47152.9
Mean value of ln likelihood = -44916.8
Variance of ln likelihood   = 4472.2
Mean value of alpha         = 0.0582

Mean value of Fst_1         = 0.0331
Mean value of Fst_2         = 0.0692
Mean value of Fst_3         = 0.0675
Mean value of Fst_4         = 0.0431
Mean value of Fst_5         = 0.0190
Mean value of Fst_6         = 0.0279
Mean value of Fst_7         = 0.0769
Mean value of Fst_8         = 0.0209


Inferred ancestry of individuals:
        Label (%Miss) Pop:  Inferred clusters
  1    C3984    (0)    1 :  0.014 0.014 0.725 0.008 0.019 0.012 0.197 0.011 
  2    C3985    (0)    1 :  0.016 0.071 0.220 0.019 0.016 0.013 0.626 0.018 
  3    C3986    (0)    1 :  0.019 0.100 0.091 0.008 0.012 0.013 0.746 0.011 
  4    C4231    (0)    1 :  0.020 0.055 0.442 0.013 0.046 0.025 0.347 0.052 
  5    C4344    (0)    1 :  0.030 0.705 0.110 0.016 0.030 0.023 0.060 0.025 
  6    C4347   (18)    1 :  0.014 0.414 0.391 0.060 0.018 0.032 0.050 0.021 
  7    C4352   (18)    1 :  0.028 0.056 0.498 0.023 0.025 0.019 0.313 0.037 
  8    C4355    (9)    1 :  0.022 0.124 0.712 0.014 0.034 0.035 0.044 0.015 
  9    C4358   (18)    1 :  0.053 0.017 0.061 0.054 0.342 0.185 0.033 0.256 
 10    C4419    (9)    1 :  0.026 0.020 0.693 0.018 0.059 0.054 0.086 0.045 
 11    C4428    (9)    1 :  0.013 0.126 0.679 0.017 0.015 0.016 0.121 0.012 
 12    C4436    (0)    1 :  0.016 0.099 0.518 0.018 0.012 0.013 0.309 0.015 
 13    C4437   (18)    1 :  0.019 0.036 0.179 0.055 0.059 0.034 0.580 0.038 
 14    C4450    (0)    1 :  0.054 0.026 0.488 0.044 0.120 0.072 0.122 0.074 
 15    C4531    (0)    1 :  0.027 0.009 0.015 0.025 0.027 0.014 0.851 0.032 
 16    C1615    (0)    1 :  0.076 0.052 0.231 0.089 0.067 0.069 0.326 0.090 
 17    C1616    (0)    1 :  0.017 0.080 0.189 0.142 0.258 0.128 0.063 0.122 
 18    C1617    (9)    1 :  0.010 0.134 0.764 0.020 0.019 0.026 0.012 0.014 
 19    C1618    (0)    1 :  0.118 0.029 0.281 0.040 0.024 0.025 0.438 0.045 
 20    C1619    (0)    1 :  0.182 0.107 0.362 0.072 0.082 0.034 0.111 0.049 
 21    C1620    (9)    1 :  0.140 0.041 0.421 0.054 0.058 0.037 0.189 0.060 
 22    C1621    (0)    1 :  0.049 0.045 0.230 0.358 0.081 0.123 0.031 0.083 
 23    C1623    (9)    1 :  0.218 0.015 0.032 0.154 0.079 0.073 0.368 0.060 
 24    C1625    (0)    1 :  0.128 0.099 0.452 0.130 0.060 0.034 0.041 0.055 
 25    C1626    (0)    1 :  0.037 0.040 0.434 0.106 0.191 0.063 0.025 0.103 
 26    C1627    (9)    1 :  0.025 0.023 0.807 0.042 0.022 0.012 0.051 0.018 
 27    C1633    (0)    1 :  0.010 0.015 0.919 0.014 0.012 0.010 0.012 0.008 
 28    C1637    (0)    1 :  0.015 0.044 0.835 0.027 0.026 0.019 0.016 0.020 
 29    C1650    (0)    1 :  0.016 0.071 0.209 0.029 0.035 0.040 0.572 0.028 
 30    C3202    (0)    1 :  0.012 0.902 0.015 0.021 0.012 0.012 0.017 0.010 
 31    C3248    (0)    1 :  0.012 0.192 0.712 0.014 0.022 0.012 0.010 0.025 
 32    C3304    (9)    1 :  0.015 0.695 0.160 0.013 0.050 0.036 0.019 0.013 
 33    C3326    (0)    1 :  0.021 0.424 0.121 0.034 0.084 0.075 0.096 0.146 
 34    C3333    (0)    1 :  0.011 0.901 0.019 0.017 0.017 0.014 0.011 0.011 
 35    C3339   (18)    1 :  0.038 0.224 0.580 0.015 0.044 0.062 0.013 0.024 
 36    C3346    (0)    1 :  0.011 0.928 0.014 0.006 0.008 0.008 0.015 0.009 
 37    C3349    (0)    1 :  0.035 0.706 0.083 0.020 0.061 0.043 0.016 0.035 
 38    C3367   (18)    1 :  0.018 0.818 0.028 0.023 0.018 0.027 0.052 0.016 
 39    C3374    (0)    1 :  0.012 0.040 0.897 0.006 0.008 0.008 0.019 0.009 
 40    C3405    (0)    1 :  0.040 0.726 0.089 0.011 0.033 0.064 0.014 0.021 
 41    C4543    (0)    2 :  0.021 0.054 0.027 0.012 0.025 0.024 0.821 0.015 
 42    C4545    (9)    2 :  0.060 0.012 0.037 0.007 0.010 0.012 0.849 0.011 
 43    C4551    (9)    2 :  0.068 0.019 0.133 0.031 0.078 0.030 0.364 0.277 
 44    C4491    (0)    2 :  0.066 0.084 0.081 0.033 0.072 0.053 0.501 0.109 
 45    C4494    (0)    2 :  0.015 0.581 0.148 0.009 0.015 0.012 0.207 0.013 
 46    C4495    (0)    2 :  0.047 0.611 0.041 0.018 0.069 0.034 0.082 0.099 
 47    C4497    (9)    2 :  0.016 0.056 0.813 0.014 0.031 0.014 0.037 0.019 
 48    C4501    (0)    2 :  0.019 0.017 0.715 0.014 0.126 0.032 0.050 0.028 
 49    C4502    (0)    2 :  0.089 0.057 0.585 0.013 0.022 0.018 0.202 0.014 
 50    C4503    (0)    2 :  0.217 0.013 0.012 0.020 0.016 0.014 0.685 0.022 
 51    C4504    (0)    2 :  0.123 0.047 0.106 0.028 0.396 0.105 0.145 0.049 
 52    C4470    (0)    2 :  0.026 0.047 0.575 0.021 0.075 0.039 0.108 0.109 
 53    C4471    (0)    2 :  0.028 0.041 0.190 0.014 0.040 0.026 0.641 0.019 
 54    C4474    (9)    2 :  0.021 0.008 0.012 0.026 0.018 0.017 0.857 0.042 
 55    C4476    (0)    2 :  0.019 0.026 0.780 0.013 0.028 0.009 0.108 0.018 
 56    C4479    (0)    2 :  0.010 0.138 0.681 0.045 0.014 0.024 0.073 0.017 
 57    C4482    (0)    2 :  0.010 0.153 0.074 0.176 0.106 0.041 0.397 0.043 
 58    C4483    (0)    2 :  0.014 0.008 0.010 0.011 0.020 0.012 0.913 0.012 
 59    C4484    (0)    2 :  0.067 0.215 0.084 0.024 0.064 0.062 0.452 0.033 
 60    C4485    (0)    2 :  0.028 0.445 0.184 0.044 0.128 0.049 0.050 0.072 
 61    C4489    (0)    2 :  0.030 0.104 0.427 0.022 0.037 0.027 0.336 0.018 
 62    C4505    (0)    2 :  0.017 0.025 0.761 0.015 0.021 0.023 0.110 0.027 
 63    C4507    (0)    2 :  0.111 0.013 0.352 0.012 0.052 0.059 0.310 0.092 
 64    C4535    (0)    2 :  0.031 0.013 0.020 0.026 0.031 0.024 0.821 0.033 
 65    C4542    (0)    2 :  0.032 0.019 0.022 0.029 0.203 0.192 0.270 0.233 
 66    C4553    (9)    2 :  0.016 0.089 0.081 0.022 0.025 0.027 0.680 0.061 
 67    C4562   (18)    2 :  0.044 0.055 0.143 0.026 0.022 0.022 0.638 0.050 
 68    C4582   (18)    2 :  0.019 0.025 0.065 0.035 0.027 0.018 0.776 0.034 
 69    C4693    (0)    2 :  0.008 0.022 0.027 0.014 0.010 0.010 0.899 0.011 
 70    C4696    (0)    2 :  0.045 0.031 0.127 0.032 0.039 0.030 0.563 0.134 
 71    C3179    (0)    2 :  0.043 0.785 0.081 0.011 0.026 0.020 0.016 0.017 
 72    C3181    (0)    2 :  0.017 0.297 0.510 0.025 0.066 0.042 0.019 0.023 
 73    C3188    (0)    2 :  0.028 0.137 0.672 0.024 0.061 0.030 0.023 0.026 
 74    C3190    (0)    2 :  0.014 0.815 0.017 0.022 0.035 0.038 0.033 0.026 
 75    C3193    (0)    2 :  0.009 0.382 0.497 0.034 0.020 0.016 0.015 0.026 
 76    C3232    (0)    2 :  0.013 0.132 0.676 0.009 0.016 0.012 0.131 0.013 
 77    C3236    (0)    2 :  0.009 0.807 0.096 0.010 0.009 0.011 0.046 0.013 
 78    C3249    (0)    2 :  0.031 0.353 0.436 0.027 0.064 0.039 0.021 0.030 
 79    C3250    (0)    2 :  0.008 0.025 0.910 0.009 0.010 0.012 0.015 0.010 
 80    C3253    (0)    2 :  0.009 0.010 0.924 0.013 0.013 0.008 0.012 0.012 
 81    C3255    (0)    2 :  0.010 0.270 0.638 0.011 0.015 0.012 0.034 0.010 
 82    C3277    (0)    2 :  0.034 0.112 0.559 0.071 0.096 0.041 0.022 0.064 
 83    C3315    (0)    2 :  0.088 0.023 0.381 0.188 0.083 0.070 0.082 0.085 
 84    C3288    (0)    2 :  0.015 0.877 0.020 0.023 0.014 0.015 0.023 0.012 
 85    C3293    (0)    2 :  0.028 0.735 0.018 0.027 0.072 0.044 0.049 0.027 
 86    C4018    (0)    3 :  0.008 0.173 0.023 0.007 0.011 0.013 0.755 0.010 
 87    C3980    (0)    3 :  0.010 0.026 0.015 0.013 0.013 0.015 0.895 0.013 
 88    C3987    (0)    3 :  0.012 0.028 0.043 0.010 0.011 0.013 0.872 0.010 
 89    C3988    (0)    3 :  0.012 0.059 0.072 0.012 0.014 0.009 0.806 0.017 
 90    C3989    (0)    3 :  0.008 0.692 0.048 0.007 0.128 0.036 0.030 0.050 
 91    C4011    (0)    3 :  0.006 0.145 0.119 0.006 0.007 0.006 0.705 0.006 
 92    C4017    (0)    3 :  0.008 0.013 0.017 0.006 0.007 0.006 0.936 0.007 
 93    C4296    (0)    3 :  0.051 0.035 0.401 0.035 0.084 0.058 0.062 0.274 
 94    C4301    (9)    3 :  0.041 0.054 0.013 0.010 0.161 0.692 0.010 0.020 
 95    C4303    (0)    3 :  0.026 0.544 0.031 0.270 0.027 0.060 0.012 0.030 
 96    C4453    (0)    3 :  0.081 0.545 0.099 0.044 0.046 0.032 0.137 0.015 
 97    C4455    (9)    3 :  0.018 0.825 0.016 0.039 0.017 0.017 0.050 0.019 
 98    C4456   (18)    3 :  0.151 0.327 0.017 0.080 0.044 0.060 0.288 0.034 
 99    C4457    (9)    3 :  0.026 0.695 0.040 0.058 0.060 0.057 0.029 0.036 
100    C4459    (9)    3 :  0.011 0.411 0.271 0.020 0.023 0.017 0.217 0.030 
101    C4464   (18)    3 :  0.010 0.686 0.193 0.009 0.011 0.009 0.070 0.012 
102    C4467   (18)    3 :  0.009 0.321 0.601 0.009 0.010 0.008 0.032 0.010 
103    C4468    (9)    3 :  0.016 0.234 0.606 0.056 0.018 0.015 0.041 0.015 
104    C4783    (0)    3 :  0.013 0.158 0.011 0.012 0.030 0.014 0.720 0.042 
105    C4786    (0)    3 :  0.011 0.658 0.033 0.011 0.014 0.025 0.231 0.017 
106    C4789    (9)    3 :  0.010 0.291 0.163 0.013 0.034 0.053 0.421 0.016 
107    C4891    (0)    3 :  0.022 0.775 0.016 0.011 0.026 0.027 0.085 0.039 
108    C4896    (0)    3 :  0.022 0.189 0.016 0.034 0.091 0.073 0.525 0.049 
109    C4898    (0)    3 :  0.017 0.117 0.048 0.014 0.022 0.019 0.740 0.023 
110    C4901    (0)    3 :  0.007 0.741 0.015 0.011 0.015 0.018 0.179 0.012 
111    C4903    (9)    3 :  0.012 0.780 0.017 0.028 0.033 0.035 0.069 0.026 
112    C4904    (0)    3 :  0.010 0.194 0.016 0.008 0.031 0.019 0.695 0.026 
113    C3263    (0)    3 :  0.191 0.253 0.467 0.023 0.022 0.014 0.013 0.016 
114    C3271    (0)    3 :  0.025 0.077 0.788 0.011 0.025 0.031 0.021 0.022 
115    C3272    (0)    3 :  0.018 0.051 0.816 0.008 0.040 0.035 0.012 0.019 
116    C3276    (0)    3 :  0.073 0.423 0.023 0.019 0.115 0.291 0.016 0.040 
117    C3280    (9)    3 :  0.087 0.026 0.720 0.025 0.041 0.033 0.022 0.046 
118    C3305    (9)    3 :  0.010 0.009 0.929 0.008 0.012 0.010 0.011 0.010 
119    C3306    (0)    3 :  0.087 0.096 0.639 0.025 0.060 0.027 0.023 0.043 
120    C3324    (0)    3 :  0.140 0.022 0.681 0.016 0.052 0.030 0.019 0.041 
121    C3329    (0)    3 :  0.089 0.093 0.439 0.027 0.065 0.044 0.121 0.123 
122    C3336    (0)    3 :  0.017 0.076 0.772 0.013 0.032 0.038 0.023 0.030 
123    C3341   (18)    3 :  0.661 0.035 0.062 0.030 0.073 0.029 0.049 0.061 
124    C3409   (18)    3 :  0.053 0.125 0.450 0.039 0.129 0.073 0.051 0.078 
125    C3168    (9)    3 :  0.012 0.916 0.014 0.008 0.013 0.012 0.016 0.009 
126    C3170    (0)    3 :  0.012 0.852 0.057 0.008 0.019 0.020 0.017 0.013 
127    C3214   (18)    3 :  0.010 0.614 0.085 0.028 0.043 0.185 0.020 0.015 
128    C3227    (0)    3 :  0.010 0.878 0.014 0.011 0.015 0.043 0.020 0.010 
129    C3228    (0)    3 :  0.032 0.044 0.697 0.034 0.025 0.051 0.074 0.043 
130    C3279    (0)    3 :  0.014 0.744 0.037 0.018 0.077 0.045 0.013 0.051 
131    C3322    (0)    3 :  0.014 0.505 0.020 0.055 0.069 0.187 0.073 0.077 
132    C3303    (0)    3 :  0.031 0.752 0.048 0.013 0.031 0.057 0.016 0.052 
133    C3317    (0)    3 :  0.021 0.062 0.829 0.016 0.022 0.012 0.021 0.017 
134    C3355    (0)    3 :  0.018 0.566 0.338 0.012 0.014 0.010 0.027 0.015 
135    C3376    (9)    3 :  0.018 0.292 0.499 0.026 0.053 0.045 0.032 0.034 
136    C3401    (0)    3 :  0.022 0.103 0.730 0.028 0.026 0.028 0.032 0.030 
137    C3203    (9)    3 :  0.054 0.524 0.217 0.038 0.064 0.052 0.033 0.018 
138    C3245    (0)    3 :  0.010 0.891 0.019 0.018 0.020 0.019 0.010 0.013 
139    C3302    (0)    3 :  0.015 0.896 0.012 0.013 0.017 0.018 0.011 0.017 
140    C3307    (0)    3 :  0.148 0.552 0.047 0.079 0.034 0.018 0.084 0.038 
141    C3310    (0)    3 :  0.011 0.934 0.008 0.008 0.010 0.011 0.009 0.010 
142    C3312    (9)    3 :  0.020 0.410 0.365 0.034 0.042 0.025 0.053 0.050 
143    C3345    (0)    3 :  0.021 0.893 0.016 0.011 0.016 0.014 0.019 0.010 
144    C3371    (0)    3 :  0.042 0.886 0.014 0.011 0.017 0.010 0.008 0.012 
145    C3372    (0)    3 :  0.041 0.741 0.103 0.021 0.029 0.018 0.022 0.026 
146    C3380    (9)    3 :  0.007 0.932 0.014 0.008 0.008 0.008 0.017 0.007 
147    C3417    (0)    3 :  0.182 0.522 0.036 0.030 0.063 0.024 0.108 0.034 
148    C4569    (9)    4 :  0.114 0.019 0.056 0.054 0.168 0.082 0.301 0.205 
149    C4570    (9)    4 :  0.016 0.013 0.052 0.012 0.012 0.010 0.871 0.015 
150    C4571    (9)    4 :  0.017 0.027 0.305 0.022 0.020 0.019 0.570 0.018 
151    C4572    (9)    4 :  0.014 0.011 0.026 0.021 0.011 0.015 0.888 0.014 
152    C4573    (9)    4 :  0.031 0.014 0.156 0.461 0.083 0.077 0.105 0.074 
153    C4575    (9)    4 :  0.027 0.033 0.051 0.089 0.075 0.054 0.640 0.030 
154    C4577    (9)    4 :  0.011 0.014 0.025 0.008 0.013 0.011 0.898 0.020 
155    C4578    (9)    4 :  0.022 0.022 0.057 0.059 0.091 0.039 0.660 0.051 
156    C4600   (18)    4 :  0.024 0.025 0.040 0.036 0.091 0.042 0.568 0.175 
157    C4612    (9)    4 :  0.014 0.023 0.018 0.016 0.047 0.144 0.709 0.028 
158    C4621    (0)    4 :  0.007 0.044 0.035 0.016 0.011 0.013 0.865 0.009 
159    C4622    (9)    4 :  0.009 0.020 0.010 0.009 0.008 0.008 0.925 0.010 
160    C4623    (0)    4 :  0.271 0.163 0.099 0.059 0.065 0.064 0.211 0.068 
161    C4624    (0)    4 :  0.013 0.012 0.026 0.044 0.013 0.027 0.843 0.022 
162    C4625    (0)    4 :  0.015 0.014 0.167 0.457 0.121 0.038 0.115 0.073 
163    C4627    (0)    4 :  0.018 0.051 0.016 0.026 0.025 0.019 0.833 0.013 
164    C4631    (0)    4 :  0.213 0.015 0.012 0.018 0.016 0.016 0.687 0.024 
165    C4632    (0)    4 :  0.016 0.031 0.045 0.020 0.014 0.013 0.841 0.021 
166    C3939    (0)    4 :  0.011 0.064 0.019 0.009 0.018 0.018 0.841 0.019 
167    C3940    (0)    4 :  0.023 0.037 0.014 0.009 0.047 0.034 0.784 0.053 
168    C3945    (0)    4 :  0.009 0.019 0.016 0.006 0.010 0.008 0.922 0.012 
169    C4520    (0)    4 :  0.051 0.056 0.113 0.023 0.128 0.522 0.029 0.078 
170    C4522    (0)    4 :  0.010 0.148 0.028 0.008 0.011 0.013 0.769 0.012 
171    C3182    (0)    4 :  0.027 0.782 0.077 0.013 0.017 0.019 0.047 0.020 
172    C3189    (0)    4 :  0.024 0.106 0.496 0.130 0.125 0.041 0.027 0.052 
173    C3191    (9)    4 :  0.025 0.291 0.549 0.054 0.028 0.019 0.015 0.019 
174    C3196    (0)    4 :  0.014 0.812 0.075 0.020 0.028 0.019 0.014 0.019 
175    C3208    (0)    4 :  0.043 0.600 0.027 0.040 0.029 0.042 0.191 0.030 
176    C3211    (0)    4 :  0.012 0.904 0.015 0.008 0.016 0.015 0.017 0.013 
177    C3212    (0)    4 :  0.129 0.150 0.089 0.011 0.220 0.232 0.063 0.105 
178    C3213    (0)    4 :  0.024 0.827 0.028 0.010 0.046 0.026 0.012 0.027 
179    C3215    (0)    4 :  0.013 0.689 0.012 0.040 0.025 0.156 0.042 0.023 
180    C3217    (0)    4 :  0.032 0.440 0.411 0.015 0.041 0.020 0.017 0.023 
181    C3225    (9)    4 :  0.019 0.172 0.597 0.033 0.047 0.075 0.022 0.035 
182    C3226    (0)    4 :  0.015 0.510 0.218 0.012 0.013 0.011 0.209 0.012 
183    C3238    (9)    4 :  0.012 0.753 0.047 0.019 0.022 0.020 0.110 0.017 
184    C3239    (0)    4 :  0.024 0.164 0.684 0.016 0.036 0.023 0.035 0.018 
185    C3269   (18)    4 :  0.022 0.043 0.460 0.125 0.055 0.106 0.154 0.034 
186    C3273    (0)    4 :  0.009 0.381 0.455 0.050 0.032 0.025 0.032 0.017 
187    C3274    (0)    4 :  0.013 0.568 0.021 0.021 0.107 0.066 0.029 0.175 
188    C3354    (0)    4 :  0.011 0.830 0.055 0.019 0.028 0.018 0.017 0.023 
189    C3361    (0)    4 :  0.009 0.875 0.039 0.013 0.015 0.015 0.018 0.016 
190    C3289    (0)    4 :  0.011 0.902 0.015 0.015 0.016 0.013 0.015 0.013 
191    C3169    (0)    4 :  0.010 0.259 0.639 0.013 0.014 0.018 0.038 0.009 
192    C3199    (9)    4 :  0.017 0.698 0.077 0.037 0.019 0.023 0.112 0.017 
193    C3224    (0)    4 :  0.014 0.737 0.156 0.016 0.014 0.033 0.016 0.014 
194    C3261   (18)    4 :  0.012 0.765 0.111 0.009 0.025 0.011 0.047 0.018 
195    C3320    (0)    4 :  0.014 0.709 0.092 0.035 0.038 0.031 0.045 0.036 
196    C4151    (0)    5 :  0.008 0.015 0.019 0.010 0.010 0.007 0.922 0.009 
197    C4152    (0)    5 :  0.013 0.013 0.083 0.014 0.013 0.011 0.841 0.012 
198    C4153    (0)    5 :  0.016 0.402 0.114 0.029 0.040 0.043 0.327 0.029 
199    C4154   (18)    5 :  0.018 0.126 0.058 0.009 0.025 0.022 0.712 0.031 
200    C4157    (0)    5 :  0.015 0.034 0.470 0.020 0.038 0.022 0.232 0.169 
201    C4158    (0)    5 :  0.007 0.019 0.017 0.014 0.009 0.010 0.914 0.010 
202    C4163    (0)    5 :  0.007 0.012 0.018 0.007 0.007 0.006 0.936 0.007 
203    C4165    (0)    5 :  0.124 0.053 0.035 0.028 0.169 0.050 0.300 0.241 
204    C4248    (9)    5 :  0.014 0.200 0.645 0.026 0.035 0.017 0.036 0.027 
205    C4254    (0)    5 :  0.020 0.337 0.465 0.012 0.028 0.041 0.069 0.029 
206    C4371    (9)    5 :  0.027 0.018 0.860 0.014 0.019 0.013 0.033 0.015 
207    C3936    (0)    5 :  0.014 0.018 0.020 0.012 0.016 0.013 0.887 0.019 
208    C3937    (0)    5 :  0.009 0.022 0.014 0.010 0.008 0.007 0.919 0.010 
209    C3944    (0)    5 :  0.011 0.049 0.092 0.008 0.009 0.008 0.815 0.009 
210    C3954    (0)    5 :  0.008 0.060 0.753 0.040 0.017 0.021 0.092 0.010 
211    C3955    (9)    5 :  0.008 0.321 0.149 0.029 0.035 0.023 0.412 0.022 
212    C3961    (0)    5 :  0.047 0.045 0.046 0.010 0.018 0.023 0.797 0.015 
213    C3974    (0)    5 :  0.015 0.020 0.021 0.015 0.017 0.022 0.871 0.020 
214    C4024    (0)    5 :  0.062 0.048 0.301 0.012 0.030 0.028 0.496 0.023 
215    C4025    (0)    5 :  0.037 0.013 0.044 0.017 0.014 0.019 0.841 0.014 
216    C4028    (0)    5 :  0.033 0.040 0.078 0.056 0.034 0.047 0.671 0.041 
217    C4032   (18)    5 :  0.009 0.026 0.883 0.011 0.013 0.011 0.038 0.009 
218    C4033   (18)    5 :  0.012 0.686 0.212 0.014 0.015 0.014 0.032 0.014 
219    C4034    (0)    5 :  0.066 0.374 0.320 0.022 0.040 0.074 0.035 0.070 
220    C4041    (9)    5 :  0.078 0.064 0.583 0.015 0.099 0.089 0.030 0.042 
221    C4042   (18)    5 :  0.100 0.283 0.244 0.028 0.068 0.037 0.120 0.121 
222    C4043    (9)    5 :  0.020 0.100 0.632 0.024 0.024 0.016 0.160 0.024 
223    C4044    (9)    5 :  0.399 0.089 0.095 0.052 0.087 0.074 0.119 0.086 
224    C4045    (9)    5 :  0.014 0.285 0.445 0.047 0.028 0.023 0.123 0.034 
225    C4046    (9)    5 :  0.031 0.184 0.677 0.027 0.011 0.018 0.032 0.020 
226    C4047    (0)    5 :  0.017 0.825 0.028 0.028 0.025 0.028 0.018 0.030 
227    C4048    (9)    5 :  0.047 0.737 0.066 0.032 0.034 0.029 0.019 0.037 
228    C4055    (9)    5 :  0.019 0.037 0.754 0.039 0.026 0.028 0.067 0.030 
229    C4057   (18)    5 :  0.031 0.033 0.856 0.008 0.017 0.016 0.025 0.014 
230    C4059    (0)    5 :  0.014 0.266 0.561 0.027 0.027 0.022 0.066 0.017 
231    C4060    (9)    5 :  0.017 0.076 0.647 0.020 0.036 0.027 0.145 0.031 
232    C4064    (9)    5 :  0.018 0.030 0.471 0.228 0.046 0.042 0.037 0.128 
233    C4067    (0)    5 :  0.032 0.801 0.024 0.061 0.025 0.025 0.016 0.017 
234    C4068    (9)    5 :  0.018 0.813 0.036 0.028 0.024 0.025 0.030 0.024 
235    C4070    (9)    5 :  0.121 0.515 0.091 0.027 0.031 0.030 0.149 0.035 
236    C4075   (18)    5 :  0.024 0.773 0.066 0.016 0.034 0.036 0.029 0.023 
237    C4081    (9)    5 :  0.022 0.074 0.763 0.025 0.030 0.023 0.023 0.040 
238    C4082    (0)    5 :  0.018 0.607 0.108 0.038 0.029 0.049 0.130 0.022 
239    C4083    (0)    5 :  0.202 0.048 0.217 0.061 0.138 0.048 0.116 0.170 
240    C4086    (0)    5 :  0.012 0.124 0.547 0.184 0.043 0.022 0.035 0.032 
241    C4088    (9)    5 :  0.011 0.026 0.033 0.818 0.021 0.028 0.027 0.037 
242    C4092    (0)    5 :  0.056 0.044 0.659 0.010 0.047 0.019 0.143 0.023 
243    C4099    (9)    5 :  0.067 0.200 0.478 0.020 0.077 0.072 0.040 0.046 
244    C4104    (0)    5 :  0.040 0.164 0.082 0.020 0.032 0.019 0.617 0.025 
245    C4108   (18)    5 :  0.024 0.017 0.012 0.050 0.158 0.570 0.010 0.158 
246    C4118    (0)    5 :  0.016 0.018 0.639 0.047 0.070 0.095 0.020 0.095 
247    C4131    (0)    5 :  0.021 0.084 0.184 0.118 0.058 0.028 0.450 0.058 
248    C4133    (0)    5 :  0.009 0.036 0.886 0.010 0.014 0.015 0.017 0.012 
249    C4135    (0)    5 :  0.008 0.050 0.280 0.006 0.014 0.008 0.622 0.011 
250    C4136    (0)    5 :  0.026 0.024 0.023 0.099 0.051 0.046 0.645 0.086 
251    C4137    (9)    5 :  0.019 0.039 0.422 0.027 0.039 0.020 0.390 0.044 
252    C4139    (0)    5 :  0.011 0.027 0.042 0.008 0.017 0.012 0.870 0.014 
253    C4140    (9)    5 :  0.020 0.048 0.113 0.011 0.021 0.016 0.741 0.030 
254    C4167    (0)    5 :  0.038 0.016 0.092 0.044 0.019 0.015 0.699 0.076 
255    C4236    (0)    5 :  0.030 0.052 0.698 0.030 0.047 0.027 0.027 0.088 
256    C4237    (0)    5 :  0.020 0.014 0.063 0.656 0.052 0.083 0.054 0.057 
257    C4238    (0)    5 :  0.017 0.416 0.327 0.059 0.024 0.039 0.088 0.030 
258    C4241    (0)    5 :  0.019 0.452 0.352 0.019 0.027 0.035 0.060 0.035 
259    C4247    (9)    5 :  0.099 0.055 0.378 0.218 0.079 0.059 0.086 0.026 
260    C4257    (0)    5 :  0.022 0.676 0.158 0.025 0.028 0.039 0.033 0.019 
261    C4383    (0)    5 :  0.229 0.034 0.362 0.057 0.059 0.048 0.139 0.072 
262    C4397    (9)    5 :  0.008 0.012 0.856 0.010 0.011 0.010 0.074 0.018 
263    C4514    (0)    5 :  0.027 0.028 0.158 0.015 0.018 0.018 0.719 0.015 
264    C4519    (0)    5 :  0.016 0.125 0.028 0.008 0.041 0.097 0.664 0.022 
265    C4527    (0)    5 :  0.017 0.704 0.043 0.013 0.014 0.015 0.178 0.015 
266    C4534    (0)    5 :  0.059 0.625 0.097 0.014 0.059 0.049 0.068 0.030 
267    C4699    (0)    5 :  0.025 0.061 0.015 0.053 0.015 0.019 0.784 0.028 
268    C1541    (9)    5 :  0.012 0.777 0.148 0.011 0.012 0.010 0.017 0.013 
269    C1542    (9)    5 :  0.011 0.826 0.095 0.016 0.012 0.016 0.012 0.013 
270    C1544    (0)    5 :  0.014 0.258 0.547 0.051 0.032 0.037 0.031 0.030 
271    C1547    (9)    5 :  0.149 0.090 0.132 0.083 0.129 0.268 0.042 0.107 
272    C1553    (9)    5 :  0.113 0.061 0.041 0.054 0.117 0.210 0.243 0.163 
273    C1555    (9)    5 :  0.013 0.037 0.824 0.021 0.030 0.031 0.017 0.026 
274    C1557    (0)    5 :  0.019 0.034 0.848 0.021 0.015 0.014 0.030 0.020 
275    C1560    (0)    5 :  0.015 0.052 0.804 0.010 0.035 0.050 0.017 0.017 
276    C1565    (0)    5 :  0.056 0.578 0.192 0.013 0.047 0.024 0.036 0.054 
277    C1567    (0)    5 :  0.027 0.051 0.735 0.026 0.029 0.075 0.029 0.028 
278    C1569    (0)    5 :  0.025 0.160 0.690 0.018 0.016 0.018 0.051 0.023 
279    C1571    (0)    5 :  0.037 0.426 0.224 0.061 0.055 0.130 0.036 0.031 
280    C1576    (0)    5 :  0.024 0.075 0.552 0.066 0.032 0.042 0.174 0.036 
281    C1577    (9)    5 :  0.017 0.650 0.176 0.036 0.029 0.037 0.025 0.030 
282    C1579    (0)    5 :  0.014 0.333 0.522 0.017 0.034 0.022 0.024 0.034 
283    C3990    (0)    6 :  0.008 0.020 0.018 0.007 0.007 0.007 0.926 0.007 
284    C3991    (0)    6 :  0.057 0.043 0.035 0.060 0.028 0.026 0.722 0.028 
285    C3992    (0)    6 :  0.016 0.032 0.021 0.046 0.032 0.044 0.782 0.027 
286    C3994    (0)    6 :  0.139 0.216 0.293 0.043 0.077 0.037 0.152 0.043 
287    C4172    (0)    6 :  0.047 0.016 0.008 0.065 0.044 0.049 0.707 0.064 
288    C4173    (9)    6 :  0.433 0.042 0.016 0.012 0.017 0.019 0.442 0.019 
289    C4232    (9)    6 :  0.008 0.813 0.134 0.008 0.009 0.009 0.012 0.008 
290    C4234    (9)    6 :  0.009 0.511 0.416 0.010 0.013 0.012 0.017 0.012 
291    C4259    (0)    6 :  0.011 0.164 0.760 0.011 0.012 0.009 0.020 0.012 
292    C4260    (0)    6 :  0.009 0.898 0.027 0.008 0.011 0.010 0.028 0.008 
293    C4261    (9)    6 :  0.063 0.665 0.022 0.024 0.032 0.080 0.040 0.075 
294    C4262    (0)    6 :  0.090 0.089 0.430 0.013 0.030 0.029 0.272 0.048 
295    C4263    (0)    6 :  0.031 0.158 0.653 0.070 0.017 0.018 0.029 0.023 
296    C4267    (9)    6 :  0.015 0.144 0.571 0.040 0.018 0.020 0.169 0.023 
297    C4269    (0)    6 :  0.047 0.282 0.344 0.021 0.024 0.021 0.216 0.047 
298    C4272    (0)    6 :  0.013 0.024 0.895 0.008 0.016 0.012 0.017 0.015 
299    C4274    (0)    6 :  0.012 0.112 0.406 0.013 0.078 0.321 0.024 0.035 
300    C4276    (9)    6 :  0.022 0.035 0.033 0.033 0.146 0.705 0.011 0.016 
301    C4278    (0)    6 :  0.028 0.085 0.648 0.019 0.071 0.049 0.069 0.032 
302    C4280    (0)    6 :  0.019 0.493 0.149 0.013 0.050 0.029 0.197 0.050 
303    C4281    (0)    6 :  0.017 0.107 0.759 0.024 0.018 0.016 0.033 0.025 
304    C4282    (0)    6 :  0.179 0.296 0.089 0.058 0.136 0.061 0.019 0.162 
305    C4284    (9)    6 :  0.009 0.053 0.683 0.009 0.010 0.009 0.216 0.011 
306    C4286    (9)    6 :  0.028 0.457 0.095 0.027 0.059 0.078 0.202 0.054 
307    C4287    (0)    6 :  0.070 0.437 0.154 0.012 0.063 0.050 0.133 0.081 
308    C4290    (0)    6 :  0.070 0.015 0.161 0.153 0.091 0.390 0.041 0.078 
309    C4307   (18)    6 :  0.025 0.412 0.206 0.016 0.099 0.043 0.164 0.035 
310    C4310    (9)    6 :  0.013 0.234 0.495 0.072 0.036 0.056 0.073 0.021 
311    C4311   (18)    6 :  0.025 0.590 0.189 0.023 0.057 0.048 0.038 0.030 
312    C4312    (0)    6 :  0.015 0.307 0.564 0.016 0.021 0.021 0.037 0.019 
313    C4314    (0)    6 :  0.013 0.141 0.537 0.164 0.050 0.024 0.019 0.051 
314    C4318    (9)    6 :  0.034 0.073 0.710 0.011 0.077 0.020 0.046 0.028 
315    C4321    (9)    6 :  0.059 0.400 0.234 0.012 0.049 0.072 0.146 0.028 
316    C4324    (0)    6 :  0.062 0.092 0.680 0.013 0.028 0.035 0.068 0.021 
317    C4334    (0)    6 :  0.042 0.018 0.840 0.009 0.020 0.019 0.039 0.013 
318    C4529    (0)    6 :  0.033 0.394 0.367 0.035 0.062 0.039 0.036 0.034 
319    C1582    (9)    6 :  0.014 0.107 0.659 0.014 0.013 0.021 0.152 0.019 
320    C1583    (0)    6 :  0.018 0.157 0.651 0.058 0.035 0.028 0.028 0.025 
321    C1584    (9)    6 :  0.010 0.036 0.830 0.022 0.021 0.035 0.033 0.013 
322    C1585    (0)    6 :  0.007 0.018 0.901 0.014 0.009 0.012 0.031 0.008 
323    C1586    (0)    6 :  0.059 0.060 0.763 0.024 0.028 0.016 0.031 0.020 
324    C1589    (0)    6 :  0.011 0.083 0.702 0.012 0.013 0.013 0.153 0.013 
325    C1591    (0)    6 :  0.010 0.037 0.883 0.011 0.010 0.010 0.031 0.008 
326    C1592    (0)    6 :  0.030 0.083 0.782 0.018 0.025 0.022 0.014 0.026 
327    C1594    (0)    6 :  0.014 0.132 0.671 0.067 0.019 0.028 0.049 0.021 
328    C1597    (9)    6 :  0.025 0.619 0.148 0.026 0.031 0.062 0.048 0.040 
329    C1598    (9)    6 :  0.016 0.078 0.560 0.046 0.022 0.022 0.235 0.022 
330    C1599    (0)    6 :  0.013 0.250 0.646 0.010 0.021 0.028 0.014 0.018 
331    C1601    (0)    6 :  0.028 0.202 0.142 0.077 0.052 0.032 0.396 0.070 
332    C1605    (0)    6 :  0.043 0.113 0.136 0.112 0.315 0.142 0.065 0.075 
333    C1609    (0)    6 :  0.009 0.024 0.903 0.009 0.009 0.010 0.027 0.009 
334    C1610    (0)    6 :  0.015 0.390 0.208 0.077 0.095 0.089 0.015 0.111 
335    C1611    (0)    6 :  0.037 0.857 0.029 0.012 0.023 0.017 0.011 0.015 
336    C1612    (0)    6 :  0.006 0.912 0.037 0.008 0.010 0.009 0.010 0.008 
337    C1613    (0)    6 :  0.046 0.616 0.187 0.036 0.028 0.034 0.030 0.024 
338    C3173    (9)    6 :  0.044 0.289 0.416 0.038 0.068 0.045 0.037 0.063 
339    C3204    (0)    6 :  0.016 0.811 0.055 0.017 0.027 0.025 0.030 0.019 
340    C3223    (9)    6 :  0.064 0.455 0.031 0.016 0.254 0.133 0.020 0.026 
341    C3262    (0)    6 :  0.030 0.235 0.456 0.091 0.066 0.055 0.039 0.028 
342    C3270    (0)    6 :  0.017 0.515 0.240 0.015 0.024 0.023 0.139 0.027 
343    C3300    (0)    6 :  0.010 0.176 0.460 0.010 0.016 0.013 0.304 0.011 
344    C3330    (0)    6 :  0.018 0.158 0.553 0.014 0.059 0.031 0.125 0.042 
345    C3390    (9)    6 :  0.022 0.406 0.410 0.018 0.031 0.019 0.069 0.025 
346    C3424    (9)    6 :  0.017 0.562 0.226 0.016 0.053 0.033 0.041 0.052 
347    C3958    (0)    6 :  0.015 0.020 0.048 0.007 0.011 0.009 0.877 0.013 
348    C3962    (0)    6 :  0.010 0.019 0.037 0.007 0.014 0.014 0.872 0.027 
349    C4019    (0)    6 :  0.040 0.011 0.012 0.034 0.100 0.081 0.106 0.616 
350    C3995   (18)    6 :  0.039 0.036 0.022 0.017 0.017 0.015 0.831 0.022 
351    C4000    (0)    6 :  0.075 0.087 0.026 0.017 0.042 0.038 0.610 0.105 
352    C4002    (0)    6 :  0.020 0.046 0.027 0.014 0.015 0.013 0.842 0.023 
353    C1692    (0)    7 :  0.025 0.026 0.018 0.044 0.376 0.145 0.120 0.245 
354    C1693    (0)    7 :  0.105 0.164 0.062 0.014 0.445 0.134 0.033 0.044 
355    C1694    (0)    7 :  0.247 0.054 0.084 0.090 0.294 0.111 0.017 0.103 
356    C1698    (0)    7 :  0.107 0.009 0.042 0.062 0.449 0.076 0.008 0.248 
357    C1699    (0)    7 :  0.051 0.028 0.020 0.358 0.289 0.114 0.016 0.123 
358    C1700    (0)    7 :  0.148 0.039 0.048 0.065 0.131 0.074 0.081 0.414 
359    C1701    (0)    7 :  0.022 0.013 0.027 0.390 0.193 0.049 0.012 0.293 
360    C1702    (0)    7 :  0.055 0.011 0.011 0.087 0.491 0.109 0.015 0.222 
361    C1703    (0)    7 :  0.258 0.010 0.015 0.058 0.110 0.174 0.020 0.356 
362    C1704    (0)    7 :  0.173 0.019 0.401 0.022 0.149 0.081 0.027 0.127 
363    C1705    (0)    7 :  0.485 0.011 0.014 0.019 0.074 0.121 0.227 0.049 
364    C1706    (0)    7 :  0.035 0.018 0.018 0.434 0.301 0.099 0.010 0.085 
365    C1707    (0)    7 :  0.044 0.117 0.243 0.151 0.133 0.244 0.019 0.048 
366    C1708    (0)    7 :  0.534 0.012 0.025 0.022 0.257 0.057 0.014 0.079 
367    C1709    (0)    7 :  0.697 0.022 0.019 0.024 0.070 0.031 0.067 0.069 
368    C1710    (0)    7 :  0.067 0.018 0.043 0.096 0.336 0.052 0.022 0.366 
369    C1712    (0)    7 :  0.554 0.011 0.008 0.013 0.076 0.056 0.031 0.251 
370    C1714    (0)    7 :  0.815 0.011 0.025 0.017 0.063 0.028 0.012 0.029 
371    C1715    (0)    7 :  0.019 0.018 0.020 0.083 0.377 0.261 0.018 0.204 
372    C1717    (0)    7 :  0.050 0.053 0.041 0.025 0.410 0.294 0.016 0.110 
373    C1718   (18)    7 :  0.034 0.015 0.076 0.043 0.190 0.202 0.015 0.423 
374    C1719    (0)    7 :  0.623 0.068 0.041 0.019 0.032 0.027 0.091 0.098 
375    C1656    (0)    8 :  0.053 0.013 0.010 0.476 0.178 0.062 0.048 0.160 
376    C1657   (18)    8 :  0.437 0.032 0.015 0.176 0.147 0.082 0.018 0.093 
377    C1658    (0)    8 :  0.027 0.008 0.009 0.096 0.385 0.088 0.011 0.377 
378    C1659    (0)    8 :  0.020 0.065 0.027 0.131 0.238 0.394 0.022 0.103 
379    C1661    (9)    8 :  0.054 0.033 0.089 0.065 0.337 0.108 0.021 0.292 
380    C1665    (0)    8 :  0.036 0.034 0.019 0.269 0.273 0.072 0.012 0.284 
381    C1667    (9)    8 :  0.868 0.008 0.007 0.020 0.039 0.018 0.006 0.034 
382    C1676    (9)    8 :  0.117 0.017 0.015 0.176 0.195 0.050 0.028 0.402 
383    C1681    (9)    8 :  0.098 0.014 0.050 0.250 0.229 0.167 0.016 0.175 
384    C1682    (0)    8 :  0.454 0.016 0.017 0.087 0.188 0.076 0.018 0.145 
385    C1685    (0)    8 :  0.032 0.044 0.013 0.091 0.245 0.057 0.029 0.488 
386    C4707    (0)    9 :  0.035 0.022 0.031 0.030 0.059 0.046 0.087 0.692 
387    C4747    (0)    9 :  0.443 0.144 0.037 0.018 0.132 0.067 0.100 0.058 
388    C4772    (0)    9 :  0.029 0.055 0.035 0.077 0.050 0.046 0.480 0.228 
389    C4781    (0)    9 :  0.685 0.010 0.081 0.016 0.047 0.042 0.037 0.083 
390    C4782    (0)    9 :  0.086 0.019 0.117 0.056 0.197 0.134 0.070 0.321 
391    C4787    (0)    9 :  0.048 0.015 0.027 0.031 0.244 0.463 0.110 0.063 
392    C4790    (0)    9 :  0.551 0.014 0.025 0.037 0.079 0.053 0.082 0.159 
393    C4803    (0)    9 :  0.066 0.046 0.028 0.031 0.299 0.179 0.103 0.247 
394    C4813    (0)    9 :  0.029 0.024 0.007 0.050 0.058 0.041 0.739 0.051 
395    C4837    (0)    9 :  0.028 0.047 0.017 0.029 0.159 0.067 0.143 0.511 
396    C4838    (0)    9 :  0.047 0.011 0.012 0.062 0.261 0.364 0.111 0.132 
397    C4843    (0)    9 :  0.030 0.038 0.012 0.090 0.281 0.107 0.058 0.384 
398    C4857    (0)    9 :  0.017 0.030 0.038 0.027 0.028 0.033 0.801 0.026 
399    C4828    (0)    9 :  0.070 0.234 0.049 0.155 0.184 0.130 0.027 0.151 
400    C4835    (0)    9 :  0.022 0.016 0.019 0.068 0.082 0.056 0.697 0.040 
401    C4836    (9)    9 :  0.142 0.024 0.034 0.036 0.134 0.176 0.253 0.202 
402    C4842    (0)    9 :  0.061 0.019 0.010 0.231 0.252 0.106 0.049 0.272 
403    C4863    (9)    9 :  0.130 0.015 0.046 0.021 0.351 0.198 0.043 0.196 
404    C4744    (0)    9 :  0.209 0.045 0.010 0.092 0.226 0.124 0.024 0.271 
405    C4745    (0)    9 :  0.031 0.016 0.027 0.128 0.373 0.110 0.102 0.213 
406    C4768    (0)    9 :  0.257 0.032 0.069 0.061 0.080 0.032 0.180 0.289 
407    C4769    (0)    9 :  0.074 0.014 0.012 0.435 0.080 0.120 0.164 0.102 
408    C4771    (0)    9 :  0.031 0.010 0.011 0.032 0.054 0.128 0.017 0.717 
409    C4784    (0)    9 :  0.474 0.016 0.045 0.055 0.107 0.065 0.160 0.076 
410    C4785    (0)    9 :  0.768 0.018 0.031 0.043 0.058 0.023 0.027 0.032 
411    C4795    (0)    9 :  0.573 0.030 0.052 0.024 0.079 0.104 0.086 0.051 
412    C4796    (0)    9 :  0.085 0.012 0.019 0.025 0.128 0.050 0.013 0.668 
413    C4800    (0)    9 :  0.014 0.008 0.016 0.019 0.266 0.178 0.316 0.182 
414    C4801    (0)    9 :  0.054 0.009 0.060 0.194 0.061 0.068 0.497 0.057 
415    C4802    (0)    9 :  0.017 0.024 0.619 0.129 0.088 0.043 0.023 0.057 
416    C4805    (0)    9 :  0.101 0.010 0.017 0.122 0.054 0.063 0.111 0.521 
417    C4806    (0)    9 :  0.015 0.008 0.013 0.096 0.046 0.200 0.044 0.578 
418    C4850    (0)    9 :  0.027 0.080 0.041 0.051 0.196 0.085 0.186 0.334 
419    C4748    (0)   10 :  0.088 0.009 0.009 0.510 0.090 0.089 0.166 0.038 
420    C4753    (0)   10 :  0.073 0.012 0.030 0.064 0.288 0.138 0.039 0.356 
421    C4754    (0)   10 :  0.051 0.012 0.030 0.042 0.066 0.040 0.143 0.615 
422    C4760    (0)   10 :  0.018 0.051 0.069 0.017 0.131 0.162 0.258 0.293 
423    C4761    (0)   10 :  0.100 0.009 0.025 0.371 0.047 0.053 0.342 0.053 
424    C4762    (0)   10 :  0.544 0.023 0.011 0.035 0.075 0.076 0.174 0.061 
425    C4791    (0)   10 :  0.082 0.008 0.012 0.030 0.164 0.222 0.201 0.281 
426    C4810    (0)   10 :  0.019 0.044 0.069 0.749 0.028 0.042 0.026 0.024 
427    C4812    (0)   10 :  0.024 0.037 0.035 0.120 0.130 0.266 0.046 0.342 
428    C4821    (0)   10 :  0.063 0.081 0.030 0.031 0.207 0.103 0.112 0.374 
429    C4864    (0)   10 :  0.021 0.032 0.028 0.023 0.033 0.029 0.617 0.218 
430    C4866    (0)   10 :  0.036 0.038 0.009 0.345 0.085 0.345 0.030 0.113 
431    C1722    (0)   10 :  0.029 0.023 0.047 0.260 0.120 0.353 0.013 0.155 
432    C1724    (0)   10 :  0.014 0.009 0.007 0.671 0.112 0.111 0.019 0.056 
433    C1725    (0)   10 :  0.041 0.060 0.029 0.288 0.253 0.214 0.012 0.103 
434    C1726    (0)   10 :  0.064 0.012 0.011 0.065 0.237 0.277 0.016 0.320 
435    C1731    (0)   10 :  0.071 0.048 0.014 0.353 0.158 0.136 0.059 0.161 
436    C1733    (9)   10 :  0.019 0.033 0.025 0.251 0.230 0.329 0.032 0.082 
437    C1734    (0)   10 :  0.026 0.070 0.013 0.041 0.217 0.257 0.069 0.306 
438    C1735    (0)   10 :  0.027 0.018 0.009 0.147 0.282 0.383 0.008 0.126 
439    C1738    (0)   10 :  0.017 0.079 0.013 0.322 0.233 0.190 0.026 0.121 
440    C1740    (9)   10 :  0.034 0.205 0.044 0.092 0.281 0.088 0.032 0.225 
441    C1741    (0)   10 :  0.122 0.038 0.065 0.015 0.322 0.123 0.235 0.079 
442    C1742    (0)   10 :  0.013 0.019 0.018 0.032 0.046 0.099 0.022 0.751 
443    C1743    (0)   10 :  0.397 0.037 0.017 0.080 0.118 0.247 0.022 0.083 
444    C1745    (0)   10 :  0.020 0.018 0.025 0.041 0.605 0.125 0.035 0.132 
445    C1746    (0)   10 :  0.137 0.029 0.036 0.223 0.139 0.195 0.076 0.164 
446    C1747    (0)   10 :  0.116 0.023 0.198 0.206 0.166 0.214 0.017 0.060 
447    C4742    (9)   10 :  0.102 0.034 0.018 0.045 0.077 0.046 0.492 0.185 
448    C4752    (0)   10 :  0.020 0.024 0.016 0.044 0.026 0.025 0.828 0.018 
449    C4792    (0)   10 :  0.088 0.086 0.065 0.133 0.074 0.080 0.281 0.194 
450    C4811    (0)   10 :  0.018 0.029 0.025 0.016 0.039 0.028 0.821 0.025 
451    C4814    (0)   10 :  0.064 0.031 0.019 0.037 0.081 0.050 0.568 0.150 
452    C4815    (0)   10 :  0.045 0.035 0.069 0.039 0.384 0.270 0.063 0.094 
453    C4818    (0)   10 :  0.072 0.178 0.024 0.108 0.075 0.241 0.200 0.102 
454    C4819    (0)   10 :  0.040 0.043 0.018 0.131 0.165 0.060 0.414 0.129 
455    C4826    (0)   10 :  0.059 0.008 0.011 0.065 0.244 0.076 0.032 0.505 
456    C4829    (0)   10 :  0.202 0.023 0.092 0.053 0.175 0.120 0.021 0.314 
457    C4830    (0)   10 :  0.116 0.028 0.010 0.013 0.073 0.044 0.033 0.683 
458    C4831    (0)   10 :  0.046 0.018 0.063 0.035 0.021 0.024 0.741 0.054 
459    C4832    (0)   10 :  0.389 0.016 0.012 0.060 0.052 0.134 0.037 0.301 
460    C4858    (0)   10 :  0.448 0.008 0.035 0.015 0.053 0.099 0.275 0.068 
