

----------------------------------------------------
STRUCTURE by Pritchard, Stephens and Donnelly (2000)
     and Falush, Stephens and Pritchard (2003)
       Code by Pritchard, Falush and Hubisz
             Version 2.3.4 (Jul 2012)
----------------------------------------------------



Command line arguments:   bin\structure -m G:\My Drive\Hoban_Lab_Docs\Projects\Butternut_JUCI\Graphical_Stat_Results\PostIndRemoval\24pop\Reorg_Results\STR\butternut\50-50\mainparams -e G:\My Drive\Hoban_Lab_Docs\Projects\Butternut_JUCI\Graphical_Stat_Results\PostIndRemoval\24pop\Reorg_Results\STR\butternut\50-50\extraparams 
Input File:    G:\My Drive\Hoban_Lab_Docs\Projects\Butternut_JUCI\Graphical_Stat_Results\PostIndRemoval\24pop\Reorg_Results\STR\butternut\project_data

Run parameters:
   993 individuals
   11 loci
   7 populations assumed
   50000 Burn-in period
   50000 Reps


--------------------------------------------
Proportion of membership of each pre-defined
 population in each of the 7 clusters

Given    Inferred Clusters                                   Number of
 Pop       1      2      3      4      5      6      7      Individuals

  1:     0.051  0.045  0.193  0.244  0.047  0.049  0.371       40
  2:     0.029  0.044  0.314  0.194  0.042  0.039  0.338       45
  3:     0.028  0.031  0.174  0.435  0.047  0.047  0.237       62
  4:     0.048  0.036  0.352  0.321  0.031  0.055  0.157       48
  5:     0.053  0.042  0.270  0.222  0.042  0.040  0.331       87
  6:     0.032  0.042  0.183  0.265  0.040  0.056  0.383       70
  7:     0.127  0.231  0.052  0.040  0.281  0.198  0.071       22
  8:     0.202  0.308  0.025  0.028  0.235  0.175  0.027       11
  9:     0.098  0.258  0.213  0.041  0.180  0.156  0.056       33
 10:     0.173  0.249  0.196  0.052  0.105  0.185  0.040       48
 11:     0.094  0.218  0.324  0.032  0.165  0.123  0.043       48
 12:     0.144  0.266  0.035  0.052  0.178  0.271  0.054       90
 13:     0.059  0.142  0.022  0.033  0.558  0.159  0.028       63
 14:     0.137  0.255  0.030  0.081  0.139  0.267  0.092       16
 15:     0.180  0.123  0.084  0.068  0.093  0.335  0.116       31
 16:     0.781  0.067  0.058  0.014  0.033  0.028  0.017       16
 17:     0.058  0.165  0.028  0.099  0.445  0.119  0.086       24
 18:     0.154  0.439  0.039  0.047  0.109  0.139  0.074       12
 19:     0.185  0.242  0.037  0.044  0.216  0.208  0.068       54
 20:     0.310  0.205  0.052  0.044  0.079  0.244  0.067       96
 21:     0.359  0.136  0.020  0.032  0.187  0.181  0.083       22
 22:     0.570  0.093  0.089  0.060  0.032  0.071  0.085       23
 23:     0.391  0.223  0.028  0.039  0.071  0.222  0.027       13
 24:     0.112  0.250  0.051  0.121  0.205  0.202  0.059       19
--------------------------------------------

Allele-freq. divergence among pops (Net nucleotide distance),
computed using point estimates of P.

      1       2       3       4       5       6       7      
 1      -    0.0114  0.0477  0.0359  0.0201  0.0132  0.0375  
 2   0.0114     -    0.0342  0.0293  0.0084  0.0070  0.0307  
 3   0.0477  0.0342     -    0.0356  0.0357  0.0419  0.0340  
 4   0.0359  0.0293  0.0356     -    0.0322  0.0282  0.0206  
 5   0.0201  0.0084  0.0357  0.0322     -    0.0120  0.0326  
 6   0.0132  0.0070  0.0419  0.0282  0.0120     -    0.0318  
 7   0.0375  0.0307  0.0340  0.0206  0.0326  0.0318     -    

Average distances (expected heterozygosity) between individuals in same cluster:
cluster  1  : 0.8332 
cluster  2  : 0.8543 
cluster  3  : 0.8242 
cluster  4  : 0.8197 
cluster  5  : 0.8515 
cluster  6  : 0.8466 
cluster  7  : 0.8077 

--------------------------------------------
Estimated Ln Prob of Data   = -46573.9
Mean value of ln likelihood = -45071.8
Variance of ln likelihood   = 3004.2
Mean value of alpha         = 0.0582

Mean value of Fst_1         = 0.0363
Mean value of Fst_2         = 0.0177
Mean value of Fst_3         = 0.0682
Mean value of Fst_4         = 0.0632
Mean value of Fst_5         = 0.0276
Mean value of Fst_6         = 0.0235
Mean value of Fst_7         = 0.0618


Inferred ancestry of individuals:
        Label (%Miss) Pop:  Inferred clusters
  1    C3984    (0)    1 :  0.007 0.011 0.148 0.019 0.015 0.014 0.785 
  2    C3985    (0)    1 :  0.016 0.018 0.670 0.084 0.016 0.011 0.187 
  3    C3986    (0)    1 :  0.009 0.010 0.760 0.112 0.016 0.011 0.082 
  4    C4231    (0)    1 :  0.015 0.049 0.358 0.066 0.021 0.040 0.450 
  5    C4344    (0)    1 :  0.013 0.025 0.051 0.791 0.027 0.019 0.073 
  6    C4347   (18)    1 :  0.067 0.020 0.055 0.492 0.015 0.024 0.327 
  7    C4352   (18)    1 :  0.023 0.031 0.373 0.075 0.032 0.017 0.449 
  8    C4355    (9)    1 :  0.016 0.014 0.040 0.136 0.030 0.036 0.729 
  9    C4358   (18)    1 :  0.090 0.435 0.041 0.020 0.121 0.222 0.071 
 10    C4419    (9)    1 :  0.015 0.027 0.083 0.016 0.021 0.101 0.738 
 11    C4428    (9)    1 :  0.017 0.011 0.107 0.119 0.014 0.017 0.715 
 12    C4436    (0)    1 :  0.018 0.015 0.405 0.089 0.015 0.011 0.446 
 13    C4437   (18)    1 :  0.037 0.028 0.693 0.032 0.022 0.047 0.141 
 14    C4450    (0)    1 :  0.052 0.063 0.135 0.029 0.095 0.109 0.518 
 15    C4531    (0)    1 :  0.020 0.023 0.890 0.010 0.026 0.018 0.013 
 16    C1615    (0)    1 :  0.111 0.079 0.396 0.054 0.086 0.058 0.217 
 17    C1616    (0)    1 :  0.167 0.123 0.074 0.078 0.023 0.312 0.224 
 18    C1617    (9)    1 :  0.020 0.014 0.013 0.170 0.011 0.028 0.743 
 19    C1618    (0)    1 :  0.041 0.037 0.522 0.030 0.109 0.018 0.243 
 20    C1619    (0)    1 :  0.085 0.053 0.139 0.112 0.217 0.032 0.363 
 21    C1620    (9)    1 :  0.054 0.068 0.248 0.052 0.168 0.023 0.386 
 22    C1621    (0)    1 :  0.460 0.055 0.028 0.035 0.043 0.083 0.296 
 23    C1623    (9)    1 :  0.135 0.058 0.454 0.017 0.249 0.047 0.038 
 24    C1625    (0)    1 :  0.131 0.058 0.047 0.113 0.160 0.022 0.468 
 25    C1626    (0)    1 :  0.112 0.080 0.026 0.038 0.040 0.156 0.548 
 26    C1627    (9)    1 :  0.036 0.019 0.044 0.021 0.023 0.013 0.844 
 27    C1633    (0)    1 :  0.013 0.008 0.013 0.016 0.011 0.011 0.928 
 28    C1637    (0)    1 :  0.023 0.019 0.017 0.041 0.014 0.023 0.862 
 29    C1650    (0)    1 :  0.030 0.023 0.549 0.062 0.017 0.043 0.274 
 30    C3202    (0)    1 :  0.022 0.013 0.019 0.906 0.013 0.011 0.016 
 31    C3248    (0)    1 :  0.013 0.023 0.010 0.149 0.015 0.011 0.779 
 32    C3304    (9)    1 :  0.012 0.014 0.018 0.773 0.014 0.055 0.114 
 33    C3326    (0)    1 :  0.033 0.145 0.137 0.476 0.026 0.076 0.106 
 34    C3333    (0)    1 :  0.017 0.013 0.011 0.915 0.013 0.015 0.017 
 35    C3339   (18)    1 :  0.018 0.027 0.017 0.308 0.041 0.070 0.519 
 36    C3346    (0)    1 :  0.006 0.008 0.014 0.941 0.011 0.008 0.012 
 37    C3349    (0)    1 :  0.018 0.045 0.016 0.730 0.035 0.070 0.087 
 38    C3367   (18)    1 :  0.028 0.015 0.056 0.836 0.017 0.025 0.023 
 39    C3374    (0)    1 :  0.006 0.008 0.017 0.032 0.010 0.009 0.918 
 40    C3405    (0)    1 :  0.013 0.021 0.014 0.766 0.042 0.059 0.085 
 41    C4543    (0)    2 :  0.013 0.015 0.841 0.058 0.019 0.026 0.028 
 42    C4545    (9)    2 :  0.008 0.011 0.875 0.015 0.044 0.009 0.037 
 43    C4551    (9)    2 :  0.031 0.267 0.406 0.021 0.068 0.034 0.173 
 44    C4491    (0)    2 :  0.030 0.112 0.559 0.078 0.084 0.049 0.088 
 45    C4494    (0)    2 :  0.009 0.013 0.162 0.628 0.014 0.012 0.162 
 46    C4495    (0)    2 :  0.019 0.107 0.082 0.691 0.049 0.017 0.035 
 47    C4497    (9)    2 :  0.013 0.019 0.032 0.051 0.019 0.020 0.847 
 48    C4501    (0)    2 :  0.013 0.032 0.041 0.017 0.027 0.097 0.773 
 49    C4502    (0)    2 :  0.014 0.012 0.241 0.058 0.076 0.022 0.577 
 50    C4503    (0)    2 :  0.019 0.023 0.764 0.013 0.155 0.014 0.012 
 51    C4504    (0)    2 :  0.085 0.074 0.149 0.069 0.314 0.144 0.164 
 52    C4470    (0)    2 :  0.023 0.083 0.086 0.025 0.030 0.028 0.726 
 53    C4471    (0)    2 :  0.014 0.018 0.647 0.038 0.028 0.037 0.218 
 54    C4474    (9)    2 :  0.023 0.035 0.888 0.008 0.019 0.015 0.012 
 55    C4476    (0)    2 :  0.010 0.015 0.094 0.021 0.015 0.012 0.833 
 56    C4479    (0)    2 :  0.044 0.014 0.063 0.115 0.011 0.017 0.735 
 57    C4482    (0)    2 :  0.179 0.057 0.449 0.169 0.013 0.052 0.081 
 58    C4483    (0)    2 :  0.011 0.012 0.931 0.008 0.015 0.013 0.010 
 59    C4484    (0)    2 :  0.025 0.035 0.460 0.239 0.067 0.076 0.098 
 60    C4485    (0)    2 :  0.049 0.090 0.059 0.400 0.035 0.069 0.298 
 61    C4489    (0)    2 :  0.023 0.018 0.310 0.139 0.034 0.038 0.438 
 62    C4505    (0)    2 :  0.012 0.028 0.097 0.023 0.016 0.016 0.808 
 63    C4507    (0)    2 :  0.012 0.060 0.363 0.015 0.132 0.057 0.362 
 64    C4535    (0)    2 :  0.029 0.032 0.858 0.013 0.026 0.022 0.019 
 65    C4542    (0)    2 :  0.030 0.214 0.361 0.020 0.036 0.319 0.020 
 66    C4553    (9)    2 :  0.020 0.044 0.708 0.087 0.016 0.022 0.103 
 67    C4562   (18)    2 :  0.024 0.037 0.699 0.048 0.045 0.017 0.131 
 68    C4582   (18)    2 :  0.033 0.025 0.800 0.027 0.017 0.022 0.076 
 69    C4693    (0)    2 :  0.012 0.009 0.917 0.020 0.007 0.011 0.024 
 70    C4696    (0)    2 :  0.027 0.078 0.696 0.024 0.041 0.022 0.112 
 71    C3179    (0)    2 :  0.011 0.017 0.017 0.825 0.044 0.021 0.065 
 72    C3181    (0)    2 :  0.028 0.034 0.017 0.238 0.022 0.051 0.611 
 73    C3188    (0)    2 :  0.019 0.025 0.016 0.121 0.034 0.028 0.755 
 74    C3190    (0)    2 :  0.024 0.021 0.033 0.841 0.013 0.049 0.018 
 75    C3193    (0)    2 :  0.028 0.022 0.016 0.276 0.009 0.014 0.636 
 76    C3232    (0)    2 :  0.009 0.011 0.078 0.106 0.012 0.014 0.771 
 77    C3236    (0)    2 :  0.009 0.011 0.042 0.837 0.009 0.010 0.082 
 78    C3249    (0)    2 :  0.035 0.029 0.024 0.343 0.034 0.054 0.482 
 79    C3250    (0)    2 :  0.010 0.009 0.015 0.029 0.007 0.012 0.920 
 80    C3253    (0)    2 :  0.012 0.011 0.012 0.009 0.009 0.009 0.939 
 81    C3255    (0)    2 :  0.010 0.012 0.032 0.186 0.011 0.012 0.737 
 82    C3277    (0)    2 :  0.069 0.064 0.022 0.109 0.035 0.049 0.651 
 83    C3315    (0)    2 :  0.151 0.072 0.082 0.020 0.102 0.072 0.502 
 84    C3288    (0)    2 :  0.021 0.014 0.022 0.892 0.015 0.013 0.022 
 85    C3293    (0)    2 :  0.035 0.044 0.049 0.767 0.038 0.044 0.024 
 86    C4018    (0)    3 :  0.008 0.009 0.708 0.223 0.008 0.016 0.028 
 87    C3980    (0)    3 :  0.013 0.010 0.908 0.028 0.010 0.012 0.019 
 88    C3987    (0)    3 :  0.010 0.010 0.881 0.029 0.012 0.011 0.048 
 89    C3988    (0)    3 :  0.012 0.013 0.837 0.060 0.010 0.009 0.059 
 90    C3989    (0)    3 :  0.009 0.076 0.043 0.773 0.011 0.033 0.056 
 91    C4011    (0)    3 :  0.006 0.006 0.676 0.141 0.006 0.006 0.160 
 92    C4017    (0)    3 :  0.006 0.007 0.943 0.013 0.007 0.007 0.016 
 93    C4296    (0)    3 :  0.055 0.239 0.075 0.037 0.063 0.078 0.453 
 94    C4301    (9)    3 :  0.016 0.020 0.010 0.093 0.058 0.791 0.012 
 95    C4303    (0)    3 :  0.277 0.037 0.015 0.569 0.029 0.037 0.036 
 96    C4453    (0)    3 :  0.046 0.015 0.130 0.583 0.076 0.031 0.119 
 97    C4455    (9)    3 :  0.040 0.017 0.048 0.847 0.018 0.014 0.016 
 98    C4456   (18)    3 :  0.090 0.025 0.356 0.343 0.120 0.051 0.015 
 99    C4457    (9)    3 :  0.059 0.032 0.027 0.775 0.021 0.046 0.040 
100    C4459    (9)    3 :  0.021 0.030 0.200 0.411 0.014 0.020 0.303 
101    C4464   (18)    3 :  0.009 0.011 0.057 0.700 0.011 0.009 0.205 
102    C4467   (18)    3 :  0.009 0.009 0.032 0.270 0.009 0.008 0.662 
103    C4468    (9)    3 :  0.042 0.014 0.038 0.187 0.017 0.016 0.686 
104    C4783    (0)    3 :  0.013 0.044 0.723 0.181 0.014 0.012 0.012 
105    C4786    (0)    3 :  0.011 0.014 0.212 0.697 0.011 0.020 0.035 
106    C4789    (9)    3 :  0.012 0.016 0.364 0.366 0.009 0.054 0.179 
107    C4891    (0)    3 :  0.012 0.038 0.070 0.825 0.022 0.017 0.015 
108    C4896    (0)    3 :  0.047 0.048 0.514 0.282 0.027 0.064 0.017 
109    C4898    (0)    3 :  0.016 0.028 0.763 0.103 0.015 0.014 0.062 
110    C4901    (0)    3 :  0.011 0.011 0.174 0.766 0.007 0.017 0.015 
111    C4903    (9)    3 :  0.030 0.021 0.067 0.813 0.013 0.040 0.016 
112    C4904    (0)    3 :  0.008 0.039 0.717 0.189 0.011 0.018 0.019 
113    C3263    (0)    3 :  0.024 0.016 0.016 0.350 0.177 0.013 0.403 
114    C3271    (0)    3 :  0.013 0.026 0.026 0.110 0.024 0.025 0.776 
115    C3272    (0)    3 :  0.010 0.023 0.014 0.043 0.019 0.034 0.857 
116    C3276    (0)    3 :  0.030 0.046 0.018 0.511 0.077 0.293 0.025 
117    C3280    (9)    3 :  0.025 0.051 0.024 0.026 0.075 0.029 0.769 
118    C3305    (9)    3 :  0.009 0.010 0.012 0.012 0.009 0.012 0.937 
119    C3306    (0)    3 :  0.031 0.043 0.025 0.130 0.082 0.029 0.660 
120    C3324    (0)    3 :  0.016 0.059 0.022 0.020 0.141 0.015 0.727 
121    C3329    (0)    3 :  0.032 0.091 0.178 0.115 0.085 0.046 0.454 
122    C3336    (0)    3 :  0.015 0.029 0.023 0.076 0.017 0.044 0.796 
123    C3341   (18)    3 :  0.036 0.049 0.062 0.035 0.722 0.035 0.061 
124    C3409   (18)    3 :  0.051 0.069 0.061 0.175 0.067 0.118 0.459 
125    C3168    (9)    3 :  0.008 0.010 0.016 0.926 0.012 0.011 0.016 
126    C3170    (0)    3 :  0.009 0.013 0.019 0.881 0.014 0.020 0.045 
127    C3214   (18)    3 :  0.039 0.017 0.021 0.632 0.010 0.174 0.105 
128    C3227    (0)    3 :  0.012 0.009 0.016 0.919 0.010 0.022 0.012 
129    C3228    (0)    3 :  0.030 0.042 0.074 0.050 0.032 0.036 0.736 
130    C3279    (0)    3 :  0.018 0.056 0.013 0.815 0.015 0.058 0.025 
131    C3322    (0)    3 :  0.079 0.080 0.056 0.674 0.015 0.078 0.019 
132    C3303    (0)    3 :  0.016 0.039 0.019 0.796 0.035 0.052 0.043 
133    C3317    (0)    3 :  0.016 0.020 0.025 0.060 0.024 0.014 0.842 
134    C3355    (0)    3 :  0.013 0.014 0.027 0.638 0.020 0.012 0.277 
135    C3376    (9)    3 :  0.023 0.019 0.028 0.232 0.015 0.067 0.617 
136    C3401    (0)    3 :  0.029 0.029 0.034 0.101 0.023 0.026 0.759 
137    C3203    (9)    3 :  0.037 0.021 0.036 0.515 0.063 0.069 0.258 
138    C3245    (0)    3 :  0.020 0.013 0.009 0.911 0.010 0.018 0.018 
139    C3302    (0)    3 :  0.016 0.015 0.010 0.918 0.015 0.015 0.010 
140    C3307    (0)    3 :  0.094 0.039 0.101 0.588 0.122 0.013 0.043 
141    C3310    (0)    3 :  0.008 0.010 0.009 0.944 0.011 0.010 0.008 
142    C3312    (9)    3 :  0.034 0.055 0.047 0.376 0.024 0.020 0.443 
143    C3345    (0)    3 :  0.013 0.010 0.018 0.909 0.021 0.013 0.016 
144    C3371    (0)    3 :  0.011 0.012 0.008 0.909 0.035 0.010 0.015 
145    C3372    (0)    3 :  0.022 0.025 0.024 0.760 0.036 0.018 0.115 
146    C3380    (9)    3 :  0.008 0.006 0.017 0.943 0.007 0.007 0.013 
147    C3417    (0)    3 :  0.029 0.035 0.115 0.551 0.196 0.032 0.041 
148    C4569    (9)    4 :  0.053 0.143 0.422 0.018 0.131 0.166 0.068 
149    C4570    (9)    4 :  0.011 0.015 0.868 0.011 0.013 0.012 0.070 
150    C4571    (9)    4 :  0.022 0.015 0.567 0.027 0.017 0.018 0.336 
151    C4572    (9)    4 :  0.018 0.013 0.907 0.012 0.013 0.013 0.024 
152    C4573    (9)    4 :  0.455 0.066 0.131 0.013 0.037 0.105 0.192 
153    C4575    (9)    4 :  0.105 0.032 0.698 0.031 0.029 0.053 0.053 
154    C4577    (9)    4 :  0.008 0.016 0.917 0.016 0.011 0.011 0.021 
155    C4578    (9)    4 :  0.060 0.056 0.715 0.021 0.025 0.056 0.068 
156    C4600   (18)    4 :  0.034 0.152 0.684 0.022 0.025 0.051 0.033 
157    C4612    (9)    4 :  0.022 0.025 0.746 0.027 0.015 0.149 0.017 
158    C4621    (0)    4 :  0.017 0.010 0.857 0.052 0.007 0.014 0.044 
159    C4622    (9)    4 :  0.009 0.010 0.936 0.019 0.009 0.008 0.009 
160    C4623    (0)    4 :  0.059 0.049 0.277 0.209 0.257 0.055 0.093 
161    C4624    (0)    4 :  0.038 0.018 0.876 0.013 0.015 0.015 0.025 
162    C4625    (0)    4 :  0.486 0.080 0.130 0.016 0.020 0.082 0.187 
163    C4627    (0)    4 :  0.024 0.011 0.869 0.044 0.016 0.019 0.017 
164    C4631    (0)    4 :  0.020 0.023 0.777 0.012 0.142 0.013 0.012 
165    C4632    (0)    4 :  0.018 0.019 0.838 0.032 0.014 0.014 0.064 
166    C3939    (0)    4 :  0.010 0.015 0.843 0.076 0.012 0.023 0.021 
167    C3940    (0)    4 :  0.008 0.048 0.792 0.045 0.023 0.067 0.018 
168    C3945    (0)    4 :  0.006 0.012 0.930 0.021 0.008 0.007 0.016 
169    C4520    (0)    4 :  0.035 0.170 0.040 0.103 0.066 0.442 0.144 
170    C4522    (0)    4 :  0.009 0.010 0.772 0.163 0.011 0.013 0.022 
171    C3182    (0)    4 :  0.012 0.020 0.044 0.830 0.021 0.016 0.058 
172    C3189    (0)    4 :  0.115 0.056 0.027 0.086 0.024 0.063 0.628 
173    C3191    (9)    4 :  0.049 0.018 0.016 0.227 0.026 0.020 0.644 
174    C3196    (0)    4 :  0.019 0.017 0.014 0.852 0.013 0.022 0.063 
175    C3208    (0)    4 :  0.044 0.028 0.203 0.612 0.039 0.040 0.034 
176    C3211    (0)    4 :  0.009 0.012 0.015 0.926 0.011 0.014 0.012 
177    C3212    (0)    4 :  0.014 0.081 0.079 0.147 0.146 0.431 0.102 
178    C3213    (0)    4 :  0.012 0.022 0.011 0.878 0.029 0.027 0.021 
179    C3215    (0)    4 :  0.067 0.024 0.037 0.805 0.015 0.039 0.014 
180    C3217    (0)    4 :  0.018 0.030 0.018 0.503 0.033 0.027 0.372 
181    C3225    (9)    4 :  0.029 0.036 0.023 0.195 0.022 0.057 0.638 
182    C3226    (0)    4 :  0.012 0.012 0.181 0.492 0.015 0.011 0.278 
183    C3238    (9)    4 :  0.020 0.015 0.106 0.772 0.013 0.023 0.050 
184    C3239    (0)    4 :  0.015 0.015 0.024 0.119 0.028 0.025 0.775 
185    C3269   (18)    4 :  0.107 0.035 0.141 0.050 0.022 0.098 0.546 
186    C3273    (0)    4 :  0.044 0.017 0.034 0.385 0.009 0.030 0.481 
187    C3274    (0)    4 :  0.030 0.162 0.050 0.595 0.016 0.119 0.027 
188    C3354    (0)    4 :  0.016 0.020 0.018 0.873 0.011 0.016 0.045 
189    C3361    (0)    4 :  0.014 0.014 0.018 0.897 0.009 0.016 0.032 
190    C3289    (0)    4 :  0.014 0.014 0.013 0.916 0.011 0.016 0.016 
191    C3169    (0)    4 :  0.013 0.008 0.028 0.222 0.010 0.016 0.702 
192    C3199    (9)    4 :  0.034 0.016 0.108 0.708 0.017 0.023 0.092 
193    C3224    (0)    4 :  0.016 0.013 0.013 0.808 0.013 0.019 0.118 
194    C3261   (18)    4 :  0.009 0.018 0.039 0.780 0.013 0.014 0.127 
195    C3320    (0)    4 :  0.032 0.036 0.039 0.742 0.016 0.035 0.101 
196    C4151    (0)    5 :  0.009 0.008 0.932 0.016 0.008 0.007 0.019 
197    C4152    (0)    5 :  0.014 0.012 0.850 0.014 0.012 0.014 0.084 
198    C4153    (0)    5 :  0.028 0.029 0.345 0.457 0.016 0.049 0.077 
199    C4154   (18)    5 :  0.010 0.031 0.719 0.147 0.022 0.019 0.053 
200    C4157    (0)    5 :  0.018 0.113 0.376 0.032 0.016 0.023 0.422 
201    C4158    (0)    5 :  0.012 0.010 0.929 0.017 0.007 0.008 0.018 
202    C4163    (0)    5 :  0.007 0.007 0.942 0.014 0.007 0.007 0.017 
203    C4165    (0)    5 :  0.040 0.254 0.399 0.073 0.175 0.017 0.042 
204    C4248    (9)    5 :  0.022 0.028 0.031 0.233 0.016 0.020 0.651 
205    C4254    (0)    5 :  0.014 0.029 0.057 0.412 0.020 0.031 0.437 
206    C4371    (9)    5 :  0.013 0.016 0.027 0.016 0.026 0.014 0.889 
207    C3936    (0)    5 :  0.013 0.016 0.908 0.017 0.013 0.013 0.020 
208    C3937    (0)    5 :  0.010 0.009 0.926 0.023 0.009 0.008 0.016 
209    C3944    (0)    5 :  0.007 0.009 0.830 0.052 0.009 0.008 0.086 
210    C3954    (0)    5 :  0.034 0.010 0.077 0.056 0.008 0.019 0.795 
211    C3955    (9)    5 :  0.031 0.026 0.386 0.350 0.010 0.034 0.165 
212    C3961    (0)    5 :  0.013 0.014 0.816 0.061 0.044 0.021 0.030 
213    C3974    (0)    5 :  0.016 0.014 0.887 0.022 0.014 0.023 0.024 
214    C4024    (0)    5 :  0.014 0.026 0.544 0.047 0.069 0.031 0.268 
215    C4025    (0)    5 :  0.015 0.009 0.888 0.015 0.027 0.014 0.033 
216    C4028    (0)    5 :  0.049 0.034 0.730 0.038 0.030 0.045 0.074 
217    C4032   (18)    5 :  0.012 0.010 0.034 0.023 0.010 0.011 0.902 
218    C4033   (18)    5 :  0.016 0.015 0.039 0.722 0.013 0.014 0.182 
219    C4034    (0)    5 :  0.022 0.077 0.043 0.436 0.072 0.037 0.312 
220    C4041    (9)    5 :  0.018 0.041 0.033 0.087 0.088 0.136 0.597 
221    C4042   (18)    5 :  0.024 0.134 0.138 0.308 0.104 0.023 0.270 
222    C4043    (9)    5 :  0.020 0.022 0.149 0.107 0.022 0.018 0.662 
223    C4044    (9)    5 :  0.063 0.080 0.130 0.090 0.453 0.070 0.113 
224    C4045    (9)    5 :  0.043 0.032 0.122 0.334 0.015 0.020 0.434 
225    C4046    (9)    5 :  0.025 0.019 0.032 0.154 0.028 0.012 0.730 
226    C4047    (0)    5 :  0.034 0.035 0.016 0.838 0.015 0.024 0.038 
227    C4048    (9)    5 :  0.035 0.034 0.015 0.743 0.048 0.019 0.107 
228    C4055    (9)    5 :  0.037 0.027 0.054 0.035 0.018 0.024 0.806 
229    C4057   (18)    5 :  0.009 0.015 0.024 0.039 0.032 0.015 0.866 
230    C4059    (0)    5 :  0.025 0.014 0.057 0.317 0.013 0.025 0.549 
231    C4060    (9)    5 :  0.018 0.028 0.103 0.081 0.018 0.033 0.719 
232    C4064    (9)    5 :  0.221 0.138 0.041 0.031 0.021 0.033 0.516 
233    C4067    (0)    5 :  0.056 0.019 0.017 0.839 0.031 0.015 0.023 
234    C4068    (9)    5 :  0.027 0.020 0.030 0.850 0.018 0.019 0.036 
235    C4070    (9)    5 :  0.029 0.036 0.161 0.550 0.114 0.017 0.093 
236    C4075   (18)    5 :  0.016 0.023 0.032 0.824 0.022 0.023 0.060 
237    C4081    (9)    5 :  0.024 0.032 0.021 0.076 0.023 0.023 0.800 
238    C4082    (0)    5 :  0.043 0.022 0.080 0.700 0.016 0.040 0.099 
239    C4083    (0)    5 :  0.062 0.226 0.135 0.054 0.250 0.051 0.222 
240    C4086    (0)    5 :  0.130 0.027 0.030 0.111 0.013 0.029 0.661 
241    C4088    (9)    5 :  0.837 0.038 0.029 0.027 0.011 0.021 0.037 
242    C4092    (0)    5 :  0.010 0.022 0.109 0.044 0.046 0.027 0.742 
243    C4099    (9)    5 :  0.023 0.026 0.039 0.173 0.068 0.095 0.575 
244    C4104    (0)    5 :  0.019 0.028 0.593 0.195 0.050 0.017 0.098 
245    C4108   (18)    5 :  0.157 0.255 0.011 0.023 0.033 0.509 0.012 
246    C4118    (0)    5 :  0.047 0.080 0.022 0.015 0.018 0.041 0.777 
247    C4131    (0)    5 :  0.101 0.051 0.478 0.079 0.020 0.027 0.245 
248    C4133    (0)    5 :  0.010 0.012 0.014 0.027 0.009 0.013 0.915 
249    C4135    (0)    5 :  0.006 0.011 0.628 0.055 0.009 0.008 0.284 
250    C4136    (0)    5 :  0.100 0.066 0.677 0.029 0.024 0.077 0.027 
251    C4137    (9)    5 :  0.025 0.044 0.408 0.034 0.020 0.022 0.445 
252    C4139    (0)    5 :  0.008 0.014 0.875 0.038 0.010 0.013 0.042 
253    C4140    (9)    5 :  0.012 0.028 0.793 0.042 0.020 0.012 0.093 
254    C4167    (0)    5 :  0.030 0.039 0.777 0.013 0.040 0.014 0.088 
255    C4236    (0)    5 :  0.037 0.071 0.025 0.066 0.031 0.036 0.735 
256    C4237    (0)    5 :  0.661 0.063 0.068 0.015 0.026 0.090 0.077 
257    C4238    (0)    5 :  0.062 0.029 0.087 0.446 0.016 0.029 0.332 
258    C4241    (0)    5 :  0.021 0.032 0.075 0.573 0.023 0.025 0.252 
259    C4247    (9)    5 :  0.240 0.032 0.101 0.056 0.123 0.045 0.404 
260    C4257    (0)    5 :  0.026 0.017 0.038 0.705 0.019 0.038 0.156 
261    C4383    (0)    5 :  0.068 0.056 0.150 0.035 0.199 0.068 0.424 
262    C4397    (9)    5 :  0.011 0.017 0.084 0.014 0.009 0.009 0.856 
263    C4514    (0)    5 :  0.016 0.015 0.742 0.027 0.024 0.014 0.163 
264    C4519    (0)    5 :  0.009 0.018 0.608 0.216 0.014 0.111 0.025 
265    C4527    (0)    5 :  0.012 0.016 0.161 0.741 0.016 0.013 0.041 
266    C4534    (0)    5 :  0.018 0.032 0.080 0.672 0.057 0.070 0.071 
267    C4699    (0)    5 :  0.046 0.019 0.838 0.047 0.021 0.013 0.015 
268    C1541    (9)    5 :  0.012 0.014 0.019 0.706 0.013 0.011 0.225 
269    C1542    (9)    5 :  0.015 0.013 0.012 0.821 0.012 0.015 0.112 
270    C1544    (0)    5 :  0.051 0.030 0.032 0.215 0.017 0.032 0.624 
271    C1547    (9)    5 :  0.129 0.101 0.044 0.093 0.230 0.257 0.145 
272    C1553    (9)    5 :  0.082 0.210 0.288 0.092 0.124 0.163 0.041 
273    C1555    (9)    5 :  0.022 0.025 0.017 0.037 0.013 0.029 0.856 
274    C1557    (0)    5 :  0.021 0.021 0.032 0.036 0.019 0.015 0.857 
275    C1560    (0)    5 :  0.010 0.015 0.017 0.051 0.016 0.045 0.846 
276    C1565    (0)    5 :  0.014 0.057 0.037 0.614 0.056 0.025 0.197 
277    C1567    (0)    5 :  0.035 0.028 0.035 0.048 0.025 0.059 0.770 
278    C1569    (0)    5 :  0.019 0.021 0.069 0.208 0.031 0.020 0.631 
279    C1571    (0)    5 :  0.083 0.032 0.031 0.480 0.041 0.105 0.228 
280    C1576    (0)    5 :  0.058 0.023 0.159 0.085 0.024 0.031 0.620 
281    C1577    (9)    5 :  0.035 0.030 0.021 0.678 0.018 0.036 0.182 
282    C1579    (0)    5 :  0.023 0.032 0.025 0.321 0.017 0.021 0.561 
283    C3990    (0)    6 :  0.008 0.007 0.928 0.022 0.008 0.007 0.019 
284    C3991    (0)    6 :  0.049 0.023 0.766 0.036 0.054 0.030 0.042 
285    C3992    (0)    6 :  0.036 0.022 0.816 0.033 0.018 0.053 0.023 
286    C3994    (0)    6 :  0.038 0.034 0.163 0.203 0.142 0.048 0.371 
287    C4172    (0)    6 :  0.047 0.039 0.803 0.016 0.042 0.045 0.008 
288    C4173    (9)    6 :  0.013 0.016 0.474 0.046 0.419 0.018 0.015 
289    C4232    (9)    6 :  0.008 0.009 0.011 0.752 0.008 0.010 0.202 
290    C4234    (9)    6 :  0.011 0.012 0.016 0.439 0.010 0.012 0.501 
291    C4259    (0)    6 :  0.013 0.011 0.022 0.183 0.011 0.010 0.751 
292    C4260    (0)    6 :  0.008 0.009 0.026 0.907 0.009 0.010 0.031 
293    C4261    (9)    6 :  0.028 0.075 0.038 0.756 0.054 0.030 0.020 
294    C4262    (0)    6 :  0.012 0.037 0.281 0.116 0.086 0.037 0.430 
295    C4263    (0)    6 :  0.067 0.028 0.029 0.182 0.031 0.013 0.650 
296    C4267    (9)    6 :  0.037 0.021 0.111 0.129 0.014 0.015 0.673 
297    C4269    (0)    6 :  0.025 0.041 0.241 0.318 0.043 0.017 0.315 
298    C4272    (0)    6 :  0.008 0.012 0.014 0.022 0.013 0.012 0.918 
299    C4274    (0)    6 :  0.018 0.037 0.027 0.138 0.015 0.344 0.421 
300    C4276    (9)    6 :  0.081 0.026 0.011 0.070 0.026 0.734 0.052 
301    C4278    (0)    6 :  0.027 0.046 0.078 0.105 0.038 0.068 0.638 
302    C4280    (0)    6 :  0.016 0.046 0.153 0.565 0.020 0.035 0.165 
303    C4281    (0)    6 :  0.022 0.022 0.040 0.095 0.017 0.014 0.790 
304    C4282    (0)    6 :  0.064 0.150 0.019 0.371 0.255 0.030 0.111 
305    C4284    (9)    6 :  0.010 0.009 0.191 0.058 0.010 0.008 0.713 
306    C4286    (9)    6 :  0.032 0.047 0.237 0.460 0.029 0.083 0.113 
307    C4287    (0)    6 :  0.013 0.069 0.138 0.496 0.067 0.079 0.138 
308    C4290    (0)    6 :  0.214 0.079 0.040 0.023 0.092 0.314 0.238 
309    C4307   (18)    6 :  0.018 0.047 0.179 0.410 0.040 0.032 0.275 
310    C4310    (9)    6 :  0.072 0.020 0.076 0.256 0.013 0.059 0.505 
311    C4311   (18)    6 :  0.024 0.036 0.036 0.646 0.025 0.050 0.184 
312    C4312    (0)    6 :  0.018 0.015 0.033 0.388 0.018 0.015 0.513 
313    C4314    (0)    6 :  0.139 0.040 0.020 0.135 0.014 0.028 0.624 
314    C4318    (9)    6 :  0.012 0.029 0.044 0.057 0.054 0.028 0.777 
315    C4321    (9)    6 :  0.015 0.026 0.130 0.461 0.061 0.080 0.228 
316    C4324    (0)    6 :  0.013 0.023 0.055 0.100 0.056 0.032 0.722 
317    C4334    (0)    6 :  0.011 0.013 0.038 0.017 0.041 0.019 0.862 
318    C4529    (0)    6 :  0.040 0.035 0.035 0.368 0.035 0.030 0.457 
319    C1582    (9)    6 :  0.016 0.017 0.166 0.135 0.014 0.017 0.635 
320    C1583    (0)    6 :  0.057 0.024 0.027 0.137 0.020 0.033 0.703 
321    C1584    (9)    6 :  0.021 0.013 0.034 0.045 0.011 0.032 0.844 
322    C1585    (0)    6 :  0.016 0.008 0.028 0.022 0.007 0.012 0.907 
323    C1586    (0)    6 :  0.024 0.025 0.032 0.041 0.051 0.014 0.813 
324    C1589    (0)    6 :  0.012 0.011 0.160 0.069 0.012 0.012 0.724 
325    C1591    (0)    6 :  0.010 0.008 0.026 0.036 0.010 0.010 0.899 
326    C1592    (0)    6 :  0.019 0.024 0.016 0.049 0.030 0.024 0.839 
327    C1594    (0)    6 :  0.065 0.019 0.043 0.122 0.017 0.021 0.714 
328    C1597    (9)    6 :  0.027 0.039 0.043 0.660 0.030 0.050 0.153 
329    C1598    (9)    6 :  0.042 0.022 0.206 0.081 0.017 0.017 0.614 
330    C1599    (0)    6 :  0.010 0.016 0.013 0.281 0.011 0.028 0.640 
331    C1601    (0)    6 :  0.073 0.070 0.443 0.194 0.035 0.035 0.150 
332    C1605    (0)    6 :  0.123 0.102 0.090 0.161 0.048 0.287 0.188 
333    C1609    (0)    6 :  0.009 0.008 0.023 0.021 0.009 0.010 0.920 
334    C1610    (0)    6 :  0.094 0.134 0.017 0.396 0.017 0.115 0.228 
335    C1611    (0)    6 :  0.012 0.015 0.013 0.892 0.035 0.013 0.020 
336    C1612    (0)    6 :  0.009 0.007 0.010 0.930 0.007 0.009 0.028 
337    C1613    (0)    6 :  0.030 0.022 0.033 0.621 0.050 0.035 0.209 
338    C3173    (9)    6 :  0.040 0.063 0.039 0.284 0.057 0.059 0.457 
339    C3204    (0)    6 :  0.017 0.019 0.027 0.851 0.017 0.022 0.048 
340    C3223    (9)    6 :  0.020 0.035 0.019 0.543 0.083 0.264 0.036 
341    C3262    (0)    6 :  0.086 0.029 0.045 0.285 0.034 0.057 0.464 
342    C3270    (0)    6 :  0.014 0.024 0.123 0.612 0.016 0.023 0.188 
343    C3300    (0)    6 :  0.010 0.011 0.238 0.197 0.011 0.014 0.519 
344    C3330    (0)    6 :  0.016 0.049 0.109 0.186 0.023 0.037 0.580 
345    C3390    (9)    6 :  0.019 0.024 0.066 0.458 0.023 0.020 0.390 
346    C3424    (9)    6 :  0.016 0.045 0.045 0.628 0.016 0.034 0.216 
347    C3958    (0)    6 :  0.007 0.012 0.885 0.026 0.014 0.009 0.047 
348    C3962    (0)    6 :  0.007 0.022 0.896 0.017 0.012 0.010 0.036 
349    C4019    (0)    6 :  0.031 0.644 0.196 0.011 0.044 0.062 0.012 
350    C3995   (18)    6 :  0.019 0.020 0.864 0.032 0.029 0.015 0.022 
351    C4000    (0)    6 :  0.017 0.108 0.651 0.104 0.065 0.030 0.025 
352    C4002    (0)    6 :  0.013 0.022 0.865 0.049 0.018 0.010 0.023 
353    C1692    (0)    7 :  0.050 0.356 0.181 0.036 0.030 0.325 0.023 
354    C1693    (0)    7 :  0.019 0.067 0.048 0.216 0.183 0.368 0.099 
355    C1694    (0)    7 :  0.116 0.126 0.019 0.057 0.351 0.207 0.124 
356    C1698    (0)    7 :  0.084 0.374 0.008 0.008 0.196 0.276 0.054 
357    C1699    (0)    7 :  0.532 0.123 0.023 0.037 0.064 0.196 0.024 
358    C1700    (0)    7 :  0.073 0.387 0.105 0.051 0.207 0.123 0.054 
359    C1701    (0)    7 :  0.424 0.420 0.013 0.014 0.037 0.060 0.031 
360    C1702    (0)    7 :  0.131 0.487 0.020 0.016 0.083 0.249 0.013 
361    C1703    (0)    7 :  0.085 0.372 0.026 0.010 0.368 0.121 0.017 
362    C1704    (0)    7 :  0.025 0.109 0.026 0.019 0.206 0.107 0.509 
363    C1705    (0)    7 :  0.019 0.039 0.317 0.011 0.381 0.219 0.014 
364    C1706    (0)    7 :  0.584 0.148 0.011 0.019 0.055 0.163 0.020 
365    C1707    (0)    7 :  0.200 0.053 0.023 0.133 0.038 0.312 0.241 
366    C1708    (0)    7 :  0.023 0.095 0.016 0.013 0.789 0.043 0.022 
367    C1709    (0)    7 :  0.029 0.088 0.080 0.025 0.722 0.032 0.023 
368    C1710    (0)    7 :  0.115 0.543 0.027 0.020 0.122 0.121 0.052 
369    C1712    (0)    7 :  0.015 0.223 0.033 0.012 0.670 0.038 0.008 
370    C1714    (0)    7 :  0.022 0.036 0.012 0.011 0.871 0.026 0.021 
371    C1715    (0)    7 :  0.125 0.269 0.021 0.019 0.022 0.521 0.022 
372    C1717    (0)    7 :  0.033 0.146 0.015 0.057 0.070 0.628 0.051 
373    C1718   (18)    7 :  0.065 0.541 0.016 0.016 0.061 0.203 0.098 
374    C1719    (0)    7 :  0.021 0.086 0.097 0.076 0.648 0.026 0.046 
375    C1656    (0)    8 :  0.542 0.185 0.066 0.013 0.101 0.084 0.010 
376    C1657   (18)    8 :  0.232 0.115 0.021 0.036 0.491 0.089 0.016 
377    C1658    (0)    8 :  0.132 0.456 0.012 0.008 0.040 0.343 0.010 
378    C1659    (0)    8 :  0.174 0.093 0.024 0.082 0.017 0.583 0.026 
379    C1661    (9)    8 :  0.078 0.399 0.023 0.038 0.117 0.241 0.104 
380    C1665    (0)    8 :  0.281 0.464 0.013 0.030 0.056 0.137 0.020 
381    C1667    (9)    8 :  0.018 0.038 0.006 0.008 0.904 0.019 0.007 
382    C1676    (9)    8 :  0.210 0.516 0.035 0.016 0.164 0.044 0.016 
383    C1681    (9)    8 :  0.298 0.208 0.019 0.013 0.118 0.285 0.059 
384    C1682    (0)    8 :  0.140 0.210 0.023 0.019 0.531 0.060 0.018 
385    C1685    (0)    8 :  0.122 0.704 0.031 0.045 0.047 0.037 0.015 
386    C4707    (0)    9 :  0.044 0.745 0.107 0.024 0.030 0.015 0.035 
387    C4747    (0)    9 :  0.023 0.052 0.107 0.217 0.454 0.112 0.035 
388    C4772    (0)    9 :  0.069 0.193 0.566 0.061 0.024 0.055 0.031 
389    C4781    (0)    9 :  0.022 0.066 0.063 0.010 0.717 0.056 0.066 
390    C4782    (0)    9 :  0.076 0.219 0.118 0.025 0.199 0.194 0.170 
391    C4787    (0)    9 :  0.042 0.087 0.121 0.017 0.065 0.639 0.029 
392    C4790    (0)    9 :  0.041 0.226 0.120 0.015 0.551 0.026 0.021 
393    C4803    (0)    9 :  0.052 0.267 0.119 0.058 0.118 0.353 0.033 
394    C4813    (0)    9 :  0.039 0.052 0.794 0.027 0.027 0.053 0.008 
395    C4837    (0)    9 :  0.033 0.521 0.213 0.052 0.030 0.133 0.018 
396    C4838    (0)    9 :  0.074 0.158 0.136 0.012 0.047 0.560 0.012 
397    C4843    (0)    9 :  0.142 0.551 0.085 0.052 0.045 0.113 0.013 
398    C4857    (0)    9 :  0.027 0.026 0.829 0.026 0.018 0.027 0.046 
399    C4828    (0)    9 :  0.234 0.159 0.030 0.300 0.066 0.158 0.053 
400    C4835    (0)    9 :  0.061 0.034 0.726 0.017 0.020 0.121 0.021 
401    C4836    (9)    9 :  0.044 0.197 0.368 0.024 0.129 0.207 0.030 
402    C4842    (0)    9 :  0.307 0.389 0.057 0.024 0.115 0.098 0.010 
403    C4863    (9)    9 :  0.022 0.176 0.054 0.013 0.137 0.550 0.047 
404    C4744    (0)    9 :  0.129 0.371 0.030 0.052 0.293 0.116 0.010 
405    C4745    (0)    9 :  0.153 0.330 0.125 0.017 0.040 0.310 0.026 
406    C4768    (0)    9 :  0.065 0.301 0.215 0.031 0.288 0.029 0.072 
407    C4769    (0)    9 :  0.510 0.098 0.198 0.014 0.069 0.100 0.011 
408    C4771    (0)    9 :  0.064 0.747 0.023 0.011 0.060 0.083 0.012 
409    C4784    (0)    9 :  0.070 0.062 0.211 0.018 0.526 0.053 0.060 
410    C4785    (0)    9 :  0.041 0.029 0.031 0.018 0.826 0.022 0.032 
411    C4795    (0)    9 :  0.031 0.046 0.108 0.035 0.641 0.082 0.057 
412    C4796    (0)    9 :  0.033 0.699 0.018 0.013 0.111 0.107 0.020 
413    C4800    (0)    9 :  0.021 0.129 0.379 0.008 0.015 0.430 0.017 
414    C4801    (0)    9 :  0.210 0.058 0.579 0.009 0.048 0.043 0.053 
415    C4802    (0)    9 :  0.105 0.055 0.024 0.018 0.019 0.054 0.725 
416    C4805    (0)    9 :  0.146 0.476 0.161 0.011 0.141 0.048 0.019 
417    C4806    (0)    9 :  0.237 0.535 0.084 0.009 0.025 0.094 0.014 
418    C4850    (0)    9 :  0.058 0.447 0.220 0.099 0.038 0.098 0.040 
419    C4748    (0)   10 :  0.602 0.030 0.205 0.009 0.073 0.072 0.009 
420    C4753    (0)   10 :  0.079 0.586 0.045 0.015 0.132 0.110 0.034 
421    C4754    (0)   10 :  0.048 0.668 0.170 0.013 0.050 0.023 0.028 
422    C4760    (0)   10 :  0.022 0.260 0.346 0.079 0.031 0.196 0.066 
423    C4761    (0)   10 :  0.395 0.048 0.391 0.009 0.101 0.032 0.023 
424    C4762    (0)   10 :  0.044 0.051 0.251 0.025 0.491 0.127 0.011 
425    C4791    (0)   10 :  0.039 0.236 0.243 0.008 0.067 0.394 0.013 
426    C4810    (0)   10 :  0.738 0.030 0.030 0.046 0.020 0.048 0.089 
427    C4812    (0)   10 :  0.225 0.328 0.057 0.057 0.031 0.258 0.043 
428    C4821    (0)   10 :  0.041 0.411 0.175 0.117 0.077 0.147 0.033 
429    C4864    (0)   10 :  0.025 0.158 0.704 0.030 0.020 0.025 0.037 
430    C4866    (0)   10 :  0.619 0.087 0.040 0.051 0.040 0.153 0.009 
431    C1722    (0)   10 :  0.380 0.192 0.016 0.027 0.036 0.293 0.056 
432    C1724    (0)   10 :  0.708 0.069 0.018 0.010 0.013 0.175 0.007 
433    C1725    (0)   10 :  0.407 0.165 0.013 0.069 0.059 0.251 0.036 
434    C1726    (0)   10 :  0.124 0.493 0.017 0.014 0.095 0.246 0.010 
435    C1731    (0)   10 :  0.451 0.171 0.064 0.057 0.099 0.144 0.014 
436    C1733    (9)   10 :  0.314 0.093 0.029 0.037 0.016 0.485 0.026 
437    C1734    (0)   10 :  0.051 0.308 0.084 0.077 0.031 0.434 0.014 
438    C1735    (0)   10 :  0.213 0.201 0.009 0.018 0.029 0.522 0.009 
439    C1738    (0)   10 :  0.358 0.092 0.029 0.085 0.015 0.408 0.014 
440    C1740    (9)   10 :  0.160 0.293 0.033 0.235 0.044 0.189 0.046 
441    C1741    (0)   10 :  0.018 0.102 0.313 0.063 0.139 0.287 0.078 
442    C1742    (0)   10 :  0.043 0.852 0.020 0.018 0.012 0.038 0.016 
443    C1743    (0)   10 :  0.125 0.132 0.024 0.048 0.447 0.205 0.019 
444    C1745    (0)   10 :  0.087 0.375 0.060 0.029 0.031 0.385 0.033 
445    C1746    (0)   10 :  0.310 0.213 0.093 0.036 0.119 0.192 0.039 
446    C1747    (0)   10 :  0.247 0.048 0.020 0.023 0.137 0.239 0.286 
447    C4742    (9)   10 :  0.042 0.147 0.637 0.032 0.085 0.039 0.017 
448    C4752    (0)   10 :  0.048 0.015 0.849 0.026 0.018 0.026 0.019 
449    C4792    (0)   10 :  0.143 0.162 0.390 0.095 0.089 0.054 0.067 
450    C4811    (0)   10 :  0.015 0.026 0.846 0.032 0.017 0.034 0.030 
451    C4814    (0)   10 :  0.045 0.172 0.611 0.037 0.069 0.044 0.022 
452    C4815    (0)   10 :  0.033 0.086 0.058 0.030 0.044 0.676 0.073 
453    C4818    (0)   10 :  0.164 0.103 0.258 0.212 0.067 0.171 0.027 
454    C4819    (0)   10 :  0.152 0.124 0.565 0.046 0.050 0.044 0.018 
455    C4826    (0)   10 :  0.074 0.534 0.045 0.010 0.071 0.254 0.012 
456    C4829    (0)   10 :  0.065 0.316 0.026 0.028 0.331 0.137 0.097 
457    C4830    (0)   10 :  0.016 0.744 0.040 0.026 0.128 0.036 0.010 
458    C4831    (0)   10 :  0.037 0.042 0.798 0.018 0.038 0.016 0.051 
459    C4832    (0)   10 :  0.109 0.298 0.056 0.018 0.453 0.054 0.013 
460    C4858    (0)   10 :  0.017 0.074 0.327 0.009 0.474 0.065 0.034 
461    C4757    (0)   10 :  0.181 0.319 0.124 0.142 0.046 0.155 0.034 
462    C4770    (9)   10 :  0.019 0.050 0.062 0.345 0.052 0.277 0.194 
463    C4808    (0)   10 :  0.034 0.670 0.120 0.016 0.039 0.088 0.034 
464    C4809    (0)   10 :  0.092 0.816 0.014 0.010 0.013 0.042 0.012 
465    C4820    (0)   10 :  0.127 0.279 0.057 0.032 0.305 0.183 0.018 
466    C4824    (0)   10 :  0.016 0.279 0.044 0.009 0.224 0.414 0.014 
467    C4706    (0)   11 :  0.371 0.242 0.033 0.015 0.048 0.283 0.009 
468    C4708    (0)   11 :  0.009 0.010 0.914 0.022 0.010 0.009 0.025 
469    C4709    (0)   11 :  0.029 0.042 0.061 0.019 0.758 0.073 0.019 
470    C4714    (0)   11 :  0.033 0.093 0.335 0.033 0.414 0.044 0.047 
471    C4722    (0)   11 :  0.110 0.215 0.192 0.019 0.400 0.044 0.018 
472    C4726    (0)   11 :  0.281 0.140 0.152 0.085 0.027 0.241 0.075 
473    C4733    (0)   11 :  0.063 0.226 0.480 0.037 0.107 0.024 0.062 
474    C4734    (0)   11 :  0.303 0.332 0.177 0.023 0.052 0.096 0.017 
475    C4737    (0)   11 :  0.025 0.048 0.041 0.011 0.823 0.022 0.030 
476    C4882    (0)   11 :  0.131 0.668 0.018 0.022 0.074 0.077 0.009 
477    C4883    (0)   11 :  0.012 0.018 0.199 0.017 0.720 0.013 0.020 
478    C4702    (9)   11 :  0.088 0.227 0.146 0.079 0.177 0.173 0.110 
479    C4703    (0)   11 :  0.035 0.081 0.710 0.025 0.065 0.049 0.034 
480    C4727    (0)   11 :  0.408 0.195 0.159 0.016 0.124 0.088 0.009 
481    C4732    (0)   11 :  0.030 0.070 0.085 0.020 0.708 0.071 0.016 
482    C4735    (0)   11 :  0.022 0.233 0.071 0.019 0.042 0.580 0.033 
483    C4736    (0)   11 :  0.030 0.016 0.826 0.029 0.064 0.016 0.019 
484    C4746    (0)   11 :  0.049 0.100 0.478 0.020 0.255 0.090 0.009 
485    C4777    (0)   11 :  0.067 0.623 0.009 0.020 0.021 0.242 0.019 
486    C4846    (0)   11 :  0.067 0.158 0.427 0.083 0.081 0.034 0.150 
487    C4847    (0)   11 :  0.163 0.665 0.071 0.013 0.040 0.040 0.008 
488    C4884    (0)   11 :  0.025 0.266 0.250 0.010 0.161 0.269 0.018 
489    C4705    (0)   11 :  0.019 0.189 0.286 0.028 0.017 0.433 0.029 
490    C4711    (0)   11 :  0.562 0.074 0.195 0.017 0.099 0.031 0.021 
491    C4713    (9)   11 :  0.116 0.076 0.079 0.163 0.085 0.462 0.020 
492    C4716    (0)   11 :  0.073 0.391 0.178 0.021 0.137 0.170 0.031 
493    C4717    (0)   11 :  0.040 0.051 0.789 0.015 0.026 0.024 0.055 
494    C4719    (0)   11 :  0.030 0.880 0.017 0.012 0.030 0.017 0.015 
495    C4721    (0)   11 :  0.017 0.016 0.892 0.018 0.013 0.013 0.031 
496    C4729    (0)   11 :  0.037 0.487 0.251 0.021 0.026 0.168 0.010 
497    C4730    (0)   11 :  0.031 0.039 0.814 0.019 0.053 0.024 0.020 
498    C4773    (0)   11 :  0.037 0.015 0.888 0.013 0.009 0.009 0.030 
499    C4861    (0)   11 :  0.066 0.781 0.043 0.021 0.019 0.052 0.018 
500    C4890    (0)   11 :  0.021 0.127 0.696 0.012 0.077 0.050 0.016 
501    C4718    (0)   11 :  0.062 0.371 0.139 0.012 0.151 0.218 0.048 
502    C4724    (0)   11 :  0.043 0.093 0.667 0.015 0.027 0.146 0.010 
503    C4738    (0)   11 :  0.288 0.035 0.607 0.014 0.018 0.022 0.016 
504    C4739    (0)   11 :  0.161 0.587 0.084 0.035 0.037 0.064 0.031 
