

----------------------------------------------------
STRUCTURE by Pritchard, Stephens and Donnelly (2000)
     and Falush, Stephens and Pritchard (2003)
       Code by Pritchard, Falush and Hubisz
             Version 2.3.4 (Jul 2012)
----------------------------------------------------



Command line arguments:   bin\structure -m G:\My Drive\Hoban_Lab_Docs\Projects\Butternut_JUCI\Graphical_Stat_Results\PostIndRemoval\24pop\Reorg_Results\STR\butternut\50-50\mainparams -e G:\My Drive\Hoban_Lab_Docs\Projects\Butternut_JUCI\Graphical_Stat_Results\PostIndRemoval\24pop\Reorg_Results\STR\butternut\50-50\extraparams 
Input File:    G:\My Drive\Hoban_Lab_Docs\Projects\Butternut_JUCI\Graphical_Stat_Results\PostIndRemoval\24pop\Reorg_Results\STR\butternut\project_data

Run parameters:
   993 individuals
   11 loci
   5 populations assumed
   50000 Burn-in period
   50000 Reps


--------------------------------------------
Proportion of membership of each pre-defined
 population in each of the 5 clusters

Given    Inferred Clusters                     Number of
 Pop       1      2      3      4      5      Individuals

  1:     0.058  0.070  0.280  0.062  0.530       40
  2:     0.064  0.066  0.408  0.039  0.423       45
  3:     0.069  0.071  0.259  0.046  0.554       62
  4:     0.042  0.072  0.399  0.065  0.422       48
  5:     0.057  0.052  0.351  0.072  0.468       87
  6:     0.050  0.075  0.262  0.040  0.573       70
  7:     0.365  0.292  0.064  0.211  0.068       22
  8:     0.296  0.223  0.029  0.422  0.029       11
  9:     0.240  0.232  0.252  0.219  0.056       33
 10:     0.163  0.274  0.237  0.275  0.050       48
 11:     0.200  0.190  0.366  0.200  0.045       48
 12:     0.293  0.365  0.047  0.223  0.072       90
 13:     0.641  0.203  0.028  0.090  0.038       63
 14:     0.252  0.357  0.053  0.216  0.122       16
 15:     0.141  0.396  0.121  0.212  0.130       31
 16:     0.064  0.043  0.064  0.809  0.020       16
 17:     0.550  0.176  0.039  0.097  0.138       24
 18:     0.232  0.388  0.046  0.244  0.091       12
 19:     0.323  0.294  0.053  0.264  0.067       54
 20:     0.127  0.302  0.066  0.430  0.076       96
 21:     0.236  0.237  0.030  0.423  0.074       22
 22:     0.043  0.102  0.132  0.628  0.095       23
 23:     0.144  0.264  0.038  0.507  0.047       13
 24:     0.316  0.357  0.061  0.182  0.084       19
--------------------------------------------

Allele-freq. divergence among pops (Net nucleotide distance),
computed using point estimates of P.

      1       2       3       4       5      
 1      -    0.0073  0.0305  0.0120  0.0276  
 2   0.0073     -    0.0326  0.0081  0.0247  
 3   0.0305  0.0326     -    0.0367  0.0255  
 4   0.0120  0.0081  0.0367     -    0.0299  
 5   0.0276  0.0247  0.0255  0.0299     -    

Average distances (expected heterozygosity) between individuals in same cluster:
cluster  1  : 0.8539 
cluster  2  : 0.8519 
cluster  3  : 0.8323 
cluster  4  : 0.8415 
cluster  5  : 0.8175 

--------------------------------------------
Estimated Ln Prob of Data   = -46725.4
Mean value of ln likelihood = -45641.9
Variance of ln likelihood   = 2167.1
Mean value of alpha         = 0.0676

Mean value of Fst_1         = 0.0194
Mean value of Fst_2         = 0.0139
Mean value of Fst_3         = 0.0569
Mean value of Fst_4         = 0.0237
Mean value of Fst_5         = 0.0490


Inferred ancestry of individuals:
        Label (%Miss) Pop:  Inferred clusters
  1    C3984    (0)    1 :  0.020 0.027 0.528 0.011 0.414 
  2    C3985    (0)    1 :  0.017 0.015 0.746 0.019 0.203 
  3    C3986    (0)    1 :  0.013 0.012 0.905 0.009 0.061 
  4    C4231    (0)    1 :  0.031 0.054 0.573 0.030 0.312 
  5    C4344    (0)    1 :  0.033 0.029 0.069 0.019 0.851 
  6    C4347   (18)    1 :  0.014 0.022 0.058 0.047 0.858 
  7    C4352   (18)    1 :  0.039 0.021 0.672 0.027 0.242 
  8    C4355    (9)    1 :  0.028 0.036 0.086 0.018 0.833 
  9    C4358   (18)    1 :  0.339 0.404 0.067 0.154 0.035 
 10    C4419    (9)    1 :  0.029 0.236 0.426 0.023 0.287 
 11    C4428    (9)    1 :  0.015 0.019 0.302 0.017 0.647 
 12    C4436    (0)    1 :  0.018 0.013 0.485 0.022 0.463 
 13    C4437   (18)    1 :  0.026 0.045 0.746 0.054 0.129 
 14    C4450    (0)    1 :  0.140 0.163 0.343 0.083 0.271 
 15    C4531    (0)    1 :  0.028 0.026 0.903 0.030 0.013 
 16    C1615    (0)    1 :  0.093 0.072 0.501 0.144 0.191 
 17    C1616    (0)    1 :  0.031 0.367 0.113 0.266 0.223 
 18    C1617    (9)    1 :  0.012 0.019 0.015 0.018 0.937 
 19    C1618    (0)    1 :  0.090 0.024 0.719 0.067 0.101 
 20    C1619    (0)    1 :  0.241 0.049 0.191 0.074 0.444 
 21    C1620    (9)    1 :  0.139 0.040 0.399 0.075 0.346 
 22    C1621    (0)    1 :  0.094 0.180 0.056 0.432 0.238 
 23    C1623    (9)    1 :  0.201 0.071 0.544 0.155 0.029 
 24    C1625    (0)    1 :  0.165 0.040 0.082 0.108 0.605 
 25    C1626    (0)    1 :  0.067 0.241 0.046 0.180 0.467 
 26    C1627    (9)    1 :  0.041 0.026 0.209 0.054 0.671 
 27    C1633    (0)    1 :  0.021 0.023 0.044 0.026 0.886 
 28    C1637    (0)    1 :  0.017 0.022 0.028 0.026 0.907 
 29    C1650    (0)    1 :  0.019 0.046 0.660 0.037 0.238 
 30    C3202    (0)    1 :  0.019 0.014 0.036 0.028 0.903 
 31    C3248    (0)    1 :  0.018 0.019 0.012 0.015 0.935 
 32    C3304    (9)    1 :  0.019 0.056 0.024 0.015 0.887 
 33    C3326    (0)    1 :  0.031 0.118 0.132 0.065 0.654 
 34    C3333    (0)    1 :  0.021 0.025 0.018 0.030 0.907 
 35    C3339   (18)    1 :  0.041 0.046 0.024 0.022 0.868 
 36    C3346    (0)    1 :  0.012 0.011 0.019 0.009 0.949 
 37    C3349    (0)    1 :  0.041 0.040 0.019 0.021 0.879 
 38    C3367   (18)    1 :  0.029 0.030 0.334 0.035 0.572 
 39    C3374    (0)    1 :  0.013 0.011 0.042 0.009 0.924 
 40    C3405    (0)    1 :  0.049 0.077 0.032 0.018 0.825 
 41    C4543    (0)    2 :  0.019 0.024 0.902 0.013 0.041 
 42    C4545    (9)    2 :  0.033 0.011 0.920 0.010 0.024 
 43    C4551    (9)    2 :  0.143 0.067 0.661 0.053 0.076 
 44    C4491    (0)    2 :  0.101 0.078 0.654 0.045 0.121 
 45    C4494    (0)    2 :  0.017 0.015 0.288 0.012 0.669 
 46    C4495    (0)    2 :  0.190 0.054 0.282 0.058 0.417 
 47    C4497    (9)    2 :  0.023 0.024 0.081 0.019 0.854 
 48    C4501    (0)    2 :  0.092 0.354 0.144 0.033 0.377 
 49    C4502    (0)    2 :  0.059 0.024 0.586 0.014 0.317 
 50    C4503    (0)    2 :  0.143 0.017 0.799 0.026 0.015 
 51    C4504    (0)    2 :  0.468 0.138 0.255 0.046 0.094 
 52    C4470    (0)    2 :  0.097 0.151 0.228 0.063 0.461 
 53    C4471    (0)    2 :  0.028 0.035 0.815 0.014 0.108 
 54    C4474    (9)    2 :  0.027 0.023 0.903 0.037 0.010 
 55    C4476    (0)    2 :  0.036 0.029 0.354 0.020 0.561 
 56    C4479    (0)    2 :  0.014 0.018 0.100 0.045 0.822 
 57    C4482    (0)    2 :  0.020 0.078 0.613 0.134 0.156 
 58    C4483    (0)    2 :  0.016 0.019 0.943 0.013 0.009 
 59    C4484    (0)    2 :  0.078 0.084 0.577 0.026 0.235 
 60    C4485    (0)    2 :  0.063 0.151 0.118 0.067 0.601 
 61    C4489    (0)    2 :  0.029 0.039 0.374 0.018 0.541 
 62    C4505    (0)    2 :  0.037 0.062 0.391 0.041 0.469 
 63    C4507    (0)    2 :  0.178 0.104 0.618 0.022 0.078 
 64    C4535    (0)    2 :  0.040 0.028 0.886 0.030 0.015 
 65    C4542    (0)    2 :  0.052 0.422 0.466 0.044 0.017 
 66    C4553    (9)    2 :  0.023 0.026 0.828 0.028 0.095 
 67    C4562   (18)    2 :  0.057 0.021 0.745 0.034 0.144 
 68    C4582   (18)    2 :  0.020 0.027 0.878 0.037 0.038 
 69    C4693    (0)    2 :  0.009 0.011 0.940 0.013 0.027 
 70    C4696    (0)    2 :  0.065 0.037 0.781 0.047 0.071 
 71    C3179    (0)    2 :  0.121 0.030 0.032 0.017 0.800 
 72    C3181    (0)    2 :  0.034 0.070 0.029 0.033 0.834 
 73    C3188    (0)    2 :  0.044 0.048 0.045 0.029 0.834 
 74    C3190    (0)    2 :  0.024 0.083 0.045 0.032 0.816 
 75    C3193    (0)    2 :  0.013 0.017 0.022 0.026 0.923 
 76    C3232    (0)    2 :  0.016 0.019 0.208 0.012 0.744 
 77    C3236    (0)    2 :  0.010 0.011 0.033 0.009 0.937 
 78    C3249    (0)    2 :  0.029 0.040 0.024 0.029 0.878 
 79    C3250    (0)    2 :  0.012 0.019 0.056 0.015 0.897 
 80    C3253    (0)    2 :  0.017 0.028 0.087 0.027 0.841 
 81    C3255    (0)    2 :  0.014 0.013 0.068 0.012 0.893 
 82    C3277    (0)    2 :  0.044 0.080 0.032 0.073 0.771 
 83    C3315    (0)    2 :  0.228 0.178 0.196 0.256 0.143 
 84    C3288    (0)    2 :  0.024 0.020 0.097 0.043 0.815 
 85    C3293    (0)    2 :  0.084 0.145 0.249 0.096 0.426 
 86    C4018    (0)    3 :  0.009 0.014 0.882 0.008 0.088 
 87    C3980    (0)    3 :  0.013 0.019 0.924 0.014 0.030 
 88    C3987    (0)    3 :  0.013 0.015 0.921 0.012 0.039 
 89    C3988    (0)    3 :  0.013 0.011 0.849 0.015 0.112 
 90    C3989    (0)    3 :  0.024 0.106 0.235 0.019 0.616 
 91    C4011    (0)    3 :  0.007 0.008 0.780 0.007 0.198 
 92    C4017    (0)    3 :  0.008 0.008 0.954 0.008 0.021 
 93    C4296    (0)    3 :  0.209 0.192 0.178 0.138 0.282 
 94    C4301    (9)    3 :  0.079 0.851 0.016 0.027 0.028 
 95    C4303    (0)    3 :  0.052 0.064 0.032 0.407 0.446 
 96    C4453    (0)    3 :  0.099 0.056 0.358 0.047 0.439 
 97    C4455    (9)    3 :  0.034 0.044 0.243 0.085 0.595 
 98    C4456   (18)    3 :  0.139 0.065 0.604 0.121 0.071 
 99    C4457    (9)    3 :  0.041 0.151 0.064 0.104 0.641 
100    C4459    (9)    3 :  0.016 0.024 0.311 0.031 0.618 
101    C4464   (18)    3 :  0.014 0.013 0.169 0.011 0.794 
102    C4467   (18)    3 :  0.011 0.011 0.102 0.011 0.866 
103    C4468    (9)    3 :  0.019 0.018 0.070 0.040 0.853 
104    C4783    (0)    3 :  0.022 0.019 0.895 0.022 0.042 
105    C4786    (0)    3 :  0.016 0.029 0.596 0.020 0.338 
106    C4789    (9)    3 :  0.013 0.056 0.512 0.018 0.402 
107    C4891    (0)    3 :  0.050 0.053 0.465 0.055 0.376 
108    C4896    (0)    3 :  0.048 0.110 0.706 0.063 0.074 
109    C4898    (0)    3 :  0.022 0.018 0.880 0.018 0.062 
110    C4901    (0)    3 :  0.014 0.029 0.658 0.024 0.276 
111    C4903    (9)    3 :  0.033 0.116 0.294 0.095 0.462 
112    C4904    (0)    3 :  0.021 0.032 0.885 0.011 0.052 
113    C3263    (0)    3 :  0.084 0.015 0.016 0.020 0.866 
114    C3271    (0)    3 :  0.018 0.024 0.029 0.014 0.915 
115    C3272    (0)    3 :  0.034 0.056 0.019 0.015 0.877 
116    C3276    (0)    3 :  0.072 0.394 0.024 0.042 0.468 
117    C3280    (9)    3 :  0.303 0.058 0.087 0.049 0.504 
118    C3305    (9)    3 :  0.028 0.033 0.035 0.015 0.889 
119    C3306    (0)    3 :  0.059 0.037 0.038 0.058 0.808 
120    C3324    (0)    3 :  0.536 0.062 0.045 0.022 0.335 
121    C3329    (0)    3 :  0.117 0.077 0.370 0.063 0.373 
122    C3336    (0)    3 :  0.034 0.053 0.032 0.025 0.856 
123    C3341   (18)    3 :  0.680 0.065 0.095 0.085 0.076 
124    C3409   (18)    3 :  0.081 0.159 0.070 0.048 0.642 
125    C3168    (9)    3 :  0.030 0.027 0.035 0.014 0.894 
126    C3170    (0)    3 :  0.024 0.031 0.037 0.014 0.895 
127    C3214   (18)    3 :  0.014 0.159 0.024 0.024 0.779 
128    C3227    (0)    3 :  0.022 0.045 0.041 0.028 0.863 
129    C3228    (0)    3 :  0.049 0.058 0.165 0.055 0.673 
130    C3279    (0)    3 :  0.038 0.150 0.037 0.046 0.729 
131    C3322    (0)    3 :  0.042 0.266 0.155 0.297 0.240 
132    C3303    (0)    3 :  0.049 0.070 0.019 0.027 0.835 
133    C3317    (0)    3 :  0.030 0.018 0.042 0.019 0.892 
134    C3355    (0)    3 :  0.017 0.011 0.024 0.011 0.938 
135    C3376    (9)    3 :  0.019 0.040 0.026 0.021 0.894 
136    C3401    (0)    3 :  0.037 0.038 0.051 0.036 0.837 
137    C3203    (9)    3 :  0.047 0.048 0.044 0.033 0.828 
138    C3245    (0)    3 :  0.018 0.036 0.013 0.029 0.904 
139    C3302    (0)    3 :  0.052 0.039 0.026 0.039 0.844 
140    C3307    (0)    3 :  0.237 0.024 0.228 0.093 0.418 
141    C3310    (0)    3 :  0.028 0.019 0.017 0.021 0.916 
142    C3312    (9)    3 :  0.037 0.036 0.102 0.077 0.749 
143    C3345    (0)    3 :  0.033 0.016 0.030 0.015 0.905 
144    C3371    (0)    3 :  0.105 0.019 0.020 0.017 0.839 
145    C3372    (0)    3 :  0.043 0.023 0.041 0.025 0.868 
146    C3380    (9)    3 :  0.009 0.010 0.058 0.010 0.912 
147    C3417    (0)    3 :  0.240 0.056 0.387 0.039 0.278 
148    C4569    (9)    4 :  0.162 0.215 0.517 0.068 0.037 
149    C4570    (9)    4 :  0.015 0.013 0.934 0.013 0.025 
150    C4571    (9)    4 :  0.015 0.020 0.800 0.026 0.139 
151    C4572    (9)    4 :  0.015 0.014 0.934 0.020 0.017 
152    C4573    (9)    4 :  0.058 0.166 0.237 0.481 0.058 
153    C4575    (9)    4 :  0.039 0.061 0.790 0.068 0.042 
154    C4577    (9)    4 :  0.014 0.014 0.938 0.011 0.022 
155    C4578    (9)    4 :  0.032 0.076 0.782 0.062 0.047 
156    C4600   (18)    4 :  0.047 0.098 0.734 0.082 0.039 
157    C4612    (9)    4 :  0.024 0.181 0.744 0.022 0.028 
158    C4621    (0)    4 :  0.008 0.012 0.918 0.017 0.045 
159    C4622    (9)    4 :  0.012 0.011 0.949 0.011 0.017 
160    C4623    (0)    4 :  0.292 0.079 0.371 0.054 0.204 
161    C4624    (0)    4 :  0.018 0.019 0.902 0.043 0.019 
162    C4625    (0)    4 :  0.025 0.089 0.145 0.689 0.052 
163    C4627    (0)    4 :  0.016 0.021 0.912 0.024 0.027 
164    C4631    (0)    4 :  0.139 0.018 0.799 0.028 0.015 
165    C4632    (0)    4 :  0.018 0.016 0.902 0.020 0.044 
166    C3939    (0)    4 :  0.016 0.025 0.900 0.012 0.047 
167    C3940    (0)    4 :  0.029 0.052 0.877 0.015 0.027 
168    C3945    (0)    4 :  0.010 0.010 0.955 0.008 0.017 
169    C4520    (0)    4 :  0.118 0.505 0.086 0.084 0.206 
170    C4522    (0)    4 :  0.010 0.012 0.904 0.012 0.060 
171    C3182    (0)    4 :  0.022 0.019 0.040 0.016 0.903 
172    C3189    (0)    4 :  0.042 0.124 0.046 0.135 0.654 
173    C3191    (9)    4 :  0.026 0.023 0.019 0.039 0.892 
174    C3196    (0)    4 :  0.019 0.033 0.016 0.026 0.906 
175    C3208    (0)    4 :  0.049 0.053 0.286 0.044 0.569 
176    C3211    (0)    4 :  0.032 0.046 0.032 0.021 0.869 
177    C3212    (0)    4 :  0.221 0.488 0.102 0.016 0.173 
178    C3213    (0)    4 :  0.053 0.064 0.016 0.018 0.849 
179    C3215    (0)    4 :  0.057 0.100 0.186 0.351 0.306 
180    C3217    (0)    4 :  0.035 0.024 0.021 0.021 0.899 
181    C3225    (9)    4 :  0.036 0.059 0.032 0.041 0.832 
182    C3226    (0)    4 :  0.015 0.013 0.241 0.014 0.716 
183    C3238    (9)    4 :  0.014 0.026 0.098 0.024 0.838 
184    C3239    (0)    4 :  0.032 0.040 0.076 0.017 0.835 
185    C3269   (18)    4 :  0.034 0.157 0.272 0.188 0.349 
186    C3273    (0)    4 :  0.011 0.029 0.027 0.037 0.895 
187    C3274    (0)    4 :  0.026 0.214 0.097 0.063 0.600 
188    C3354    (0)    4 :  0.019 0.027 0.025 0.021 0.908 
189    C3361    (0)    4 :  0.013 0.024 0.026 0.018 0.919 
190    C3289    (0)    4 :  0.018 0.033 0.059 0.019 0.871 
191    C3169    (0)    4 :  0.011 0.017 0.046 0.011 0.914 
192    C3199    (9)    4 :  0.020 0.032 0.228 0.043 0.678 
193    C3224    (0)    4 :  0.017 0.023 0.025 0.026 0.909 
194    C3261   (18)    4 :  0.018 0.020 0.080 0.011 0.871 
195    C3320    (0)    4 :  0.021 0.036 0.037 0.036 0.870 
196    C4151    (0)    5 :  0.009 0.009 0.954 0.009 0.018 
197    C4152    (0)    5 :  0.013 0.019 0.925 0.014 0.029 
198    C4153    (0)    5 :  0.019 0.054 0.600 0.031 0.296 
199    C4154   (18)    5 :  0.027 0.032 0.807 0.014 0.120 
200    C4157    (0)    5 :  0.023 0.046 0.590 0.039 0.301 
201    C4158    (0)    5 :  0.009 0.010 0.944 0.014 0.023 
202    C4163    (0)    5 :  0.008 0.008 0.960 0.008 0.016 
203    C4165    (0)    5 :  0.340 0.031 0.511 0.069 0.048 
204    C4248    (9)    5 :  0.028 0.033 0.068 0.039 0.832 
205    C4254    (0)    5 :  0.026 0.038 0.154 0.021 0.761 
206    C4371    (9)    5 :  0.066 0.041 0.218 0.022 0.654 
207    C3936    (0)    5 :  0.020 0.017 0.921 0.017 0.025 
208    C3937    (0)    5 :  0.011 0.009 0.948 0.013 0.019 
209    C3944    (0)    5 :  0.011 0.009 0.908 0.008 0.064 
210    C3954    (0)    5 :  0.009 0.018 0.200 0.029 0.744 
211    C3955    (9)    5 :  0.013 0.045 0.461 0.043 0.438 
212    C3961    (0)    5 :  0.035 0.020 0.898 0.013 0.034 
213    C3974    (0)    5 :  0.017 0.025 0.915 0.019 0.025 
214    C4024    (0)    5 :  0.051 0.025 0.776 0.015 0.134 
215    C4025    (0)    5 :  0.022 0.017 0.920 0.015 0.026 
216    C4028    (0)    5 :  0.028 0.048 0.757 0.095 0.071 
217    C4032   (18)    5 :  0.013 0.016 0.149 0.013 0.809 
218    C4033   (18)    5 :  0.015 0.015 0.048 0.018 0.904 
219    C4034    (0)    5 :  0.127 0.052 0.062 0.034 0.725 
220    C4041    (9)    5 :  0.166 0.168 0.073 0.027 0.566 
221    C4042   (18)    5 :  0.147 0.046 0.217 0.059 0.531 
222    C4043    (9)    5 :  0.029 0.028 0.320 0.027 0.596 
223    C4044    (9)    5 :  0.536 0.109 0.153 0.076 0.126 
224    C4045    (9)    5 :  0.017 0.023 0.186 0.048 0.726 
225    C4046    (9)    5 :  0.042 0.017 0.074 0.034 0.834 
226    C4047    (0)    5 :  0.035 0.053 0.073 0.118 0.720 
227    C4048    (9)    5 :  0.064 0.054 0.060 0.090 0.733 
228    C4055    (9)    5 :  0.036 0.049 0.307 0.063 0.545 
229    C4057   (18)    5 :  0.047 0.029 0.232 0.014 0.678 
230    C4059    (0)    5 :  0.017 0.028 0.073 0.022 0.861 
231    C4060    (9)    5 :  0.022 0.048 0.395 0.024 0.511 
232    C4064    (9)    5 :  0.052 0.059 0.135 0.394 0.359 
233    C4067    (0)    5 :  0.082 0.037 0.047 0.115 0.719 
234    C4068    (9)    5 :  0.018 0.025 0.028 0.030 0.899 
235    C4070    (9)    5 :  0.157 0.029 0.300 0.036 0.478 
236    C4075   (18)    5 :  0.032 0.042 0.100 0.028 0.799 
237    C4081    (9)    5 :  0.032 0.030 0.036 0.038 0.864 
238    C4082    (0)    5 :  0.033 0.049 0.267 0.062 0.588 
239    C4083    (0)    5 :  0.338 0.091 0.184 0.122 0.265 
240    C4086    (0)    5 :  0.022 0.051 0.067 0.177 0.682 
241    C4088    (9)    5 :  0.018 0.057 0.048 0.801 0.076 
242    C4092    (0)    5 :  0.088 0.047 0.378 0.018 0.469 
243    C4099    (9)    5 :  0.059 0.092 0.069 0.033 0.747 
244    C4104    (0)    5 :  0.034 0.020 0.742 0.022 0.182 
245    C4108   (18)    5 :  0.099 0.493 0.014 0.378 0.017 
246    C4118    (0)    5 :  0.079 0.250 0.061 0.236 0.374 
247    C4131    (0)    5 :  0.032 0.050 0.565 0.114 0.240 
248    C4133    (0)    5 :  0.017 0.024 0.072 0.019 0.868 
249    C4135    (0)    5 :  0.010 0.009 0.745 0.007 0.228 
250    C4136    (0)    5 :  0.036 0.123 0.699 0.117 0.025 
251    C4137    (9)    5 :  0.026 0.037 0.538 0.043 0.356 
252    C4139    (0)    5 :  0.013 0.014 0.907 0.010 0.056 
253    C4140    (9)    5 :  0.019 0.017 0.843 0.016 0.105 
254    C4167    (0)    5 :  0.035 0.019 0.852 0.059 0.036 
255    C4236    (0)    5 :  0.029 0.044 0.049 0.050 0.828 
256    C4237    (0)    5 :  0.034 0.114 0.091 0.724 0.036 
257    C4238    (0)    5 :  0.021 0.043 0.188 0.070 0.678 
258    C4241    (0)    5 :  0.018 0.024 0.064 0.019 0.875 
259    C4247    (9)    5 :  0.203 0.062 0.229 0.163 0.343 
260    C4257    (0)    5 :  0.020 0.041 0.053 0.025 0.861 
261    C4383    (0)    5 :  0.240 0.109 0.379 0.062 0.211 
262    C4397    (9)    5 :  0.016 0.022 0.415 0.024 0.522 
263    C4514    (0)    5 :  0.024 0.015 0.856 0.015 0.090 
264    C4519    (0)    5 :  0.016 0.076 0.866 0.011 0.030 
265    C4527    (0)    5 :  0.024 0.023 0.402 0.022 0.530 
266    C4534    (0)    5 :  0.095 0.114 0.355 0.027 0.409 
267    C4699    (0)    5 :  0.024 0.015 0.887 0.051 0.024 
268    C1541    (9)    5 :  0.013 0.012 0.023 0.013 0.939 
269    C1542    (9)    5 :  0.018 0.020 0.020 0.019 0.923 
270    C1544    (0)    5 :  0.018 0.027 0.045 0.031 0.879 
271    C1547    (9)    5 :  0.255 0.223 0.062 0.212 0.248 
272    C1553    (9)    5 :  0.177 0.235 0.277 0.216 0.096 
273    C1555    (9)    5 :  0.027 0.041 0.042 0.055 0.835 
274    C1557    (0)    5 :  0.028 0.022 0.071 0.035 0.844 
275    C1560    (0)    5 :  0.019 0.036 0.019 0.016 0.910 
276    C1565    (0)    5 :  0.047 0.025 0.033 0.019 0.877 
277    C1567    (0)    5 :  0.032 0.044 0.055 0.050 0.818 
278    C1569    (0)    5 :  0.022 0.018 0.075 0.022 0.863 
279    C1571    (0)    5 :  0.038 0.087 0.053 0.079 0.744 
280    C1576    (0)    5 :  0.028 0.041 0.280 0.068 0.584 
281    C1577    (9)    5 :  0.023 0.045 0.040 0.051 0.840 
282    C1579    (0)    5 :  0.016 0.022 0.021 0.021 0.919 
283    C3990    (0)    6 :  0.010 0.009 0.945 0.009 0.027 
284    C3991    (0)    6 :  0.055 0.033 0.829 0.041 0.042 
285    C3992    (0)    6 :  0.019 0.050 0.863 0.039 0.030 
286    C3994    (0)    6 :  0.151 0.069 0.334 0.051 0.395 
287    C4172    (0)    6 :  0.047 0.094 0.760 0.086 0.013 
288    C4173    (9)    6 :  0.380 0.027 0.537 0.023 0.034 
289    C4232    (9)    6 :  0.009 0.011 0.016 0.009 0.955 
290    C4234    (9)    6 :  0.012 0.013 0.020 0.012 0.944 
291    C4259    (0)    6 :  0.014 0.011 0.028 0.012 0.935 
292    C4260    (0)    6 :  0.012 0.015 0.099 0.009 0.866 
293    C4261    (9)    6 :  0.161 0.109 0.272 0.159 0.300 
294    C4262    (0)    6 :  0.070 0.034 0.471 0.020 0.405 
295    C4263    (0)    6 :  0.038 0.014 0.041 0.049 0.858 
296    C4267    (9)    6 :  0.018 0.023 0.258 0.036 0.664 
297    C4269    (0)    6 :  0.042 0.023 0.509 0.032 0.393 
298    C4272    (0)    6 :  0.025 0.024 0.043 0.015 0.892 
299    C4274    (0)    6 :  0.017 0.393 0.046 0.018 0.526 
300    C4276    (9)    6 :  0.035 0.808 0.015 0.071 0.071 
301    C4278    (0)    6 :  0.053 0.067 0.248 0.034 0.598 
302    C4280    (0)    6 :  0.029 0.047 0.296 0.023 0.605 
303    C4281    (0)    6 :  0.022 0.019 0.070 0.029 0.860 
304    C4282    (0)    6 :  0.296 0.060 0.024 0.083 0.537 
305    C4284    (9)    6 :  0.012 0.012 0.384 0.012 0.580 
306    C4286    (9)    6 :  0.040 0.108 0.345 0.043 0.464 
307    C4287    (0)    6 :  0.079 0.090 0.314 0.023 0.495 
308    C4290    (0)    6 :  0.129 0.461 0.064 0.233 0.114 
309    C4307   (18)    6 :  0.081 0.064 0.422 0.019 0.414 
310    C4310    (9)    6 :  0.015 0.041 0.091 0.057 0.796 
311    C4311   (18)    6 :  0.026 0.049 0.051 0.028 0.846 
312    C4312    (0)    6 :  0.023 0.021 0.079 0.027 0.850 
313    C4314    (0)    6 :  0.018 0.032 0.023 0.098 0.829 
314    C4318    (9)    6 :  0.063 0.062 0.060 0.014 0.801 
315    C4321    (9)    6 :  0.053 0.060 0.369 0.018 0.500 
316    C4324    (0)    6 :  0.076 0.040 0.171 0.019 0.694 
317    C4334    (0)    6 :  0.056 0.024 0.345 0.012 0.563 
318    C4529    (0)    6 :  0.033 0.040 0.053 0.045 0.829 
319    C1582    (9)    6 :  0.017 0.020 0.291 0.022 0.650 
320    C1583    (0)    6 :  0.027 0.040 0.037 0.055 0.842 
321    C1584    (9)    6 :  0.015 0.029 0.064 0.026 0.866 
322    C1585    (0)    6 :  0.011 0.014 0.265 0.016 0.694 
323    C1586    (0)    6 :  0.102 0.023 0.084 0.036 0.754 
324    C1589    (0)    6 :  0.014 0.013 0.324 0.015 0.634 
325    C1591    (0)    6 :  0.012 0.016 0.097 0.014 0.861 
326    C1592    (0)    6 :  0.043 0.031 0.025 0.027 0.875 
327    C1594    (0)    6 :  0.019 0.024 0.085 0.060 0.812 
328    C1597    (9)    6 :  0.028 0.042 0.040 0.033 0.856 
329    C1598    (9)    6 :  0.020 0.022 0.391 0.048 0.520 
330    C1599    (0)    6 :  0.012 0.025 0.019 0.011 0.933 
331    C1601    (0)    6 :  0.053 0.041 0.574 0.093 0.239 
332    C1605    (0)    6 :  0.065 0.492 0.155 0.104 0.184 
333    C1609    (0)    6 :  0.013 0.015 0.227 0.014 0.730 
334    C1610    (0)    6 :  0.026 0.119 0.022 0.108 0.724 
335    C1611    (0)    6 :  0.069 0.029 0.021 0.014 0.867 
336    C1612    (0)    6 :  0.009 0.011 0.014 0.011 0.954 
337    C1613    (0)    6 :  0.029 0.023 0.030 0.021 0.897 
338    C3173    (9)    6 :  0.078 0.059 0.044 0.052 0.767 
339    C3204    (0)    6 :  0.018 0.020 0.036 0.025 0.900 
340    C3223    (9)    6 :  0.151 0.510 0.025 0.023 0.292 
341    C3262    (0)    6 :  0.028 0.054 0.043 0.059 0.817 
342    C3270    (0)    6 :  0.023 0.028 0.258 0.022 0.669 
343    C3300    (0)    6 :  0.011 0.016 0.426 0.012 0.534 
344    C3330    (0)    6 :  0.030 0.042 0.194 0.018 0.717 
345    C3390    (9)    6 :  0.025 0.022 0.153 0.019 0.781 
346    C3424    (9)    6 :  0.023 0.047 0.081 0.026 0.823 
347    C3958    (0)    6 :  0.015 0.011 0.921 0.010 0.043 
348    C3962    (0)    6 :  0.017 0.016 0.931 0.011 0.025 
349    C4019    (0)    6 :  0.143 0.298 0.284 0.256 0.019 
350    C3995   (18)    6 :  0.037 0.020 0.895 0.019 0.029 
351    C4000    (0)    6 :  0.069 0.030 0.853 0.024 0.024 
352    C4002    (0)    6 :  0.019 0.015 0.912 0.016 0.037 
353    C1692    (0)    7 :  0.051 0.667 0.189 0.069 0.024 
354    C1693    (0)    7 :  0.198 0.489 0.059 0.022 0.232 
355    C1694    (0)    7 :  0.395 0.331 0.026 0.127 0.121 
356    C1698    (0)    7 :  0.363 0.442 0.011 0.160 0.023 
357    C1699    (0)    7 :  0.084 0.276 0.032 0.576 0.032 
358    C1700    (0)    7 :  0.326 0.244 0.140 0.218 0.073 
359    C1701    (0)    7 :  0.075 0.192 0.016 0.691 0.026 
360    C1702    (0)    7 :  0.147 0.420 0.025 0.393 0.016 
361    C1703    (0)    7 :  0.605 0.187 0.028 0.168 0.013 
362    C1704    (0)    7 :  0.465 0.249 0.059 0.080 0.147 
363    C1705    (0)    7 :  0.349 0.227 0.384 0.027 0.013 
364    C1706    (0)    7 :  0.137 0.378 0.014 0.444 0.026 
365    C1707    (0)    7 :  0.040 0.378 0.046 0.187 0.348 
366    C1708    (0)    7 :  0.870 0.064 0.022 0.027 0.017 
367    C1709    (0)    7 :  0.784 0.070 0.079 0.038 0.028 
368    C1710    (0)    7 :  0.331 0.233 0.041 0.348 0.047 
369    C1712    (0)    7 :  0.871 0.058 0.033 0.027 0.011 
370    C1714    (0)    7 :  0.905 0.034 0.018 0.027 0.016 
371    C1715    (0)    7 :  0.035 0.517 0.022 0.398 0.027 
372    C1717    (0)    7 :  0.139 0.660 0.018 0.075 0.107 
373    C1718   (18)    7 :  0.154 0.256 0.024 0.498 0.068 
374    C1719    (0)    7 :  0.714 0.043 0.129 0.034 0.079 
375    C1656    (0)    8 :  0.073 0.056 0.046 0.815 0.010 
376    C1657   (18)    8 :  0.555 0.117 0.028 0.277 0.023 
377    C1658    (0)    8 :  0.088 0.472 0.013 0.417 0.010 
378    C1659    (0)    8 :  0.025 0.672 0.028 0.226 0.050 
379    C1661    (9)    8 :  0.229 0.365 0.034 0.283 0.089 
380    C1665    (0)    8 :  0.126 0.258 0.017 0.571 0.028 
381    C1667    (9)    8 :  0.942 0.024 0.007 0.019 0.009 
382    C1676    (9)    8 :  0.220 0.070 0.032 0.659 0.018 
383    C1681    (9)    8 :  0.154 0.308 0.023 0.480 0.036 
384    C1682    (0)    8 :  0.740 0.063 0.029 0.151 0.018 
385    C1685    (0)    8 :  0.108 0.051 0.061 0.745 0.036 
386    C4707    (0)    9 :  0.167 0.052 0.206 0.546 0.029 
387    C4747    (0)    9 :  0.512 0.127 0.200 0.036 0.125 
388    C4772    (0)    9 :  0.046 0.090 0.658 0.140 0.065 
389    C4781    (0)    9 :  0.712 0.108 0.113 0.036 0.032 
390    C4782    (0)    9 :  0.322 0.279 0.141 0.154 0.104 
391    C4787    (0)    9 :  0.079 0.675 0.140 0.081 0.025 
392    C4790    (0)    9 :  0.636 0.057 0.163 0.124 0.020 
393    C4803    (0)    9 :  0.213 0.505 0.151 0.076 0.055 
394    C4813    (0)    9 :  0.043 0.077 0.796 0.067 0.017 
395    C4837    (0)    9 :  0.077 0.401 0.351 0.132 0.040 
396    C4838    (0)    9 :  0.074 0.562 0.124 0.226 0.014 
397    C4843    (0)    9 :  0.138 0.306 0.142 0.380 0.034 
398    C4857    (0)    9 :  0.021 0.028 0.879 0.033 0.039 
399    C4828    (0)    9 :  0.142 0.224 0.055 0.314 0.264 
400    C4835    (0)    9 :  0.023 0.144 0.762 0.054 0.017 
401    C4836    (9)    9 :  0.175 0.340 0.370 0.079 0.037 
402    C4842    (0)    9 :  0.139 0.204 0.058 0.582 0.017 
403    C4863    (9)    9 :  0.135 0.716 0.087 0.030 0.032 
404    C4744    (0)    9 :  0.407 0.165 0.039 0.365 0.024 
405    C4745    (0)    9 :  0.075 0.509 0.123 0.267 0.025 
406    C4768    (0)    9 :  0.428 0.062 0.348 0.110 0.052 
407    C4769    (0)    9 :  0.086 0.136 0.223 0.544 0.012 
408    C4771    (0)    9 :  0.228 0.175 0.041 0.540 0.017 
409    C4784    (0)    9 :  0.589 0.065 0.263 0.056 0.027 
410    C4785    (0)    9 :  0.870 0.027 0.036 0.043 0.025 
411    C4795    (0)    9 :  0.627 0.123 0.162 0.032 0.056 
412    C4796    (0)    9 :  0.467 0.228 0.025 0.258 0.022 
413    C4800    (0)    9 :  0.017 0.579 0.362 0.030 0.011 
414    C4801    (0)    9 :  0.074 0.066 0.599 0.239 0.023 
415    C4802    (0)    9 :  0.039 0.174 0.074 0.240 0.473 
416    C4805    (0)    9 :  0.234 0.108 0.155 0.486 0.017 
417    C4806    (0)    9 :  0.051 0.153 0.071 0.712 0.012 
418    C4850    (0)    9 :  0.076 0.203 0.408 0.224 0.088 
419    C4748    (0)   10 :  0.091 0.099 0.276 0.523 0.011 
420    C4753    (0)   10 :  0.233 0.383 0.056 0.295 0.033 
421    C4754    (0)   10 :  0.287 0.091 0.262 0.338 0.022 
422    C4760    (0)   10 :  0.086 0.284 0.451 0.060 0.120 
423    C4761    (0)   10 :  0.094 0.042 0.380 0.465 0.018 
424    C4762    (0)   10 :  0.404 0.169 0.326 0.086 0.015 
425    C4791    (0)   10 :  0.140 0.486 0.246 0.118 0.011 
426    C4810    (0)   10 :  0.034 0.118 0.066 0.663 0.119 
427    C4812    (0)   10 :  0.043 0.339 0.072 0.494 0.053 
428    C4821    (0)   10 :  0.203 0.300 0.226 0.148 0.123 
429    C4864    (0)   10 :  0.040 0.037 0.793 0.086 0.044 
430    C4866    (0)   10 :  0.038 0.136 0.044 0.768 0.015 
431    C1722    (0)   10 :  0.057 0.194 0.015 0.691 0.044 
432    C1724    (0)   10 :  0.021 0.364 0.022 0.584 0.009 
433    C1725    (0)   10 :  0.109 0.406 0.015 0.420 0.050 
434    C1726    (0)   10 :  0.206 0.439 0.021 0.317 0.016 
435    C1731    (0)   10 :  0.094 0.210 0.061 0.611 0.024 
436    C1733    (9)   10 :  0.025 0.687 0.039 0.217 0.032 
437    C1734    (0)   10 :  0.055 0.703 0.106 0.107 0.029 
438    C1735    (0)   10 :  0.065 0.683 0.010 0.231 0.011 
439    C1738    (0)   10 :  0.017 0.516 0.033 0.403 0.030 
440    C1740    (9)   10 :  0.105 0.347 0.050 0.360 0.138 
441    C1741    (0)   10 :  0.187 0.306 0.383 0.034 0.090 
442    C1742    (0)   10 :  0.121 0.303 0.055 0.492 0.030 
443    C1743    (0)   10 :  0.604 0.208 0.029 0.132 0.027 
444    C1745    (0)   10 :  0.073 0.686 0.106 0.101 0.033 
445    C1746    (0)   10 :  0.170 0.192 0.142 0.459 0.037 
446    C1747    (0)   10 :  0.233 0.342 0.032 0.296 0.096 
447    C4742    (9)   10 :  0.136 0.068 0.678 0.089 0.028 
448    C4752    (0)   10 :  0.020 0.030 0.895 0.034 0.021 
449    C4792    (0)   10 :  0.082 0.071 0.581 0.191 0.075 
450    C4811    (0)   10 :  0.022 0.053 0.874 0.019 0.031 
451    C4814    (0)   10 :  0.093 0.114 0.682 0.079 0.031 
452    C4815    (0)   10 :  0.057 0.764 0.073 0.050 0.056 
453    C4818    (0)   10 :  0.082 0.146 0.374 0.310 0.088 
454    C4819    (0)   10 :  0.115 0.084 0.575 0.190 0.037 
455    C4826    (0)   10 :  0.172 0.533 0.054 0.229 0.012 
456    C4829    (0)   10 :  0.573 0.217 0.043 0.103 0.064 
457    C4830    (0)   10 :  0.672 0.126 0.085 0.097 0.020 
458    C4831    (0)   10 :  0.042 0.018 0.860 0.046 0.034 
459    C4832    (0)   10 :  0.576 0.126 0.079 0.203 0.017 
460    C4858    (0)   10 :  0.429 0.091 0.431 0.032 0.017 
461    C4757    (0)   10 :  0.050 0.186 0.164 0.543 0.057 
462    C4770    (9)   10 :  0.076 0.267 0.148 0.030 0.479 
463    C4808    (0)   10 :  0.146 0.260 0.338 0.226 0.031 
464    C4809    (0)   10 :  0.064 0.132 0.026 0.766 0.012 
465    C4820    (0)   10 :  0.238 0.243 0.073 0.424 0.023 
466    C4824    (0)   10 :  0.338 0.577 0.043 0.031 0.012 
467    C4706    (0)   11 :  0.093 0.376 0.034 0.484 0.013 
468    C4708    (0)   11 :  0.012 0.013 0.933 0.012 0.030 
469    C4709    (0)   11 :  0.798 0.067 0.090 0.027 0.017 
470    C4714    (0)   11 :  0.380 0.076 0.431 0.071 0.043 
471    C4722    (0)   11 :  0.501 0.082 0.206 0.189 0.022 
472    C4726    (0)   11 :  0.049 0.247 0.212 0.406 0.085 
473    C4733    (0)   11 :  0.121 0.036 0.588 0.201 0.053 
474    C4734    (0)   11 :  0.077 0.105 0.157 0.644 0.018 
475    C4737    (0)   11 :  0.847 0.037 0.068 0.031 0.016 
476    C4882    (0)   11 :  0.169 0.190 0.026 0.599 0.017 
477    C4883    (0)   11 :  0.591 0.027 0.344 0.016 0.021 
478    C4702    (9)   11 :  0.226 0.313 0.171 0.146 0.144 
479    C4703    (0)   11 :  0.077 0.058 0.794 0.037 0.034 
480    C4727    (0)   11 :  0.146 0.127 0.120 0.595 0.011 
481    C4732    (0)   11 :  0.724 0.103 0.108 0.044 0.020 
482    C4735    (0)   11 :  0.066 0.786 0.095 0.031 0.022 
483    C4736    (0)   11 :  0.065 0.020 0.851 0.033 0.031 
484    C4746    (0)   11 :  0.331 0.134 0.465 0.055 0.015 
485    C4777    (0)   11 :  0.037 0.610 0.014 0.314 0.025 
486    C4846    (0)   11 :  0.124 0.064 0.574 0.080 0.158 
487    C4847    (0)   11 :  0.112 0.150 0.095 0.632 0.011 
488    C4884    (0)   11 :  0.279 0.414 0.235 0.057 0.014 
489    C4705    (0)   11 :  0.022 0.564 0.323 0.058 0.033 
490    C4711    (0)   11 :  0.221 0.054 0.196 0.508 0.020 
491    C4713    (9)   11 :  0.088 0.561 0.141 0.165 0.045 
492    C4716    (0)   11 :  0.187 0.366 0.221 0.199 0.026 
493    C4717    (0)   11 :  0.024 0.027 0.859 0.067 0.024 
494    C4719    (0)   11 :  0.206 0.111 0.049 0.618 0.017 
495    C4721    (0)   11 :  0.017 0.016 0.919 0.022 0.026 
496    C4729    (0)   11 :  0.052 0.364 0.441 0.128 0.015 
497    C4730    (0)   11 :  0.046 0.036 0.852 0.043 0.023 
498    C4773    (0)   11 :  0.013 0.013 0.898 0.045 0.032 
499    C4861    (0)   11 :  0.110 0.209 0.065 0.590 0.026 
500    C4890    (0)   11 :  0.075 0.078 0.777 0.054 0.016 
501    C4718    (0)   11 :  0.279 0.317 0.191 0.185 0.028 
502    C4724    (0)   11 :  0.051 0.207 0.652 0.075 0.015 
503    C4738    (0)   11 :  0.020 0.025 0.509 0.429 0.016 
504    C4739    (0)   11 :  0.071 0.070 0.081 0.738 0.040 
505    C4844    (0)   11 :  0.072 0.177 0.549 0.157 0.045 
506    C4845    (0)   11 :  0.729 0.075 0.133 0.039 0.024 
507    C4681    (0)   11 :  0.023 0.022 0.685 0.030 0.239 
508    C4682    (0)   11 :  0.322 0.188 0.203 0.126 0.161 
509    C4683    (0)   11 :  0.065 0.053 0.727 0.057 0.099 
510    C4685    (0)   11 :  0.306 0.266 0.337 0.055 0.036 
511    C4715    (0)   11 :  0.197 0.643 0.073 0.032 0.054 
512    C4725    (0)   11 :  0.388 0.242 0.021 0.331 0.018 
513    C4799    (0)   11 :  0.111 0.334 0.277 0.046 0.231 
514    C4889    (9)   11 :  0.065 0.043 0.755 0.120 0.018 
515    U1941    (0)   12 :  0.014 0.892 0.013 0.034 0.048 
516    U1942    (0)   12 :  0.127 0.391 0.299 0.074 0.109 
517    U1957    (9)   12 :  0.062 0.160 0.040 0.078 0.660 
518    U2016    (0)   12 :  0.134 0.371 0.008 0.474 0.013 
519    U2021    (9)   12 :  0.581 0.271 0.030 0.077 0.041 
520    U2022    (0)   12 :  0.744 0.165 0.014 0.045 0.032 
521    U2023    (0)   12 :  0.275 0.413 0.026 0.272 0.014 
522    U2024    (0)   12 :  0.657 0.089 0.060 0.156 0.038 
523    U2025    (9)   12 :  0.395 0.452 0.025 0.069 0.059 
524    U2026    (0)   12 :  0.344 0.269 0.031 0.039 0.317 
525    U2027    (0)   12 :  0.101 0.088 0.038 0.743 0.030 
526    U2028    (0)   12 :  0.431 0.139 0.011 0.407 0.012 
527    U2029    (0)   12 :  0.759 0.055 0.039 0.134 0.013 
528    U2030    (0)   12 :  0.362 0.158 0.011 0.456 0.014 
529    U2031    (0)   12 :  0.155 0.204 0.013 0.613 0.015 
530    U1943    (0)   12 :  0.833 0.074 0.045 0.025 0.023 
531    U1944    (0)   12 :  0.620 0.135 0.028 0.197 0.020 
532    U1945    (0)   12 :  0.603 0.198 0.017 0.163 0.019 
533    U1946    (0)   12 :  0.089 0.191 0.022 0.674 0.024 
534    U1947    (0)   12 :  0.391 0.486 0.022 0.075 0.026 
535    U1948    (0)   12 :  0.099 0.704 0.063 0.062 0.073 
536    U1949    (0)   12 :  0.265 0.362 0.017 0.334 0.022 
537    U1955    (0)   12 :  0.048 0.319 0.055 0.381 0.198 
538    U2005    (0)   12 :  0.265 0.552 0.010 0.018 0.154 
539    U2006    (0)   12 :  0.022 0.893 0.010 0.058 0.017 
540    U2007    (0)   12 :  0.033 0.886 0.013 0.022 0.046 
541    U2008    (0)   12 :  0.033 0.933 0.007 0.017 0.009 
542    U2010    (9)   12 :  0.218 0.578 0.031 0.027 0.145 
543    U2011    (0)   12 :  0.040 0.620 0.011 0.303 0.026 
544    U2012    (0)   12 :  0.249 0.664 0.012 0.057 0.018 
545    U2014    (0)   12 :  0.276 0.498 0.075 0.126 0.025 
546    U2702    (0)   12 :  0.906 0.017 0.024 0.026 0.028 
547    U2703    (0)   12 :  0.803 0.055 0.076 0.038 0.028 
548    U2704    (0)   12 :  0.261 0.518 0.029 0.104 0.087 
549    U2706   (18)   12 :  0.161 0.525 0.056 0.237 0.021 
550    U2707    (0)   12 :  0.192 0.230 0.022 0.537 0.020 
551    U2708    (0)   12 :  0.701 0.100 0.042 0.138 0.019 
552    U2698    (0)   12 :  0.101 0.293 0.121 0.316 0.169 
553    U2700    (0)   12 :  0.226 0.384 0.025 0.306 0.059 
554    U1924    (0)   12 :  0.207 0.597 0.035 0.138 0.022 
555    U1930    (0)   12 :  0.043 0.268 0.025 0.641 0.023 
556    U1931    (0)   12 :  0.191 0.497 0.180 0.101 0.031 
557    U1933    (0)   12 :  0.108 0.684 0.047 0.148 0.013 
558    U1934    (0)   12 :  0.093 0.527 0.050 0.047 0.284 
559    U1935    (0)   12 :  0.088 0.613 0.049 0.036 0.215 
560    U1936    (9)   12 :  0.547 0.346 0.021 0.074 0.012 
561    U1938    (0)   12 :  0.147 0.455 0.118 0.255 0.025 
562    U1939    (0)   12 :  0.035 0.104 0.187 0.590 0.084 
563    U1950    (0)   12 :  0.042 0.655 0.021 0.267 0.015 
564    U1951    (0)   12 :  0.575 0.143 0.093 0.148 0.041 
565    U1953    (0)   12 :  0.094 0.087 0.009 0.787 0.023 
566    U1954    (0)   12 :  0.113 0.694 0.010 0.173 0.010 
567    U2044    (0)   12 :  0.799 0.090 0.015 0.018 0.077 
568    U2045    (0)   12 :  0.119 0.437 0.015 0.418 0.012 
569    U2046    (9)   12 :  0.472 0.369 0.029 0.097 0.032 
570    U2047    (0)   12 :  0.915 0.027 0.010 0.016 0.032 
571    U2048    (0)   12 :  0.501 0.154 0.020 0.280 0.045 
572    U2050    (0)   12 :  0.646 0.179 0.025 0.120 0.029 
573    U2051    (0)   12 :  0.455 0.376 0.016 0.139 0.013 
574    U2056    (0)   12 :  0.044 0.285 0.012 0.646 0.014 
575    U2057    (0)   12 :  0.050 0.781 0.020 0.094 0.054 
576    U2058    (0)   12 :  0.280 0.530 0.036 0.109 0.045 
577    U2059    (9)   12 :  0.036 0.477 0.139 0.266 0.081 
578    U2060    (0)   12 :  0.024 0.677 0.018 0.271 0.010 
579    U2061    (0)   12 :  0.100 0.143 0.009 0.732 0.016 
580    U2062    (9)   12 :  0.064 0.075 0.009 0.839 0.012 
581    U2063    (9)   12 :  0.037 0.233 0.017 0.689 0.024 
582    U2065    (0)   12 :  0.792 0.113 0.022 0.059 0.014 
583    U2067    (0)   12 :  0.215 0.328 0.047 0.375 0.036 
584    U2068    (0)   12 :  0.485 0.211 0.029 0.140 0.135 
585    U2069    (0)   12 :  0.109 0.773 0.013 0.092 0.012 
586    U2070    (0)   12 :  0.070 0.506 0.021 0.363 0.040 
587    U2071    (0)   12 :  0.750 0.171 0.013 0.042 0.024 
588    U2076    (0)   12 :  0.131 0.259 0.033 0.557 0.020 
589    U2077    (0)   12 :  0.197 0.116 0.193 0.322 0.172 
590    U2082    (0)   12 :  0.049 0.834 0.026 0.044 0.047 
591    U2084    (0)   12 :  0.065 0.632 0.027 0.059 0.217 
592    U2089    (0)   12 :  0.203 0.457 0.077 0.213 0.050 
593    U2090    (0)   12 :  0.065 0.349 0.269 0.271 0.046 
594    U2098    (0)   12 :  0.217 0.578 0.011 0.175 0.019 
595    U2108    (0)   12 :  0.599 0.050 0.194 0.017 0.140 
596    U2111    (0)   12 :  0.713 0.129 0.052 0.075 0.030 
597    U2113    (0)   12 :  0.598 0.180 0.042 0.138 0.043 
598    U2114    (0)   12 :  0.103 0.679 0.013 0.171 0.033 
599    U2115    (0)   12 :  0.738 0.200 0.016 0.032 0.014 
600    U2116    (9)   12 :  0.129 0.086 0.034 0.742 0.009 
601    U2117    (0)   12 :  0.095 0.162 0.067 0.042 0.635 
602    U2119    (0)   12 :  0.518 0.195 0.236 0.026 0.025 
603    U2120    (0)   12 :  0.064 0.839 0.020 0.036 0.041 
604    U2664    (0)   12 :  0.099 0.154 0.034 0.038 0.675 
605    U1198    (9)   13 :  0.275 0.275 0.144 0.237 0.070 
606    U1199    (0)   13 :  0.620 0.173 0.066 0.112 0.029 
607    U1200    (0)   13 :  0.859 0.070 0.013 0.043 0.015 
608    U1201    (0)   13 :  0.941 0.014 0.011 0.019 0.014 
609    U1202    (0)   13 :  0.886 0.049 0.016 0.036 0.014 
610    U1203    (0)   13 :  0.913 0.021 0.021 0.031 0.015 
611    U1205    (0)   13 :  0.868 0.039 0.011 0.051 0.031 
612    U1206    (0)   13 :  0.761 0.057 0.094 0.059 0.029 
613    U1207    (0)   13 :  0.895 0.037 0.025 0.024 0.020 
614    U1208    (0)   13 :  0.846 0.037 0.041 0.056 0.020 
615    U1209    (0)   13 :  0.909 0.024 0.011 0.026 0.031 
616    U1210    (0)   13 :  0.832 0.066 0.021 0.048 0.033 
617    U1211    (0)   13 :  0.849 0.027 0.024 0.023 0.077 
618    U1212    (0)   13 :  0.322 0.505 0.018 0.104 0.052 
619    U1213    (0)   13 :  0.688 0.103 0.023 0.131 0.055 
