

----------------------------------------------------
STRUCTURE by Pritchard, Stephens and Donnelly (2000)
     and Falush, Stephens and Pritchard (2003)
       Code by Pritchard, Falush and Hubisz
             Version 2.3.4 (Jul 2012)
----------------------------------------------------



Command line arguments:   bin\structure -m G:\My Drive\Hoban_Lab_Docs\Projects\Butternut_JUCI\Graphical_Stat_Results\PostIndRemoval\24pop\Reorg_Results\STR\butternut\50-50\mainparams -e G:\My Drive\Hoban_Lab_Docs\Projects\Butternut_JUCI\Graphical_Stat_Results\PostIndRemoval\24pop\Reorg_Results\STR\butternut\50-50\extraparams 
Input File:    G:\My Drive\Hoban_Lab_Docs\Projects\Butternut_JUCI\Graphical_Stat_Results\PostIndRemoval\24pop\Reorg_Results\STR\butternut\project_data

Run parameters:
   993 individuals
   11 loci
   5 populations assumed
   50000 Burn-in period
   50000 Reps


--------------------------------------------
Proportion of membership of each pre-defined
 population in each of the 5 clusters

Given    Inferred Clusters                     Number of
 Pop       1      2      3      4      5      Individuals

  1:     0.061  0.295  0.070  0.516  0.058       40
  2:     0.039  0.438  0.071  0.390  0.062       45
  3:     0.053  0.261  0.058  0.556  0.072       62
  4:     0.068  0.396  0.066  0.420  0.049       48
  5:     0.072  0.395  0.056  0.422  0.056       87
  6:     0.052  0.316  0.059  0.520  0.052       70
  7:     0.167  0.051  0.350  0.077  0.355       22
  8:     0.269  0.031  0.375  0.029  0.296       11
  9:     0.147  0.220  0.338  0.056  0.240       33
 10:     0.262  0.204  0.320  0.053  0.161       48
 11:     0.131  0.318  0.298  0.049  0.205       48
 12:     0.242  0.045  0.362  0.079  0.272       90
 13:     0.129  0.026  0.171  0.040  0.633       63
 14:     0.226  0.055  0.336  0.127  0.257       16
 15:     0.323  0.126  0.272  0.140  0.139       31
 16:     0.732  0.061  0.118  0.024  0.065       16
 17:     0.111  0.036  0.185  0.155  0.513       24
 18:     0.202  0.044  0.470  0.103  0.182       12
 19:     0.267  0.049  0.304  0.066  0.313       54
 20:     0.449  0.066  0.280  0.074  0.132       96
 21:     0.457  0.034  0.184  0.072  0.252       22
 22:     0.616  0.135  0.119  0.082  0.049       23
 23:     0.565  0.032  0.238  0.040  0.124       13
 24:     0.191  0.053  0.339  0.097  0.319       19
--------------------------------------------

Allele-freq. divergence among pops (Net nucleotide distance),
computed using point estimates of P.

      1       2       3       4       5      
 1      -    0.0395  0.0067  0.0288  0.0124  
 2   0.0395     -    0.0286  0.0235  0.0307  
 3   0.0067  0.0286     -    0.0233  0.0051  
 4   0.0288  0.0235  0.0233     -    0.0261  
 5   0.0124  0.0307  0.0051  0.0261     -    

Average distances (expected heterozygosity) between individuals in same cluster:
cluster  1  : 0.8392 
cluster  2  : 0.8320 
cluster  3  : 0.8562 
cluster  4  : 0.8184 
cluster  5  : 0.8546 

--------------------------------------------
Estimated Ln Prob of Data   = -46820.4
Mean value of ln likelihood = -45662.2
Variance of ln likelihood   = 2316.3
Mean value of alpha         = 0.0679

Mean value of Fst_1         = 0.0257
Mean value of Fst_2         = 0.0595
Mean value of Fst_3         = 0.0121
Mean value of Fst_4         = 0.0484
Mean value of Fst_5         = 0.0186


Inferred ancestry of individuals:
        Label (%Miss) Pop:  Inferred clusters
  1    C3984    (0)    1 :  0.013 0.802 0.023 0.145 0.018 
  2    C3985    (0)    1 :  0.016 0.767 0.018 0.181 0.018 
  3    C3986    (0)    1 :  0.009 0.919 0.011 0.046 0.015 
  4    C4231    (0)    1 :  0.019 0.638 0.064 0.246 0.032 
  5    C4344    (0)    1 :  0.018 0.075 0.032 0.840 0.035 
  6    C4347   (18)    1 :  0.061 0.072 0.022 0.830 0.015 
  7    C4352   (18)    1 :  0.022 0.735 0.030 0.181 0.032 
  8    C4355    (9)    1 :  0.024 0.162 0.022 0.765 0.026 
  9    C4358   (18)    1 :  0.102 0.055 0.589 0.033 0.221 
 10    C4419    (9)    1 :  0.034 0.567 0.131 0.232 0.036 
 11    C4428    (9)    1 :  0.020 0.436 0.016 0.512 0.016 
 12    C4436    (0)    1 :  0.018 0.475 0.015 0.475 0.017 
 13    C4437   (18)    1 :  0.050 0.703 0.063 0.156 0.028 
 14    C4450    (0)    1 :  0.082 0.376 0.176 0.218 0.148 
 15    C4531    (0)    1 :  0.032 0.876 0.041 0.015 0.035 
 16    C1615    (0)    1 :  0.129 0.442 0.096 0.224 0.110 
 17    C1616    (0)    1 :  0.319 0.127 0.275 0.247 0.032 
 18    C1617    (9)    1 :  0.021 0.018 0.014 0.935 0.012 
 19    C1618    (0)    1 :  0.046 0.719 0.044 0.090 0.100 
 20    C1619    (0)    1 :  0.057 0.183 0.073 0.447 0.240 
 21    C1620    (9)    1 :  0.057 0.306 0.082 0.415 0.140 
 22    C1621    (0)    1 :  0.455 0.059 0.126 0.252 0.109 
 23    C1623    (9)    1 :  0.141 0.463 0.106 0.025 0.265 
 24    C1625    (0)    1 :  0.090 0.058 0.042 0.641 0.169 
 25    C1626    (0)    1 :  0.156 0.037 0.182 0.555 0.069 
 26    C1627    (9)    1 :  0.043 0.197 0.033 0.688 0.039 
 27    C1633    (0)    1 :  0.034 0.096 0.022 0.826 0.022 
 28    C1637    (0)    1 :  0.030 0.036 0.022 0.895 0.017 
 29    C1650    (0)    1 :  0.062 0.722 0.033 0.165 0.018 
 30    C3202    (0)    1 :  0.028 0.035 0.016 0.905 0.017 
 31    C3248    (0)    1 :  0.014 0.011 0.022 0.936 0.016 
 32    C3304    (9)    1 :  0.024 0.025 0.028 0.903 0.020 
 33    C3326    (0)    1 :  0.050 0.106 0.157 0.657 0.031 
 34    C3333    (0)    1 :  0.028 0.020 0.023 0.907 0.022 
 35    C3339   (18)    1 :  0.023 0.023 0.032 0.882 0.040 
 36    C3346    (0)    1 :  0.008 0.020 0.010 0.949 0.013 
 37    C3349    (0)    1 :  0.021 0.019 0.038 0.886 0.037 
 38    C3367   (18)    1 :  0.041 0.294 0.027 0.608 0.030 
 39    C3374    (0)    1 :  0.010 0.090 0.014 0.872 0.015 
 40    C3405    (0)    1 :  0.028 0.040 0.038 0.837 0.058 
 41    C4543    (0)    2 :  0.018 0.898 0.019 0.043 0.021 
 42    C4545    (9)    2 :  0.009 0.921 0.011 0.021 0.038 
 43    C4551    (9)    2 :  0.033 0.588 0.214 0.068 0.098 
 44    C4491    (0)    2 :  0.040 0.605 0.117 0.124 0.114 
 45    C4494    (0)    2 :  0.012 0.477 0.015 0.479 0.016 
 46    C4495    (0)    2 :  0.032 0.316 0.106 0.381 0.165 
 47    C4497    (9)    2 :  0.018 0.191 0.032 0.734 0.025 
 48    C4501    (0)    2 :  0.059 0.253 0.232 0.340 0.116 
 49    C4502    (0)    2 :  0.016 0.636 0.015 0.270 0.063 
 50    C4503    (0)    2 :  0.025 0.740 0.024 0.016 0.195 
 51    C4504    (0)    2 :  0.090 0.425 0.094 0.053 0.337 
 52    C4470    (0)    2 :  0.050 0.289 0.193 0.383 0.086 
 53    C4471    (0)    2 :  0.015 0.889 0.025 0.048 0.022 
 54    C4474    (9)    2 :  0.036 0.889 0.038 0.010 0.027 
 55    C4476    (0)    2 :  0.021 0.463 0.031 0.453 0.031 
 56    C4479    (0)    2 :  0.035 0.117 0.017 0.818 0.013 
 57    C4482    (0)    2 :  0.106 0.717 0.068 0.090 0.019 
 58    C4483    (0)    2 :  0.013 0.941 0.020 0.010 0.016 
 59    C4484    (0)    2 :  0.035 0.587 0.051 0.240 0.087 
 60    C4485    (0)    2 :  0.087 0.141 0.139 0.568 0.065 
 61    C4489    (0)    2 :  0.021 0.507 0.027 0.413 0.031 
 62    C4505    (0)    2 :  0.036 0.512 0.071 0.346 0.035 
 63    C4507    (0)    2 :  0.021 0.587 0.123 0.064 0.205 
 64    C4535    (0)    2 :  0.033 0.870 0.040 0.016 0.041 
 65    C4542    (0)    2 :  0.079 0.323 0.508 0.019 0.070 
 66    C4553    (9)    2 :  0.025 0.839 0.045 0.071 0.021 
 67    C4562   (18)    2 :  0.029 0.731 0.033 0.158 0.050 
 68    C4582   (18)    2 :  0.029 0.889 0.034 0.027 0.021 
 69    C4693    (0)    2 :  0.014 0.935 0.013 0.029 0.009 
 70    C4696    (0)    2 :  0.036 0.737 0.093 0.073 0.061 
 71    C3179    (0)    2 :  0.024 0.033 0.028 0.812 0.103 
 72    C3181    (0)    2 :  0.036 0.039 0.057 0.834 0.034 
 73    C3188    (0)    2 :  0.037 0.078 0.051 0.787 0.048 
 74    C3190    (0)    2 :  0.048 0.036 0.046 0.849 0.022 
 75    C3193    (0)    2 :  0.023 0.026 0.020 0.918 0.013 
 76    C3232    (0)    2 :  0.013 0.302 0.016 0.652 0.016 
 77    C3236    (0)    2 :  0.009 0.038 0.011 0.933 0.010 
 78    C3249    (0)    2 :  0.026 0.033 0.037 0.873 0.031 
 79    C3250    (0)    2 :  0.015 0.106 0.016 0.850 0.013 
 80    C3253    (0)    2 :  0.026 0.191 0.037 0.726 0.019 
 81    C3255    (0)    2 :  0.012 0.121 0.015 0.838 0.014 
 82    C3277    (0)    2 :  0.066 0.032 0.090 0.775 0.038 
 83    C3315    (0)    2 :  0.236 0.241 0.169 0.125 0.229 
 84    C3288    (0)    2 :  0.036 0.107 0.022 0.810 0.026 
 85    C3293    (0)    2 :  0.078 0.296 0.123 0.414 0.089 
 86    C4018    (0)    3 :  0.011 0.908 0.011 0.060 0.010 
 87    C3980    (0)    3 :  0.015 0.923 0.021 0.028 0.014 
 88    C3987    (0)    3 :  0.015 0.919 0.013 0.040 0.014 
 89    C3988    (0)    3 :  0.012 0.839 0.018 0.117 0.014 
 90    C3989    (0)    3 :  0.012 0.271 0.167 0.532 0.018 
 91    C4011    (0)    3 :  0.007 0.851 0.008 0.127 0.007 
 92    C4017    (0)    3 :  0.008 0.959 0.008 0.017 0.008 
 93    C4296    (0)    3 :  0.091 0.147 0.276 0.296 0.190 
 94    C4301    (9)    3 :  0.331 0.019 0.322 0.047 0.281 
 95    C4303    (0)    3 :  0.406 0.027 0.052 0.470 0.045 
 96    C4453    (0)    3 :  0.070 0.402 0.032 0.397 0.099 
 97    C4455    (9)    3 :  0.063 0.318 0.040 0.539 0.039 
 98    C4456   (18)    3 :  0.178 0.474 0.059 0.096 0.193 
 99    C4457    (9)    3 :  0.139 0.083 0.095 0.626 0.057 
100    C4459    (9)    3 :  0.023 0.469 0.029 0.461 0.018 
101    C4464   (18)    3 :  0.011 0.245 0.013 0.718 0.013 
102    C4467   (18)    3 :  0.010 0.181 0.011 0.788 0.010 
103    C4468    (9)    3 :  0.044 0.096 0.018 0.821 0.021 
104    C4783    (0)    3 :  0.015 0.887 0.038 0.040 0.020 
105    C4786    (0)    3 :  0.024 0.577 0.021 0.360 0.018 
106    C4789    (9)    3 :  0.024 0.519 0.034 0.409 0.014 
107    C4891    (0)    3 :  0.034 0.415 0.113 0.386 0.052 
108    C4896    (0)    3 :  0.103 0.659 0.095 0.096 0.047 
109    C4898    (0)    3 :  0.017 0.873 0.021 0.066 0.023 
110    C4901    (0)    3 :  0.031 0.527 0.028 0.400 0.015 
111    C4903    (9)    3 :  0.109 0.212 0.083 0.562 0.033 
112    C4904    (0)    3 :  0.011 0.868 0.039 0.065 0.017 
113    C3263    (0)    3 :  0.017 0.016 0.013 0.868 0.086 
114    C3271    (0)    3 :  0.014 0.026 0.020 0.922 0.018 
115    C3272    (0)    3 :  0.017 0.020 0.040 0.884 0.038 
116    C3276    (0)    3 :  0.125 0.026 0.137 0.594 0.118 
117    C3280    (9)    3 :  0.044 0.096 0.079 0.499 0.282 
118    C3305    (9)    3 :  0.016 0.049 0.036 0.867 0.032 
119    C3306    (0)    3 :  0.029 0.041 0.056 0.821 0.053 
120    C3324    (0)    3 :  0.022 0.042 0.090 0.393 0.454 
121    C3329    (0)    3 :  0.044 0.291 0.110 0.402 0.153 
122    C3336    (0)    3 :  0.025 0.030 0.039 0.871 0.035 
123    C3341   (18)    3 :  0.048 0.085 0.097 0.084 0.686 
124    C3409   (18)    3 :  0.052 0.064 0.152 0.655 0.078 
125    C3168    (9)    3 :  0.016 0.032 0.020 0.911 0.021 
126    C3170    (0)    3 :  0.015 0.036 0.023 0.903 0.023 
127    C3214   (18)    3 :  0.097 0.020 0.043 0.824 0.016 
128    C3227    (0)    3 :  0.036 0.030 0.024 0.890 0.020 
129    C3228    (0)    3 :  0.063 0.258 0.060 0.567 0.052 
130    C3279    (0)    3 :  0.039 0.027 0.128 0.780 0.026 
131    C3322    (0)    3 :  0.294 0.143 0.242 0.279 0.042 
132    C3303    (0)    3 :  0.024 0.016 0.038 0.882 0.040 
133    C3317    (0)    3 :  0.018 0.042 0.022 0.893 0.025 
134    C3355    (0)    3 :  0.010 0.027 0.012 0.938 0.013 
135    C3376    (9)    3 :  0.024 0.037 0.030 0.891 0.018 
136    C3401    (0)    3 :  0.033 0.060 0.043 0.830 0.036 
137    C3203    (9)    3 :  0.063 0.036 0.027 0.825 0.049 
138    C3245    (0)    3 :  0.028 0.013 0.023 0.922 0.015 
139    C3302    (0)    3 :  0.033 0.024 0.038 0.861 0.044 
140    C3307    (0)    3 :  0.063 0.247 0.044 0.410 0.236 
141    C3310    (0)    3 :  0.018 0.017 0.021 0.921 0.022 
142    C3312    (9)    3 :  0.044 0.164 0.064 0.689 0.038 
143    C3345    (0)    3 :  0.014 0.031 0.015 0.907 0.033 
144    C3371    (0)    3 :  0.014 0.019 0.023 0.855 0.088 
145    C3372    (0)    3 :  0.021 0.046 0.029 0.854 0.049 
146    C3380    (9)    3 :  0.010 0.062 0.010 0.909 0.009 
147    C3417    (0)    3 :  0.034 0.364 0.066 0.288 0.248 
148    C4569    (9)    4 :  0.088 0.396 0.278 0.039 0.200 
149    C4570    (9)    4 :  0.013 0.934 0.016 0.022 0.015 
150    C4571    (9)    4 :  0.025 0.827 0.020 0.110 0.017 
151    C4572    (9)    4 :  0.019 0.936 0.014 0.015 0.016 
152    C4573    (9)    4 :  0.468 0.254 0.168 0.058 0.053 
153    C4575    (9)    4 :  0.140 0.714 0.055 0.051 0.041 
154    C4577    (9)    4 :  0.012 0.919 0.022 0.028 0.018 
155    C4578    (9)    4 :  0.080 0.725 0.110 0.050 0.035 
156    C4600   (18)    4 :  0.052 0.606 0.255 0.037 0.050 
157    C4612    (9)    4 :  0.113 0.752 0.083 0.025 0.026 
158    C4621    (0)    4 :  0.017 0.928 0.011 0.036 0.007 
159    C4622    (9)    4 :  0.012 0.945 0.013 0.016 0.013 
160    C4623    (0)    4 :  0.070 0.309 0.094 0.204 0.322 
161    C4624    (0)    4 :  0.051 0.891 0.020 0.018 0.020 
162    C4625    (0)    4 :  0.465 0.242 0.218 0.047 0.028 
163    C4627    (0)    4 :  0.025 0.906 0.023 0.025 0.021 
164    C4631    (0)    4 :  0.025 0.740 0.025 0.017 0.194 
165    C4632    (0)    4 :  0.018 0.913 0.020 0.034 0.015 
166    C3939    (0)    4 :  0.016 0.889 0.027 0.049 0.019 
167    C3940    (0)    4 :  0.017 0.854 0.073 0.028 0.029 
168    C3945    (0)    4 :  0.008 0.953 0.013 0.016 0.010 
169    C4520    (0)    4 :  0.150 0.150 0.334 0.205 0.162 
170    C4522    (0)    4 :  0.011 0.917 0.013 0.048 0.011 
171    C3182    (0)    4 :  0.016 0.036 0.019 0.907 0.023 
172    C3189    (0)    4 :  0.164 0.063 0.119 0.609 0.046 
173    C3191    (9)    4 :  0.038 0.023 0.021 0.892 0.026 
174    C3196    (0)    4 :  0.024 0.016 0.027 0.913 0.019 
175    C3208    (0)    4 :  0.070 0.209 0.035 0.633 0.052 
176    C3211    (0)    4 :  0.027 0.034 0.033 0.874 0.032 
177    C3212    (0)    4 :  0.050 0.120 0.211 0.226 0.393 
178    C3213    (0)    4 :  0.018 0.017 0.039 0.882 0.043 
179    C3215    (0)    4 :  0.380 0.143 0.075 0.349 0.053 
180    C3217    (0)    4 :  0.019 0.023 0.025 0.903 0.030 
181    C3225    (9)    4 :  0.045 0.031 0.045 0.846 0.033 
182    C3226    (0)    4 :  0.013 0.335 0.013 0.623 0.016 
183    C3238    (9)    4 :  0.027 0.121 0.021 0.817 0.015 
184    C3239    (0)    4 :  0.021 0.088 0.024 0.831 0.036 
185    C3269   (18)    4 :  0.205 0.368 0.103 0.286 0.037 
186    C3273    (0)    4 :  0.034 0.032 0.024 0.897 0.011 
187    C3274    (0)    4 :  0.047 0.036 0.244 0.647 0.025 
188    C3354    (0)    4 :  0.019 0.021 0.028 0.918 0.015 
189    C3361    (0)    4 :  0.020 0.025 0.019 0.923 0.014 
190    C3289    (0)    4 :  0.024 0.086 0.027 0.844 0.018 
191    C3169    (0)    4 :  0.016 0.093 0.012 0.867 0.012 
192    C3199    (9)    4 :  0.048 0.210 0.027 0.691 0.022 
193    C3224    (0)    4 :  0.029 0.041 0.018 0.893 0.019 
194    C3261   (18)    4 :  0.011 0.098 0.029 0.847 0.015 
195    C3320    (0)    4 :  0.029 0.044 0.042 0.862 0.022 
196    C4151    (0)    5 :  0.010 0.954 0.011 0.017 0.009 
197    C4152    (0)    5 :  0.017 0.913 0.020 0.036 0.014 
198    C4153    (0)    5 :  0.038 0.647 0.040 0.253 0.023 
199    C4154   (18)    5 :  0.014 0.849 0.034 0.079 0.024 
200    C4157    (0)    5 :  0.023 0.557 0.135 0.265 0.021 
201    C4158    (0)    5 :  0.015 0.936 0.015 0.025 0.011 
202    C4163    (0)    5 :  0.008 0.963 0.008 0.013 0.007 
203    C4165    (0)    5 :  0.032 0.486 0.106 0.049 0.326 
204    C4248    (9)    5 :  0.032 0.126 0.048 0.770 0.023 
205    C4254    (0)    5 :  0.023 0.238 0.033 0.679 0.027 
206    C4371    (9)    5 :  0.022 0.436 0.032 0.455 0.056 
207    C3936    (0)    5 :  0.017 0.927 0.019 0.019 0.018 
208    C3937    (0)    5 :  0.011 0.952 0.010 0.017 0.010 
209    C3944    (0)    5 :  0.008 0.910 0.010 0.061 0.012 
210    C3954    (0)    5 :  0.030 0.486 0.015 0.460 0.009 
211    C3955    (9)    5 :  0.047 0.643 0.036 0.262 0.013 
212    C3961    (0)    5 :  0.015 0.910 0.016 0.029 0.031 
213    C3974    (0)    5 :  0.021 0.926 0.018 0.020 0.015 
214    C4024    (0)    5 :  0.018 0.827 0.024 0.089 0.042 
215    C4025    (0)    5 :  0.017 0.909 0.016 0.028 0.030 
216    C4028    (0)    5 :  0.062 0.804 0.047 0.057 0.030 
217    C4032   (18)    5 :  0.018 0.386 0.015 0.565 0.016 
218    C4033   (18)    5 :  0.016 0.059 0.015 0.894 0.016 
219    C4034    (0)    5 :  0.027 0.066 0.057 0.723 0.126 
220    C4041    (9)    5 :  0.038 0.047 0.077 0.691 0.147 
221    C4042   (18)    5 :  0.032 0.187 0.119 0.526 0.136 
222    C4043    (9)    5 :  0.025 0.469 0.030 0.446 0.030 
223    C4044    (9)    5 :  0.090 0.176 0.108 0.108 0.518 
224    C4045    (9)    5 :  0.038 0.226 0.034 0.683 0.019 
225    C4046    (9)    5 :  0.029 0.097 0.020 0.813 0.041 
226    C4047    (0)    5 :  0.077 0.084 0.083 0.723 0.033 
227    C4048    (9)    5 :  0.067 0.063 0.061 0.739 0.071 
228    C4055    (9)    5 :  0.061 0.579 0.042 0.282 0.036 
229    C4057   (18)    5 :  0.018 0.554 0.027 0.333 0.068 
230    C4059    (0)    5 :  0.026 0.060 0.015 0.886 0.013 
231    C4060    (9)    5 :  0.029 0.717 0.034 0.199 0.021 
232    C4064    (9)    5 :  0.220 0.222 0.179 0.336 0.044 
233    C4067    (0)    5 :  0.097 0.045 0.037 0.742 0.080 
234    C4068    (9)    5 :  0.028 0.029 0.023 0.900 0.020 
235    C4070    (9)    5 :  0.035 0.230 0.037 0.551 0.147 
236    C4075   (18)    5 :  0.028 0.149 0.034 0.752 0.037 
237    C4081    (9)    5 :  0.029 0.050 0.039 0.853 0.029 
238    C4082    (0)    5 :  0.067 0.437 0.038 0.427 0.032 
239    C4083    (0)    5 :  0.060 0.180 0.268 0.210 0.282 
240    C4086    (0)    5 :  0.208 0.116 0.060 0.592 0.025 
241    C4088    (9)    5 :  0.784 0.056 0.063 0.079 0.018 
242    C4092    (0)    5 :  0.019 0.530 0.047 0.329 0.075 
243    C4099    (9)    5 :  0.040 0.093 0.047 0.746 0.074 
244    C4104    (0)    5 :  0.018 0.872 0.020 0.064 0.026 
245    C4108   (18)    5 :  0.595 0.015 0.265 0.017 0.108 
246    C4118    (0)    5 :  0.228 0.090 0.326 0.276 0.080 
247    C4131    (0)    5 :  0.100 0.576 0.073 0.219 0.032 
248    C4133    (0)    5 :  0.025 0.193 0.022 0.739 0.021 
249    C4135    (0)    5 :  0.006 0.898 0.011 0.077 0.008 
250    C4136    (0)    5 :  0.201 0.606 0.124 0.032 0.037 
251    C4137    (9)    5 :  0.030 0.570 0.059 0.312 0.028 
252    C4139    (0)    5 :  0.011 0.909 0.015 0.052 0.012 
253    C4140    (9)    5 :  0.012 0.897 0.019 0.056 0.016 
254    C4167    (0)    5 :  0.040 0.784 0.081 0.048 0.047 
255    C4236    (0)    5 :  0.046 0.076 0.079 0.766 0.033 
256    C4237    (0)    5 :  0.705 0.091 0.126 0.037 0.041 
257    C4238    (0)    5 :  0.080 0.281 0.035 0.577 0.027 
258    C4241    (0)    5 :  0.018 0.061 0.022 0.881 0.018 
259    C4247    (9)    5 :  0.249 0.306 0.047 0.236 0.163 
260    C4257    (0)    5 :  0.032 0.054 0.025 0.870 0.019 
261    C4383    (0)    5 :  0.084 0.450 0.083 0.163 0.220 
262    C4397    (9)    5 :  0.018 0.535 0.034 0.399 0.015 
263    C4514    (0)    5 :  0.014 0.917 0.013 0.040 0.017 
264    C4519    (0)    5 :  0.023 0.872 0.034 0.045 0.026 
265    C4527    (0)    5 :  0.020 0.458 0.026 0.471 0.025 
266    C4534    (0)    5 :  0.035 0.453 0.080 0.331 0.100 
267    C4699    (0)    5 :  0.046 0.872 0.022 0.029 0.031 
268    C1541    (9)    5 :  0.012 0.025 0.012 0.937 0.014 
269    C1542    (9)    5 :  0.019 0.021 0.017 0.928 0.015 
270    C1544    (0)    5 :  0.052 0.067 0.022 0.842 0.017 
271    C1547    (9)    5 :  0.244 0.078 0.164 0.228 0.286 
272    C1553    (9)    5 :  0.138 0.212 0.347 0.112 0.191 
273    C1555    (9)    5 :  0.040 0.060 0.054 0.821 0.025 
274    C1557    (0)    5 :  0.030 0.110 0.026 0.807 0.027 
275    C1560    (0)    5 :  0.021 0.025 0.025 0.911 0.018 
276    C1565    (0)    5 :  0.014 0.034 0.036 0.878 0.038 
277    C1567    (0)    5 :  0.058 0.055 0.033 0.824 0.030 
278    C1569    (0)    5 :  0.019 0.089 0.020 0.851 0.021 
279    C1571    (0)    5 :  0.110 0.063 0.052 0.736 0.039 
280    C1576    (0)    5 :  0.077 0.346 0.034 0.510 0.032 
281    C1577    (9)    5 :  0.049 0.050 0.035 0.843 0.022 
282    C1579    (0)    5 :  0.020 0.028 0.025 0.911 0.015 
283    C3990    (0)    6 :  0.009 0.953 0.008 0.021 0.009 
284    C3991    (0)    6 :  0.036 0.847 0.027 0.028 0.061 
285    C3992    (0)    6 :  0.046 0.871 0.036 0.023 0.024 
286    C3994    (0)    6 :  0.049 0.415 0.052 0.329 0.154 
287    C4172    (0)    6 :  0.117 0.648 0.145 0.014 0.076 
288    C4173    (9)    6 :  0.023 0.411 0.024 0.033 0.509 
289    C4232    (9)    6 :  0.009 0.017 0.010 0.955 0.009 
290    C4234    (9)    6 :  0.015 0.034 0.013 0.928 0.010 
291    C4259    (0)    6 :  0.011 0.025 0.012 0.940 0.012 
292    C4260    (0)    6 :  0.010 0.159 0.015 0.804 0.011 
293    C4261    (9)    6 :  0.095 0.279 0.135 0.297 0.194 
294    C4262    (0)    6 :  0.018 0.547 0.031 0.326 0.077 
295    C4263    (0)    6 :  0.042 0.044 0.018 0.863 0.033 
296    C4267    (9)    6 :  0.035 0.376 0.026 0.542 0.021 
297    C4269    (0)    6 :  0.023 0.631 0.028 0.276 0.041 
298    C4272    (0)    6 :  0.016 0.077 0.022 0.859 0.025 
299    C4274    (0)    6 :  0.095 0.061 0.131 0.685 0.028 
300    C4276    (9)    6 :  0.616 0.013 0.222 0.100 0.049 
301    C4278    (0)    6 :  0.053 0.512 0.054 0.319 0.062 
302    C4280    (0)    6 :  0.020 0.378 0.055 0.517 0.029 
303    C4281    (0)    6 :  0.021 0.055 0.026 0.876 0.022 
304    C4282    (0)    6 :  0.055 0.021 0.106 0.604 0.214 
305    C4284    (9)    6 :  0.012 0.557 0.013 0.406 0.013 
306    C4286    (9)    6 :  0.058 0.263 0.087 0.552 0.040 
307    C4287    (0)    6 :  0.023 0.309 0.096 0.484 0.088 
308    C4290    (0)    6 :  0.516 0.070 0.195 0.093 0.126 
309    C4307   (18)    6 :  0.024 0.538 0.060 0.322 0.056 
310    C4310    (9)    6 :  0.065 0.120 0.028 0.772 0.015 
311    C4311   (18)    6 :  0.027 0.061 0.041 0.846 0.025 
312    C4312    (0)    6 :  0.027 0.144 0.021 0.788 0.021 
313    C4314    (0)    6 :  0.089 0.033 0.042 0.818 0.017 
314    C4318    (9)    6 :  0.015 0.064 0.059 0.814 0.047 
315    C4321    (9)    6 :  0.025 0.544 0.040 0.337 0.054 
316    C4324    (0)    6 :  0.022 0.274 0.037 0.582 0.086 
317    C4334    (0)    6 :  0.012 0.688 0.017 0.244 0.038 
318    C4529    (0)    6 :  0.058 0.080 0.048 0.775 0.040 
319    C1582    (9)    6 :  0.022 0.376 0.020 0.562 0.020 
320    C1583    (0)    6 :  0.064 0.044 0.039 0.823 0.030 
321    C1584    (9)    6 :  0.038 0.143 0.026 0.776 0.017 
322    C1585    (0)    6 :  0.021 0.669 0.012 0.287 0.012 
323    C1586    (0)    6 :  0.028 0.153 0.028 0.678 0.113 
324    C1589    (0)    6 :  0.014 0.488 0.014 0.469 0.015 
325    C1591    (0)    6 :  0.018 0.251 0.016 0.701 0.014 
326    C1592    (0)    6 :  0.025 0.035 0.027 0.865 0.047 
327    C1594    (0)    6 :  0.061 0.150 0.025 0.746 0.018 
328    C1597    (9)    6 :  0.036 0.062 0.037 0.835 0.030 
329    C1598    (9)    6 :  0.034 0.629 0.023 0.296 0.017 
330    C1599    (0)    6 :  0.014 0.024 0.020 0.929 0.013 
331    C1601    (0)    6 :  0.078 0.562 0.071 0.240 0.049 
332    C1605    (0)    6 :  0.186 0.204 0.340 0.191 0.080 
333    C1609    (0)    6 :  0.015 0.602 0.014 0.354 0.015 
334    C1610    (0)    6 :  0.103 0.026 0.115 0.730 0.026 
335    C1611    (0)    6 :  0.013 0.014 0.021 0.902 0.049 
336    C1612    (0)    6 :  0.011 0.013 0.012 0.956 0.009 
337    C1613    (0)    6 :  0.029 0.038 0.017 0.874 0.041 
338    C3173    (9)    6 :  0.040 0.046 0.062 0.791 0.061 
339    C3204    (0)    6 :  0.022 0.036 0.021 0.904 0.017 
340    C3223    (9)    6 :  0.052 0.031 0.246 0.486 0.185 
341    C3262    (0)    6 :  0.078 0.041 0.037 0.812 0.031 
342    C3270    (0)    6 :  0.022 0.370 0.028 0.554 0.026 
343    C3300    (0)    6 :  0.011 0.756 0.011 0.211 0.011 
344    C3330    (0)    6 :  0.019 0.304 0.050 0.600 0.027 
345    C3390    (9)    6 :  0.023 0.316 0.028 0.598 0.036 
346    C3424    (9)    6 :  0.018 0.060 0.062 0.840 0.020 
347    C3958    (0)    6 :  0.009 0.922 0.017 0.035 0.018 
348    C3962    (0)    6 :  0.009 0.931 0.021 0.023 0.016 
349    C4019    (0)    6 :  0.101 0.160 0.610 0.016 0.113 
350    C3995   (18)    6 :  0.022 0.889 0.023 0.026 0.039 
351    C4000    (0)    6 :  0.023 0.782 0.068 0.039 0.088 
352    C4002    (0)    6 :  0.015 0.896 0.021 0.045 0.023 
353    C1692    (0)    7 :  0.098 0.133 0.693 0.023 0.053 
354    C1693    (0)    7 :  0.032 0.061 0.303 0.331 0.273 
355    C1694    (0)    7 :  0.256 0.024 0.190 0.118 0.412 
356    C1698    (0)    7 :  0.083 0.011 0.629 0.020 0.258 
357    C1699    (0)    7 :  0.563 0.033 0.261 0.030 0.114 
358    C1700    (0)    7 :  0.103 0.132 0.395 0.076 0.294 
359    C1701    (0)    7 :  0.329 0.016 0.558 0.026 0.070 
360    C1702    (0)    7 :  0.133 0.018 0.720 0.015 0.113 
361    C1703    (0)    7 :  0.125 0.025 0.276 0.012 0.561 
362    C1704    (0)    7 :  0.094 0.069 0.327 0.124 0.386 
363    C1705    (0)    7 :  0.049 0.212 0.142 0.015 0.581 
364    C1706    (0)    7 :  0.524 0.014 0.306 0.029 0.126 
365    C1707    (0)    7 :  0.356 0.035 0.137 0.421 0.051 
366    C1708    (0)    7 :  0.022 0.021 0.142 0.018 0.796 
367    C1709    (0)    7 :  0.032 0.069 0.127 0.027 0.746 
368    C1710    (0)    7 :  0.137 0.033 0.611 0.040 0.179 
369    C1712    (0)    7 :  0.022 0.029 0.138 0.011 0.800 
370    C1714    (0)    7 :  0.022 0.017 0.040 0.017 0.905 
371    C1715    (0)    7 :  0.354 0.018 0.562 0.028 0.039 
372    C1717    (0)    7 :  0.146 0.019 0.492 0.180 0.163 
373    C1718   (18)    7 :  0.173 0.022 0.583 0.061 0.161 
374    C1719    (0)    7 :  0.025 0.112 0.062 0.070 0.731 
375    C1656    (0)    8 :  0.432 0.068 0.335 0.012 0.154 
376    C1657   (18)    8 :  0.299 0.024 0.120 0.023 0.534 
377    C1658    (0)    8 :  0.239 0.013 0.629 0.010 0.108 
378    C1659    (0)    8 :  0.546 0.033 0.326 0.062 0.034 
379    C1661    (9)    8 :  0.140 0.041 0.548 0.083 0.188 
380    C1665    (0)    8 :  0.333 0.020 0.506 0.029 0.112 
381    C1667    (9)    8 :  0.020 0.007 0.033 0.010 0.930 
382    C1676    (9)    8 :  0.217 0.032 0.505 0.018 0.227 
383    C1681    (9)    8 :  0.417 0.024 0.335 0.030 0.193 
384    C1682    (0)    8 :  0.143 0.032 0.155 0.016 0.654 
385    C1685    (0)    8 :  0.172 0.048 0.633 0.028 0.119 
386    C4707    (0)    9 :  0.108 0.144 0.595 0.025 0.127 
387    C4747    (0)    9 :  0.045 0.130 0.103 0.164 0.558 
388    C4772    (0)    9 :  0.105 0.571 0.198 0.074 0.053 
389    C4781    (0)    9 :  0.025 0.071 0.076 0.034 0.793 
390    C4782    (0)    9 :  0.123 0.150 0.345 0.090 0.291 
391    C4787    (0)    9 :  0.208 0.205 0.456 0.023 0.108 
392    C4790    (0)    9 :  0.054 0.153 0.174 0.018 0.601 
393    C4803    (0)    9 :  0.098 0.131 0.474 0.067 0.230 
394    C4813    (0)    9 :  0.080 0.688 0.157 0.022 0.053 
395    C4837    (0)    9 :  0.069 0.150 0.660 0.041 0.081 
396    C4838    (0)    9 :  0.264 0.120 0.492 0.016 0.108 
397    C4843    (0)    9 :  0.122 0.073 0.669 0.033 0.104 
398    C4857    (0)    9 :  0.028 0.882 0.034 0.033 0.023 
399    C4828    (0)    9 :  0.304 0.056 0.198 0.305 0.137 
400    C4835    (0)    9 :  0.094 0.762 0.101 0.017 0.027 
401    C4836    (9)    9 :  0.072 0.256 0.392 0.041 0.240 
402    C4842    (0)    9 :  0.251 0.049 0.563 0.016 0.122 
403    C4863    (9)    9 :  0.061 0.066 0.623 0.030 0.221 
404    C4744    (0)    9 :  0.188 0.031 0.367 0.025 0.388 
405    C4745    (0)    9 :  0.199 0.090 0.623 0.026 0.063 
406    C4768    (0)    9 :  0.076 0.275 0.203 0.055 0.391 
407    C4769    (0)    9 :  0.623 0.121 0.149 0.014 0.093 
408    C4771    (0)    9 :  0.184 0.027 0.599 0.016 0.174 
409    C4784    (0)    9 :  0.058 0.280 0.078 0.028 0.556 
410    C4785    (0)    9 :  0.034 0.035 0.032 0.027 0.872 
411    C4795    (0)    9 :  0.045 0.147 0.054 0.058 0.697 
412    C4796    (0)    9 :  0.087 0.021 0.553 0.021 0.319 
413    C4800    (0)    9 :  0.057 0.349 0.553 0.014 0.028 
414    C4801    (0)    9 :  0.209 0.635 0.081 0.019 0.055 
415    C4802    (0)    9 :  0.237 0.143 0.200 0.375 0.045 
416    C4805    (0)    9 :  0.257 0.126 0.369 0.017 0.231 
417    C4806    (0)    9 :  0.384 0.064 0.487 0.012 0.053 
418    C4850    (0)    9 :  0.087 0.244 0.498 0.093 0.077 
419    C4748    (0)   10 :  0.610 0.201 0.068 0.011 0.111 
420    C4753    (0)   10 :  0.142 0.048 0.588 0.027 0.196 
421    C4754    (0)   10 :  0.105 0.136 0.541 0.022 0.195 
422    C4760    (0)   10 :  0.066 0.327 0.375 0.143 0.088 
423    C4761    (0)   10 :  0.348 0.438 0.085 0.015 0.115 
424    C4762    (0)   10 :  0.104 0.224 0.113 0.016 0.543 
425    C4791    (0)   10 :  0.096 0.172 0.553 0.011 0.169 
426    C4810    (0)   10 :  0.746 0.061 0.059 0.105 0.030 
427    C4812    (0)   10 :  0.519 0.049 0.325 0.056 0.050 
428    C4821    (0)   10 :  0.068 0.131 0.561 0.112 0.128 
429    C4864    (0)   10 :  0.041 0.681 0.181 0.055 0.043 
430    C4866    (0)   10 :  0.809 0.032 0.106 0.016 0.037 
431    C1722    (0)   10 :  0.662 0.016 0.205 0.058 0.058 
432    C1724    (0)   10 :  0.847 0.014 0.112 0.009 0.018 
433    C1725    (0)   10 :  0.622 0.014 0.228 0.043 0.094 
434    C1726    (0)   10 :  0.176 0.018 0.564 0.016 0.226 
435    C1731    (0)   10 :  0.491 0.056 0.299 0.029 0.125 
436    C1733    (9)   10 :  0.629 0.031 0.281 0.030 0.029 
437    C1734    (0)   10 :  0.235 0.086 0.584 0.028 0.066 
438    C1735    (0)   10 :  0.498 0.011 0.416 0.016 0.060 
439    C1738    (0)   10 :  0.660 0.031 0.250 0.038 0.021 
440    C1740    (9)   10 :  0.226 0.047 0.532 0.114 0.081 
441    C1741    (0)   10 :  0.043 0.330 0.262 0.108 0.257 
442    C1742    (0)   10 :  0.198 0.040 0.648 0.025 0.090 
443    C1743    (0)   10 :  0.204 0.026 0.144 0.027 0.599 
444    C1745    (0)   10 :  0.076 0.068 0.750 0.032 0.074 
445    C1746    (0)   10 :  0.498 0.094 0.182 0.041 0.185 
446    C1747    (0)   10 :  0.488 0.035 0.165 0.085 0.226 
447    C4742    (9)   10 :  0.069 0.484 0.230 0.031 0.186 
448    C4752    (0)   10 :  0.051 0.871 0.024 0.025 0.029 
449    C4792    (0)   10 :  0.121 0.511 0.156 0.093 0.119 
450    C4811    (0)   10 :  0.030 0.856 0.045 0.042 0.027 
451    C4814    (0)   10 :  0.060 0.499 0.272 0.036 0.134 
452    C4815    (0)   10 :  0.125 0.151 0.546 0.079 0.099 
453    C4818    (0)   10 :  0.336 0.342 0.138 0.089 0.095 
454    C4819    (0)   10 :  0.128 0.486 0.233 0.043 0.110 
455    C4826    (0)   10 :  0.133 0.030 0.716 0.011 0.109 
456    C4829    (0)   10 :  0.092 0.039 0.296 0.062 0.511 
457    C4830    (0)   10 :  0.034 0.049 0.503 0.017 0.397 
458    C4831    (0)   10 :  0.043 0.832 0.034 0.036 0.055 
459    C4832    (0)   10 :  0.141 0.039 0.164 0.017 0.639 
460    C4858    (0)   10 :  0.030 0.514 0.083 0.012 0.361 
461    C4757    (0)   10 :  0.242 0.141 0.472 0.082 0.063 
462    C4770    (9)   10 :  0.061 0.181 0.142 0.520 0.097 
463    C4808    (0)   10 :  0.120 0.181 0.504 0.031 0.163 
464    C4809    (0)   10 :  0.167 0.017 0.758 0.011 0.047 
465    C4820    (0)   10 :  0.364 0.095 0.239 0.019 0.283 
466    C4824    (0)   10 :  0.037 0.036 0.608 0.012 0.307 
467    C4706    (0)   11 :  0.502 0.024 0.382 0.014 0.077 
468    C4708    (0)   11 :  0.011 0.930 0.015 0.030 0.013 
469    C4709    (0)   11 :  0.038 0.069 0.065 0.016 0.812 
470    C4714    (0)   11 :  0.053 0.365 0.128 0.038 0.416 
471    C4722    (0)   11 :  0.144 0.136 0.262 0.024 0.433 
472    C4726    (0)   11 :  0.418 0.235 0.197 0.103 0.046 
473    C4733    (0)   11 :  0.087 0.450 0.230 0.067 0.166 
474    C4734    (0)   11 :  0.369 0.129 0.398 0.022 0.082 
475    C4737    (0)   11 :  0.026 0.067 0.095 0.017 0.795 
476    C4882    (0)   11 :  0.184 0.020 0.654 0.016 0.127 
477    C4883    (0)   11 :  0.014 0.234 0.031 0.023 0.698 
478    C4702    (9)   11 :  0.110 0.118 0.423 0.170 0.179 
479    C4703    (0)   11 :  0.049 0.732 0.103 0.040 0.076 
480    C4727    (0)   11 :  0.365 0.109 0.342 0.012 0.172 
481    C4732    (0)   11 :  0.042 0.068 0.110 0.022 0.758 
482    C4735    (0)   11 :  0.058 0.083 0.738 0.026 0.096 
483    C4736    (0)   11 :  0.034 0.808 0.025 0.035 0.098 
484    C4746    (0)   11 :  0.061 0.334 0.219 0.017 0.369 
485    C4777    (0)   11 :  0.205 0.012 0.718 0.024 0.041 
486    C4846    (0)   11 :  0.045 0.539 0.149 0.157 0.109 
487    C4847    (0)   11 :  0.220 0.054 0.629 0.011 0.086 
488    C4884    (0)   11 :  0.060 0.196 0.460 0.013 0.271 
489    C4705    (0)   11 :  0.063 0.216 0.657 0.036 0.027 
490    C4711    (0)   11 :  0.431 0.166 0.146 0.020 0.237 
491    C4713    (9)   11 :  0.506 0.102 0.197 0.063 0.132 
492    C4716    (0)   11 :  0.110 0.146 0.533 0.032 0.179 
493    C4717    (0)   11 :  0.058 0.837 0.051 0.026 0.028 
494    C4719    (0)   11 :  0.115 0.025 0.736 0.015 0.109 
495    C4721    (0)   11 :  0.022 0.908 0.025 0.030 0.017 
496    C4729    (0)   11 :  0.056 0.157 0.723 0.016 0.048 
497    C4730    (0)   11 :  0.047 0.796 0.070 0.023 0.064 
498    C4773    (0)   11 :  0.035 0.896 0.019 0.035 0.015 
499    C4861    (0)   11 :  0.139 0.045 0.734 0.024 0.058 
500    C4890    (0)   11 :  0.033 0.596 0.233 0.019 0.119 
501    C4718    (0)   11 :  0.125 0.102 0.516 0.030 0.228 
502    C4724    (0)   11 :  0.103 0.594 0.230 0.017 0.056 
503    C4738    (0)   11 :  0.269 0.606 0.079 0.016 0.030 
504    C4739    (0)   11 :  0.228 0.086 0.549 0.049 0.089 
505    C4844    (0)   11 :  0.096 0.343 0.455 0.044 0.062 
506    C4845    (0)   11 :  0.030 0.086 0.102 0.020 0.761 
507    C4681    (0)   11 :  0.023 0.659 0.043 0.252 0.022 
508    C4682    (0)   11 :  0.194 0.101 0.072 0.248 0.386 
509    C4683    (0)   11 :  0.053 0.712 0.087 0.092 0.057 
510    C4685    (0)   11 :  0.043 0.267 0.423 0.031 0.235 
511    C4715    (0)   11 :  0.072 0.075 0.379 0.082 0.393 
512    C4725    (0)   11 :  0.136 0.016 0.457 0.019 0.373 
513    C4799    (0)   11 :  0.048 0.289 0.348 0.193 0.122 
514    C4889    (9)   11 :  0.140 0.706 0.055 0.021 0.078 
515    U1941    (0)   12 :  0.522 0.018 0.326 0.109 0.024 
516    U1942    (0)   12 :  0.062 0.302 0.394 0.101 0.141 
517    U1957    (9)   12 :  0.112 0.039 0.090 0.684 0.075 
518    U2016    (0)   12 :  0.288 0.007 0.566 0.015 0.124 
519    U2021    (9)   12 :  0.101 0.031 0.256 0.044 0.568 
520    U2022    (0)   12 :  0.034 0.014 0.352 0.034 0.566 
521    U2023    (0)   12 :  0.126 0.021 0.673 0.012 0.168 
522    U2024    (0)   12 :  0.065 0.048 0.492 0.044 0.351 
523    U2025    (9)   12 :  0.035 0.025 0.694 0.047 0.199 
524    U2026    (0)   12 :  0.024 0.033 0.495 0.237 0.211 
525    U2027    (0)   12 :  0.257 0.054 0.525 0.033 0.131 
526    U2028    (0)   12 :  0.066 0.009 0.702 0.011 0.212 
527    U2029    (0)   12 :  0.089 0.034 0.312 0.013 0.553 
528    U2030    (0)   12 :  0.256 0.012 0.424 0.015 0.293 
529    U2031    (0)   12 :  0.231 0.012 0.588 0.016 0.153 
530    U1943    (0)   12 :  0.029 0.049 0.061 0.024 0.837 
531    U1944    (0)   12 :  0.233 0.030 0.100 0.020 0.617 
532    U1945    (0)   12 :  0.113 0.017 0.320 0.018 0.532 
533    U1946    (0)   12 :  0.668 0.019 0.181 0.027 0.105 
534    U1947    (0)   12 :  0.079 0.019 0.438 0.028 0.436 
535    U1948    (0)   12 :  0.115 0.076 0.582 0.078 0.150 
536    U1949    (0)   12 :  0.139 0.014 0.670 0.022 0.155 
537    U1955    (0)   12 :  0.455 0.046 0.220 0.234 0.045 
538    U2005    (0)   12 :  0.039 0.011 0.354 0.223 0.374 
539    U2006    (0)   12 :  0.339 0.010 0.581 0.021 0.048 
540    U2007    (0)   12 :  0.086 0.015 0.742 0.079 0.078 
541    U2008    (0)   12 :  0.032 0.008 0.896 0.010 0.053 
542    U2010    (9)   12 :  0.048 0.039 0.413 0.208 0.293 
543    U2011    (0)   12 :  0.530 0.013 0.383 0.033 0.040 
544    U2012    (0)   12 :  0.140 0.014 0.443 0.020 0.383 
545    U2014    (0)   12 :  0.069 0.049 0.640 0.027 0.214 
546    U2702    (0)   12 :  0.020 0.022 0.019 0.029 0.910 
547    U2703    (0)   12 :  0.029 0.071 0.092 0.030 0.777 
548    U2704    (0)   12 :  0.101 0.037 0.549 0.087 0.226 
549    U2706   (18)   12 :  0.217 0.041 0.591 0.020 0.130 
550    U2707    (0)   12 :  0.710 0.021 0.111 0.016 0.142 
551    U2708    (0)   12 :  0.052 0.029 0.478 0.017 0.424 
552    U2698    (0)   12 :  0.362 0.133 0.269 0.139 0.097 
553    U2700    (0)   12 :  0.095 0.019 0.638 0.045 0.203 
554    U1924    (0)   12 :  0.157 0.028 0.528 0.031 0.256 
555    U1930    (0)   12 :  0.783 0.025 0.127 0.020 0.046 
556    U1931    (0)   12 :  0.142 0.173 0.477 0.030 0.179 
557    U1933    (0)   12 :  0.341 0.048 0.456 0.014 0.142 
558    U1934    (0)   12 :  0.054 0.058 0.475 0.305 0.108 
559    U1935    (0)   12 :  0.058 0.046 0.362 0.391 0.144 
560    U1936    (9)   12 :  0.099 0.020 0.317 0.013 0.551 
561    U1938    (0)   12 :  0.132 0.072 0.664 0.022 0.110 
562    U1939    (0)   12 :  0.219 0.176 0.502 0.075 0.027 
563    U1950    (0)   12 :  0.493 0.023 0.392 0.017 0.074 
564    U1951    (0)   12 :  0.054 0.072 0.334 0.043 0.497 
565    U1953    (0)   12 :  0.760 0.009 0.109 0.028 0.095 
566    U1954    (0)   12 :  0.300 0.010 0.561 0.010 0.119 
567    U2044    (0)   12 :  0.014 0.017 0.200 0.081 0.688 
568    U2045    (0)   12 :  0.246 0.013 0.638 0.014 0.089 
569    U2046    (9)   12 :  0.056 0.026 0.478 0.033 0.407 
570    U2047    (0)   12 :  0.019 0.011 0.022 0.036 0.912 
571    U2048    (0)   12 :  0.115 0.020 0.406 0.039 0.421 
572    U2050    (0)   12 :  0.078 0.023 0.380 0.027 0.492 
573    U2051    (0)   12 :  0.085 0.016 0.520 0.016 0.363 
574    U2056    (0)   12 :  0.748 0.013 0.184 0.017 0.038 
575    U2057    (0)   12 :  0.412 0.025 0.393 0.083 0.087 
576    U2058    (0)   12 :  0.144 0.034 0.346 0.054 0.423 
577    U2059    (9)   12 :  0.471 0.147 0.237 0.091 0.054 
578    U2060    (0)   12 :  0.560 0.015 0.390 0.010 0.024 
579    U2061    (0)   12 :  0.778 0.010 0.113 0.019 0.081 
580    U2062    (9)   12 :  0.811 0.010 0.104 0.012 0.063 
581    U2063    (9)   12 :  0.767 0.016 0.156 0.025 0.037 
582    U2065    (0)   12 :  0.064 0.020 0.092 0.013 0.810 
583    U2067    (0)   12 :  0.455 0.045 0.265 0.033 0.201 
584    U2068    (0)   12 :  0.173 0.030 0.177 0.163 0.456 
585    U2069    (0)   12 :  0.465 0.014 0.344 0.013 0.164 
586    U2070    (0)   12 :  0.668 0.020 0.193 0.035 0.084 
587    U2071    (0)   12 :  0.052 0.012 0.203 0.024 0.709 
588    U2076    (0)   12 :  0.564 0.030 0.286 0.020 0.100 
589    U2077    (0)   12 :  0.269 0.220 0.151 0.163 0.196 
590    U2082    (0)   12 :  0.360 0.041 0.397 0.088 0.114 
591    U2084    (0)   12 :  0.137 0.033 0.417 0.301 0.112 
592    U2089    (0)   12 :  0.305 0.068 0.403 0.046 0.177 
593    U2090    (0)   12 :  0.221 0.282 0.398 0.040 0.059 
594    U2098    (0)   12 :  0.530 0.010 0.207 0.023 0.230 
595    U2108    (0)   12 :  0.019 0.177 0.034 0.124 0.647 
596    U2111    (0)   12 :  0.098 0.065 0.166 0.030 0.641 
597    U2113    (0)   12 :  0.083 0.035 0.256 0.050 0.577 
598    U2114    (0)   12 :  0.155 0.013 0.647 0.040 0.144 
599    U2115    (0)   12 :  0.046 0.016 0.258 0.014 0.667 
600    U2116    (9)   12 :  0.740 0.028 0.079 0.008 0.145 
601    U2117    (0)   12 :  0.044 0.126 0.194 0.547 0.089 
602    U2119    (0)   12 :  0.023 0.144 0.495 0.024 0.314 
603    U2120    (0)   12 :  0.363 0.022 0.328 0.089 0.199 
604    U2664    (0)   12 :  0.048 0.027 0.076 0.763 0.086 
605    U1198    (9)   13 :  0.278 0.139 0.244 0.069 0.269 
606    U1199    (0)   13 :  0.077 0.044 0.351 0.030 0.497 
607    U1200    (0)   13 :  0.035 0.014 0.271 0.014 0.665 
608    U1201    (0)   13 :  0.019 0.011 0.017 0.015 0.938 
609    U1202    (0)   13 :  0.034 0.015 0.172 0.016 0.763 
610    U1203    (0)   13 :  0.022 0.021 0.041 0.014 0.902 
611    U1205    (0)   13 :  0.036 0.012 0.069 0.037 0.846 
612    U1206    (0)   13 :  0.069 0.090 0.038 0.028 0.776 
613    U1207    (0)   13 :  0.027 0.022 0.038 0.021 0.892 
614    U1208    (0)   13 :  0.048 0.030 0.049 0.021 0.851 
615    U1209    (0)   13 :  0.030 0.010 0.032 0.047 0.880 
616    U1210    (0)   13 :  0.044 0.020 0.053 0.030 0.853 
617    U1211    (0)   13 :  0.021 0.031 0.044 0.080 0.824 
618    U1212    (0)   13 :  0.115 0.018 0.445 0.056 0.367 
619    U1213    (0)   13 :  0.169 0.025 0.073 0.047 0.686 
