

----------------------------------------------------
STRUCTURE by Pritchard, Stephens and Donnelly (2000)
     and Falush, Stephens and Pritchard (2003)
       Code by Pritchard, Falush and Hubisz
             Version 2.3.4 (Jul 2012)
----------------------------------------------------



Command line arguments:   bin\structure -m G:\My Drive\Hoban_Lab_Docs\Projects\Butternut_JUCI\Graphical_Stat_Results\PostIndRemoval\24pop\Reorg_Results\STR\butternut\50-50\mainparams -e G:\My Drive\Hoban_Lab_Docs\Projects\Butternut_JUCI\Graphical_Stat_Results\PostIndRemoval\24pop\Reorg_Results\STR\butternut\50-50\extraparams 
Input File:    G:\My Drive\Hoban_Lab_Docs\Projects\Butternut_JUCI\Graphical_Stat_Results\PostIndRemoval\24pop\Reorg_Results\STR\butternut\project_data

Run parameters:
   993 individuals
   11 loci
   8 populations assumed
   50000 Burn-in period
   50000 Reps


--------------------------------------------
Proportion of membership of each pre-defined
 population in each of the 8 clusters

Given    Inferred Clusters                                          Number of
 Pop       1      2      3      4      5      6      7      8      Individuals

  1:     0.043  0.187  0.036  0.239  0.040  0.349  0.047  0.060       40
  2:     0.035  0.298  0.040  0.181  0.032  0.334  0.027  0.055       45
  3:     0.045  0.167  0.029  0.417  0.047  0.230  0.026  0.040       62
  4:     0.030  0.337  0.034  0.305  0.053  0.157  0.046  0.038       48
  5:     0.038  0.263  0.039  0.212  0.043  0.317  0.050  0.038       87
  6:     0.037  0.176  0.037  0.257  0.053  0.362  0.029  0.049       70
  7:     0.236  0.038  0.186  0.032  0.115  0.061  0.097  0.234       22
  8:     0.209  0.022  0.272  0.025  0.126  0.026  0.158  0.164       11
  9:     0.159  0.182  0.251  0.035  0.111  0.049  0.068  0.146       33
 10:     0.096  0.170  0.217  0.047  0.137  0.033  0.137  0.163       48
 11:     0.153  0.287  0.212  0.027  0.095  0.039  0.075  0.111       48
 12:     0.134  0.030  0.217  0.042  0.206  0.048  0.120  0.203       90
 13:     0.504  0.018  0.121  0.029  0.144  0.024  0.043  0.115       63
 14:     0.099  0.026  0.233  0.059  0.221  0.091  0.112  0.160       16
 15:     0.071  0.076  0.116  0.056  0.295  0.105  0.152  0.128       31
 16:     0.028  0.054  0.060  0.013  0.021  0.016  0.765  0.043       16
 17:     0.372  0.023  0.113  0.083  0.099  0.077  0.045  0.188       24
 18:     0.092  0.033  0.225  0.039  0.059  0.066  0.133  0.354       12
 19:     0.170  0.031  0.182  0.035  0.162  0.060  0.149  0.211       54
 20:     0.062  0.044  0.163  0.036  0.220  0.058  0.257  0.159       96
 21:     0.147  0.018  0.095  0.027  0.159  0.069  0.296  0.189       22
 22:     0.029  0.078  0.100  0.047  0.074  0.076  0.552  0.044       23
 23:     0.057  0.022  0.210  0.036  0.228  0.026  0.315  0.106       13
 24:     0.156  0.041  0.204  0.076  0.138  0.049  0.084  0.252       19
--------------------------------------------

Allele-freq. divergence among pops (Net nucleotide distance),
computed using point estimates of P.

      1       2       3       4       5       6       7       8      
 1      -    0.0385  0.0113  0.0360  0.0166  0.0356  0.0246  0.0096  
 2   0.0385     -    0.0380  0.0371  0.0479  0.0357  0.0521  0.0367  
 3   0.0113  0.0380     -    0.0349  0.0112  0.0346  0.0148  0.0069  
 4   0.0360  0.0371  0.0349     -    0.0328  0.0220  0.0396  0.0249  
 5   0.0166  0.0479  0.0112  0.0328     -    0.0363  0.0161  0.0085  
 6   0.0356  0.0357  0.0346  0.0220  0.0363     -    0.0403  0.0274  
 7   0.0246  0.0521  0.0148  0.0396  0.0161  0.0403     -    0.0135  
 8   0.0096  0.0367  0.0069  0.0249  0.0085  0.0274  0.0135     -    

Average distances (expected heterozygosity) between individuals in same cluster:
cluster  1  : 0.8478 
cluster  2  : 0.8208 
cluster  3  : 0.8463 
cluster  4  : 0.8161 
cluster  5  : 0.8413 
cluster  6  : 0.8048 
cluster  7  : 0.8293 
cluster  8  : 0.8607 

--------------------------------------------
Estimated Ln Prob of Data   = -46834.2
Mean value of ln likelihood = -44889.3
Variance of ln likelihood   = 3889.9
Mean value of alpha         = 0.0549

Mean value of Fst_1         = 0.0329
Mean value of Fst_2         = 0.0752
Mean value of Fst_3         = 0.0237
Mean value of Fst_4         = 0.0691
Mean value of Fst_5         = 0.0315
Mean value of Fst_6         = 0.0663
Mean value of Fst_7         = 0.0431
Mean value of Fst_8         = 0.0143


Inferred ancestry of individuals:
        Label (%Miss) Pop:  Inferred clusters
  1    C3984    (0)    1 :  0.013 0.205 0.009 0.019 0.013 0.716 0.007 0.017 
  2    C3985    (0)    1 :  0.014 0.710 0.014 0.082 0.010 0.138 0.014 0.018 
  3    C3986    (0)    1 :  0.018 0.744 0.009 0.131 0.011 0.067 0.007 0.011 
  4    C4231    (0)    1 :  0.021 0.358 0.050 0.068 0.035 0.419 0.011 0.038 
  5    C4344    (0)    1 :  0.028 0.053 0.022 0.766 0.017 0.062 0.015 0.038 
  6    C4347   (18)    1 :  0.014 0.045 0.016 0.523 0.026 0.287 0.066 0.023 
  7    C4352   (18)    1 :  0.031 0.383 0.034 0.077 0.018 0.410 0.022 0.026 
  8    C4355    (9)    1 :  0.025 0.043 0.012 0.134 0.047 0.698 0.014 0.027 
  9    C4358   (18)    1 :  0.059 0.028 0.083 0.014 0.037 0.045 0.055 0.679 
 10    C4419    (9)    1 :  0.021 0.083 0.024 0.017 0.107 0.693 0.015 0.041 
 11    C4428    (9)    1 :  0.013 0.133 0.011 0.103 0.018 0.691 0.018 0.014 
 12    C4436    (0)    1 :  0.017 0.389 0.014 0.126 0.011 0.412 0.017 0.013 
 13    C4437   (18)    1 :  0.020 0.671 0.021 0.038 0.036 0.111 0.041 0.063 
 14    C4450    (0)    1 :  0.066 0.143 0.052 0.027 0.077 0.470 0.045 0.121 
 15    C4531    (0)    1 :  0.027 0.866 0.028 0.009 0.015 0.015 0.020 0.021 
 16    C1615    (0)    1 :  0.065 0.355 0.110 0.063 0.062 0.199 0.096 0.050 
 17    C1616    (0)    1 :  0.022 0.062 0.148 0.094 0.192 0.200 0.161 0.120 
 18    C1617    (9)    1 :  0.011 0.012 0.014 0.139 0.031 0.758 0.020 0.016 
 19    C1618    (0)    1 :  0.121 0.498 0.040 0.036 0.023 0.217 0.038 0.028 
 20    C1619    (0)    1 :  0.196 0.121 0.030 0.113 0.027 0.301 0.073 0.139 
 21    C1620    (9)    1 :  0.160 0.223 0.046 0.048 0.018 0.347 0.052 0.107 
 22    C1621    (0)    1 :  0.045 0.029 0.057 0.030 0.077 0.256 0.397 0.109 
 23    C1623    (9)    1 :  0.244 0.383 0.034 0.017 0.059 0.030 0.133 0.101 
 24    C1625    (0)    1 :  0.131 0.044 0.037 0.115 0.024 0.389 0.144 0.117 
 25    C1626    (0)    1 :  0.045 0.022 0.127 0.040 0.106 0.467 0.113 0.079 
 26    C1627    (9)    1 :  0.022 0.043 0.018 0.027 0.010 0.816 0.044 0.019 
 27    C1633    (0)    1 :  0.010 0.012 0.009 0.016 0.010 0.920 0.014 0.009 
 28    C1637    (0)    1 :  0.016 0.014 0.023 0.046 0.018 0.839 0.027 0.016 
 29    C1650    (0)    1 :  0.014 0.547 0.026 0.047 0.052 0.267 0.026 0.019 
 30    C3202    (0)    1 :  0.012 0.018 0.009 0.903 0.012 0.013 0.019 0.015 
 31    C3248    (0)    1 :  0.014 0.008 0.024 0.149 0.010 0.766 0.011 0.018 
 32    C3304    (9)    1 :  0.015 0.019 0.012 0.734 0.051 0.124 0.013 0.033 
 33    C3326    (0)    1 :  0.023 0.093 0.153 0.441 0.059 0.108 0.028 0.096 
 34    C3333    (0)    1 :  0.010 0.010 0.012 0.909 0.014 0.017 0.014 0.015 
 35    C3339   (18)    1 :  0.038 0.015 0.017 0.248 0.069 0.547 0.014 0.051 
 36    C3346    (0)    1 :  0.011 0.013 0.008 0.933 0.008 0.013 0.006 0.008 
 37    C3349    (0)    1 :  0.039 0.015 0.038 0.717 0.068 0.073 0.017 0.032 
 38    C3367   (18)    1 :  0.017 0.040 0.014 0.840 0.025 0.024 0.022 0.019 
 39    C3374    (0)    1 :  0.010 0.012 0.007 0.016 0.008 0.933 0.006 0.008 
 40    C3405    (0)    1 :  0.043 0.017 0.020 0.699 0.081 0.096 0.012 0.033 
 41    C4543    (0)    2 :  0.018 0.822 0.015 0.053 0.032 0.033 0.011 0.017 
 42    C4545    (9)    2 :  0.056 0.857 0.011 0.014 0.010 0.034 0.008 0.010 
 43    C4551    (9)    2 :  0.080 0.333 0.260 0.017 0.026 0.184 0.026 0.073 
 44    C4491    (0)    2 :  0.067 0.511 0.090 0.082 0.035 0.085 0.025 0.105 
 45    C4494    (0)    2 :  0.013 0.182 0.011 0.629 0.011 0.131 0.009 0.015 
 46    C4495    (0)    2 :  0.034 0.058 0.070 0.636 0.017 0.042 0.017 0.127 
 47    C4497    (9)    2 :  0.017 0.031 0.015 0.047 0.015 0.836 0.011 0.028 
 48    C4501    (0)    2 :  0.020 0.036 0.023 0.014 0.057 0.791 0.012 0.047 
 49    C4502    (0)    2 :  0.083 0.182 0.010 0.046 0.019 0.631 0.012 0.017 
 50    C4503    (0)    2 :  0.188 0.721 0.020 0.011 0.011 0.011 0.017 0.020 
 51    C4504    (0)    2 :  0.088 0.127 0.021 0.044 0.079 0.109 0.035 0.498 
 52    C4470    (0)    2 :  0.023 0.074 0.077 0.023 0.018 0.685 0.019 0.081 
 53    C4471    (0)    2 :  0.027 0.627 0.015 0.032 0.024 0.221 0.013 0.041 
 54    C4474    (9)    2 :  0.018 0.864 0.044 0.008 0.015 0.012 0.023 0.015 
 55    C4476    (0)    2 :  0.016 0.088 0.016 0.022 0.011 0.826 0.010 0.012 
 56    C4479    (0)    2 :  0.010 0.054 0.017 0.068 0.016 0.785 0.037 0.012 
 57    C4482    (0)    2 :  0.011 0.411 0.044 0.161 0.032 0.075 0.171 0.097 
 58    C4483    (0)    2 :  0.015 0.908 0.009 0.007 0.010 0.009 0.010 0.032 
 59    C4484    (0)    2 :  0.068 0.441 0.030 0.207 0.070 0.102 0.024 0.058 
 60    C4485    (0)    2 :  0.027 0.046 0.061 0.433 0.035 0.224 0.048 0.125 
 61    C4489    (0)    2 :  0.035 0.319 0.016 0.102 0.030 0.449 0.022 0.027 
 62    C4505    (0)    2 :  0.015 0.092 0.027 0.023 0.017 0.795 0.013 0.019 
 63    C4507    (0)    2 :  0.102 0.318 0.088 0.013 0.050 0.370 0.011 0.048 
 64    C4535    (0)    2 :  0.028 0.837 0.024 0.012 0.021 0.016 0.027 0.034 
 65    C4542    (0)    2 :  0.027 0.293 0.155 0.018 0.282 0.020 0.027 0.179 
 66    C4553    (9)    2 :  0.016 0.684 0.056 0.097 0.021 0.084 0.018 0.024 
 67    C4562   (18)    2 :  0.047 0.662 0.052 0.060 0.016 0.118 0.026 0.020 
 68    C4582   (18)    2 :  0.020 0.796 0.027 0.028 0.019 0.061 0.028 0.021 
 69    C4693    (0)    2 :  0.008 0.905 0.011 0.019 0.011 0.026 0.012 0.009 
 70    C4696    (0)    2 :  0.038 0.622 0.114 0.026 0.019 0.110 0.026 0.044 
 71    C3179    (0)    2 :  0.037 0.016 0.015 0.813 0.019 0.065 0.010 0.025 
 72    C3181    (0)    2 :  0.017 0.021 0.024 0.103 0.042 0.695 0.023 0.075 
 73    C3188    (0)    2 :  0.026 0.018 0.020 0.128 0.025 0.708 0.020 0.055 
 74    C3190    (0)    2 :  0.013 0.033 0.023 0.809 0.059 0.017 0.024 0.022 
 75    C3193    (0)    2 :  0.009 0.015 0.023 0.324 0.011 0.566 0.029 0.021 
 76    C3232    (0)    2 :  0.011 0.101 0.010 0.078 0.012 0.764 0.009 0.013 
 77    C3236    (0)    2 :  0.008 0.040 0.011 0.816 0.010 0.096 0.008 0.010 
 78    C3249    (0)    2 :  0.028 0.019 0.029 0.354 0.043 0.448 0.037 0.042 
 79    C3250    (0)    2 :  0.007 0.013 0.010 0.021 0.012 0.919 0.009 0.009 
 80    C3253    (0)    2 :  0.008 0.011 0.011 0.009 0.008 0.933 0.010 0.010 
 81    C3255    (0)    2 :  0.009 0.034 0.010 0.061 0.010 0.849 0.009 0.018 
 82    C3277    (0)    2 :  0.034 0.018 0.056 0.084 0.026 0.635 0.060 0.087 
 83    C3315    (0)    2 :  0.088 0.074 0.084 0.017 0.065 0.429 0.156 0.087 
 84    C3288    (0)    2 :  0.013 0.022 0.011 0.887 0.014 0.016 0.022 0.013 
 85    C3293    (0)    2 :  0.030 0.056 0.026 0.668 0.041 0.024 0.032 0.124 
 86    C4018    (0)    3 :  0.008 0.695 0.009 0.228 0.018 0.027 0.007 0.009 
 87    C3980    (0)    3 :  0.010 0.904 0.011 0.024 0.013 0.015 0.011 0.013 
 88    C3987    (0)    3 :  0.011 0.884 0.009 0.024 0.012 0.039 0.010 0.011 
 89    C3988    (0)    3 :  0.010 0.830 0.014 0.057 0.007 0.054 0.011 0.017 
 90    C3989    (0)    3 :  0.008 0.034 0.021 0.653 0.012 0.054 0.008 0.210 
 91    C4011    (0)    3 :  0.006 0.683 0.006 0.143 0.006 0.145 0.005 0.006 
 92    C4017    (0)    3 :  0.007 0.937 0.006 0.013 0.006 0.018 0.006 0.007 
 93    C4296    (0)    3 :  0.042 0.048 0.354 0.030 0.064 0.394 0.037 0.030 
 94    C4301    (9)    3 :  0.030 0.008 0.013 0.034 0.837 0.010 0.009 0.059 
 95    C4303    (0)    3 :  0.026 0.015 0.032 0.540 0.041 0.034 0.284 0.029 
 96    C4453    (0)    3 :  0.075 0.124 0.012 0.552 0.033 0.114 0.043 0.047 
 97    C4455    (9)    3 :  0.016 0.047 0.016 0.842 0.013 0.014 0.034 0.019 
 98    C4456   (18)    3 :  0.126 0.315 0.023 0.333 0.048 0.014 0.071 0.069 
 99    C4457    (9)    3 :  0.023 0.026 0.027 0.713 0.039 0.039 0.061 0.073 
100    C4459    (9)    3 :  0.012 0.203 0.030 0.421 0.017 0.274 0.020 0.024 
101    C4464   (18)    3 :  0.010 0.053 0.010 0.712 0.009 0.189 0.008 0.011 
102    C4467   (18)    3 :  0.009 0.031 0.008 0.202 0.008 0.724 0.008 0.010 
103    C4468    (9)    3 :  0.013 0.034 0.015 0.179 0.015 0.679 0.047 0.018 
104    C4783    (0)    3 :  0.011 0.686 0.033 0.203 0.010 0.010 0.013 0.034 
105    C4786    (0)    3 :  0.011 0.164 0.016 0.742 0.022 0.025 0.011 0.009 
106    C4789    (9)    3 :  0.009 0.408 0.012 0.274 0.079 0.187 0.010 0.021 
107    C4891    (0)    3 :  0.020 0.057 0.036 0.827 0.015 0.014 0.011 0.021 
108    C4896    (0)    3 :  0.016 0.458 0.034 0.293 0.062 0.015 0.036 0.085 
109    C4898    (0)    3 :  0.015 0.723 0.025 0.120 0.014 0.058 0.015 0.031 
110    C4901    (0)    3 :  0.007 0.133 0.010 0.799 0.018 0.013 0.010 0.011 
111    C4903    (9)    3 :  0.012 0.053 0.017 0.816 0.036 0.014 0.025 0.026 
112    C4904    (0)    3 :  0.010 0.676 0.019 0.206 0.014 0.018 0.008 0.048 
113    C3263    (0)    3 :  0.199 0.016 0.014 0.314 0.011 0.383 0.023 0.039 
114    C3271    (0)    3 :  0.027 0.027 0.020 0.082 0.026 0.772 0.012 0.034 
115    C3272    (0)    3 :  0.016 0.011 0.016 0.028 0.035 0.853 0.008 0.032 
116    C3276    (0)    3 :  0.084 0.015 0.034 0.422 0.283 0.028 0.023 0.111 
117    C3280    (9)    3 :  0.085 0.024 0.046 0.029 0.026 0.729 0.025 0.036 
118    C3305    (9)    3 :  0.009 0.010 0.008 0.009 0.011 0.933 0.008 0.010 
119    C3306    (0)    3 :  0.086 0.024 0.033 0.097 0.016 0.626 0.024 0.093 
120    C3324    (0)    3 :  0.152 0.017 0.030 0.017 0.014 0.700 0.017 0.053 
121    C3329    (0)    3 :  0.091 0.131 0.111 0.105 0.037 0.434 0.027 0.064 
122    C3336    (0)    3 :  0.017 0.021 0.025 0.054 0.044 0.807 0.012 0.020 
123    C3341   (18)    3 :  0.658 0.049 0.051 0.033 0.023 0.052 0.033 0.100 
124    C3409   (18)    3 :  0.049 0.051 0.052 0.126 0.087 0.448 0.049 0.138 
125    C3168    (9)    3 :  0.011 0.015 0.008 0.912 0.011 0.018 0.008 0.018 
126    C3170    (0)    3 :  0.011 0.016 0.011 0.890 0.018 0.031 0.008 0.015 
127    C3214   (18)    3 :  0.011 0.019 0.014 0.600 0.228 0.085 0.026 0.017 
128    C3227    (0)    3 :  0.009 0.017 0.008 0.897 0.033 0.012 0.012 0.012 
129    C3228    (0)    3 :  0.033 0.071 0.046 0.048 0.043 0.698 0.032 0.029 
130    C3279    (0)    3 :  0.012 0.013 0.045 0.754 0.032 0.038 0.019 0.087 
131    C3322    (0)    3 :  0.011 0.058 0.062 0.618 0.086 0.017 0.060 0.089 
132    C3303    (0)    3 :  0.027 0.015 0.052 0.772 0.062 0.038 0.015 0.019 
133    C3317    (0)    3 :  0.021 0.024 0.018 0.068 0.011 0.817 0.016 0.023 
134    C3355    (0)    3 :  0.021 0.029 0.014 0.650 0.010 0.252 0.010 0.014 
135    C3376    (9)    3 :  0.017 0.031 0.028 0.213 0.081 0.585 0.019 0.026 
136    C3401    (0)    3 :  0.023 0.035 0.035 0.103 0.026 0.723 0.028 0.028 
137    C3203    (9)    3 :  0.066 0.038 0.015 0.444 0.066 0.295 0.035 0.041 
138    C3245    (0)    3 :  0.010 0.010 0.013 0.882 0.017 0.024 0.017 0.027 
139    C3302    (0)    3 :  0.013 0.010 0.012 0.911 0.016 0.010 0.013 0.015 
140    C3307    (0)    3 :  0.139 0.092 0.028 0.520 0.011 0.046 0.097 0.068 
141    C3310    (0)    3 :  0.011 0.008 0.009 0.939 0.009 0.007 0.008 0.010 
142    C3312    (9)    3 :  0.019 0.040 0.037 0.380 0.016 0.409 0.029 0.069 
143    C3345    (0)    3 :  0.021 0.019 0.010 0.889 0.013 0.017 0.011 0.020 
144    C3371    (0)    3 :  0.035 0.008 0.010 0.895 0.009 0.013 0.010 0.020 
145    C3372    (0)    3 :  0.044 0.021 0.019 0.723 0.016 0.112 0.021 0.044 
146    C3380    (9)    3 :  0.006 0.016 0.006 0.939 0.008 0.011 0.007 0.007 
147    C3417    (0)    3 :  0.182 0.113 0.024 0.504 0.020 0.039 0.029 0.089 
148    C4569    (9)    4 :  0.132 0.297 0.232 0.017 0.134 0.058 0.046 0.084 
149    C4570    (9)    4 :  0.015 0.851 0.017 0.009 0.010 0.076 0.012 0.010 
150    C4571    (9)    4 :  0.017 0.491 0.018 0.024 0.018 0.396 0.022 0.015 
151    C4572    (9)    4 :  0.015 0.894 0.011 0.011 0.014 0.025 0.018 0.012 
152    C4573    (9)    4 :  0.028 0.107 0.052 0.012 0.101 0.177 0.447 0.076 
153    C4575    (9)    4 :  0.025 0.646 0.028 0.024 0.063 0.055 0.090 0.069 
154    C4577    (9)    4 :  0.012 0.901 0.018 0.014 0.011 0.023 0.007 0.014 
155    C4578    (9)    4 :  0.024 0.661 0.048 0.020 0.052 0.074 0.065 0.056 
156    C4600   (18)    4 :  0.022 0.608 0.146 0.023 0.032 0.030 0.029 0.112 
157    C4612    (9)    4 :  0.016 0.713 0.025 0.023 0.168 0.017 0.013 0.024 
158    C4621    (0)    4 :  0.006 0.866 0.008 0.045 0.014 0.036 0.015 0.010 
159    C4622    (9)    4 :  0.008 0.930 0.011 0.018 0.007 0.009 0.009 0.008 
160    C4623    (0)    4 :  0.249 0.247 0.038 0.164 0.053 0.090 0.055 0.105 
161    C4624    (0)    4 :  0.014 0.860 0.023 0.012 0.020 0.022 0.037 0.011 
162    C4625    (0)    4 :  0.019 0.132 0.080 0.014 0.053 0.167 0.493 0.042 
163    C4627    (0)    4 :  0.015 0.839 0.012 0.056 0.023 0.017 0.021 0.018 
164    C4631    (0)    4 :  0.188 0.710 0.021 0.013 0.012 0.012 0.019 0.024 
165    C4632    (0)    4 :  0.014 0.823 0.028 0.036 0.012 0.057 0.018 0.013 
166    C3939    (0)    4 :  0.011 0.831 0.018 0.079 0.021 0.018 0.009 0.014 
167    C3940    (0)    4 :  0.021 0.772 0.044 0.038 0.058 0.017 0.007 0.043 
168    C3945    (0)    4 :  0.007 0.929 0.011 0.017 0.006 0.014 0.005 0.010 
169    C4520    (0)    4 :  0.048 0.029 0.069 0.066 0.561 0.094 0.023 0.111 
170    C4522    (0)    4 :  0.009 0.747 0.010 0.175 0.012 0.026 0.008 0.012 
171    C3182    (0)    4 :  0.023 0.051 0.017 0.796 0.014 0.065 0.012 0.022 
172    C3189    (0)    4 :  0.021 0.027 0.045 0.088 0.037 0.522 0.130 0.130 
173    C3191    (9)    4 :  0.027 0.016 0.016 0.215 0.017 0.632 0.045 0.032 
174    C3196    (0)    4 :  0.014 0.012 0.018 0.811 0.022 0.082 0.021 0.021 
175    C3208    (0)    4 :  0.044 0.214 0.029 0.577 0.040 0.030 0.041 0.025 
176    C3211    (0)    4 :  0.012 0.015 0.012 0.915 0.014 0.013 0.007 0.012 
177    C3212    (0)    4 :  0.118 0.067 0.051 0.128 0.364 0.100 0.010 0.163 
178    C3213    (0)    4 :  0.020 0.010 0.021 0.859 0.025 0.016 0.010 0.039 
179    C3215    (0)    4 :  0.014 0.024 0.021 0.826 0.049 0.011 0.041 0.015 
180    C3217    (0)    4 :  0.031 0.015 0.020 0.454 0.023 0.409 0.015 0.033 
181    C3225    (9)    4 :  0.019 0.021 0.037 0.115 0.068 0.678 0.027 0.035 
182    C3226    (0)    4 :  0.012 0.203 0.010 0.432 0.011 0.305 0.012 0.016 
183    C3238    (9)    4 :  0.011 0.107 0.014 0.759 0.022 0.048 0.021 0.018 
184    C3239    (0)    4 :  0.024 0.023 0.014 0.100 0.020 0.782 0.016 0.022 
185    C3269   (18)    4 :  0.021 0.144 0.026 0.042 0.102 0.518 0.097 0.050 
186    C3273    (0)    4 :  0.009 0.031 0.014 0.330 0.027 0.507 0.050 0.032 
187    C3274    (0)    4 :  0.014 0.035 0.164 0.558 0.075 0.027 0.020 0.106 
188    C3354    (0)    4 :  0.010 0.018 0.015 0.826 0.013 0.065 0.017 0.035 
189    C3361    (0)    4 :  0.009 0.017 0.017 0.884 0.018 0.032 0.013 0.011 
190    C3289    (0)    4 :  0.010 0.014 0.012 0.907 0.014 0.014 0.015 0.014 
191    C3169    (0)    4 :  0.009 0.030 0.008 0.209 0.017 0.702 0.012 0.012 
192    C3199    (9)    4 :  0.017 0.109 0.017 0.665 0.025 0.111 0.038 0.018 
193    C3224    (0)    4 :  0.013 0.014 0.011 0.782 0.028 0.125 0.016 0.012 
194    C3261   (18)    4 :  0.014 0.044 0.014 0.736 0.009 0.142 0.009 0.032 
195    C3320    (0)    4 :  0.014 0.042 0.036 0.713 0.027 0.098 0.034 0.038 
196    C4151    (0)    5 :  0.007 0.926 0.008 0.014 0.007 0.018 0.011 0.010 
197    C4152    (0)    5 :  0.013 0.857 0.011 0.013 0.012 0.068 0.013 0.013 
198    C4153    (0)    5 :  0.014 0.344 0.027 0.422 0.055 0.082 0.025 0.031 
199    C4154   (18)    5 :  0.019 0.713 0.020 0.137 0.020 0.050 0.009 0.032 
200    C4157    (0)    5 :  0.016 0.279 0.201 0.028 0.016 0.400 0.016 0.043 
201    C4158    (0)    5 :  0.007 0.915 0.009 0.018 0.007 0.018 0.013 0.012 
202    C4163    (0)    5 :  0.006 0.942 0.006 0.011 0.006 0.015 0.006 0.007 
203    C4165    (0)    5 :  0.081 0.280 0.217 0.056 0.012 0.036 0.032 0.285 
204    C4248    (9)    5 :  0.013 0.032 0.025 0.241 0.015 0.616 0.023 0.034 
205    C4254    (0)    5 :  0.019 0.059 0.027 0.397 0.033 0.428 0.011 0.027 
206    C4371    (9)    5 :  0.030 0.028 0.015 0.015 0.010 0.868 0.014 0.020 
207    C3936    (0)    5 :  0.015 0.895 0.017 0.019 0.012 0.015 0.013 0.014 
208    C3937    (0)    5 :  0.009 0.921 0.008 0.020 0.009 0.015 0.009 0.008 
209    C3944    (0)    5 :  0.011 0.809 0.009 0.063 0.008 0.085 0.007 0.008 
210    C3954    (0)    5 :  0.007 0.086 0.010 0.056 0.024 0.763 0.043 0.012 
211    C3955    (9)    5 :  0.008 0.394 0.020 0.396 0.025 0.103 0.028 0.026 
212    C3961    (0)    5 :  0.044 0.806 0.014 0.047 0.021 0.041 0.010 0.016 
213    C3974    (0)    5 :  0.014 0.879 0.015 0.019 0.026 0.020 0.014 0.013 
214    C4024    (0)    5 :  0.064 0.582 0.019 0.046 0.028 0.217 0.011 0.032 
215    C4025    (0)    5 :  0.025 0.881 0.009 0.012 0.013 0.029 0.017 0.014 
216    C4028    (0)    5 :  0.033 0.659 0.045 0.039 0.060 0.087 0.052 0.026 
217    C4032   (18)    5 :  0.008 0.036 0.008 0.019 0.010 0.895 0.012 0.011 
218    C4033   (18)    5 :  0.012 0.034 0.013 0.691 0.012 0.206 0.013 0.019 
219    C4034    (0)    5 :  0.071 0.038 0.078 0.421 0.042 0.259 0.023 0.067 
220    C4041    (9)    5 :  0.089 0.028 0.056 0.075 0.128 0.570 0.016 0.038 
221    C4042   (18)    5 :  0.112 0.120 0.123 0.275 0.016 0.240 0.025 0.089 
222    C4043    (9)    5 :  0.018 0.153 0.021 0.089 0.016 0.659 0.022 0.021 
223    C4044    (9)    5 :  0.404 0.120 0.074 0.088 0.056 0.106 0.062 0.090 
224    C4045    (9)    5 :  0.013 0.136 0.033 0.278 0.019 0.438 0.049 0.034 
225    C4046    (9)    5 :  0.030 0.033 0.019 0.155 0.014 0.709 0.026 0.015 
226    C4047    (0)    5 :  0.015 0.016 0.036 0.830 0.022 0.031 0.029 0.020 
227    C4048    (9)    5 :  0.054 0.016 0.037 0.721 0.018 0.082 0.039 0.033 
228    C4055    (9)    5 :  0.017 0.055 0.027 0.034 0.025 0.781 0.033 0.028 
229    C4057   (18)    5 :  0.031 0.027 0.012 0.041 0.014 0.844 0.009 0.022 
230    C4059    (0)    5 :  0.013 0.069 0.012 0.347 0.028 0.481 0.029 0.020 
231    C4060    (9)    5 :  0.017 0.102 0.026 0.078 0.028 0.712 0.017 0.021 
232    C4064    (9)    5 :  0.016 0.033 0.125 0.024 0.036 0.491 0.225 0.049 
233    C4067    (0)    5 :  0.033 0.018 0.018 0.788 0.014 0.025 0.069 0.035 
234    C4068    (9)    5 :  0.020 0.028 0.025 0.824 0.022 0.032 0.029 0.022 
235    C4070    (9)    5 :  0.124 0.155 0.036 0.517 0.014 0.074 0.026 0.054 
236    C4075   (18)    5 :  0.021 0.035 0.017 0.806 0.026 0.051 0.016 0.029 
237    C4081    (9)    5 :  0.020 0.019 0.039 0.054 0.024 0.798 0.022 0.023 
238    C4082    (0)    5 :  0.017 0.103 0.018 0.644 0.047 0.108 0.038 0.024 
239    C4083    (0)    5 :  0.192 0.113 0.141 0.044 0.024 0.177 0.054 0.256 
240    C4086    (0)    5 :  0.012 0.030 0.027 0.128 0.022 0.592 0.159 0.030 
241    C4088    (9)    5 :  0.010 0.026 0.026 0.024 0.020 0.032 0.832 0.029 
242    C4092    (0)    5 :  0.050 0.121 0.019 0.041 0.018 0.688 0.009 0.053 
243    C4099    (9)    5 :  0.082 0.037 0.051 0.189 0.095 0.489 0.021 0.035 
244    C4104    (0)    5 :  0.044 0.620 0.022 0.175 0.014 0.078 0.018 0.029 
245    C4108   (18)    5 :  0.023 0.010 0.153 0.017 0.661 0.011 0.054 0.071 
246    C4118    (0)    5 :  0.015 0.019 0.073 0.014 0.040 0.668 0.046 0.126 
247    C4131    (0)    5 :  0.020 0.463 0.047 0.104 0.019 0.186 0.103 0.058 
248    C4133    (0)    5 :  0.007 0.014 0.011 0.025 0.012 0.907 0.010 0.014 
249    C4135    (0)    5 :  0.008 0.657 0.009 0.057 0.006 0.239 0.005 0.019 
250    C4136    (0)    5 :  0.023 0.645 0.077 0.022 0.050 0.024 0.121 0.038 
251    C4137    (9)    5 :  0.019 0.418 0.047 0.042 0.014 0.392 0.025 0.042 
252    C4139    (0)    5 :  0.009 0.868 0.013 0.036 0.013 0.038 0.007 0.016 
253    C4140    (9)    5 :  0.018 0.769 0.022 0.045 0.012 0.097 0.010 0.026 
254    C4167    (0)    5 :  0.043 0.734 0.062 0.014 0.015 0.076 0.034 0.021 
255    C4236    (0)    5 :  0.031 0.026 0.108 0.060 0.028 0.686 0.028 0.033 
256    C4237    (0)    5 :  0.020 0.057 0.053 0.013 0.093 0.062 0.648 0.054 
257    C4238    (0)    5 :  0.018 0.078 0.033 0.482 0.030 0.280 0.053 0.026 
258    C4241    (0)    5 :  0.024 0.070 0.030 0.526 0.031 0.264 0.019 0.036 
259    C4247    (9)    5 :  0.091 0.093 0.019 0.055 0.038 0.365 0.212 0.127 
260    C4257    (0)    5 :  0.018 0.033 0.019 0.671 0.060 0.162 0.021 0.015 
261    C4383    (0)    5 :  0.231 0.137 0.067 0.029 0.060 0.386 0.059 0.032 
262    C4397    (9)    5 :  0.008 0.082 0.020 0.015 0.009 0.845 0.009 0.012 
263    C4514    (0)    5 :  0.024 0.741 0.014 0.024 0.016 0.145 0.014 0.022 
264    C4519    (0)    5 :  0.013 0.559 0.016 0.187 0.169 0.028 0.007 0.019 
265    C4527    (0)    5 :  0.015 0.146 0.015 0.746 0.011 0.043 0.012 0.013 
266    C4534    (0)    5 :  0.059 0.088 0.029 0.594 0.068 0.092 0.015 0.054 
267    C4699    (0)    5 :  0.029 0.783 0.022 0.070 0.015 0.013 0.052 0.015 
268    C1541    (9)    5 :  0.011 0.018 0.014 0.708 0.009 0.213 0.012 0.014 
269    C1542    (9)    5 :  0.011 0.012 0.017 0.776 0.015 0.144 0.015 0.011 
270    C1544    (0)    5 :  0.016 0.028 0.031 0.174 0.032 0.643 0.053 0.023 
271    C1547    (9)    5 :  0.153 0.045 0.091 0.061 0.358 0.134 0.088 0.069 
272    C1553    (9)    5 :  0.119 0.262 0.127 0.071 0.176 0.033 0.054 0.157 
273    C1555    (9)    5 :  0.013 0.018 0.025 0.031 0.030 0.842 0.020 0.021 
274    C1557    (0)    5 :  0.018 0.029 0.021 0.030 0.014 0.849 0.023 0.015 
275    C1560    (0)    5 :  0.015 0.016 0.016 0.048 0.058 0.826 0.009 0.013 
276    C1565    (0)    5 :  0.055 0.032 0.052 0.574 0.020 0.205 0.014 0.048 
277    C1567    (0)    5 :  0.024 0.030 0.034 0.042 0.075 0.751 0.027 0.016 
278    C1569    (0)    5 :  0.030 0.054 0.025 0.226 0.017 0.613 0.017 0.017 
279    C1571    (0)    5 :  0.034 0.029 0.026 0.426 0.120 0.248 0.069 0.048 
280    C1576    (0)    5 :  0.024 0.138 0.029 0.066 0.036 0.614 0.067 0.025 
281    C1577    (9)    5 :  0.016 0.022 0.029 0.681 0.043 0.158 0.031 0.020 
282    C1579    (0)    5 :  0.014 0.020 0.035 0.216 0.016 0.644 0.017 0.036 
283    C3990    (0)    6 :  0.008 0.923 0.007 0.024 0.007 0.018 0.007 0.007 
284    C3991    (0)    6 :  0.052 0.746 0.022 0.031 0.029 0.041 0.049 0.031 
285    C3992    (0)    6 :  0.016 0.769 0.023 0.036 0.068 0.022 0.040 0.027 
286    C3994    (0)    6 :  0.127 0.139 0.024 0.178 0.033 0.354 0.037 0.108 
287    C4172    (0)    6 :  0.048 0.759 0.034 0.015 0.041 0.008 0.040 0.055 
288    C4173    (9)    6 :  0.412 0.456 0.017 0.046 0.017 0.015 0.011 0.025 
289    C4232    (9)    6 :  0.008 0.011 0.007 0.798 0.009 0.152 0.007 0.008 
290    C4234    (9)    6 :  0.008 0.016 0.010 0.493 0.009 0.440 0.011 0.013 
291    C4259    (0)    6 :  0.010 0.022 0.012 0.167 0.009 0.758 0.011 0.011 
292    C4260    (0)    6 :  0.008 0.028 0.008 0.900 0.009 0.026 0.008 0.011 
293    C4261    (9)    6 :  0.059 0.035 0.078 0.696 0.041 0.019 0.022 0.049 
294    C4262    (0)    6 :  0.087 0.247 0.050 0.105 0.040 0.439 0.011 0.022 
295    C4263    (0)    6 :  0.032 0.032 0.022 0.170 0.014 0.635 0.070 0.025 
296    C4267    (9)    6 :  0.013 0.115 0.020 0.109 0.014 0.672 0.036 0.021 
297    C4269    (0)    6 :  0.044 0.217 0.050 0.304 0.017 0.317 0.020 0.030 
298    C4272    (0)    6 :  0.012 0.011 0.011 0.017 0.011 0.914 0.008 0.016 
299    C4274    (0)    6 :  0.013 0.027 0.033 0.106 0.419 0.359 0.012 0.032 
300    C4276    (9)    6 :  0.022 0.010 0.015 0.032 0.837 0.026 0.028 0.030 
301    C4278    (0)    6 :  0.029 0.086 0.034 0.084 0.049 0.596 0.021 0.101 
302    C4280    (0)    6 :  0.020 0.195 0.043 0.488 0.028 0.162 0.013 0.052 
303    C4281    (0)    6 :  0.019 0.038 0.027 0.132 0.013 0.732 0.024 0.015 
304    C4282    (0)    6 :  0.220 0.019 0.111 0.301 0.023 0.070 0.060 0.195 
305    C4284    (9)    6 :  0.010 0.203 0.011 0.057 0.008 0.692 0.009 0.010 
306    C4286    (9)    6 :  0.029 0.217 0.034 0.465 0.086 0.092 0.025 0.052 
307    C4287    (0)    6 :  0.070 0.129 0.057 0.487 0.056 0.119 0.011 0.070 
308    C4290    (0)    6 :  0.067 0.030 0.066 0.012 0.477 0.158 0.151 0.038 
309    C4307   (18)    6 :  0.024 0.135 0.015 0.388 0.019 0.187 0.014 0.218 
310    C4310    (9)    6 :  0.013 0.065 0.018 0.234 0.066 0.510 0.071 0.023 
311    C4311   (18)    6 :  0.022 0.028 0.024 0.691 0.053 0.127 0.018 0.037 
312    C4312    (0)    6 :  0.014 0.034 0.013 0.492 0.014 0.396 0.015 0.021 
313    C4314    (0)    6 :  0.013 0.020 0.047 0.147 0.025 0.567 0.153 0.029 
314    C4318    (9)    6 :  0.035 0.036 0.018 0.057 0.014 0.741 0.010 0.090 
315    C4321    (9)    6 :  0.052 0.162 0.022 0.401 0.094 0.217 0.012 0.039 
316    C4324    (0)    6 :  0.056 0.057 0.022 0.101 0.033 0.690 0.011 0.029 
317    C4334    (0)    6 :  0.041 0.046 0.011 0.018 0.018 0.830 0.009 0.026 
318    C4529    (0)    6 :  0.033 0.033 0.031 0.460 0.026 0.329 0.036 0.051 
319    C1582    (9)    6 :  0.014 0.156 0.018 0.153 0.017 0.615 0.015 0.012 
320    C1583    (0)    6 :  0.015 0.028 0.020 0.113 0.026 0.705 0.057 0.037 
321    C1584    (9)    6 :  0.009 0.034 0.012 0.033 0.040 0.837 0.020 0.015 
322    C1585    (0)    6 :  0.006 0.031 0.006 0.017 0.012 0.904 0.014 0.009 
323    C1586    (0)    6 :  0.050 0.028 0.020 0.033 0.011 0.806 0.023 0.028 
324    C1589    (0)    6 :  0.012 0.164 0.012 0.082 0.012 0.694 0.013 0.012 
325    C1591    (0)    6 :  0.009 0.028 0.007 0.034 0.010 0.895 0.009 0.008 
326    C1592    (0)    6 :  0.026 0.013 0.024 0.031 0.023 0.842 0.018 0.024 
327    C1594    (0)    6 :  0.014 0.046 0.022 0.121 0.020 0.678 0.079 0.020 
328    C1597    (9)    6 :  0.029 0.037 0.042 0.649 0.054 0.136 0.026 0.028 
329    C1598    (9)    6 :  0.015 0.215 0.021 0.076 0.021 0.581 0.047 0.024 
330    C1599    (0)    6 :  0.011 0.013 0.012 0.268 0.028 0.635 0.010 0.023 
331    C1601    (0)    6 :  0.026 0.411 0.078 0.203 0.027 0.135 0.070 0.051 
332    C1605    (0)    6 :  0.036 0.056 0.033 0.069 0.092 0.141 0.080 0.493 
333    C1609    (0)    6 :  0.009 0.026 0.007 0.021 0.009 0.912 0.008 0.009 
334    C1610    (0)    6 :  0.014 0.018 0.100 0.408 0.094 0.195 0.085 0.086 
335    C1611    (0)    6 :  0.037 0.012 0.014 0.833 0.010 0.041 0.010 0.041 
336    C1612    (0)    6 :  0.006 0.010 0.007 0.908 0.008 0.042 0.008 0.011 
337    C1613    (0)    6 :  0.049 0.031 0.022 0.553 0.044 0.240 0.037 0.024 
338    C3173    (9)    6 :  0.048 0.036 0.056 0.284 0.049 0.420 0.036 0.071 
339    C3204    (0)    6 :  0.014 0.021 0.015 0.854 0.021 0.041 0.015 0.020 
340    C3223    (9)    6 :  0.082 0.020 0.027 0.454 0.148 0.032 0.016 0.221 
341    C3262    (0)    6 :  0.024 0.048 0.022 0.234 0.052 0.450 0.099 0.070 
342    C3270    (0)    6 :  0.016 0.141 0.023 0.591 0.021 0.169 0.013 0.026 
343    C3300    (0)    6 :  0.010 0.295 0.011 0.227 0.011 0.422 0.009 0.014 
344    C3330    (0)    6 :  0.019 0.096 0.030 0.112 0.020 0.636 0.014 0.074 
345    C3390    (9)    6 :  0.024 0.071 0.024 0.473 0.015 0.347 0.016 0.029 
346    C3424    (9)    6 :  0.018 0.036 0.051 0.632 0.023 0.183 0.015 0.042 
347    C3958    (0)    6 :  0.014 0.889 0.013 0.021 0.008 0.039 0.006 0.010 
348    C3962    (0)    6 :  0.010 0.880 0.028 0.016 0.009 0.032 0.006 0.019 
349    C4019    (0)    6 :  0.031 0.094 0.615 0.010 0.019 0.013 0.023 0.195 
350    C3995   (18)    6 :  0.037 0.841 0.020 0.031 0.013 0.019 0.016 0.022 
351    C4000    (0)    6 :  0.073 0.583 0.113 0.114 0.025 0.027 0.015 0.050 
352    C4002    (0)    6 :  0.020 0.832 0.023 0.065 0.009 0.022 0.013 0.016 
353    C1692    (0)    7 :  0.026 0.095 0.140 0.023 0.055 0.018 0.037 0.607 
354    C1693    (0)    7 :  0.112 0.037 0.034 0.128 0.121 0.070 0.014 0.484 
355    C1694    (0)    7 :  0.319 0.014 0.099 0.051 0.117 0.126 0.093 0.180 
356    C1698    (0)    7 :  0.152 0.008 0.302 0.008 0.079 0.048 0.067 0.336 
357    C1699    (0)    7 :  0.046 0.017 0.055 0.026 0.068 0.020 0.340 0.427 
358    C1700    (0)    7 :  0.150 0.074 0.467 0.040 0.088 0.040 0.054 0.088 
359    C1701    (0)    7 :  0.026 0.011 0.261 0.012 0.022 0.025 0.401 0.240 
360    C1702    (0)    7 :  0.051 0.014 0.203 0.011 0.055 0.011 0.085 0.570 
361    C1703    (0)    7 :  0.265 0.023 0.413 0.009 0.114 0.016 0.060 0.100 
362    C1704    (0)    7 :  0.201 0.025 0.114 0.020 0.062 0.443 0.023 0.111 
363    C1705    (0)    7 :  0.458 0.225 0.040 0.009 0.192 0.012 0.017 0.047 
364    C1706    (0)    7 :  0.035 0.009 0.052 0.015 0.085 0.018 0.452 0.334 
365    C1707    (0)    7 :  0.036 0.021 0.034 0.114 0.346 0.218 0.158 0.073 
366    C1708    (0)    7 :  0.485 0.013 0.050 0.012 0.018 0.020 0.018 0.384 
367    C1709    (0)    7 :  0.686 0.067 0.063 0.023 0.016 0.021 0.023 0.100 
368    C1710    (0)    7 :  0.073 0.019 0.384 0.018 0.031 0.037 0.085 0.353 
369    C1712    (0)    7 :  0.543 0.029 0.245 0.011 0.036 0.008 0.013 0.114 
370    C1714    (0)    7 :  0.778 0.013 0.024 0.010 0.018 0.022 0.017 0.117 
371    C1715    (0)    7 :  0.023 0.019 0.233 0.017 0.396 0.020 0.087 0.205 
372    C1717    (0)    7 :  0.063 0.015 0.178 0.057 0.457 0.046 0.026 0.158 
373    C1718   (18)    7 :  0.034 0.014 0.600 0.014 0.130 0.075 0.038 0.096 
374    C1719    (0)    7 :  0.640 0.078 0.111 0.066 0.019 0.037 0.016 0.032 
375    C1656    (0)    8 :  0.072 0.055 0.151 0.012 0.057 0.010 0.465 0.178 
376    C1657   (18)    8 :  0.441 0.020 0.099 0.031 0.063 0.013 0.166 0.167 
377    C1658    (0)    8 :  0.042 0.011 0.567 0.008 0.188 0.009 0.086 0.089 
378    C1659    (0)    8 :  0.018 0.022 0.055 0.067 0.488 0.027 0.115 0.208 
379    C1661    (9)    8 :  0.064 0.021 0.353 0.036 0.123 0.098 0.077 0.227 
380    C1665    (0)    8 :  0.037 0.011 0.416 0.027 0.082 0.019 0.252 0.156 
381    C1667    (9)    8 :  0.865 0.005 0.042 0.007 0.015 0.007 0.017 0.042 
382    C1676    (9)    8 :  0.142 0.029 0.440 0.014 0.025 0.015 0.164 0.170 
383    C1681    (9)    8 :  0.122 0.017 0.201 0.014 0.260 0.057 0.240 0.090 
384    C1682    (0)    8 :  0.453 0.020 0.155 0.014 0.065 0.015 0.099 0.179 
385    C1685    (0)    8 :  0.040 0.029 0.516 0.042 0.014 0.012 0.053 0.294 
386    C4707    (0)    9 :  0.030 0.084 0.730 0.020 0.016 0.033 0.018 0.069 
387    C4747    (0)    9 :  0.402 0.096 0.031 0.179 0.071 0.029 0.017 0.174 
388    C4772    (0)    9 :  0.027 0.443 0.299 0.058 0.040 0.036 0.061 0.035 
389    C4781    (0)    9 :  0.749 0.031 0.038 0.010 0.034 0.048 0.013 0.076 
390    C4782    (0)    9 :  0.115 0.082 0.355 0.021 0.142 0.131 0.051 0.104 
391    C4787    (0)    9 :  0.042 0.105 0.047 0.015 0.553 0.023 0.032 0.181 
392    C4790    (0)    9 :  0.546 0.083 0.163 0.013 0.017 0.018 0.027 0.132 
393    C4803    (0)    9 :  0.074 0.093 0.287 0.053 0.275 0.029 0.029 0.159 
394    C4813    (0)    9 :  0.025 0.751 0.046 0.024 0.037 0.007 0.040 0.069 
395    C4837    (0)    9 :  0.035 0.143 0.527 0.043 0.066 0.017 0.020 0.148 
396    C4838    (0)    9 :  0.037 0.109 0.096 0.011 0.633 0.009 0.038 0.067 
397    C4843    (0)    9 :  0.027 0.053 0.344 0.041 0.025 0.012 0.056 0.442 
398    C4857    (0)    9 :  0.014 0.823 0.020 0.028 0.028 0.035 0.024 0.028 
399    C4828    (0)    9 :  0.062 0.029 0.093 0.234 0.133 0.049 0.156 0.244 
400    C4835    (0)    9 :  0.018 0.720 0.036 0.014 0.088 0.019 0.063 0.041 
401    C4836    (9)    9 :  0.122 0.253 0.212 0.024 0.186 0.027 0.031 0.144 
402    C4842    (0)    9 :  0.067 0.052 0.252 0.021 0.032 0.009 0.189 0.378 
403    C4863    (9)    9 :  0.142 0.041 0.122 0.013 0.279 0.053 0.017 0.331 
404    C4744    (0)    9 :  0.220 0.023 0.240 0.038 0.073 0.008 0.067 0.331 
405    C4745    (0)    9 :  0.031 0.105 0.209 0.014 0.092 0.026 0.113 0.409 
406    C4768    (0)    9 :  0.256 0.170 0.356 0.030 0.015 0.060 0.049 0.066 
407    C4769    (0)    9 :  0.059 0.181 0.117 0.014 0.129 0.010 0.413 0.077 
408    C4771    (0)    9 :  0.027 0.013 0.852 0.010 0.044 0.009 0.021 0.024 
409    C4784    (0)    9 :  0.473 0.192 0.052 0.018 0.040 0.047 0.056 0.122 
410    C4785    (0)    9 :  0.762 0.027 0.018 0.016 0.024 0.027 0.043 0.083 
411    C4795    (0)    9 :  0.617 0.088 0.024 0.027 0.047 0.034 0.021 0.141 
412    C4796    (0)    9 :  0.067 0.011 0.792 0.010 0.051 0.016 0.019 0.033 
413    C4800    (0)    9 :  0.016 0.355 0.097 0.009 0.265 0.016 0.022 0.221 
414    C4801    (0)    9 :  0.044 0.527 0.040 0.008 0.050 0.045 0.180 0.106 
415    C4802    (0)    9 :  0.017 0.019 0.061 0.025 0.046 0.653 0.121 0.057 
416    C4805    (0)    9 :  0.083 0.098 0.637 0.009 0.027 0.014 0.090 0.043 
417    C4806    (0)    9 :  0.012 0.040 0.736 0.008 0.068 0.011 0.092 0.033 
418    C4850    (0)    9 :  0.027 0.161 0.350 0.082 0.041 0.042 0.045 0.251 
419    C4748    (0)   10 :  0.083 0.172 0.018 0.010 0.055 0.008 0.481 0.172 
420    C4753    (0)   10 :  0.083 0.041 0.250 0.012 0.054 0.025 0.059 0.477 
421    C4754    (0)   10 :  0.049 0.135 0.625 0.012 0.016 0.026 0.043 0.093 
422    C4760    (0)   10 :  0.020 0.275 0.229 0.068 0.188 0.057 0.017 0.147 
423    C4761    (0)   10 :  0.090 0.377 0.052 0.009 0.039 0.020 0.353 0.060 
424    C4762    (0)   10 :  0.571 0.165 0.053 0.023 0.102 0.010 0.032 0.044 
425    C4791    (0)   10 :  0.064 0.205 0.310 0.007 0.314 0.011 0.030 0.059 
426    C4810    (0)   10 :  0.018 0.022 0.027 0.040 0.033 0.078 0.756 0.027 
427    C4812    (0)   10 :  0.027 0.045 0.439 0.049 0.197 0.033 0.144 0.066 
428    C4821    (0)   10 :  0.048 0.135 0.237 0.099 0.063 0.027 0.022 0.368 
429    C4864    (0)   10 :  0.022 0.621 0.211 0.036 0.022 0.034 0.017 0.037 
430    C4866    (0)   10 :  0.044 0.028 0.119 0.065 0.272 0.008 0.377 0.087 
431    C1722    (0)   10 :  0.027 0.012 0.175 0.028 0.369 0.042 0.264 0.082 
432    C1724    (0)   10 :  0.014 0.018 0.050 0.009 0.126 0.007 0.714 0.063 
433    C1725    (0)   10 :  0.042 0.012 0.095 0.055 0.165 0.027 0.323 0.283 
434    C1726    (0)   10 :  0.069 0.015 0.269 0.013 0.136 0.010 0.058 0.430 
435    C1731    (0)   10 :  0.072 0.056 0.158 0.057 0.132 0.011 0.332 0.181 
436    C1733    (9)   10 :  0.018 0.031 0.042 0.030 0.378 0.025 0.262 0.213 
437    C1734    (0)   10 :  0.029 0.064 0.382 0.067 0.255 0.011 0.039 0.152 
438    C1735    (0)   10 :  0.029 0.007 0.044 0.015 0.226 0.008 0.177 0.494 
439    C1738    (0)   10 :  0.016 0.027 0.130 0.107 0.297 0.012 0.356 0.056 
440    C1740    (9)   10 :  0.033 0.029 0.232 0.187 0.094 0.038 0.088 0.298 
441    C1741    (0)   10 :  0.116 0.237 0.048 0.051 0.143 0.057 0.016 0.332 
442    C1742    (0)   10 :  0.011 0.019 0.864 0.017 0.025 0.012 0.030 0.023 
443    C1743    (0)   10 :  0.396 0.022 0.085 0.039 0.212 0.017 0.087 0.142 
444    C1745    (0)   10 :  0.019 0.030 0.049 0.017 0.057 0.019 0.035 0.773 
445    C1746    (0)   10 :  0.134 0.076 0.169 0.033 0.211 0.036 0.215 0.126 
446    C1747    (0)   10 :  0.148 0.017 0.061 0.019 0.189 0.236 0.228 0.103 
447    C4742    (9)   10 :  0.094 0.500 0.209 0.034 0.032 0.016 0.045 0.068 
448    C4752    (0)   10 :  0.020 0.839 0.013 0.022 0.027 0.015 0.039 0.025 
449    C4792    (0)   10 :  0.090 0.295 0.206 0.100 0.047 0.061 0.108 0.094 
450    C4811    (0)   10 :  0.017 0.830 0.021 0.032 0.029 0.020 0.015 0.036 
451    C4814    (0)   10 :  0.081 0.517 0.155 0.031 0.033 0.021 0.035 0.128 
452    C4815    (0)   10 :  0.049 0.061 0.111 0.037 0.485 0.063 0.036 0.159 
453    C4818    (0)   10 :  0.068 0.240 0.091 0.171 0.213 0.027 0.100 0.092 
454    C4819    (0)   10 :  0.037 0.470 0.079 0.041 0.020 0.016 0.114 0.222 
455    C4826    (0)   10 :  0.057 0.032 0.558 0.008 0.089 0.010 0.066 0.179 
456    C4829    (0)   10 :  0.212 0.021 0.367 0.024 0.092 0.078 0.047 0.159 
457    C4830    (0)   10 :  0.115 0.036 0.689 0.023 0.027 0.009 0.010 0.090 
458    C4831    (0)   10 :  0.044 0.757 0.050 0.019 0.015 0.052 0.036 0.027 
459    C4832    (0)   10 :  0.373 0.038 0.343 0.016 0.043 0.012 0.079 0.098 
460    C4858    (0)   10 :  0.450 0.302 0.043 0.008 0.059 0.028 0.014 0.095 
