

----------------------------------------------------
STRUCTURE by Pritchard, Stephens and Donnelly (2000)
     and Falush, Stephens and Pritchard (2003)
       Code by Pritchard, Falush and Hubisz
             Version 2.3.4 (Jul 2012)
----------------------------------------------------



Command line arguments:   bin\structure -m G:\My Drive\Hoban_Lab_Docs\Projects\Butternut_JUCI\Graphical_Stat_Results\PostIndRemoval\24pop\Reorg_Results\STR\butternut\50-50\mainparams -e G:\My Drive\Hoban_Lab_Docs\Projects\Butternut_JUCI\Graphical_Stat_Results\PostIndRemoval\24pop\Reorg_Results\STR\butternut\50-50\extraparams 
Input File:    G:\My Drive\Hoban_Lab_Docs\Projects\Butternut_JUCI\Graphical_Stat_Results\PostIndRemoval\24pop\Reorg_Results\STR\butternut\project_data

Run parameters:
   993 individuals
   11 loci
   4 populations assumed
   50000 Burn-in period
   50000 Reps


--------------------------------------------
Proportion of membership of each pre-defined
 population in each of the 4 clusters

Given    Inferred Clusters              Number of
 Pop       1      2      3      4      Individuals

  1:     0.068  0.574  0.283  0.075       40
  2:     0.067  0.492  0.397  0.044       45
  3:     0.075  0.602  0.256  0.068       62
  4:     0.046  0.454  0.421  0.079       48
  5:     0.062  0.539  0.319  0.080       87
  6:     0.059  0.647  0.229  0.065       70
  7:     0.485  0.093  0.128  0.294       22
  8:     0.458  0.039  0.050  0.453       11
  9:     0.291  0.073  0.419  0.216       33
 10:     0.224  0.062  0.366  0.347       48
 11:     0.234  0.059  0.528  0.179       48
 12:     0.462  0.098  0.076  0.365       90
 13:     0.699  0.050  0.050  0.202       63
 14:     0.406  0.168  0.091  0.335       16
 15:     0.198  0.171  0.172  0.459       31
 16:     0.107  0.026  0.090  0.777       16
 17:     0.614  0.160  0.062  0.164       24
 18:     0.543  0.113  0.073  0.271       12
 19:     0.445  0.092  0.084  0.378       54
 20:     0.245  0.094  0.090  0.571       96
 21:     0.330  0.097  0.044  0.529       22
 22:     0.074  0.115  0.164  0.648       23
 23:     0.253  0.046  0.080  0.621       13
 24:     0.478  0.116  0.123  0.283       19
--------------------------------------------

Allele-freq. divergence among pops (Net nucleotide distance),
computed using point estimates of P.

      1       2       3       4      
 1      -    0.0258  0.0260  0.0086  
 2   0.0258     -    0.0264  0.0288  
 3   0.0260  0.0264     -    0.0328  
 4   0.0086  0.0288  0.0328     -    

Average distances (expected heterozygosity) between individuals in same cluster:
cluster  1  : 0.8561 
cluster  2  : 0.8199 
cluster  3  : 0.8392 
cluster  4  : 0.8421 

--------------------------------------------
Estimated Ln Prob of Data   = -46683.8
Mean value of ln likelihood = -45900.5
Variance of ln likelihood   = 1566.4
Mean value of alpha         = 0.0843

Mean value of Fst_1         = 0.0141
Mean value of Fst_2         = 0.0471
Mean value of Fst_3         = 0.0440
Mean value of Fst_4         = 0.0223


Inferred ancestry of individuals:
        Label (%Miss) Pop:  Inferred clusters
  1    C3984    (0)    1 :  0.026 0.777 0.183 0.015 
  2    C3985    (0)    1 :  0.019 0.355 0.607 0.018 
  3    C3986    (0)    1 :  0.015 0.117 0.857 0.012 
  4    C4231    (0)    1 :  0.036 0.449 0.488 0.027 
  5    C4344    (0)    1 :  0.036 0.876 0.063 0.025 
  6    C4347   (18)    1 :  0.020 0.865 0.059 0.055 
  7    C4352   (18)    1 :  0.041 0.382 0.551 0.026 
  8    C4355    (9)    1 :  0.028 0.884 0.062 0.026 
  9    C4358   (18)    1 :  0.714 0.045 0.103 0.138 
 10    C4419    (9)    1 :  0.040 0.345 0.569 0.046 
 11    C4428    (9)    1 :  0.017 0.847 0.115 0.022 
 12    C4436    (0)    1 :  0.018 0.450 0.511 0.020 
 13    C4437   (18)    1 :  0.028 0.148 0.767 0.057 
 14    C4450    (0)    1 :  0.152 0.345 0.380 0.123 
 15    C4531    (0)    1 :  0.023 0.016 0.940 0.021 
 16    C1615    (0)    1 :  0.083 0.193 0.615 0.109 
 17    C1616    (0)    1 :  0.055 0.287 0.143 0.515 
 18    C1617    (9)    1 :  0.017 0.938 0.020 0.026 
 19    C1618    (0)    1 :  0.065 0.102 0.791 0.042 
 20    C1619    (0)    1 :  0.197 0.456 0.282 0.065 
 21    C1620    (9)    1 :  0.098 0.245 0.609 0.048 
 22    C1621    (0)    1 :  0.094 0.304 0.064 0.538 
 23    C1623    (9)    1 :  0.153 0.033 0.693 0.121 
 24    C1625    (0)    1 :  0.171 0.569 0.163 0.097 
 25    C1626    (0)    1 :  0.093 0.532 0.076 0.299 
 26    C1627    (9)    1 :  0.042 0.723 0.186 0.049 
 27    C1633    (0)    1 :  0.021 0.912 0.039 0.028 
 28    C1637    (0)    1 :  0.020 0.918 0.032 0.030 
 29    C1650    (0)    1 :  0.027 0.390 0.524 0.059 
 30    C3202    (0)    1 :  0.021 0.918 0.033 0.027 
 31    C3248    (0)    1 :  0.024 0.943 0.015 0.018 
 32    C3304    (9)    1 :  0.022 0.923 0.020 0.035 
 33    C3326    (0)    1 :  0.060 0.632 0.252 0.056 
 34    C3333    (0)    1 :  0.030 0.906 0.023 0.041 
 35    C3339   (18)    1 :  0.048 0.874 0.037 0.042 
 36    C3346    (0)    1 :  0.016 0.949 0.024 0.012 
 37    C3349    (0)    1 :  0.047 0.906 0.021 0.026 
 38    C3367   (18)    1 :  0.029 0.614 0.303 0.054 
 39    C3374    (0)    1 :  0.015 0.937 0.038 0.011 
 40    C3405    (0)    1 :  0.057 0.860 0.044 0.039 
 41    C4543    (0)    2 :  0.019 0.055 0.908 0.018 
 42    C4545    (9)    2 :  0.025 0.039 0.925 0.011 
 43    C4551    (9)    2 :  0.123 0.083 0.754 0.040 
 44    C4491    (0)    2 :  0.100 0.178 0.678 0.044 
 45    C4494    (0)    2 :  0.016 0.882 0.090 0.013 
 46    C4495    (0)    2 :  0.212 0.533 0.217 0.039 
 47    C4497    (9)    2 :  0.025 0.918 0.038 0.019 
 48    C4501    (0)    2 :  0.126 0.705 0.089 0.080 
 49    C4502    (0)    2 :  0.043 0.406 0.528 0.023 
 50    C4503    (0)    2 :  0.059 0.016 0.901 0.024 
 51    C4504    (0)    2 :  0.549 0.204 0.171 0.076 
 52    C4470    (0)    2 :  0.140 0.600 0.195 0.064 
 53    C4471    (0)    2 :  0.035 0.213 0.731 0.021 
 54    C4474    (9)    2 :  0.026 0.014 0.935 0.024 
 55    C4476    (0)    2 :  0.028 0.717 0.230 0.024 
 56    C4479    (0)    2 :  0.016 0.869 0.074 0.041 
 57    C4482    (0)    2 :  0.031 0.284 0.547 0.138 
 58    C4483    (0)    2 :  0.020 0.013 0.952 0.015 
 59    C4484    (0)    2 :  0.074 0.300 0.582 0.043 
 60    C4485    (0)    2 :  0.111 0.725 0.079 0.085 
 61    C4489    (0)    2 :  0.030 0.749 0.194 0.026 
 62    C4505    (0)    2 :  0.042 0.633 0.281 0.045 
 63    C4507    (0)    2 :  0.111 0.096 0.762 0.030 
 64    C4535    (0)    2 :  0.029 0.018 0.928 0.025 
 65    C4542    (0)    2 :  0.055 0.017 0.860 0.069 
 66    C4553    (9)    2 :  0.029 0.190 0.756 0.025 
 67    C4562   (18)    2 :  0.034 0.171 0.765 0.029 
 68    C4582   (18)    2 :  0.026 0.073 0.873 0.028 
 69    C4693    (0)    2 :  0.011 0.034 0.940 0.015 
 70    C4696    (0)    2 :  0.040 0.047 0.886 0.026 
 71    C3179    (0)    2 :  0.095 0.853 0.027 0.025 
 72    C3181    (0)    2 :  0.052 0.874 0.024 0.049 
 73    C3188    (0)    2 :  0.048 0.893 0.023 0.036 
 74    C3190    (0)    2 :  0.033 0.852 0.052 0.063 
 75    C3193    (0)    2 :  0.017 0.939 0.020 0.024 
 76    C3232    (0)    2 :  0.016 0.901 0.069 0.014 
 77    C3236    (0)    2 :  0.012 0.944 0.033 0.012 
 78    C3249    (0)    2 :  0.037 0.892 0.028 0.042 
 79    C3250    (0)    2 :  0.014 0.942 0.025 0.019 
 80    C3253    (0)    2 :  0.023 0.911 0.041 0.026 
 81    C3255    (0)    2 :  0.018 0.934 0.035 0.014 
 82    C3277    (0)    2 :  0.062 0.814 0.043 0.080 
 83    C3315    (0)    2 :  0.235 0.230 0.250 0.285 
 84    C3288    (0)    2 :  0.028 0.796 0.136 0.040 
 85    C3293    (0)    2 :  0.121 0.572 0.200 0.107 
 86    C4018    (0)    3 :  0.012 0.248 0.726 0.014 
 87    C3980    (0)    3 :  0.016 0.035 0.933 0.016 
 88    C3987    (0)    3 :  0.013 0.087 0.884 0.016 
 89    C3988    (0)    3 :  0.014 0.131 0.842 0.012 
 90    C3989    (0)    3 :  0.053 0.805 0.122 0.021 
 91    C4011    (0)    3 :  0.009 0.463 0.520 0.009 
 92    C4017    (0)    3 :  0.011 0.039 0.940 0.010 
 93    C4296    (0)    3 :  0.258 0.340 0.204 0.199 
 94    C4301    (9)    3 :  0.346 0.058 0.031 0.564 
 95    C4303    (0)    3 :  0.073 0.435 0.051 0.441 
 96    C4453    (0)    3 :  0.069 0.572 0.288 0.071 
 97    C4455    (9)    3 :  0.043 0.687 0.202 0.069 
 98    C4456   (18)    3 :  0.066 0.064 0.729 0.141 
 99    C4457    (9)    3 :  0.060 0.677 0.078 0.184 
100    C4459    (9)    3 :  0.022 0.796 0.156 0.025 
101    C4464   (18)    3 :  0.015 0.886 0.087 0.012 
102    C4467   (18)    3 :  0.014 0.937 0.036 0.013 
103    C4468    (9)    3 :  0.021 0.887 0.049 0.042 
104    C4783    (0)    3 :  0.034 0.060 0.889 0.017 
105    C4786    (0)    3 :  0.019 0.397 0.557 0.026 
106    C4789    (9)    3 :  0.019 0.551 0.404 0.027 
107    C4891    (0)    3 :  0.073 0.470 0.418 0.040 
108    C4896    (0)    3 :  0.047 0.078 0.818 0.057 
109    C4898    (0)    3 :  0.026 0.102 0.855 0.017 
110    C4901    (0)    3 :  0.014 0.312 0.645 0.029 
111    C4903    (9)    3 :  0.043 0.436 0.389 0.132 
112    C4904    (0)    3 :  0.041 0.106 0.838 0.014 
113    C3263    (0)    3 :  0.070 0.885 0.024 0.021 
114    C3271    (0)    3 :  0.023 0.930 0.026 0.021 
115    C3272    (0)    3 :  0.052 0.903 0.020 0.025 
116    C3276    (0)    3 :  0.134 0.579 0.054 0.233 
117    C3280    (9)    3 :  0.219 0.623 0.083 0.075 
118    C3305    (9)    3 :  0.031 0.921 0.028 0.020 
119    C3306    (0)    3 :  0.060 0.826 0.069 0.045 
120    C3324    (0)    3 :  0.481 0.442 0.049 0.028 
121    C3329    (0)    3 :  0.078 0.351 0.507 0.064 
122    C3336    (0)    3 :  0.046 0.886 0.030 0.038 
123    C3341   (18)    3 :  0.549 0.113 0.234 0.104 
124    C3409   (18)    3 :  0.119 0.705 0.097 0.079 
125    C3168    (9)    3 :  0.038 0.903 0.036 0.023 
126    C3170    (0)    3 :  0.030 0.911 0.037 0.022 
127    C3214   (18)    3 :  0.017 0.803 0.030 0.150 
128    C3227    (0)    3 :  0.028 0.862 0.055 0.055 
129    C3228    (0)    3 :  0.061 0.710 0.165 0.064 
130    C3279    (0)    3 :  0.081 0.777 0.067 0.075 
131    C3322    (0)    3 :  0.112 0.336 0.230 0.323 
132    C3303    (0)    3 :  0.071 0.854 0.028 0.047 
133    C3317    (0)    3 :  0.034 0.902 0.042 0.022 
134    C3355    (0)    3 :  0.019 0.942 0.025 0.013 
135    C3376    (9)    3 :  0.021 0.910 0.034 0.035 
136    C3401    (0)    3 :  0.046 0.850 0.059 0.045 
137    C3203    (9)    3 :  0.050 0.845 0.043 0.062 
138    C3245    (0)    3 :  0.027 0.913 0.019 0.042 
139    C3302    (0)    3 :  0.066 0.831 0.058 0.045 
140    C3307    (0)    3 :  0.131 0.422 0.399 0.047 
141    C3310    (0)    3 :  0.031 0.923 0.024 0.022 
142    C3312    (9)    3 :  0.052 0.841 0.061 0.045 
143    C3345    (0)    3 :  0.034 0.907 0.041 0.017 
144    C3371    (0)    3 :  0.093 0.857 0.030 0.020 
145    C3372    (0)    3 :  0.047 0.875 0.056 0.022 
146    C3380    (9)    3 :  0.011 0.931 0.046 0.013 
147    C3417    (0)    3 :  0.231 0.370 0.349 0.050 
148    C4569    (9)    4 :  0.087 0.036 0.808 0.069 
149    C4570    (9)    4 :  0.016 0.042 0.929 0.014 
150    C4571    (9)    4 :  0.022 0.210 0.737 0.031 
151    C4572    (9)    4 :  0.016 0.023 0.940 0.020 
152    C4573    (9)    4 :  0.069 0.081 0.316 0.535 
153    C4575    (9)    4 :  0.037 0.053 0.822 0.088 
154    C4577    (9)    4 :  0.016 0.031 0.941 0.012 
155    C4578    (9)    4 :  0.053 0.076 0.784 0.087 
156    C4600   (18)    4 :  0.056 0.045 0.855 0.044 
157    C4612    (9)    4 :  0.027 0.037 0.819 0.117 
158    C4621    (0)    4 :  0.011 0.124 0.845 0.020 
159    C4622    (9)    4 :  0.015 0.030 0.941 0.014 
160    C4623    (0)    4 :  0.094 0.131 0.729 0.046 
161    C4624    (0)    4 :  0.018 0.023 0.927 0.032 
162    C4625    (0)    4 :  0.048 0.096 0.189 0.667 
163    C4627    (0)    4 :  0.018 0.042 0.913 0.027 
164    C4631    (0)    4 :  0.059 0.018 0.901 0.022 
165    C4632    (0)    4 :  0.021 0.076 0.883 0.019 
166    C3939    (0)    4 :  0.017 0.062 0.905 0.016 
167    C3940    (0)    4 :  0.029 0.036 0.918 0.017 
168    C3945    (0)    4 :  0.013 0.036 0.941 0.010 
169    C4520    (0)    4 :  0.217 0.398 0.135 0.250 
170    C4522    (0)    4 :  0.014 0.146 0.825 0.015 
171    C3182    (0)    4 :  0.029 0.912 0.039 0.019 
172    C3189    (0)    4 :  0.058 0.751 0.043 0.148 
173    C3191    (9)    4 :  0.029 0.910 0.020 0.041 
174    C3196    (0)    4 :  0.030 0.912 0.019 0.040 
175    C3208    (0)    4 :  0.050 0.567 0.322 0.061 
176    C3211    (0)    4 :  0.040 0.887 0.034 0.038 
177    C3212    (0)    4 :  0.398 0.321 0.144 0.138 
178    C3213    (0)    4 :  0.077 0.879 0.020 0.024 
179    C3215    (0)    4 :  0.076 0.289 0.237 0.398 
180    C3217    (0)    4 :  0.045 0.911 0.021 0.023 
181    C3225    (9)    4 :  0.047 0.867 0.029 0.057 
182    C3226    (0)    4 :  0.019 0.875 0.091 0.015 
183    C3238    (9)    4 :  0.017 0.847 0.105 0.031 
184    C3239    (0)    4 :  0.026 0.927 0.027 0.020 
185    C3269   (18)    4 :  0.045 0.451 0.280 0.224 
186    C3273    (0)    4 :  0.015 0.921 0.026 0.038 
187    C3274    (0)    4 :  0.060 0.584 0.265 0.092 
188    C3354    (0)    4 :  0.026 0.921 0.031 0.022 
189    C3361    (0)    4 :  0.019 0.925 0.030 0.026 
190    C3289    (0)    4 :  0.023 0.914 0.036 0.027 
191    C3169    (0)    4 :  0.013 0.948 0.024 0.015 
192    C3199    (9)    4 :  0.024 0.704 0.221 0.051 
193    C3224    (0)    4 :  0.023 0.913 0.026 0.038 
194    C3261   (18)    4 :  0.022 0.914 0.051 0.013 
195    C3320    (0)    4 :  0.033 0.886 0.043 0.038 
196    C4151    (0)    5 :  0.011 0.031 0.946 0.012 
197    C4152    (0)    5 :  0.015 0.044 0.923 0.018 
198    C4153    (0)    5 :  0.023 0.451 0.482 0.043 
199    C4154   (18)    5 :  0.043 0.229 0.708 0.021 
200    C4157    (0)    5 :  0.029 0.232 0.714 0.025 
201    C4158    (0)    5 :  0.011 0.026 0.950 0.013 
202    C4163    (0)    5 :  0.009 0.025 0.956 0.009 
203    C4165    (0)    5 :  0.279 0.067 0.629 0.025 
204    C4248    (9)    5 :  0.040 0.890 0.037 0.032 
205    C4254    (0)    5 :  0.033 0.859 0.082 0.025 
206    C4371    (9)    5 :  0.059 0.810 0.108 0.023 
207    C3936    (0)    5 :  0.020 0.034 0.929 0.017 
208    C3937    (0)    5 :  0.012 0.033 0.941 0.014 
209    C3944    (0)    5 :  0.012 0.142 0.836 0.010 
210    C3954    (0)    5 :  0.011 0.883 0.071 0.034 
211    C3955    (9)    5 :  0.019 0.652 0.272 0.057 
212    C3961    (0)    5 :  0.048 0.070 0.864 0.018 
213    C3974    (0)    5 :  0.021 0.032 0.920 0.026 
214    C4024    (0)    5 :  0.061 0.242 0.679 0.019 
215    C4025    (0)    5 :  0.018 0.030 0.935 0.017 
216    C4028    (0)    5 :  0.030 0.115 0.775 0.081 
217    C4032   (18)    5 :  0.016 0.911 0.055 0.018 
218    C4033   (18)    5 :  0.019 0.918 0.042 0.021 
219    C4034    (0)    5 :  0.113 0.765 0.080 0.042 
220    C4041    (9)    5 :  0.145 0.677 0.096 0.082 
221    C4042   (18)    5 :  0.151 0.594 0.219 0.036 
222    C4043    (9)    5 :  0.032 0.746 0.193 0.029 
223    C4044    (9)    5 :  0.533 0.178 0.174 0.114 
224    C4045    (9)    5 :  0.023 0.816 0.119 0.041 
225    C4046    (9)    5 :  0.042 0.864 0.065 0.029 
226    C4047    (0)    5 :  0.051 0.803 0.039 0.107 
227    C4048    (9)    5 :  0.072 0.803 0.047 0.079 
228    C4055    (9)    5 :  0.043 0.751 0.135 0.071 
229    C4057   (18)    5 :  0.040 0.912 0.033 0.015 
230    C4059    (0)    5 :  0.017 0.857 0.086 0.040 
231    C4060    (9)    5 :  0.028 0.801 0.141 0.030 
232    C4064    (9)    5 :  0.075 0.417 0.235 0.273 
233    C4067    (0)    5 :  0.079 0.795 0.044 0.082 
234    C4068    (9)    5 :  0.026 0.902 0.035 0.036 
235    C4070    (9)    5 :  0.110 0.469 0.386 0.035 
236    C4075   (18)    5 :  0.042 0.853 0.072 0.032 
237    C4081    (9)    5 :  0.041 0.884 0.034 0.042 
238    C4082    (0)    5 :  0.032 0.775 0.128 0.065 
239    C4083    (0)    5 :  0.390 0.323 0.196 0.091 
240    C4086    (0)    5 :  0.032 0.806 0.040 0.122 
241    C4088    (9)    5 :  0.031 0.120 0.100 0.749 
242    C4092    (0)    5 :  0.077 0.699 0.202 0.021 
243    C4099    (9)    5 :  0.045 0.825 0.064 0.066 
244    C4104    (0)    5 :  0.053 0.423 0.498 0.026 
245    C4108   (18)    5 :  0.167 0.020 0.021 0.791 
246    C4118    (0)    5 :  0.131 0.540 0.089 0.240 
247    C4131    (0)    5 :  0.042 0.301 0.566 0.091 
248    C4133    (0)    5 :  0.021 0.925 0.031 0.023 
249    C4135    (0)    5 :  0.015 0.578 0.398 0.009 
250    C4136    (0)    5 :  0.042 0.032 0.762 0.164 
251    C4137    (9)    5 :  0.039 0.475 0.452 0.034 
252    C4139    (0)    5 :  0.015 0.107 0.866 0.012 
253    C4140    (9)    5 :  0.030 0.188 0.765 0.017 
254    C4167    (0)    5 :  0.024 0.036 0.918 0.022 
255    C4236    (0)    5 :  0.042 0.852 0.053 0.054 
256    C4237    (0)    5 :  0.056 0.051 0.147 0.746 
257    C4238    (0)    5 :  0.027 0.767 0.120 0.086 
258    C4241    (0)    5 :  0.024 0.883 0.072 0.021 
259    C4247    (9)    5 :  0.191 0.463 0.167 0.180 
260    C4257    (0)    5 :  0.022 0.882 0.054 0.042 
261    C4383    (0)    5 :  0.232 0.330 0.337 0.101 
262    C4397    (9)    5 :  0.021 0.633 0.321 0.025 
263    C4514    (0)    5 :  0.026 0.157 0.800 0.017 
264    C4519    (0)    5 :  0.018 0.057 0.900 0.025 
265    C4527    (0)    5 :  0.021 0.736 0.223 0.019 
266    C4534    (0)    5 :  0.126 0.619 0.211 0.043 
267    C4699    (0)    5 :  0.020 0.030 0.918 0.032 
268    C1541    (9)    5 :  0.016 0.950 0.019 0.015 
269    C1542    (9)    5 :  0.022 0.933 0.021 0.024 
270    C1544    (0)    5 :  0.023 0.900 0.031 0.046 
271    C1547    (9)    5 :  0.268 0.305 0.070 0.357 
272    C1553    (9)    5 :  0.238 0.118 0.435 0.209 
273    C1555    (9)    5 :  0.032 0.856 0.066 0.046 
274    C1557    (0)    5 :  0.026 0.854 0.081 0.038 
275    C1560    (0)    5 :  0.023 0.926 0.020 0.031 
276    C1565    (0)    5 :  0.059 0.878 0.043 0.020 
277    C1567    (0)    5 :  0.037 0.828 0.052 0.082 
278    C1569    (0)    5 :  0.026 0.863 0.088 0.023 
279    C1571    (0)    5 :  0.051 0.780 0.036 0.134 
280    C1576    (0)    5 :  0.030 0.646 0.250 0.074 
281    C1577    (9)    5 :  0.031 0.864 0.038 0.067 
282    C1579    (0)    5 :  0.025 0.924 0.026 0.025 
283    C3990    (0)    6 :  0.011 0.060 0.917 0.012 
284    C3991    (0)    6 :  0.045 0.075 0.835 0.045 
285    C3992    (0)    6 :  0.022 0.042 0.892 0.045 
286    C3994    (0)    6 :  0.135 0.587 0.225 0.053 
287    C4172    (0)    6 :  0.029 0.013 0.914 0.044 
288    C4173    (9)    6 :  0.232 0.040 0.691 0.038 
289    C4232    (9)    6 :  0.012 0.959 0.016 0.013 
290    C4234    (9)    6 :  0.014 0.952 0.018 0.016 
291    C4259    (0)    6 :  0.015 0.943 0.027 0.015 
292    C4260    (0)    6 :  0.012 0.940 0.035 0.013 
293    C4261    (9)    6 :  0.179 0.391 0.306 0.124 
294    C4262    (0)    6 :  0.070 0.558 0.344 0.028 
295    C4263    (0)    6 :  0.045 0.869 0.042 0.044 
296    C4267    (9)    6 :  0.024 0.789 0.148 0.039 
297    C4269    (0)    6 :  0.046 0.560 0.366 0.028 
298    C4272    (0)    6 :  0.026 0.928 0.029 0.018 
299    C4274    (0)    6 :  0.030 0.739 0.062 0.168 
300    C4276    (9)    6 :  0.041 0.077 0.020 0.861 
301    C4278    (0)    6 :  0.069 0.766 0.117 0.049 
302    C4280    (0)    6 :  0.037 0.767 0.171 0.025 
303    C4281    (0)    6 :  0.022 0.869 0.081 0.028 
304    C4282    (0)    6 :  0.382 0.524 0.031 0.063 
305    C4284    (9)    6 :  0.014 0.772 0.201 0.013 
306    C4286    (9)    6 :  0.048 0.427 0.455 0.070 
307    C4287    (0)    6 :  0.088 0.570 0.309 0.033 
308    C4290    (0)    6 :  0.107 0.127 0.104 0.662 
309    C4307   (18)    6 :  0.111 0.588 0.275 0.026 
310    C4310    (9)    6 :  0.019 0.838 0.066 0.077 
311    C4311   (18)    6 :  0.040 0.869 0.050 0.041 
312    C4312    (0)    6 :  0.026 0.879 0.061 0.034 
313    C4314    (0)    6 :  0.025 0.820 0.030 0.125 
314    C4318    (9)    6 :  0.080 0.854 0.046 0.020 
315    C4321    (9)    6 :  0.062 0.702 0.205 0.030 
316    C4324    (0)    6 :  0.067 0.799 0.105 0.029 
317    C4334    (0)    6 :  0.064 0.844 0.073 0.019 
318    C4529    (0)    6 :  0.041 0.875 0.042 0.043 
319    C1582    (9)    6 :  0.018 0.706 0.249 0.027 
320    C1583    (0)    6 :  0.040 0.856 0.041 0.063 
321    C1584    (9)    6 :  0.019 0.897 0.038 0.046 
322    C1585    (0)    6 :  0.013 0.926 0.040 0.021 
323    C1586    (0)    6 :  0.095 0.825 0.049 0.031 
324    C1589    (0)    6 :  0.016 0.774 0.194 0.017 
325    C1591    (0)    6 :  0.014 0.933 0.036 0.017 
326    C1592    (0)    6 :  0.046 0.903 0.021 0.030 
327    C1594    (0)    6 :  0.022 0.848 0.064 0.066 
328    C1597    (9)    6 :  0.041 0.870 0.046 0.043 
329    C1598    (9)    6 :  0.027 0.705 0.223 0.045 
330    C1599    (0)    6 :  0.017 0.951 0.016 0.016 
331    C1601    (0)    6 :  0.069 0.309 0.547 0.074 
332    C1605    (0)    6 :  0.116 0.370 0.233 0.282 
333    C1609    (0)    6 :  0.016 0.933 0.035 0.016 
334    C1610    (0)    6 :  0.053 0.763 0.023 0.160 
335    C1611    (0)    6 :  0.062 0.886 0.033 0.019 
336    C1612    (0)    6 :  0.013 0.956 0.015 0.015 
337    C1613    (0)    6 :  0.034 0.909 0.031 0.026 
338    C3173    (9)    6 :  0.108 0.780 0.049 0.063 
339    C3204    (0)    6 :  0.026 0.911 0.035 0.029 
340    C3223    (9)    6 :  0.374 0.508 0.036 0.083 
341    C3262    (0)    6 :  0.042 0.824 0.047 0.087 
342    C3270    (0)    6 :  0.029 0.820 0.125 0.027 
343    C3300    (0)    6 :  0.014 0.855 0.118 0.013 
344    C3330    (0)    6 :  0.038 0.851 0.087 0.024 
345    C3390    (9)    6 :  0.027 0.904 0.047 0.022 
346    C3424    (9)    6 :  0.032 0.841 0.099 0.028 
347    C3958    (0)    6 :  0.016 0.095 0.878 0.011 
348    C3962    (0)    6 :  0.016 0.037 0.938 0.009 
349    C4019    (0)    6 :  0.245 0.022 0.613 0.121 
350    C3995   (18)    6 :  0.034 0.042 0.900 0.024 
351    C4000    (0)    6 :  0.059 0.033 0.891 0.017 
352    C4002    (0)    6 :  0.024 0.060 0.899 0.017 
353    C1692    (0)    7 :  0.152 0.034 0.624 0.190 
354    C1693    (0)    7 :  0.373 0.444 0.098 0.086 
355    C1694    (0)    7 :  0.486 0.152 0.040 0.322 
356    C1698    (0)    7 :  0.759 0.027 0.015 0.199 
357    C1699    (0)    7 :  0.120 0.036 0.042 0.802 
358    C1700    (0)    7 :  0.443 0.114 0.285 0.159 
359    C1701    (0)    7 :  0.333 0.035 0.031 0.601 
360    C1702    (0)    7 :  0.499 0.021 0.048 0.432 
361    C1703    (0)    7 :  0.692 0.018 0.049 0.241 
362    C1704    (0)    7 :  0.570 0.226 0.077 0.127 
363    C1705    (0)    7 :  0.154 0.015 0.766 0.066 
364    C1706    (0)    7 :  0.317 0.032 0.022 0.629 
365    C1707    (0)    7 :  0.059 0.367 0.087 0.487 
366    C1708    (0)    7 :  0.921 0.023 0.031 0.025 
367    C1709    (0)    7 :  0.779 0.034 0.146 0.041 
368    C1710    (0)    7 :  0.636 0.055 0.068 0.242 
369    C1712    (0)    7 :  0.872 0.013 0.078 0.036 
370    C1714    (0)    7 :  0.903 0.024 0.034 0.039 
371    C1715    (0)    7 :  0.090 0.030 0.033 0.846 
372    C1717    (0)    7 :  0.406 0.155 0.043 0.395 
373    C1718   (18)    7 :  0.435 0.070 0.032 0.463 
374    C1719    (0)    7 :  0.661 0.117 0.172 0.050 
375    C1656    (0)    8 :  0.264 0.016 0.152 0.569 
376    C1657   (18)    8 :  0.538 0.030 0.037 0.395 
377    C1658    (0)    8 :  0.259 0.013 0.024 0.703 
378    C1659    (0)    8 :  0.044 0.067 0.043 0.846 
379    C1661    (9)    8 :  0.526 0.114 0.041 0.319 
380    C1665    (0)    8 :  0.300 0.042 0.027 0.632 
381    C1667    (9)    8 :  0.951 0.011 0.010 0.028 
382    C1676    (9)    8 :  0.560 0.026 0.076 0.338 
383    C1681    (9)    8 :  0.208 0.039 0.033 0.721 
384    C1682    (0)    8 :  0.811 0.022 0.037 0.130 
385    C1685    (0)    8 :  0.574 0.052 0.076 0.298 
386    C4707    (0)    9 :  0.347 0.025 0.528 0.099 
387    C4747    (0)    9 :  0.355 0.157 0.423 0.065 
388    C4772    (0)    9 :  0.066 0.057 0.807 0.069 
389    C4781    (0)    9 :  0.492 0.047 0.397 0.064 
390    C4782    (0)    9 :  0.340 0.160 0.313 0.187 
391    C4787    (0)    9 :  0.188 0.049 0.302 0.460 
392    C4790    (0)    9 :  0.665 0.023 0.245 0.068 
393    C4803    (0)    9 :  0.453 0.076 0.268 0.204 
394    C4813    (0)    9 :  0.030 0.018 0.913 0.039 
395    C4837    (0)    9 :  0.146 0.044 0.744 0.065 
396    C4838    (0)    9 :  0.131 0.020 0.253 0.596 
397    C4843    (0)    9 :  0.311 0.035 0.393 0.261 
398    C4857    (0)    9 :  0.025 0.063 0.870 0.042 
399    C4828    (0)    9 :  0.155 0.336 0.115 0.394 
400    C4835    (0)    9 :  0.023 0.022 0.887 0.068 
401    C4836    (9)    9 :  0.177 0.046 0.653 0.123 
402    C4842    (0)    9 :  0.366 0.017 0.168 0.449 
403    C4863    (9)    9 :  0.475 0.051 0.267 0.206 
404    C4744    (0)    9 :  0.664 0.030 0.065 0.241 
405    C4745    (0)    9 :  0.178 0.034 0.268 0.520 
406    C4768    (0)    9 :  0.378 0.053 0.502 0.068 
407    C4769    (0)    9 :  0.056 0.015 0.353 0.576 
408    C4771    (0)    9 :  0.352 0.020 0.151 0.477 
409    C4784    (0)    9 :  0.352 0.047 0.527 0.074 
410    C4785    (0)    9 :  0.876 0.034 0.043 0.048 
411    C4795    (0)    9 :  0.443 0.100 0.380 0.077 
412    C4796    (0)    9 :  0.771 0.027 0.059 0.143 
413    C4800    (0)    9 :  0.048 0.016 0.828 0.108 
414    C4801    (0)    9 :  0.068 0.027 0.713 0.192 
415    C4802    (0)    9 :  0.082 0.633 0.058 0.228 
416    C4805    (0)    9 :  0.316 0.023 0.430 0.230 
417    C4806    (0)    9 :  0.118 0.018 0.341 0.523 
418    C4850    (0)    9 :  0.166 0.085 0.578 0.172 
419    C4748    (0)   10 :  0.050 0.014 0.537 0.399 
420    C4753    (0)   10 :  0.618 0.045 0.115 0.222 
421    C4754    (0)   10 :  0.269 0.017 0.654 0.060 
422    C4760    (0)   10 :  0.062 0.085 0.796 0.057 
423    C4761    (0)   10 :  0.088 0.018 0.686 0.208 
424    C4762    (0)   10 :  0.233 0.019 0.594 0.154 
425    C4791    (0)   10 :  0.267 0.014 0.495 0.223 
426    C4810    (0)   10 :  0.042 0.129 0.095 0.734 
427    C4812    (0)   10 :  0.066 0.059 0.132 0.744 
428    C4821    (0)   10 :  0.170 0.106 0.639 0.085 
429    C4864    (0)   10 :  0.028 0.042 0.897 0.032 
430    C4866    (0)   10 :  0.034 0.016 0.089 0.860 
431    C1722    (0)   10 :  0.059 0.049 0.024 0.867 
432    C1724    (0)   10 :  0.025 0.011 0.029 0.934 
433    C1725    (0)   10 :  0.168 0.046 0.019 0.766 
434    C1726    (0)   10 :  0.497 0.018 0.044 0.441 
435    C1731    (0)   10 :  0.145 0.031 0.158 0.666 
436    C1733    (9)   10 :  0.039 0.038 0.078 0.845 
437    C1734    (0)   10 :  0.161 0.040 0.295 0.504 
438    C1735    (0)   10 :  0.206 0.020 0.017 0.757 
439    C1738    (0)   10 :  0.030 0.038 0.046 0.886 
440    C1740    (9)   10 :  0.230 0.174 0.093 0.503 
441    C1741    (0)   10 :  0.148 0.102 0.696 0.054 
442    C1742    (0)   10 :  0.492 0.040 0.098 0.370 
443    C1743    (0)   10 :  0.657 0.039 0.043 0.260 
444    C1745    (0)   10 :  0.330 0.048 0.307 0.316 
445    C1746    (0)   10 :  0.179 0.044 0.241 0.536 
446    C1747    (0)   10 :  0.177 0.130 0.039 0.655 
447    C4742    (9)   10 :  0.082 0.024 0.849 0.044 
448    C4752    (0)   10 :  0.024 0.029 0.909 0.038 
449    C4792    (0)   10 :  0.065 0.087 0.771 0.077 
450    C4811    (0)   10 :  0.021 0.039 0.918 0.022 
451    C4814    (0)   10 :  0.078 0.033 0.833 0.056 
452    C4815    (0)   10 :  0.175 0.234 0.226 0.365 
453    C4818    (0)   10 :  0.086 0.100 0.431 0.382 
454    C4819    (0)   10 :  0.097 0.033 0.793 0.077 
455    C4826    (0)   10 :  0.472 0.017 0.197 0.313 
456    C4829    (0)   10 :  0.643 0.087 0.104 0.166 
457    C4830    (0)   10 :  0.691 0.024 0.232 0.053 
458    C4831    (0)   10 :  0.032 0.034 0.910 0.024 
459    C4832    (0)   10 :  0.469 0.021 0.315 0.195 
460    C4858    (0)   10 :  0.317 0.025 0.608 0.050 
461    C4757    (0)   10 :  0.154 0.115 0.342 0.389 
462    C4770    (9)   10 :  0.096 0.571 0.222 0.111 
463    C4808    (0)   10 :  0.183 0.030 0.655 0.132 
464    C4809    (0)   10 :  0.440 0.015 0.070 0.474 
465    C4820    (0)   10 :  0.402 0.029 0.117 0.451 
466    C4824    (0)   10 :  0.771 0.018 0.097 0.114 
467    C4706    (0)   11 :  0.108 0.015 0.079 0.797 
468    C4708    (0)   11 :  0.014 0.042 0.933 0.011 
469    C4709    (0)   11 :  0.720 0.026 0.178 0.076 
470    C4714    (0)   11 :  0.167 0.034 0.763 0.036 
471    C4722    (0)   11 :  0.470 0.025 0.388 0.117 
472    C4726    (0)   11 :  0.070 0.113 0.369 0.449 
473    C4733    (0)   11 :  0.053 0.045 0.855 0.048 
474    C4734    (0)   11 :  0.112 0.025 0.445 0.419 
475    C4737    (0)   11 :  0.820 0.029 0.116 0.036 
476    C4882    (0)   11 :  0.365 0.023 0.073 0.539 
477    C4883    (0)   11 :  0.191 0.025 0.768 0.016 
478    C4702    (9)   11 :  0.361 0.165 0.326 0.148 
479    C4703    (0)   11 :  0.080 0.038 0.838 0.043 
480    C4727    (0)   11 :  0.213 0.015 0.403 0.369 
481    C4732    (0)   11 :  0.644 0.024 0.264 0.068 
482    C4735    (0)   11 :  0.305 0.036 0.533 0.127 
483    C4736    (0)   11 :  0.032 0.031 0.910 0.027 
484    C4746    (0)   11 :  0.142 0.015 0.796 0.046 
485    C4777    (0)   11 :  0.200 0.038 0.022 0.740 
486    C4846    (0)   11 :  0.160 0.189 0.605 0.046 
487    C4847    (0)   11 :  0.305 0.016 0.309 0.371 
488    C4884    (0)   11 :  0.448 0.024 0.411 0.116 
489    C4705    (0)   11 :  0.063 0.059 0.691 0.186 
490    C4711    (0)   11 :  0.275 0.020 0.366 0.339 
491    C4713    (9)   11 :  0.113 0.060 0.292 0.535 
492    C4716    (0)   11 :  0.179 0.041 0.616 0.163 
493    C4717    (0)   11 :  0.025 0.033 0.906 0.037 
494    C4719    (0)   11 :  0.736 0.019 0.129 0.116 
495    C4721    (0)   11 :  0.018 0.035 0.926 0.021 
496    C4729    (0)   11 :  0.077 0.015 0.832 0.076 
497    C4730    (0)   11 :  0.039 0.024 0.906 0.030 
498    C4773    (0)   11 :  0.013 0.030 0.932 0.025 
499    C4861    (0)   11 :  0.506 0.033 0.176 0.286 
500    C4890    (0)   11 :  0.060 0.017 0.887 0.036 
501    C4718    (0)   11 :  0.293 0.033 0.448 0.225 
502    C4724    (0)   11 :  0.053 0.019 0.843 0.085 
503    C4738    (0)   11 :  0.026 0.021 0.827 0.126 
504    C4739    (0)   11 :  0.225 0.059 0.244 0.472 
505    C4844    (0)   11 :  0.097 0.049 0.733 0.121 
506    C4845    (0)   11 :  0.483 0.029 0.434 0.054 
507    C4681    (0)   11 :  0.027 0.270 0.677 0.026 
508    C4682    (0)   11 :  0.152 0.170 0.424 0.254 
509    C4683    (0)   11 :  0.080 0.182 0.688 0.050 
510    C4685    (0)   11 :  0.355 0.039 0.550 0.055 
511    C4715    (0)   11 :  0.401 0.107 0.291 0.200 
512    C4725    (0)   11 :  0.697 0.021 0.034 0.248 
513    C4799    (0)   11 :  0.210 0.413 0.282 0.095 
514    C4889    (9)   11 :  0.051 0.020 0.843 0.086 
515    U1941    (0)   12 :  0.035 0.115 0.023 0.827 
516    U1942    (0)   12 :  0.237 0.158 0.461 0.144 
517    U1957    (9)   12 :  0.114 0.669 0.043 0.173 
518    U2016    (0)   12 :  0.295 0.015 0.012 0.678 
519    U2021    (9)   12 :  0.766 0.054 0.044 0.136 
520    U2022    (0)   12 :  0.894 0.038 0.020 0.048 
521    U2023    (0)   12 :  0.695 0.018 0.049 0.238 
522    U2024    (0)   12 :  0.798 0.045 0.086 0.072 
523    U2025    (9)   12 :  0.846 0.073 0.028 0.053 
524    U2026    (0)   12 :  0.629 0.295 0.037 0.040 
525    U2027    (0)   12 :  0.390 0.051 0.120 0.438 
526    U2028    (0)   12 :  0.932 0.013 0.012 0.043 
527    U2029    (0)   12 :  0.874 0.014 0.056 0.056 
528    U2030    (0)   12 :  0.607 0.019 0.020 0.354 
529    U2031    (0)   12 :  0.405 0.018 0.021 0.556 
530    U1943    (0)   12 :  0.835 0.037 0.079 0.048 
531    U1944    (0)   12 :  0.553 0.027 0.044 0.377 
532    U1945    (0)   12 :  0.784 0.025 0.021 0.171 
533    U1946    (0)   12 :  0.112 0.031 0.034 0.824 
534    U1947    (0)   12 :  0.836 0.031 0.028 0.105 
535    U1948    (0)   12 :  0.410 0.159 0.125 0.306 
536    U1949    (0)   12 :  0.530 0.028 0.029 0.414 
537    U1955    (0)   12 :  0.098 0.205 0.067 0.630 
538    U2005    (0)   12 :  0.611 0.298 0.014 0.077 
539    U2006    (0)   12 :  0.191 0.024 0.015 0.769 
540    U2007    (0)   12 :  0.488 0.142 0.023 0.347 
541    U2008    (0)   12 :  0.691 0.017 0.014 0.278 
542    U2010    (9)   12 :  0.523 0.298 0.054 0.126 
543    U2011    (0)   12 :  0.080 0.034 0.017 0.869 
544    U2012    (0)   12 :  0.663 0.025 0.019 0.292 
545    U2014    (0)   12 :  0.610 0.033 0.167 0.189 
546    U2702    (0)   12 :  0.886 0.041 0.040 0.033 
547    U2703    (0)   12 :  0.773 0.038 0.142 0.047 
548    U2704    (0)   12 :  0.659 0.137 0.046 0.157 
549    U2706   (18)   12 :  0.457 0.032 0.094 0.417 
550    U2707    (0)   12 :  0.139 0.023 0.043 0.795 
551    U2708    (0)   12 :  0.858 0.018 0.068 0.057 
552    U2698    (0)   12 :  0.140 0.193 0.166 0.501 
553    U2700    (0)   12 :  0.660 0.063 0.033 0.244 
554    U1924    (0)   12 :  0.511 0.035 0.138 0.315 
555    U1930    (0)   12 :  0.056 0.029 0.028 0.887 
556    U1931    (0)   12 :  0.330 0.049 0.386 0.235 
557    U1933    (0)   12 :  0.378 0.023 0.086 0.513 
558    U1934    (0)   12 :  0.303 0.492 0.048 0.156 
559    U1935    (0)   12 :  0.272 0.416 0.098 0.213 
560    U1936    (9)   12 :  0.851 0.014 0.024 0.110 
561    U1938    (0)   12 :  0.395 0.040 0.259 0.307 
562    U1939    (0)   12 :  0.199 0.133 0.394 0.274 
563    U1950    (0)   12 :  0.090 0.020 0.055 0.836 
564    U1951    (0)   12 :  0.728 0.065 0.141 0.066 
565    U1953    (0)   12 :  0.126 0.025 0.014 0.835 
566    U1954    (0)   12 :  0.318 0.014 0.019 0.650 
567    U2044    (0)   12 :  0.876 0.088 0.018 0.018 
568    U2045    (0)   12 :  0.382 0.017 0.024 0.578 
569    U2046    (9)   12 :  0.793 0.045 0.047 0.116 
570    U2047    (0)   12 :  0.925 0.038 0.015 0.023 
571    U2048    (0)   12 :  0.747 0.050 0.024 0.179 
572    U2050    (0)   12 :  0.840 0.032 0.033 0.094 
573    U2051    (0)   12 :  0.832 0.020 0.022 0.126 
574    U2056    (0)   12 :  0.072 0.018 0.015 0.895 
575    U2057    (0)   12 :  0.163 0.092 0.032 0.713 
576    U2058    (0)   12 :  0.473 0.077 0.056 0.395 
577    U2059    (9)   12 :  0.051 0.102 0.203 0.644 
578    U2060    (0)   12 :  0.089 0.014 0.025 0.872 
579    U2061    (0)   12 :  0.193 0.022 0.014 0.771 
580    U2062    (9)   12 :  0.096 0.015 0.014 0.875 
581    U2063    (9)   12 :  0.068 0.030 0.022 0.881 
582    U2065    (0)   12 :  0.796 0.022 0.050 0.132 
583    U2067    (0)   12 :  0.264 0.043 0.074 0.620 
584    U2068    (0)   12 :  0.530 0.167 0.057 0.246 
585    U2069    (0)   12 :  0.302 0.016 0.020 0.662 
586    U2070    (0)   12 :  0.094 0.043 0.024 0.838 
587    U2071    (0)   12 :  0.873 0.029 0.020 0.079 
588    U2076    (0)   12 :  0.329 0.028 0.050 0.593 
589    U2077    (0)   12 :  0.281 0.222 0.245 0.251 
590    U2082    (0)   12 :  0.218 0.123 0.058 0.601 
591    U2084    (0)   12 :  0.353 0.354 0.030 0.264 
592    U2089    (0)   12 :  0.214 0.076 0.131 0.579 
593    U2090    (0)   12 :  0.122 0.064 0.516 0.299 
594    U2098    (0)   12 :  0.373 0.024 0.014 0.589 
595    U2108    (0)   12 :  0.589 0.172 0.215 0.024 
596    U2111    (0)   12 :  0.770 0.044 0.071 0.115 
597    U2113    (0)   12 :  0.774 0.056 0.072 0.098 
598    U2114    (0)   12 :  0.317 0.052 0.021 0.610 
599    U2115    (0)   12 :  0.910 0.018 0.022 0.051 
600    U2116    (9)   12 :  0.112 0.011 0.058 0.819 
601    U2117    (0)   12 :  0.139 0.745 0.048 0.068 
602    U2119    (0)   12 :  0.669 0.026 0.282 0.023 
603    U2120    (0)   12 :  0.168 0.109 0.029 0.694 
604    U2664    (0)   12 :  0.118 0.776 0.037 0.069 
605    U1198    (9)   13 :  0.342 0.098 0.209 0.351 
606    U1199    (0)   13 :  0.677 0.034 0.165 0.125 
607    U1200    (0)   13 :  0.927 0.020 0.019 0.034 
608    U1201    (0)   13 :  0.939 0.019 0.019 0.024 
609    U1202    (0)   13 :  0.925 0.019 0.023 0.033 
610    U1203    (0)   13 :  0.924 0.021 0.028 0.027 
611    U1205    (0)   13 :  0.875 0.034 0.020 0.071 
612    U1206    (0)   13 :  0.716 0.040 0.128 0.116 
613    U1207    (0)   13 :  0.886 0.025 0.050 0.040 
614    U1208    (0)   13 :  0.803 0.028 0.095 0.074 
615    U1209    (0)   13 :  0.888 0.041 0.020 0.050 
616    U1210    (0)   13 :  0.884 0.033 0.022 0.061 
617    U1211    (0)   13 :  0.857 0.097 0.022 0.024 
618    U1212    (0)   13 :  0.623 0.064 0.027 0.286 
619    U1213    (0)   13 :  0.719 0.072 0.028 0.180 
620    U1214    (9)   13 :  0.923 0.034 0.030 0.013 
621    U1215    (0)   13 :  0.877 0.016 0.090 0.017 
622    U1220    (0)   13 :  0.895 0.059 0.028 0.018 
623    U1224    (0)   13 :  0.847 0.023 0.026 0.105 
624    U1227    (0)   13 :  0.126 0.017 0.064 0.794 
625    U1229    (0)   13 :  0.912 0.013 0.048 0.026 
626    U1230    (0)   13 :  0.547 0.014 0.015 0.424 
627    U1231    (0)   13 :  0.714 0.019 0.021 0.246 
628    U1232    (0)   13 :  0.956 0.010 0.011 0.023 
629    U1233    (9)   13 :  0.492 0.034 0.361 0.113 
630    U1234    (0)   13 :  0.850 0.025 0.016 0.110 
631    U1235    (0)   13 :  0.955 0.008 0.013 0.024 
632    U1236    (0)   13 :  0.682 0.113 0.048 0.156 
633    U1238    (0)   13 :  0.912 0.020 0.025 0.043 
634    U1239    (0)   13 :  0.854 0.053 0.042 0.051 
635    U1240    (0)   13 :  0.892 0.028 0.032 0.048 
636    U1242    (0)   13 :  0.732 0.164 0.058 0.045 
637    U1243    (0)   13 :  0.912 0.020 0.017 0.052 
638    U1245    (0)   13 :  0.853 0.032 0.019 0.096 
639    U1246    (0)   13 :  0.903 0.030 0.030 0.037 
640    U1251    (0)   13 :  0.923 0.012 0.010 0.055 
641    U1273   (18)   13 :  0.089 0.019 0.034 0.859 
642    U1274    (0)   13 :  0.230 0.015 0.078 0.677 
643    U1294    (0)   13 :  0.912 0.013 0.040 0.035 
644    U1304   (18)   13 :  0.703 0.021 0.170 0.106 
645    U1307    (9)   13 :  0.872 0.067 0.020 0.041 
646    U1314    (9)   13 :  0.740 0.059 0.089 0.112 
647    U1315    (0)   13 :  0.674 0.022 0.039 0.266 
648    U1319    (0)   13 :  0.161 0.082 0.060 0.697 
649    U1320    (0)   13 :  0.311 0.018 0.029 0.642 
650    U1324    (0)   13 :  0.926 0.015 0.019 0.041 
651    U1331    (9)   13 :  0.806 0.019 0.035 0.140 
652    U1333    (9)   13 :  0.536 0.167 0.062 0.235 
653    U1340    (0)   13 :  0.762 0.027 0.020 0.190 
654    U1341    (9)   13 :  0.771 0.035 0.043 0.151 
655    U1344    (9)   13 :  0.394 0.137 0.025 0.444 
656    U1345    (0)   13 :  0.366 0.032 0.065 0.537 
657    U1346    (0)   13 :  0.925 0.010 0.016 0.049 
658    U1347    (0)   13 :  0.088 0.011 0.011 0.890 
659    U1348    (0)   13 :  0.945 0.016 0.024 0.014 
660    U1349    (0)   13 :  0.901 0.015 0.022 0.062 
661    U1354    (0)   13 :  0.941 0.010 0.025 0.023 
662    U1375    (0)   13 :  0.057 0.023 0.028 0.892 
663    U1383    (9)   13 :  0.424 0.017 0.025 0.534 
664    U1385    (0)   13 :  0.115 0.742 0.071 0.072 
665    U1386    (0)   13 :  0.305 0.037 0.016 0.642 
666    U1413    (9)   13 :  0.774 0.017 0.101 0.108 
667    U1417    (9)   13 :  0.541 0.084 0.105 0.270 
668    U1852    (0)   14 :  0.871 0.030 0.034 0.066 
669    U1853    (0)   14 :  0.447 0.061 0.183 0.309 
670    U1854    (0)   14 :  0.075 0.187 0.156 0.582 
671    U1855    (0)   14 :  0.240 0.111 0.123 0.526 
672    U1856    (0)   14 :  0.314 0.012 0.038 0.636 
673    U1858    (0)   14 :  0.885 0.032 0.021 0.062 
674    U1859    (0)   14 :  0.909 0.026 0.021 0.044 
675    U1860    (0)   14 :  0.114 0.026 0.037 0.823 
676    U1861    (0)   14 :  0.540 0.030 0.048 0.382 
677    U1862    (0)   14 :  0.184 0.045 0.046 0.725 
678    U1863    (0)   14 :  0.198 0.327 0.164 0.311 
679    U1865    (0)   14 :  0.263 0.646 0.042 0.048 
680    U1871    (0)   14 :  0.301 0.067 0.234 0.398 
681    U1873    (0)   14 :  0.657 0.030 0.089 0.224 
682    U1875    (0)   14 :  0.195 0.618 0.078 0.109 
683    U1876    (0)   14 :  0.308 0.445 0.139 0.108 
684    U2448    (0)   15 :  0.493 0.383 0.068 0.056 
685    U2449    (0)   15 :  0.248 0.386 0.265 0.102 
686    U2450    (0)   15 :  0.270 0.068 0.061 0.601 
687    U2451   (18)   15 :  0.127 0.259 0.259 0.355 
688    U2453    (0)   15 :  0.042 0.737 0.034 0.187 
689    U2454    (0)   15 :  0.310 0.203 0.081 0.405 
690    U2455    (0)   15 :  0.123 0.606 0.105 0.166 
691    U2456    (9)   15 :  0.562 0.099 0.095 0.244 
692    U2457    (0)   15 :  0.452 0.240 0.240 0.067 
693    U2458    (0)   15 :  0.721 0.024 0.041 0.214 
694    U2459    (0)   15 :  0.162 0.277 0.447 0.114 
695    U2460    (0)   15 :  0.396 0.043 0.290 0.272 
