

----------------------------------------------------
STRUCTURE by Pritchard, Stephens and Donnelly (2000)
     and Falush, Stephens and Pritchard (2003)
       Code by Pritchard, Falush and Hubisz
             Version 2.3.4 (Jul 2012)
----------------------------------------------------



Command line arguments:   bin\structure -m G:\My Drive\Hoban_Lab_Docs\Projects\Butternut_JUCI\Graphical_Stat_Results\PostIndRemoval\24pop\Reorg_Results\STR\butternut\50-50\mainparams -e G:\My Drive\Hoban_Lab_Docs\Projects\Butternut_JUCI\Graphical_Stat_Results\PostIndRemoval\24pop\Reorg_Results\STR\butternut\50-50\extraparams 
Input File:    G:\My Drive\Hoban_Lab_Docs\Projects\Butternut_JUCI\Graphical_Stat_Results\PostIndRemoval\24pop\Reorg_Results\STR\butternut\project_data

Run parameters:
   993 individuals
   11 loci
   7 populations assumed
   50000 Burn-in period
   50000 Reps


--------------------------------------------
Proportion of membership of each pre-defined
 population in each of the 7 clusters

Given    Inferred Clusters                                   Number of
 Pop       1      2      3      4      5      6      7      Individuals

  1:     0.052  0.044  0.195  0.365  0.049  0.244  0.052       40
  2:     0.041  0.043  0.310  0.337  0.040  0.198  0.030       45
  3:     0.050  0.030  0.173  0.236  0.047  0.435  0.028       62
  4:     0.061  0.034  0.349  0.156  0.031  0.320  0.048       48
  5:     0.041  0.042  0.269  0.335  0.042  0.217  0.054       87
  6:     0.059  0.042  0.182  0.387  0.039  0.260  0.032       70
  7:     0.189  0.233  0.053  0.071  0.285  0.041  0.129       22
  8:     0.147  0.344  0.025  0.029  0.231  0.027  0.198       11
  9:     0.156  0.261  0.211  0.055  0.179  0.041  0.096       33
 10:     0.181  0.251  0.197  0.038  0.107  0.053  0.173       48
 11:     0.126  0.223  0.322  0.044  0.164  0.032  0.090       48
 12:     0.269  0.264  0.035  0.056  0.180  0.052  0.145       90
 13:     0.159  0.140  0.022  0.028  0.559  0.033  0.060       63
 14:     0.274  0.250  0.030  0.093  0.142  0.076  0.135       16
 15:     0.329  0.121  0.083  0.117  0.093  0.068  0.188       31
 16:     0.028  0.071  0.059  0.018  0.031  0.015  0.780       16
 17:     0.120  0.157  0.028  0.092  0.449  0.099  0.056       24
 18:     0.140  0.423  0.035  0.076  0.116  0.048  0.162       12
 19:     0.206  0.244  0.038  0.069  0.215  0.043  0.184       54
 20:     0.244  0.208  0.051  0.067  0.077  0.044  0.308       96
 21:     0.187  0.143  0.021  0.080  0.179  0.033  0.357       22
 22:     0.073  0.101  0.088  0.087  0.031  0.062  0.559       23
 23:     0.217  0.227  0.027  0.029  0.073  0.039  0.388       13
 24:     0.204  0.251  0.053  0.057  0.202  0.125  0.108       19
--------------------------------------------

Allele-freq. divergence among pops (Net nucleotide distance),
computed using point estimates of P.

      1       2       3       4       5       6       7      
 1      -    0.0076  0.0421  0.0318  0.0122  0.0280  0.0137  
 2   0.0076     -    0.0348  0.0314  0.0087  0.0298  0.0116  
 3   0.0421  0.0348     -    0.0342  0.0363  0.0358  0.0482  
 4   0.0318  0.0314  0.0342     -    0.0328  0.0206  0.0378  
 5   0.0122  0.0087  0.0363  0.0328     -    0.0322  0.0202  
 6   0.0280  0.0298  0.0358  0.0206  0.0322     -    0.0359  
 7   0.0137  0.0116  0.0482  0.0378  0.0202  0.0359     -    

Average distances (expected heterozygosity) between individuals in same cluster:
cluster  1  : 0.8458 
cluster  2  : 0.8535 
cluster  3  : 0.8241 
cluster  4  : 0.8074 
cluster  5  : 0.8514 
cluster  6  : 0.8196 
cluster  7  : 0.8331 

--------------------------------------------
Estimated Ln Prob of Data   = -46488.0
Mean value of ln likelihood = -45070.1
Variance of ln likelihood   = 2835.9
Mean value of alpha         = 0.0595

Mean value of Fst_1         = 0.0235
Mean value of Fst_2         = 0.0176
Mean value of Fst_3         = 0.0688
Mean value of Fst_4         = 0.0623
Mean value of Fst_5         = 0.0272
Mean value of Fst_6         = 0.0626
Mean value of Fst_7         = 0.0352


Inferred ancestry of individuals:
        Label (%Miss) Pop:  Inferred clusters
  1    C3984    (0)    1 :  0.014 0.011 0.183 0.755 0.013 0.016 0.008 
  2    C3985    (0)    1 :  0.012 0.018 0.651 0.203 0.015 0.085 0.016 
  3    C3986    (0)    1 :  0.012 0.010 0.764 0.080 0.016 0.111 0.007 
  4    C4231    (0)    1 :  0.045 0.050 0.343 0.461 0.021 0.068 0.013 
  5    C4344    (0)    1 :  0.022 0.022 0.056 0.087 0.028 0.770 0.015 
  6    C4347   (18)    1 :  0.025 0.019 0.055 0.331 0.013 0.496 0.061 
  7    C4352   (18)    1 :  0.017 0.033 0.384 0.453 0.031 0.061 0.022 
  8    C4355    (9)    1 :  0.043 0.014 0.048 0.713 0.026 0.139 0.017 
  9    C4358   (18)    1 :  0.203 0.396 0.038 0.080 0.182 0.020 0.082 
 10    C4419    (9)    1 :  0.126 0.025 0.092 0.699 0.022 0.017 0.018 
 11    C4428    (9)    1 :  0.020 0.011 0.126 0.670 0.013 0.142 0.018 
 12    C4436    (0)    1 :  0.013 0.015 0.376 0.459 0.016 0.104 0.018 
 13    C4437   (18)    1 :  0.037 0.026 0.708 0.130 0.021 0.036 0.042 
 14    C4450    (0)    1 :  0.092 0.061 0.147 0.521 0.096 0.028 0.055 
 15    C4531    (0)    1 :  0.018 0.021 0.890 0.014 0.026 0.009 0.021 
 16    C1615    (0)    1 :  0.061 0.086 0.415 0.203 0.082 0.056 0.097 
 17    C1616    (0)    1 :  0.354 0.104 0.069 0.214 0.024 0.079 0.156 
 18    C1617    (9)    1 :  0.032 0.014 0.013 0.761 0.012 0.149 0.019 
 19    C1618    (0)    1 :  0.020 0.040 0.544 0.225 0.099 0.031 0.043 
 20    C1619    (0)    1 :  0.034 0.059 0.151 0.336 0.218 0.121 0.081 
 21    C1620    (9)    1 :  0.023 0.077 0.247 0.373 0.178 0.051 0.052 
 22    C1621    (0)    1 :  0.083 0.047 0.030 0.252 0.048 0.037 0.504 
 23    C1623    (9)    1 :  0.053 0.056 0.450 0.035 0.248 0.017 0.141 
 24    C1625    (0)    1 :  0.025 0.061 0.050 0.451 0.147 0.131 0.134 
 25    C1626    (0)    1 :  0.165 0.085 0.029 0.496 0.047 0.049 0.128 
 26    C1627    (9)    1 :  0.015 0.017 0.051 0.823 0.028 0.027 0.039 
 27    C1633    (0)    1 :  0.012 0.008 0.014 0.921 0.011 0.018 0.016 
 28    C1637    (0)    1 :  0.024 0.021 0.020 0.836 0.015 0.056 0.028 
 29    C1650    (0)    1 :  0.042 0.026 0.535 0.287 0.016 0.057 0.036 
 30    C3202    (0)    1 :  0.010 0.012 0.018 0.017 0.013 0.908 0.021 
 31    C3248    (0)    1 :  0.012 0.021 0.010 0.772 0.014 0.156 0.014 
 32    C3304    (9)    1 :  0.059 0.012 0.018 0.147 0.015 0.736 0.013 
 33    C3326    (0)    1 :  0.077 0.148 0.131 0.128 0.027 0.457 0.032 
 34    C3333    (0)    1 :  0.016 0.013 0.010 0.017 0.012 0.916 0.016 
 35    C3339   (18)    1 :  0.067 0.023 0.017 0.507 0.043 0.327 0.016 
 36    C3346    (0)    1 :  0.008 0.008 0.015 0.013 0.010 0.941 0.006 
 37    C3349    (0)    1 :  0.072 0.041 0.016 0.088 0.038 0.727 0.018 
 38    C3367   (18)    1 :  0.025 0.016 0.058 0.024 0.018 0.835 0.024 
 39    C3374    (0)    1 :  0.009 0.008 0.016 0.918 0.011 0.031 0.007 
 40    C3405    (0)    1 :  0.064 0.021 0.019 0.091 0.042 0.750 0.012 
 41    C4543    (0)    2 :  0.025 0.014 0.835 0.031 0.020 0.061 0.014 
 42    C4545    (9)    2 :  0.010 0.012 0.874 0.038 0.044 0.015 0.008 
 43    C4551    (9)    2 :  0.034 0.260 0.394 0.192 0.071 0.021 0.028 
 44    C4491    (0)    2 :  0.052 0.106 0.558 0.092 0.082 0.079 0.030 
 45    C4494    (0)    2 :  0.012 0.012 0.168 0.139 0.015 0.644 0.010 
 46    C4495    (0)    2 :  0.019 0.132 0.077 0.037 0.041 0.674 0.019 
 47    C4497    (9)    2 :  0.020 0.023 0.031 0.830 0.019 0.062 0.013 
 48    C4501    (0)    2 :  0.097 0.026 0.042 0.779 0.025 0.017 0.014 
 49    C4502    (0)    2 :  0.021 0.011 0.213 0.599 0.079 0.062 0.014 
 50    C4503    (0)    2 :  0.013 0.024 0.767 0.012 0.148 0.014 0.022 
 51    C4504    (0)    2 :  0.151 0.068 0.167 0.143 0.294 0.073 0.103 
 52    C4470    (0)    2 :  0.028 0.083 0.082 0.725 0.028 0.033 0.022 
 53    C4471    (0)    2 :  0.035 0.018 0.650 0.210 0.026 0.048 0.014 
 54    C4474    (9)    2 :  0.015 0.037 0.884 0.012 0.019 0.008 0.026 
 55    C4476    (0)    2 :  0.012 0.013 0.068 0.859 0.016 0.022 0.010 
 56    C4479    (0)    2 :  0.016 0.016 0.056 0.755 0.010 0.109 0.039 
 57    C4482    (0)    2 :  0.052 0.055 0.441 0.096 0.012 0.169 0.175 
 58    C4483    (0)    2 :  0.013 0.012 0.931 0.009 0.016 0.009 0.011 
 59    C4484    (0)    2 :  0.066 0.037 0.446 0.093 0.070 0.261 0.027 
 60    C4485    (0)    2 :  0.061 0.086 0.050 0.314 0.040 0.398 0.051 
 61    C4489    (0)    2 :  0.041 0.018 0.298 0.443 0.028 0.152 0.020 
 62    C4505    (0)    2 :  0.018 0.026 0.092 0.815 0.014 0.024 0.013 
 63    C4507    (0)    2 :  0.065 0.053 0.365 0.371 0.121 0.014 0.012 
 64    C4535    (0)    2 :  0.025 0.025 0.869 0.017 0.025 0.014 0.025 
 65    C4542    (0)    2 :  0.382 0.181 0.332 0.018 0.036 0.021 0.030 
 66    C4553    (9)    2 :  0.019 0.049 0.715 0.096 0.016 0.084 0.021 
 67    C4562   (18)    2 :  0.017 0.040 0.664 0.158 0.046 0.048 0.027 
 68    C4582   (18)    2 :  0.025 0.027 0.799 0.072 0.019 0.026 0.033 
 69    C4693    (0)    2 :  0.011 0.009 0.908 0.031 0.009 0.021 0.012 
 70    C4696    (0)    2 :  0.022 0.075 0.688 0.119 0.038 0.031 0.028 
 71    C3179    (0)    2 :  0.022 0.020 0.017 0.086 0.050 0.792 0.013 
 72    C3181    (0)    2 :  0.050 0.033 0.016 0.592 0.021 0.264 0.025 
 73    C3188    (0)    2 :  0.029 0.030 0.019 0.726 0.033 0.142 0.021 
 74    C3190    (0)    2 :  0.054 0.022 0.030 0.016 0.015 0.840 0.024 
 75    C3193    (0)    2 :  0.012 0.021 0.014 0.615 0.009 0.297 0.031 
 76    C3232    (0)    2 :  0.013 0.010 0.084 0.746 0.013 0.125 0.009 
 77    C3236    (0)    2 :  0.009 0.011 0.042 0.082 0.008 0.837 0.009 
 78    C3249    (0)    2 :  0.057 0.029 0.022 0.458 0.032 0.366 0.035 
 79    C3250    (0)    2 :  0.014 0.009 0.016 0.918 0.008 0.025 0.010 
 80    C3253    (0)    2 :  0.009 0.012 0.011 0.938 0.009 0.009 0.012 
 81    C3255    (0)    2 :  0.011 0.013 0.036 0.724 0.011 0.195 0.011 
 82    C3277    (0)    2 :  0.054 0.058 0.022 0.639 0.038 0.116 0.074 
 83    C3315    (0)    2 :  0.079 0.079 0.087 0.493 0.097 0.018 0.147 
 84    C3288    (0)    2 :  0.014 0.013 0.025 0.024 0.016 0.885 0.025 
 85    C3293    (0)    2 :  0.036 0.043 0.050 0.022 0.035 0.776 0.037 
 86    C4018    (0)    3 :  0.018 0.009 0.707 0.029 0.009 0.220 0.008 
 87    C3980    (0)    3 :  0.015 0.012 0.900 0.019 0.010 0.033 0.012 
 88    C3987    (0)    3 :  0.012 0.009 0.879 0.048 0.011 0.029 0.011 
 89    C3988    (0)    3 :  0.009 0.014 0.842 0.062 0.012 0.050 0.011 
 90    C3989    (0)    3 :  0.035 0.051 0.030 0.028 0.013 0.834 0.009 
 91    C4011    (0)    3 :  0.007 0.006 0.678 0.157 0.006 0.140 0.006 
 92    C4017    (0)    3 :  0.008 0.007 0.941 0.017 0.007 0.015 0.006 
 93    C4296    (0)    3 :  0.096 0.226 0.069 0.464 0.061 0.034 0.050 
 94    C4301    (9)    3 :  0.809 0.019 0.010 0.012 0.053 0.083 0.014 
 95    C4303    (0)    3 :  0.036 0.042 0.015 0.037 0.032 0.574 0.263 
 96    C4453    (0)    3 :  0.037 0.014 0.127 0.098 0.078 0.591 0.055 
 97    C4455    (9)    3 :  0.015 0.015 0.044 0.015 0.016 0.862 0.032 
 98    C4456   (18)    3 :  0.045 0.027 0.345 0.016 0.118 0.360 0.088 
 99    C4457    (9)    3 :  0.052 0.039 0.031 0.042 0.024 0.746 0.067 
100    C4459    (9)    3 :  0.018 0.033 0.221 0.300 0.014 0.392 0.022 
101    C4464   (18)    3 :  0.010 0.012 0.053 0.248 0.010 0.658 0.009 
102    C4467   (18)    3 :  0.009 0.010 0.027 0.709 0.009 0.227 0.009 
103    C4468    (9)    3 :  0.016 0.014 0.033 0.679 0.015 0.199 0.044 
104    C4783    (0)    3 :  0.012 0.031 0.729 0.011 0.014 0.188 0.014 
105    C4786    (0)    3 :  0.021 0.016 0.204 0.032 0.011 0.704 0.012 
106    C4789    (9)    3 :  0.066 0.016 0.378 0.178 0.010 0.341 0.012 
107    C4891    (0)    3 :  0.015 0.050 0.070 0.018 0.020 0.815 0.011 
108    C4896    (0)    3 :  0.070 0.035 0.505 0.017 0.031 0.299 0.043 
109    C4898    (0)    3 :  0.014 0.022 0.746 0.059 0.016 0.127 0.016 
110    C4901    (0)    3 :  0.016 0.011 0.160 0.015 0.008 0.778 0.012 
111    C4903    (9)    3 :  0.030 0.023 0.069 0.016 0.012 0.819 0.031 
112    C4904    (0)    3 :  0.019 0.035 0.674 0.018 0.011 0.236 0.008 
113    C3263    (0)    3 :  0.014 0.019 0.016 0.382 0.164 0.377 0.027 
114    C3271    (0)    3 :  0.029 0.026 0.023 0.781 0.025 0.103 0.014 
115    C3272    (0)    3 :  0.043 0.022 0.012 0.848 0.019 0.046 0.010 
116    C3276    (0)    3 :  0.339 0.037 0.017 0.026 0.074 0.475 0.032 
117    C3280    (9)    3 :  0.029 0.036 0.024 0.777 0.084 0.025 0.025 
118    C3305    (9)    3 :  0.013 0.010 0.012 0.935 0.010 0.012 0.009 
119    C3306    (0)    3 :  0.026 0.038 0.029 0.641 0.096 0.139 0.030 
120    C3324    (0)    3 :  0.019 0.056 0.022 0.725 0.144 0.018 0.015 
121    C3329    (0)    3 :  0.054 0.092 0.196 0.433 0.078 0.113 0.036 
122    C3336    (0)    3 :  0.043 0.029 0.023 0.812 0.016 0.063 0.015 
123    C3341   (18)    3 :  0.034 0.055 0.062 0.069 0.706 0.038 0.036 
124    C3409   (18)    3 :  0.113 0.062 0.067 0.453 0.066 0.188 0.051 
125    C3168    (9)    3 :  0.010 0.011 0.014 0.015 0.012 0.930 0.008 
126    C3170    (0)    3 :  0.020 0.013 0.016 0.046 0.014 0.883 0.009 
127    C3214   (18)    3 :  0.223 0.013 0.023 0.098 0.012 0.601 0.030 
128    C3227    (0)    3 :  0.025 0.009 0.016 0.013 0.011 0.914 0.012 
129    C3228    (0)    3 :  0.038 0.042 0.072 0.738 0.035 0.042 0.031 
130    C3279    (0)    3 :  0.058 0.053 0.014 0.025 0.016 0.815 0.020 
131    C3322    (0)    3 :  0.081 0.092 0.055 0.018 0.016 0.652 0.085 
132    C3303    (0)    3 :  0.061 0.036 0.018 0.044 0.036 0.790 0.015 
133    C3317    (0)    3 :  0.013 0.019 0.026 0.835 0.025 0.064 0.018 
134    C3355    (0)    3 :  0.011 0.016 0.030 0.246 0.021 0.664 0.012 
135    C3376    (9)    3 :  0.069 0.023 0.031 0.595 0.017 0.243 0.022 
136    C3401    (0)    3 :  0.028 0.026 0.031 0.786 0.022 0.085 0.024 
137    C3203    (9)    3 :  0.064 0.017 0.034 0.271 0.063 0.503 0.047 
138    C3245    (0)    3 :  0.019 0.014 0.010 0.026 0.011 0.904 0.016 
139    C3302    (0)    3 :  0.016 0.018 0.012 0.012 0.016 0.912 0.015 
140    C3307    (0)    3 :  0.014 0.033 0.108 0.049 0.116 0.591 0.088 
141    C3310    (0)    3 :  0.009 0.010 0.009 0.009 0.012 0.943 0.009 
142    C3312    (9)    3 :  0.023 0.064 0.049 0.376 0.024 0.430 0.033 
143    C3345    (0)    3 :  0.013 0.011 0.018 0.018 0.020 0.911 0.011 
144    C3371    (0)    3 :  0.010 0.011 0.008 0.016 0.036 0.907 0.011 
145    C3372    (0)    3 :  0.017 0.024 0.023 0.109 0.040 0.766 0.022 
146    C3380    (9)    3 :  0.008 0.007 0.018 0.013 0.007 0.940 0.008 
147    C3417    (0)    3 :  0.033 0.033 0.126 0.046 0.193 0.538 0.032 
148    C4569    (9)    4 :  0.178 0.136 0.415 0.070 0.123 0.018 0.060 
149    C4570    (9)    4 :  0.012 0.014 0.866 0.070 0.014 0.011 0.012 
150    C4571    (9)    4 :  0.020 0.015 0.562 0.333 0.017 0.029 0.024 
151    C4572    (9)    4 :  0.014 0.012 0.905 0.025 0.014 0.011 0.019 
152    C4573    (9)    4 :  0.102 0.075 0.138 0.178 0.041 0.014 0.451 
153    C4575    (9)    4 :  0.059 0.031 0.682 0.062 0.030 0.029 0.106 
154    C4577    (9)    4 :  0.012 0.017 0.912 0.026 0.011 0.014 0.008 
155    C4578    (9)    4 :  0.069 0.056 0.693 0.070 0.022 0.022 0.068 
156    C4600   (18)    4 :  0.048 0.154 0.676 0.035 0.028 0.024 0.035 
157    C4612    (9)    4 :  0.186 0.025 0.703 0.019 0.018 0.027 0.022 
158    C4621    (0)    4 :  0.014 0.010 0.858 0.042 0.007 0.052 0.017 
159    C4622    (9)    4 :  0.008 0.011 0.932 0.010 0.009 0.021 0.009 
160    C4623    (0)    4 :  0.050 0.040 0.302 0.103 0.260 0.192 0.052 
161    C4624    (0)    4 :  0.016 0.018 0.871 0.026 0.015 0.014 0.040 
162    C4625    (0)    4 :  0.078 0.075 0.126 0.195 0.018 0.014 0.494 
163    C4627    (0)    4 :  0.021 0.012 0.856 0.017 0.017 0.051 0.025 
164    C4631    (0)    4 :  0.014 0.022 0.761 0.014 0.153 0.015 0.021 
165    C4632    (0)    4 :  0.015 0.018 0.839 0.058 0.016 0.038 0.017 
166    C3939    (0)    4 :  0.025 0.016 0.845 0.023 0.011 0.070 0.010 
167    C3940    (0)    4 :  0.058 0.048 0.806 0.018 0.020 0.040 0.009 
168    C3945    (0)    4 :  0.008 0.012 0.932 0.015 0.009 0.018 0.006 
169    C4520    (0)    4 :  0.554 0.102 0.033 0.122 0.062 0.098 0.029 
170    C4522    (0)    4 :  0.013 0.011 0.768 0.029 0.010 0.160 0.009 
171    C3182    (0)    4 :  0.018 0.018 0.047 0.067 0.023 0.815 0.013 
172    C3189    (0)    4 :  0.061 0.061 0.027 0.589 0.027 0.102 0.132 
173    C3191    (9)    4 :  0.021 0.017 0.017 0.658 0.027 0.212 0.049 
174    C3196    (0)    4 :  0.021 0.020 0.014 0.073 0.014 0.837 0.021 
175    C3208    (0)    4 :  0.044 0.029 0.222 0.036 0.037 0.592 0.039 
176    C3211    (0)    4 :  0.016 0.013 0.016 0.015 0.011 0.919 0.010 
177    C3212    (0)    4 :  0.498 0.048 0.077 0.112 0.116 0.135 0.015 
178    C3213    (0)    4 :  0.031 0.021 0.011 0.024 0.028 0.873 0.012 
179    C3215    (0)    4 :  0.036 0.026 0.031 0.013 0.015 0.820 0.059 
180    C3217    (0)    4 :  0.024 0.027 0.017 0.389 0.036 0.491 0.017 
181    C3225    (9)    4 :  0.067 0.036 0.019 0.633 0.023 0.190 0.032 
182    C3226    (0)    4 :  0.011 0.011 0.165 0.268 0.013 0.519 0.012 
183    C3238    (9)    4 :  0.023 0.014 0.100 0.051 0.013 0.780 0.020 
184    C3239    (0)    4 :  0.031 0.013 0.024 0.713 0.022 0.181 0.015 
185    C3269   (18)    4 :  0.128 0.034 0.144 0.518 0.022 0.045 0.108 
186    C3273    (0)    4 :  0.032 0.015 0.032 0.496 0.010 0.370 0.045 
187    C3274    (0)    4 :  0.132 0.162 0.046 0.026 0.018 0.594 0.022 
188    C3354    (0)    4 :  0.018 0.020 0.018 0.059 0.012 0.854 0.018 
189    C3361    (0)    4 :  0.019 0.016 0.020 0.039 0.010 0.883 0.013 
190    C3289    (0)    4 :  0.019 0.012 0.014 0.021 0.011 0.909 0.014 
191    C3169    (0)    4 :  0.017 0.008 0.028 0.667 0.010 0.255 0.014 
192    C3199    (9)    4 :  0.023 0.017 0.109 0.088 0.017 0.708 0.037 
193    C3224    (0)    4 :  0.022 0.013 0.018 0.129 0.013 0.788 0.017 
194    C3261   (18)    4 :  0.012 0.016 0.038 0.130 0.013 0.783 0.009 
195    C3320    (0)    4 :  0.034 0.033 0.041 0.131 0.019 0.710 0.032 
196    C4151    (0)    5 :  0.008 0.009 0.930 0.018 0.008 0.017 0.010 
197    C4152    (0)    5 :  0.014 0.011 0.862 0.075 0.012 0.013 0.013 
198    C4153    (0)    5 :  0.051 0.025 0.336 0.096 0.015 0.446 0.031 
199    C4154   (18)    5 :  0.022 0.033 0.689 0.060 0.023 0.163 0.011 
200    C4157    (0)    5 :  0.020 0.115 0.346 0.442 0.017 0.041 0.020 
201    C4158    (0)    5 :  0.009 0.010 0.926 0.019 0.008 0.016 0.012 
202    C4163    (0)    5 :  0.007 0.007 0.943 0.016 0.007 0.013 0.007 
203    C4165    (0)    5 :  0.029 0.262 0.389 0.041 0.140 0.076 0.062 
204    C4248    (9)    5 :  0.021 0.033 0.032 0.660 0.017 0.211 0.025 
205    C4254    (0)    5 :  0.033 0.032 0.063 0.419 0.021 0.419 0.013 
206    C4371    (9)    5 :  0.014 0.015 0.031 0.886 0.026 0.014 0.014 
207    C3936    (0)    5 :  0.014 0.017 0.899 0.023 0.015 0.018 0.014 
208    C3937    (0)    5 :  0.009 0.009 0.924 0.017 0.009 0.022 0.010 
209    C3944    (0)    5 :  0.008 0.009 0.835 0.081 0.011 0.048 0.007 
210    C3954    (0)    5 :  0.020 0.010 0.074 0.793 0.008 0.058 0.038 
211    C3955    (9)    5 :  0.037 0.023 0.413 0.165 0.010 0.322 0.032 
212    C3961    (0)    5 :  0.022 0.015 0.811 0.036 0.042 0.061 0.013 
213    C3974    (0)    5 :  0.020 0.014 0.894 0.024 0.014 0.020 0.014 
214    C4024    (0)    5 :  0.030 0.025 0.567 0.249 0.071 0.044 0.013 
215    C4025    (0)    5 :  0.012 0.010 0.899 0.029 0.021 0.013 0.015 
216    C4028    (0)    5 :  0.053 0.042 0.705 0.084 0.028 0.039 0.049 
217    C4032   (18)    5 :  0.012 0.008 0.032 0.902 0.010 0.023 0.012 
218    C4033   (18)    5 :  0.014 0.015 0.036 0.228 0.013 0.679 0.015 
219    C4034    (0)    5 :  0.038 0.064 0.036 0.347 0.064 0.429 0.021 
220    C4041    (9)    5 :  0.132 0.037 0.027 0.639 0.076 0.071 0.019 
221    C4042   (18)    5 :  0.021 0.152 0.130 0.303 0.099 0.267 0.027 
222    C4043    (9)    5 :  0.020 0.022 0.145 0.668 0.022 0.102 0.020 
223    C4044    (9)    5 :  0.071 0.080 0.134 0.115 0.449 0.086 0.066 
224    C4045    (9)    5 :  0.021 0.036 0.117 0.462 0.015 0.305 0.044 
225    C4046    (9)    5 :  0.012 0.020 0.037 0.747 0.033 0.128 0.023 
226    C4047    (0)    5 :  0.019 0.042 0.017 0.029 0.016 0.847 0.030 
227    C4048    (9)    5 :  0.025 0.042 0.018 0.108 0.049 0.724 0.035 
228    C4055    (9)    5 :  0.028 0.029 0.067 0.779 0.018 0.043 0.036 
229    C4057   (18)    5 :  0.017 0.015 0.035 0.847 0.033 0.043 0.010 
230    C4059    (0)    5 :  0.026 0.015 0.060 0.525 0.014 0.331 0.029 
231    C4060    (9)    5 :  0.048 0.028 0.121 0.682 0.018 0.085 0.019 
232    C4064    (9)    5 :  0.033 0.137 0.046 0.501 0.020 0.030 0.233 
233    C4067    (0)    5 :  0.016 0.020 0.017 0.022 0.035 0.843 0.047 
234    C4068    (9)    5 :  0.023 0.023 0.026 0.036 0.017 0.852 0.024 
235    C4070    (9)    5 :  0.019 0.039 0.174 0.102 0.122 0.512 0.031 
236    C4075   (18)    5 :  0.022 0.023 0.035 0.050 0.024 0.829 0.016 
237    C4081    (9)    5 :  0.024 0.031 0.018 0.821 0.022 0.060 0.024 
238    C4082    (0)    5 :  0.040 0.021 0.089 0.096 0.018 0.695 0.041 
239    C4083    (0)    5 :  0.051 0.217 0.140 0.222 0.259 0.055 0.056 
240    C4086    (0)    5 :  0.027 0.026 0.025 0.675 0.012 0.107 0.128 
241    C4088    (9)    5 :  0.022 0.029 0.028 0.041 0.010 0.030 0.840 
242    C4092    (0)    5 :  0.021 0.019 0.102 0.754 0.056 0.038 0.011 
243    C4099    (9)    5 :  0.105 0.034 0.038 0.581 0.058 0.160 0.023 
244    C4104    (0)    5 :  0.020 0.028 0.601 0.093 0.050 0.191 0.018 
245    C4108   (18)    5 :  0.443 0.308 0.010 0.014 0.034 0.027 0.164 
246    C4118    (0)    5 :  0.043 0.075 0.024 0.783 0.018 0.018 0.039 
247    C4131    (0)    5 :  0.022 0.057 0.469 0.235 0.026 0.085 0.106 
248    C4133    (0)    5 :  0.014 0.011 0.014 0.910 0.009 0.030 0.011 
249    C4135    (0)    5 :  0.008 0.011 0.629 0.289 0.009 0.049 0.006 
250    C4136    (0)    5 :  0.066 0.065 0.678 0.023 0.023 0.029 0.116 
251    C4137    (9)    5 :  0.019 0.048 0.375 0.474 0.020 0.038 0.026 
252    C4139    (0)    5 :  0.014 0.015 0.875 0.039 0.012 0.038 0.008 
253    C4140    (9)    5 :  0.013 0.030 0.766 0.111 0.023 0.044 0.014 
254    C4167    (0)    5 :  0.013 0.040 0.799 0.069 0.035 0.015 0.030 
255    C4236    (0)    5 :  0.029 0.082 0.025 0.729 0.032 0.071 0.032 
256    C4237    (0)    5 :  0.105 0.054 0.069 0.074 0.025 0.016 0.657 
257    C4238    (0)    5 :  0.034 0.027 0.093 0.386 0.018 0.379 0.063 
258    C4241    (0)    5 :  0.025 0.031 0.071 0.287 0.021 0.547 0.018 
259    C4247    (9)    5 :  0.038 0.026 0.094 0.406 0.128 0.057 0.250 
260    C4257    (0)    5 :  0.045 0.016 0.034 0.145 0.020 0.717 0.022 
261    C4383    (0)    5 :  0.068 0.056 0.130 0.442 0.216 0.030 0.058 
262    C4397    (9)    5 :  0.009 0.016 0.068 0.876 0.008 0.013 0.011 
263    C4514    (0)    5 :  0.015 0.016 0.745 0.151 0.026 0.030 0.018 
264    C4519    (0)    5 :  0.131 0.015 0.611 0.028 0.013 0.193 0.009 
265    C4527    (0)    5 :  0.014 0.015 0.150 0.047 0.017 0.745 0.012 
266    C4534    (0)    5 :  0.077 0.032 0.091 0.083 0.062 0.634 0.021 
267    C4699    (0)    5 :  0.013 0.020 0.821 0.016 0.022 0.059 0.049 
268    C1541    (9)    5 :  0.011 0.012 0.019 0.261 0.013 0.671 0.012 
269    C1542    (9)    5 :  0.014 0.017 0.013 0.160 0.012 0.768 0.016 
270    C1544    (0)    5 :  0.032 0.027 0.027 0.629 0.017 0.210 0.059 
271    C1547    (9)    5 :  0.260 0.093 0.047 0.148 0.221 0.098 0.133 
272    C1553    (9)    5 :  0.171 0.197 0.305 0.037 0.141 0.082 0.068 
273    C1555    (9)    5 :  0.035 0.029 0.024 0.831 0.014 0.043 0.024 
274    C1557    (0)    5 :  0.016 0.020 0.034 0.859 0.019 0.031 0.022 
275    C1560    (0)    5 :  0.059 0.015 0.017 0.828 0.016 0.054 0.011 
276    C1565    (0)    5 :  0.023 0.056 0.040 0.196 0.059 0.611 0.016 
277    C1567    (0)    5 :  0.066 0.025 0.030 0.775 0.027 0.045 0.031 
278    C1569    (0)    5 :  0.020 0.022 0.069 0.632 0.026 0.212 0.018 
279    C1571    (0)    5 :  0.100 0.035 0.033 0.217 0.042 0.494 0.079 
280    C1576    (0)    5 :  0.033 0.021 0.133 0.659 0.022 0.072 0.060 
281    C1577    (9)    5 :  0.038 0.029 0.024 0.167 0.017 0.687 0.039 
282    C1579    (0)    5 :  0.023 0.032 0.024 0.562 0.016 0.322 0.020 
283    C3990    (0)    6 :  0.007 0.007 0.927 0.019 0.008 0.024 0.007 
284    C3991    (0)    6 :  0.029 0.020 0.766 0.045 0.051 0.041 0.048 
285    C3992    (0)    6 :  0.062 0.020 0.802 0.026 0.018 0.035 0.037 
286    C3994    (0)    6 :  0.058 0.030 0.168 0.386 0.125 0.188 0.046 
287    C4172    (0)    6 :  0.044 0.039 0.812 0.009 0.040 0.016 0.040 
288    C4173    (9)    6 :  0.016 0.016 0.525 0.014 0.377 0.038 0.014 
289    C4232    (9)    6 :  0.010 0.009 0.011 0.193 0.009 0.760 0.008 
290    C4234    (9)    6 :  0.011 0.013 0.016 0.506 0.011 0.431 0.011 
291    C4259    (0)    6 :  0.008 0.012 0.020 0.799 0.011 0.139 0.011 
292    C4260    (0)    6 :  0.012 0.009 0.029 0.033 0.008 0.900 0.009 
293    C4261    (9)    6 :  0.031 0.091 0.046 0.021 0.054 0.728 0.028 
294    C4262    (0)    6 :  0.042 0.036 0.289 0.427 0.083 0.110 0.014 
295    C4263    (0)    6 :  0.014 0.030 0.032 0.637 0.032 0.191 0.064 
296    C4267    (9)    6 :  0.016 0.022 0.110 0.667 0.014 0.137 0.034 
297    C4269    (0)    6 :  0.018 0.043 0.235 0.320 0.043 0.318 0.023 
298    C4272    (0)    6 :  0.013 0.013 0.015 0.915 0.013 0.022 0.009 
299    C4274    (0)    6 :  0.430 0.025 0.028 0.397 0.012 0.092 0.017 
300    C4276    (9)    6 :  0.802 0.019 0.012 0.047 0.022 0.037 0.060 
301    C4278    (0)    6 :  0.069 0.036 0.090 0.634 0.042 0.103 0.026 
302    C4280    (0)    6 :  0.043 0.045 0.174 0.150 0.023 0.551 0.015 
303    C4281    (0)    6 :  0.014 0.023 0.032 0.809 0.016 0.085 0.021 
304    C4282    (0)    6 :  0.030 0.143 0.019 0.103 0.256 0.378 0.070 
305    C4284    (9)    6 :  0.010 0.010 0.162 0.749 0.009 0.051 0.009 
306    C4286    (9)    6 :  0.100 0.045 0.227 0.116 0.028 0.456 0.027 
307    C4287    (0)    6 :  0.088 0.060 0.154 0.128 0.070 0.487 0.013 
308    C4290    (0)    6 :  0.347 0.067 0.040 0.226 0.094 0.019 0.207 
309    C4307   (18)    6 :  0.036 0.040 0.191 0.250 0.040 0.425 0.018 
310    C4310    (9)    6 :  0.059 0.020 0.069 0.502 0.014 0.266 0.070 
311    C4311   (18)    6 :  0.064 0.029 0.031 0.169 0.024 0.660 0.023 
312    C4312    (0)    6 :  0.014 0.016 0.034 0.509 0.019 0.388 0.020 
313    C4314    (0)    6 :  0.022 0.050 0.019 0.651 0.013 0.113 0.132 
314    C4318    (9)    6 :  0.023 0.030 0.038 0.778 0.054 0.064 0.013 
315    C4321    (9)    6 :  0.085 0.024 0.165 0.230 0.059 0.422 0.015 
316    C4324    (0)    6 :  0.030 0.024 0.059 0.732 0.054 0.086 0.015 
317    C4334    (0)    6 :  0.020 0.013 0.040 0.851 0.043 0.022 0.011 
318    C4529    (0)    6 :  0.025 0.035 0.030 0.451 0.040 0.382 0.038 
319    C1582    (9)    6 :  0.016 0.014 0.134 0.683 0.015 0.122 0.016 
320    C1583    (0)    6 :  0.032 0.022 0.028 0.728 0.017 0.116 0.057 
321    C1584    (9)    6 :  0.030 0.014 0.034 0.845 0.011 0.044 0.022 
322    C1585    (0)    6 :  0.011 0.007 0.031 0.911 0.007 0.019 0.014 
323    C1586    (0)    6 :  0.012 0.026 0.028 0.812 0.053 0.043 0.025 
324    C1589    (0)    6 :  0.013 0.011 0.139 0.730 0.013 0.082 0.012 
325    C1591    (0)    6 :  0.012 0.008 0.030 0.893 0.009 0.038 0.010 
326    C1592    (0)    6 :  0.023 0.023 0.016 0.841 0.031 0.046 0.020 
327    C1594    (0)    6 :  0.023 0.018 0.041 0.714 0.014 0.115 0.076 
328    C1597    (9)    6 :  0.054 0.039 0.038 0.155 0.028 0.659 0.028 
329    C1598    (9)    6 :  0.021 0.022 0.182 0.628 0.017 0.088 0.042 
330    C1599    (0)    6 :  0.029 0.017 0.014 0.663 0.012 0.253 0.011 
331    C1601    (0)    6 :  0.036 0.075 0.427 0.162 0.037 0.196 0.068 
332    C1605    (0)    6 :  0.289 0.084 0.088 0.190 0.054 0.169 0.126 
333    C1609    (0)    6 :  0.010 0.010 0.024 0.916 0.009 0.023 0.009 
334    C1610    (0)    6 :  0.115 0.130 0.017 0.228 0.017 0.396 0.095 
335    C1611    (0)    6 :  0.013 0.015 0.013 0.027 0.031 0.889 0.011 
336    C1612    (0)    6 :  0.009 0.007 0.010 0.036 0.007 0.923 0.009 
337    C1613    (0)    6 :  0.033 0.022 0.037 0.241 0.056 0.578 0.033 
338    C3173    (9)    6 :  0.050 0.060 0.031 0.505 0.061 0.256 0.038 
339    C3204    (0)    6 :  0.020 0.017 0.025 0.058 0.015 0.847 0.018 
340    C3223    (9)    6 :  0.263 0.032 0.020 0.032 0.077 0.556 0.020 
341    C3262    (0)    6 :  0.057 0.030 0.041 0.483 0.029 0.269 0.092 
342    C3270    (0)    6 :  0.022 0.029 0.118 0.208 0.017 0.591 0.016 
343    C3300    (0)    6 :  0.015 0.013 0.259 0.501 0.010 0.193 0.010 
344    C3330    (0)    6 :  0.038 0.048 0.104 0.575 0.026 0.195 0.015 
345    C3390    (9)    6 :  0.021 0.024 0.059 0.399 0.024 0.454 0.018 
346    C3424    (9)    6 :  0.033 0.051 0.040 0.227 0.017 0.616 0.016 
347    C3958    (0)    6 :  0.010 0.013 0.895 0.044 0.011 0.020 0.007 
348    C3962    (0)    6 :  0.011 0.024 0.888 0.039 0.012 0.019 0.007 
349    C4019    (0)    6 :  0.047 0.704 0.153 0.012 0.046 0.012 0.026 
350    C3995   (18)    6 :  0.014 0.024 0.854 0.022 0.030 0.037 0.019 
351    C4000    (0)    6 :  0.024 0.105 0.661 0.025 0.067 0.099 0.018 
352    C4002    (0)    6 :  0.013 0.021 0.854 0.028 0.018 0.053 0.012 
353    C1692    (0)    7 :  0.297 0.364 0.181 0.024 0.036 0.036 0.062 
354    C1693    (0)    7 :  0.351 0.057 0.045 0.094 0.187 0.246 0.021 
355    C1694    (0)    7 :  0.164 0.108 0.019 0.129 0.370 0.063 0.147 
356    C1698    (0)    7 :  0.244 0.370 0.010 0.060 0.203 0.010 0.104 
357    C1699    (0)    7 :  0.155 0.095 0.024 0.023 0.063 0.032 0.607 
358    C1700    (0)    7 :  0.136 0.388 0.103 0.053 0.203 0.047 0.070 
359    C1701    (0)    7 :  0.062 0.481 0.014 0.031 0.033 0.014 0.365 
360    C1702    (0)    7 :  0.194 0.511 0.021 0.014 0.094 0.016 0.150 
361    C1703    (0)    7 :  0.131 0.350 0.026 0.016 0.392 0.009 0.076 
362    C1704    (0)    7 :  0.108 0.111 0.028 0.512 0.197 0.017 0.027 
363    C1705    (0)    7 :  0.209 0.039 0.321 0.013 0.387 0.011 0.020 
364    C1706    (0)    7 :  0.188 0.133 0.012 0.021 0.068 0.021 0.557 
365    C1707    (0)    7 :  0.315 0.052 0.023 0.224 0.042 0.135 0.208 
366    C1708    (0)    7 :  0.035 0.076 0.015 0.023 0.815 0.012 0.024 
367    C1709    (0)    7 :  0.034 0.072 0.088 0.025 0.726 0.026 0.029 
368    C1710    (0)    7 :  0.105 0.566 0.028 0.045 0.118 0.022 0.116 
369    C1712    (0)    7 :  0.035 0.221 0.032 0.009 0.676 0.012 0.015 
370    C1714    (0)    7 :  0.024 0.033 0.013 0.024 0.874 0.011 0.022 
371    C1715    (0)    7 :  0.511 0.285 0.023 0.022 0.022 0.019 0.118 
372    C1717    (0)    7 :  0.668 0.124 0.018 0.048 0.066 0.050 0.026 
373    C1718   (18)    7 :  0.162 0.615 0.016 0.094 0.046 0.016 0.052 
374    C1719    (0)    7 :  0.029 0.081 0.099 0.051 0.649 0.073 0.019 
375    C1656    (0)    8 :  0.054 0.234 0.067 0.009 0.079 0.013 0.544 
376    C1657   (18)    8 :  0.070 0.106 0.025 0.015 0.469 0.036 0.278 
377    C1658    (0)    8 :  0.226 0.577 0.011 0.011 0.036 0.007 0.131 
378    C1659    (0)    8 :  0.603 0.074 0.026 0.032 0.022 0.065 0.178 
379    C1661    (9)    8 :  0.139 0.500 0.024 0.111 0.100 0.037 0.090 
380    C1665    (0)    8 :  0.125 0.481 0.015 0.022 0.046 0.033 0.278 
381    C1667    (9)    8 :  0.021 0.037 0.006 0.007 0.904 0.008 0.018 
382    C1676    (9)    8 :  0.037 0.605 0.031 0.014 0.129 0.015 0.169 
383    C1681    (9)    8 :  0.262 0.217 0.021 0.062 0.126 0.014 0.298 
384    C1682    (0)    8 :  0.062 0.177 0.022 0.019 0.581 0.019 0.120 
385    C1685    (0)    8 :  0.016 0.779 0.028 0.013 0.047 0.046 0.070 
386    C4707    (0)    9 :  0.017 0.764 0.110 0.033 0.028 0.023 0.025 
387    C4747    (0)    9 :  0.086 0.057 0.113 0.038 0.473 0.212 0.021 
388    C4772    (0)    9 :  0.058 0.196 0.554 0.033 0.029 0.060 0.070 
389    C4781    (0)    9 :  0.083 0.055 0.072 0.067 0.689 0.011 0.023 
390    C4782    (0)    9 :  0.208 0.243 0.110 0.152 0.208 0.021 0.059 
391    C4787    (0)    9 :  0.658 0.084 0.122 0.028 0.055 0.015 0.038 
392    C4790    (0)    9 :  0.021 0.211 0.106 0.023 0.584 0.016 0.040 
393    C4803    (0)    9 :  0.417 0.230 0.118 0.033 0.101 0.062 0.039 
394    C4813    (0)    9 :  0.047 0.052 0.792 0.008 0.028 0.028 0.045 
395    C4837    (0)    9 :  0.152 0.502 0.219 0.019 0.033 0.049 0.026 
396    C4838    (0)    9 :  0.519 0.171 0.144 0.014 0.048 0.013 0.090 
397    C4843    (0)    9 :  0.098 0.527 0.092 0.013 0.059 0.052 0.159 
398    C4857    (0)    9 :  0.028 0.023 0.835 0.039 0.017 0.031 0.026 
399    C4828    (0)    9 :  0.155 0.162 0.035 0.050 0.069 0.311 0.219 
400    C4835    (0)    9 :  0.122 0.038 0.718 0.024 0.018 0.018 0.062 
401    C4836    (9)    9 :  0.226 0.201 0.361 0.031 0.113 0.026 0.041 
402    C4842    (0)    9 :  0.075 0.399 0.058 0.009 0.115 0.026 0.317 
403    C4863    (9)    9 :  0.596 0.095 0.058 0.051 0.163 0.014 0.022 
404    C4744    (0)    9 :  0.101 0.398 0.028 0.011 0.280 0.055 0.128 
405    C4745    (0)    9 :  0.312 0.293 0.132 0.028 0.044 0.018 0.172 
406    C4768    (0)    9 :  0.028 0.323 0.228 0.070 0.260 0.029 0.061 
407    C4769    (0)    9 :  0.088 0.107 0.190 0.011 0.072 0.014 0.518 
408    C4771    (0)    9 :  0.057 0.804 0.025 0.012 0.054 0.012 0.036 
409    C4784    (0)    9 :  0.044 0.062 0.219 0.060 0.535 0.020 0.060 
410    C4785    (0)    9 :  0.024 0.028 0.031 0.031 0.819 0.018 0.048 
411    C4795    (0)    9 :  0.103 0.036 0.111 0.056 0.624 0.036 0.034 
412    C4796    (0)    9 :  0.100 0.708 0.016 0.020 0.116 0.012 0.028 
413    C4800    (0)    9 :  0.420 0.132 0.384 0.016 0.015 0.009 0.024 
414    C4801    (0)    9 :  0.045 0.052 0.553 0.053 0.054 0.010 0.234 
415    C4802    (0)    9 :  0.048 0.052 0.022 0.723 0.022 0.019 0.114 
416    C4805    (0)    9 :  0.042 0.494 0.159 0.018 0.135 0.012 0.139 
417    C4806    (0)    9 :  0.079 0.617 0.075 0.016 0.023 0.009 0.181 
418    C4850    (0)    9 :  0.095 0.490 0.189 0.042 0.035 0.097 0.051 
419    C4748    (0)   10 :  0.051 0.022 0.188 0.009 0.072 0.010 0.647 
420    C4753    (0)   10 :  0.088 0.601 0.044 0.034 0.141 0.015 0.077 
421    C4754    (0)   10 :  0.021 0.658 0.195 0.029 0.049 0.014 0.034 
422    C4760    (0)   10 :  0.215 0.227 0.350 0.079 0.027 0.083 0.019 
423    C4761    (0)   10 :  0.030 0.047 0.390 0.021 0.099 0.009 0.404 
424    C4762    (0)   10 :  0.120 0.058 0.245 0.011 0.499 0.025 0.042 
425    C4791    (0)   10 :  0.377 0.276 0.230 0.013 0.058 0.008 0.038 
426    C4810    (0)   10 :  0.047 0.032 0.032 0.089 0.019 0.046 0.736 
427    C4812    (0)   10 :  0.208 0.381 0.052 0.041 0.029 0.066 0.223 
428    C4821    (0)   10 :  0.115 0.450 0.167 0.035 0.081 0.121 0.032 
429    C4864    (0)   10 :  0.026 0.159 0.706 0.037 0.020 0.032 0.020 
430    C4866    (0)   10 :  0.098 0.095 0.040 0.009 0.043 0.068 0.648 
431    C1722    (0)   10 :  0.299 0.178 0.013 0.056 0.037 0.023 0.393 
432    C1724    (0)   10 :  0.183 0.057 0.017 0.007 0.014 0.010 0.712 
433    C1725    (0)   10 :  0.211 0.167 0.012 0.034 0.055 0.064 0.456 
434    C1726    (0)   10 :  0.252 0.533 0.016 0.012 0.091 0.016 0.081 
435    C1731    (0)   10 :  0.160 0.170 0.065 0.014 0.088 0.065 0.439 
436    C1733    (9)   10 :  0.565 0.067 0.031 0.025 0.017 0.031 0.264 
437    C1734    (0)   10 :  0.434 0.306 0.084 0.014 0.032 0.076 0.054 
438    C1735    (0)   10 :  0.508 0.193 0.009 0.010 0.034 0.020 0.226 
439    C1738    (0)   10 :  0.374 0.098 0.029 0.013 0.015 0.086 0.385 
440    C1740    (9)   10 :  0.178 0.304 0.036 0.046 0.050 0.232 0.154 
441    C1741    (0)   10 :  0.264 0.090 0.328 0.076 0.152 0.067 0.021 
442    C1742    (0)   10 :  0.041 0.837 0.025 0.015 0.014 0.019 0.049 
443    C1743    (0)   10 :  0.213 0.118 0.025 0.020 0.450 0.049 0.126 
444    C1745    (0)   10 :  0.429 0.335 0.071 0.035 0.032 0.028 0.070 
445    C1746    (0)   10 :  0.187 0.186 0.086 0.035 0.123 0.037 0.345 
446    C1747    (0)   10 :  0.221 0.052 0.020 0.281 0.139 0.025 0.262 
447    C4742    (9)   10 :  0.044 0.158 0.610 0.017 0.090 0.034 0.046 
448    C4752    (0)   10 :  0.026 0.015 0.855 0.018 0.018 0.023 0.046 
449    C4792    (0)   10 :  0.072 0.154 0.410 0.059 0.073 0.108 0.124 
450    C4811    (0)   10 :  0.029 0.022 0.864 0.024 0.018 0.028 0.015 
451    C4814    (0)   10 :  0.052 0.141 0.634 0.019 0.062 0.040 0.052 
452    C4815    (0)   10 :  0.712 0.068 0.055 0.063 0.043 0.031 0.028 
453    C4818    (0)   10 :  0.146 0.116 0.267 0.029 0.066 0.225 0.152 
454    C4819    (0)   10 :  0.038 0.108 0.590 0.018 0.046 0.048 0.152 
455    C4826    (0)   10 :  0.215 0.558 0.047 0.012 0.081 0.009 0.078 
456    C4829    (0)   10 :  0.157 0.282 0.026 0.093 0.361 0.026 0.056 
457    C4830    (0)   10 :  0.042 0.745 0.039 0.009 0.124 0.028 0.013 
458    C4831    (0)   10 :  0.015 0.035 0.809 0.045 0.040 0.019 0.037 
459    C4832    (0)   10 :  0.045 0.369 0.048 0.013 0.397 0.018 0.109 
460    C4858    (0)   10 :  0.058 0.048 0.310 0.036 0.521 0.009 0.019 
461    C4757    (0)   10 :  0.110 0.358 0.116 0.033 0.050 0.143 0.189 
462    C4770    (9)   10 :  0.301 0.044 0.058 0.167 0.059 0.353 0.018 
463    C4808    (0)   10 :  0.071 0.704 0.098 0.037 0.043 0.017 0.031 
464    C4809    (0)   10 :  0.025 0.889 0.015 0.013 0.014 0.010 0.034 
465    C4820    (0)   10 :  0.181 0.284 0.055 0.017 0.303 0.033 0.128 
466    C4824    (0)   10 :  0.419 0.258 0.044 0.014 0.237 0.009 0.020 
467    C4706    (0)   11 :  0.312 0.239 0.034 0.010 0.042 0.016 0.347 
468    C4708    (0)   11 :  0.009 0.010 0.915 0.026 0.010 0.020 0.010 
469    C4709    (0)   11 :  0.074 0.037 0.060 0.018 0.760 0.019 0.033 
470    C4714    (0)   11 :  0.045 0.080 0.351 0.051 0.405 0.032 0.035 
471    C4722    (0)   11 :  0.036 0.229 0.181 0.018 0.395 0.017 0.123 
472    C4726    (0)   11 :  0.263 0.128 0.154 0.074 0.028 0.086 0.267 
473    C4733    (0)   11 :  0.026 0.248 0.455 0.071 0.102 0.035 0.063 
474    C4734    (0)   11 :  0.091 0.361 0.168 0.019 0.058 0.025 0.278 
475    C4737    (0)   11 :  0.020 0.067 0.050 0.028 0.800 0.011 0.024 
476    C4882    (0)   11 :  0.082 0.721 0.018 0.009 0.061 0.022 0.087 
477    C4883    (0)   11 :  0.016 0.020 0.218 0.019 0.701 0.014 0.011 
478    C4702    (9)   11 :  0.159 0.260 0.137 0.107 0.179 0.079 0.081 
479    C4703    (0)   11 :  0.056 0.064 0.724 0.031 0.070 0.023 0.033 
480    C4727    (0)   11 :  0.065 0.220 0.161 0.009 0.146 0.017 0.382 
481    C4732    (0)   11 :  0.069 0.061 0.087 0.017 0.720 0.021 0.026 
482    C4735    (0)   11 :  0.620 0.201 0.064 0.032 0.041 0.018 0.024 
483    C4736    (0)   11 :  0.018 0.017 0.821 0.019 0.065 0.030 0.030 
484    C4746    (0)   11 :  0.076 0.091 0.471 0.009 0.282 0.022 0.051 
485    C4777    (0)   11 :  0.254 0.614 0.009 0.016 0.021 0.020 0.065 
486    C4846    (0)   11 :  0.030 0.132 0.432 0.157 0.099 0.080 0.072 
487    C4847    (0)   11 :  0.033 0.691 0.058 0.007 0.036 0.012 0.164 
488    C4884    (0)   11 :  0.219 0.287 0.269 0.019 0.171 0.011 0.024 
489    C4705    (0)   11 :  0.448 0.166 0.294 0.029 0.016 0.028 0.019 
490    C4711    (0)   11 :  0.024 0.068 0.191 0.022 0.098 0.015 0.582 
491    C4713    (9)   11 :  0.505 0.067 0.075 0.020 0.080 0.152 0.101 
492    C4716    (0)   11 :  0.193 0.365 0.175 0.033 0.146 0.018 0.071 
493    C4717    (0)   11 :  0.027 0.048 0.791 0.058 0.023 0.016 0.037 
494    C4719    (0)   11 :  0.016 0.885 0.016 0.014 0.031 0.011 0.026 
495    C4721    (0)   11 :  0.014 0.016 0.884 0.034 0.013 0.021 0.018 
496    C4729    (0)   11 :  0.169 0.511 0.223 0.010 0.028 0.025 0.034 
497    C4730    (0)   11 :  0.026 0.035 0.830 0.018 0.043 0.018 0.031 
498    C4773    (0)   11 :  0.010 0.015 0.885 0.031 0.009 0.015 0.035 
499    C4861    (0)   11 :  0.045 0.803 0.040 0.016 0.020 0.021 0.056 
500    C4890    (0)   11 :  0.038 0.150 0.687 0.017 0.077 0.012 0.020 
501    C4718    (0)   11 :  0.244 0.341 0.126 0.053 0.157 0.011 0.068 
502    C4724    (0)   11 :  0.136 0.092 0.664 0.011 0.033 0.017 0.048 
503    C4738    (0)   11 :  0.022 0.043 0.602 0.017 0.017 0.014 0.286 
504    C4739    (0)   11 :  0.049 0.665 0.076 0.038 0.036 0.033 0.103 
