

----------------------------------------------------
STRUCTURE by Pritchard, Stephens and Donnelly (2000)
     and Falush, Stephens and Pritchard (2003)
       Code by Pritchard, Falush and Hubisz
             Version 2.3.4 (Jul 2012)
----------------------------------------------------



Command line arguments:   bin\structure -m G:\My Drive\Hoban_Lab_Docs\Projects\Butternut_JUCI\Graphical_Stat_Results\PostIndRemoval\24pop\Reorg_Results\STR\butternut\50-50\mainparams -e G:\My Drive\Hoban_Lab_Docs\Projects\Butternut_JUCI\Graphical_Stat_Results\PostIndRemoval\24pop\Reorg_Results\STR\butternut\50-50\extraparams 
Input File:    G:\My Drive\Hoban_Lab_Docs\Projects\Butternut_JUCI\Graphical_Stat_Results\PostIndRemoval\24pop\Reorg_Results\STR\butternut\project_data

Run parameters:
   993 individuals
   11 loci
   9 populations assumed
   50000 Burn-in period
   50000 Reps


--------------------------------------------
Proportion of membership of each pre-defined
 population in each of the 9 clusters

Given    Inferred Clusters                                                 Number of
 Pop       1      2      3      4      5      6      7      8      9      Individuals

  1:     0.050  0.036  0.208  0.031  0.036  0.367  0.156  0.079  0.038       40
  2:     0.051  0.032  0.184  0.035  0.028  0.236  0.272  0.134  0.028       45
  3:     0.039  0.038  0.391  0.025  0.044  0.213  0.159  0.066  0.024       62
  4:     0.039  0.026  0.300  0.030  0.042  0.114  0.288  0.119  0.044       48
  5:     0.035  0.035  0.188  0.035  0.037  0.279  0.245  0.099  0.048       87
  6:     0.045  0.033  0.224  0.036  0.045  0.292  0.215  0.082  0.029       70
  7:     0.216  0.210  0.030  0.164  0.101  0.061  0.030  0.101  0.088       22
  8:     0.190  0.197  0.024  0.221  0.105  0.023  0.020  0.080  0.140       11
  9:     0.126  0.137  0.030  0.179  0.095  0.044  0.129  0.198  0.061       33
 10:     0.139  0.082  0.042  0.167  0.126  0.030  0.121  0.178  0.115       48
 11:     0.100  0.128  0.024  0.143  0.076  0.038  0.209  0.214  0.067       48
 12:     0.185  0.120  0.041  0.213  0.185  0.045  0.028  0.077  0.107       90
 13:     0.106  0.482  0.028  0.119  0.135  0.024  0.018  0.049  0.038       63
 14:     0.156  0.081  0.064  0.199  0.170  0.067  0.026  0.137  0.099       16
 15:     0.162  0.062  0.055  0.098  0.231  0.074  0.064  0.117  0.137       31
 16:     0.039  0.027  0.013  0.057  0.026  0.018  0.035  0.042  0.742       16
 17:     0.170  0.321  0.079  0.129  0.091  0.080  0.023  0.069  0.037       24
 18:     0.228  0.082  0.038  0.277  0.093  0.063  0.029  0.063  0.126       12
 19:     0.177  0.150  0.033  0.178  0.149  0.049  0.027  0.099  0.137       54
 20:     0.146  0.058  0.034  0.150  0.204  0.048  0.040  0.084  0.236       96
 21:     0.176  0.158  0.026  0.106  0.158  0.054  0.020  0.071  0.231       22
 22:     0.049  0.027  0.044  0.078  0.064  0.057  0.069  0.102  0.510       23
 23:     0.089  0.052  0.034  0.195  0.248  0.027  0.021  0.053  0.281       13
 24:     0.217  0.131  0.080  0.202  0.128  0.042  0.033  0.092  0.076       19
--------------------------------------------

Allele-freq. divergence among pops (Net nucleotide distance),
computed using point estimates of P.

      1       2       3       4       5       6       7       8       9      
 1      -    0.0109  0.0261  0.0055  0.0067  0.0282  0.0372  0.0095  0.0145  
 2   0.0109     -    0.0394  0.0116  0.0173  0.0383  0.0414  0.0141  0.0269  
 3   0.0261  0.0394     -    0.0355  0.0344  0.0243  0.0345  0.0274  0.0419  
 4   0.0055  0.0116  0.0355     -    0.0087  0.0363  0.0422  0.0107  0.0150  
 5   0.0067  0.0173  0.0344  0.0087     -    0.0392  0.0495  0.0162  0.0163  
 6   0.0282  0.0383  0.0243  0.0363  0.0392     -    0.0311  0.0222  0.0433  
 7   0.0372  0.0414  0.0345  0.0422  0.0495  0.0311     -    0.0191  0.0542  
 8   0.0095  0.0141  0.0274  0.0107  0.0162  0.0222  0.0191     -    0.0205  
 9   0.0145  0.0269  0.0419  0.0150  0.0163  0.0433  0.0542  0.0205     -    

Average distances (expected heterozygosity) between individuals in same cluster:
cluster  1  : 0.8590 
cluster  2  : 0.8461 
cluster  3  : 0.8126 
cluster  4  : 0.8485 
cluster  5  : 0.8404 
cluster  6  : 0.8032 
cluster  7  : 0.8213 
cluster  8  : 0.8502 
cluster  9  : 0.8271 

--------------------------------------------
Estimated Ln Prob of Data   = -46963.1
Mean value of ln likelihood = -44711.1
Variance of ln likelihood   = 4504.0
Mean value of alpha         = 0.0570

Mean value of Fst_1         = 0.0187
Mean value of Fst_2         = 0.0388
Mean value of Fst_3         = 0.0731
Mean value of Fst_4         = 0.0279
Mean value of Fst_5         = 0.0355
Mean value of Fst_6         = 0.0726
Mean value of Fst_7         = 0.0862
Mean value of Fst_8         = 0.0413
Mean value of Fst_9         = 0.0494


Inferred ancestry of individuals:
        Label (%Miss) Pop:  Inferred clusters
  1    C3984    (0)    1 :  0.017 0.012 0.012 0.009 0.013 0.488 0.428 0.013 0.007 
  2    C3985    (0)    1 :  0.022 0.016 0.057 0.019 0.011 0.379 0.443 0.041 0.014 
  3    C3986    (0)    1 :  0.012 0.022 0.104 0.010 0.013 0.171 0.631 0.029 0.008 
  4    C4231    (0)    1 :  0.044 0.014 0.050 0.032 0.029 0.250 0.470 0.099 0.011 
  5    C4344    (0)    1 :  0.041 0.031 0.570 0.024 0.020 0.143 0.108 0.049 0.014 
  6    C4347   (18)    1 :  0.022 0.013 0.387 0.017 0.026 0.352 0.060 0.058 0.064 
  7    C4352   (18)    1 :  0.023 0.027 0.050 0.028 0.019 0.415 0.342 0.078 0.018 
  8    C4355    (9)    1 :  0.028 0.024 0.119 0.016 0.044 0.550 0.163 0.041 0.015 
  9    C4358   (18)    1 :  0.356 0.072 0.014 0.162 0.122 0.068 0.030 0.095 0.081 
 10    C4419    (9)    1 :  0.047 0.021 0.020 0.019 0.064 0.537 0.072 0.208 0.014 
 11    C4428    (9)    1 :  0.016 0.013 0.108 0.010 0.018 0.521 0.235 0.063 0.017 
 12    C4436    (0)    1 :  0.011 0.012 0.046 0.011 0.011 0.607 0.248 0.038 0.017 
 13    C4437   (18)    1 :  0.059 0.021 0.031 0.022 0.030 0.246 0.442 0.104 0.045 
 14    C4450    (0)    1 :  0.106 0.055 0.024 0.052 0.058 0.471 0.121 0.070 0.043 
 15    C4531    (0)    1 :  0.028 0.032 0.009 0.030 0.017 0.022 0.599 0.237 0.026 
 16    C1615    (0)    1 :  0.061 0.059 0.040 0.080 0.048 0.279 0.254 0.105 0.074 
 17    C1616    (0)    1 :  0.180 0.018 0.061 0.072 0.206 0.191 0.065 0.080 0.126 
 18    C1617    (9)    1 :  0.016 0.010 0.076 0.013 0.027 0.811 0.011 0.018 0.018 
 19    C1618    (0)    1 :  0.032 0.109 0.025 0.034 0.021 0.399 0.256 0.088 0.036 
 20    C1619    (0)    1 :  0.086 0.117 0.049 0.031 0.019 0.532 0.065 0.056 0.045 
 21    C1620    (9)    1 :  0.058 0.102 0.031 0.031 0.014 0.546 0.097 0.084 0.036 
 22    C1621    (0)    1 :  0.078 0.034 0.023 0.044 0.065 0.213 0.020 0.295 0.228 
 23    C1623    (9)    1 :  0.084 0.234 0.014 0.046 0.040 0.033 0.219 0.191 0.141 
 24    C1625    (0)    1 :  0.066 0.073 0.046 0.034 0.021 0.611 0.022 0.049 0.079 
 25    C1626    (0)    1 :  0.090 0.027 0.035 0.051 0.061 0.405 0.019 0.229 0.083 
 26    C1627    (9)    1 :  0.016 0.019 0.023 0.013 0.009 0.815 0.040 0.026 0.038 
 27    C1633    (0)    1 :  0.012 0.009 0.014 0.008 0.011 0.901 0.015 0.017 0.013 
 28    C1637    (0)    1 :  0.018 0.012 0.035 0.020 0.016 0.832 0.016 0.027 0.024 
 29    C1650    (0)    1 :  0.024 0.013 0.063 0.024 0.045 0.187 0.479 0.136 0.030 
 30    C3202    (0)    1 :  0.015 0.011 0.893 0.012 0.010 0.015 0.015 0.011 0.019 
 31    C3248    (0)    1 :  0.019 0.014 0.242 0.023 0.013 0.575 0.012 0.090 0.012 
 32    C3304    (9)    1 :  0.064 0.012 0.587 0.012 0.058 0.182 0.043 0.028 0.014 
 33    C3326    (0)    1 :  0.070 0.017 0.363 0.097 0.054 0.144 0.073 0.158 0.024 
 34    C3333    (0)    1 :  0.016 0.010 0.881 0.013 0.016 0.017 0.018 0.013 0.015 
 35    C3339   (18)    1 :  0.033 0.033 0.125 0.016 0.054 0.693 0.012 0.022 0.012 
 36    C3346    (0)    1 :  0.008 0.012 0.915 0.009 0.009 0.015 0.015 0.012 0.006 
 37    C3349    (0)    1 :  0.044 0.030 0.694 0.041 0.056 0.070 0.021 0.028 0.017 
 38    C3367   (18)    1 :  0.021 0.017 0.797 0.014 0.024 0.029 0.030 0.045 0.023 
 39    C3374    (0)    1 :  0.009 0.011 0.026 0.008 0.008 0.869 0.015 0.048 0.006 
 40    C3405    (0)    1 :  0.033 0.039 0.655 0.022 0.057 0.080 0.022 0.081 0.011 
 41    C4543    (0)    2 :  0.019 0.019 0.056 0.014 0.022 0.024 0.637 0.200 0.010 
 42    C4545    (9)    2 :  0.011 0.068 0.014 0.011 0.011 0.047 0.764 0.067 0.008 
 43    C4551    (9)    2 :  0.051 0.044 0.017 0.141 0.022 0.096 0.238 0.369 0.023 
 44    C4491    (0)    2 :  0.076 0.050 0.067 0.082 0.042 0.073 0.435 0.146 0.030 
 45    C4494    (0)    2 :  0.015 0.013 0.435 0.011 0.011 0.082 0.401 0.023 0.009 
 46    C4495    (0)    2 :  0.074 0.034 0.528 0.042 0.018 0.042 0.105 0.140 0.015 
 47    C4497    (9)    2 :  0.036 0.020 0.050 0.019 0.018 0.650 0.153 0.041 0.014 
 48    C4501    (0)    2 :  0.110 0.017 0.015 0.025 0.089 0.501 0.105 0.123 0.015 
 49    C4502    (0)    2 :  0.019 0.061 0.036 0.011 0.015 0.629 0.131 0.088 0.010 
 50    C4503    (0)    2 :  0.022 0.218 0.012 0.024 0.014 0.013 0.535 0.142 0.018 
 51    C4504    (0)    2 :  0.398 0.062 0.045 0.051 0.057 0.073 0.258 0.034 0.023 
 52    C4470    (0)    2 :  0.093 0.020 0.044 0.079 0.025 0.419 0.100 0.200 0.020 
 53    C4471    (0)    2 :  0.046 0.022 0.030 0.016 0.023 0.088 0.720 0.042 0.013 
 54    C4474    (9)    2 :  0.016 0.017 0.007 0.031 0.017 0.010 0.614 0.267 0.022 
 55    C4476    (0)    2 :  0.017 0.017 0.029 0.012 0.012 0.515 0.131 0.257 0.011 
 56    C4479    (0)    2 :  0.018 0.009 0.120 0.015 0.017 0.383 0.118 0.267 0.052 
 57    C4482    (0)    2 :  0.079 0.010 0.114 0.030 0.029 0.056 0.456 0.063 0.162 
 58    C4483    (0)    2 :  0.029 0.019 0.008 0.011 0.010 0.009 0.657 0.246 0.011 
 59    C4484    (0)    2 :  0.054 0.059 0.198 0.032 0.053 0.091 0.363 0.128 0.022 
 60    C4485    (0)    2 :  0.103 0.027 0.429 0.083 0.046 0.148 0.055 0.066 0.043 
 61    C4489    (0)    2 :  0.032 0.028 0.086 0.017 0.027 0.351 0.377 0.057 0.024 
 62    C4505    (0)    2 :  0.025 0.015 0.024 0.029 0.021 0.642 0.124 0.105 0.014 
 63    C4507    (0)    2 :  0.049 0.069 0.011 0.054 0.035 0.199 0.177 0.395 0.010 
 64    C4535    (0)    2 :  0.034 0.030 0.015 0.032 0.022 0.029 0.601 0.206 0.030 
 65    C4542    (0)    2 :  0.137 0.023 0.015 0.112 0.144 0.019 0.149 0.376 0.023 
 66    C4553    (9)    2 :  0.023 0.017 0.098 0.046 0.022 0.071 0.580 0.121 0.022 
 67    C4562   (18)    2 :  0.025 0.044 0.056 0.049 0.019 0.095 0.594 0.095 0.022 
 68    C4582   (18)    2 :  0.025 0.018 0.029 0.028 0.019 0.065 0.594 0.191 0.032 
 69    C4693    (0)    2 :  0.010 0.008 0.024 0.010 0.011 0.032 0.654 0.238 0.014 
 70    C4696    (0)    2 :  0.051 0.041 0.032 0.091 0.025 0.137 0.411 0.184 0.029 
 71    C3179    (0)    2 :  0.029 0.044 0.735 0.024 0.022 0.103 0.017 0.015 0.011 
 72    C3181    (0)    2 :  0.093 0.017 0.257 0.025 0.041 0.422 0.036 0.087 0.023 
 73    C3188    (0)    2 :  0.076 0.036 0.188 0.026 0.029 0.502 0.053 0.067 0.024 
 74    C3190    (0)    2 :  0.022 0.012 0.801 0.020 0.052 0.014 0.029 0.030 0.021 
 75    C3193    (0)    2 :  0.023 0.008 0.435 0.023 0.012 0.373 0.027 0.060 0.038 
 76    C3232    (0)    2 :  0.019 0.013 0.142 0.012 0.014 0.374 0.350 0.067 0.010 
 77    C3236    (0)    2 :  0.010 0.008 0.764 0.011 0.010 0.123 0.046 0.018 0.009 
 78    C3249    (0)    2 :  0.045 0.031 0.418 0.037 0.046 0.298 0.064 0.031 0.030 
 79    C3250    (0)    2 :  0.011 0.008 0.060 0.011 0.016 0.653 0.124 0.104 0.012 
 80    C3253    (0)    2 :  0.012 0.009 0.010 0.011 0.008 0.884 0.014 0.039 0.014 
 81    C3255    (0)    2 :  0.022 0.009 0.188 0.011 0.010 0.626 0.065 0.058 0.012 
 82    C3277    (0)    2 :  0.080 0.032 0.099 0.040 0.033 0.422 0.020 0.209 0.066 
 83    C3315    (0)    2 :  0.067 0.065 0.018 0.064 0.047 0.204 0.074 0.275 0.186 
 84    C3288    (0)    2 :  0.016 0.014 0.848 0.014 0.015 0.023 0.026 0.022 0.022 
 85    C3293    (0)    2 :  0.087 0.028 0.683 0.028 0.030 0.017 0.039 0.059 0.028 
 86    C4018    (0)    3 :  0.011 0.008 0.195 0.010 0.018 0.025 0.701 0.026 0.007 
 87    C3980    (0)    3 :  0.017 0.010 0.032 0.011 0.012 0.015 0.864 0.025 0.013 
 88    C3987    (0)    3 :  0.015 0.014 0.024 0.011 0.013 0.070 0.724 0.117 0.012 
 89    C3988    (0)    3 :  0.018 0.012 0.061 0.013 0.007 0.110 0.666 0.100 0.012 
 90    C3989    (0)    3 :  0.179 0.007 0.613 0.025 0.012 0.041 0.041 0.073 0.008 
 91    C4011    (0)    3 :  0.007 0.006 0.107 0.006 0.006 0.114 0.738 0.011 0.006 
 92    C4017    (0)    3 :  0.007 0.008 0.013 0.007 0.007 0.015 0.908 0.028 0.006 
 93    C4296    (0)    3 :  0.040 0.026 0.028 0.163 0.040 0.268 0.043 0.368 0.024 
 94    C4301    (9)    3 :  0.103 0.036 0.068 0.025 0.720 0.011 0.010 0.017 0.010 
 95    C4303    (0)    3 :  0.022 0.028 0.519 0.030 0.055 0.048 0.013 0.020 0.265 
 96    C4453    (0)    3 :  0.049 0.084 0.476 0.015 0.031 0.097 0.160 0.048 0.040 
 97    C4455    (9)    3 :  0.014 0.016 0.800 0.013 0.012 0.011 0.039 0.061 0.035 
 98    C4456   (18)    3 :  0.060 0.140 0.321 0.025 0.054 0.020 0.173 0.136 0.072 
 99    C4457    (9)    3 :  0.088 0.023 0.629 0.031 0.046 0.051 0.031 0.050 0.051 
100    C4459    (9)    3 :  0.024 0.011 0.362 0.026 0.016 0.187 0.302 0.049 0.022 
101    C4464   (18)    3 :  0.011 0.009 0.651 0.011 0.010 0.184 0.083 0.033 0.008 
102    C4467   (18)    3 :  0.011 0.008 0.261 0.009 0.008 0.609 0.040 0.045 0.009 
103    C4468    (9)    3 :  0.020 0.014 0.214 0.015 0.014 0.545 0.053 0.065 0.060 
104    C4783    (0)    3 :  0.023 0.010 0.210 0.029 0.012 0.009 0.641 0.053 0.012 
105    C4786    (0)    3 :  0.011 0.010 0.670 0.015 0.021 0.034 0.198 0.030 0.011 
106    C4789    (9)    3 :  0.027 0.009 0.317 0.015 0.064 0.124 0.350 0.084 0.011 
107    C4891    (0)    3 :  0.017 0.022 0.762 0.038 0.016 0.020 0.073 0.042 0.011 
108    C4896    (0)    3 :  0.055 0.016 0.264 0.041 0.084 0.013 0.400 0.092 0.035 
109    C4898    (0)    3 :  0.026 0.016 0.148 0.026 0.015 0.065 0.563 0.127 0.014 
110    C4901    (0)    3 :  0.017 0.007 0.741 0.009 0.018 0.015 0.164 0.019 0.010 
111    C4903    (9)    3 :  0.030 0.012 0.771 0.021 0.043 0.020 0.052 0.026 0.026 
112    C4904    (0)    3 :  0.047 0.009 0.209 0.028 0.018 0.016 0.606 0.058 0.008 
113    C3263    (0)    3 :  0.047 0.138 0.137 0.015 0.011 0.576 0.014 0.042 0.019 
114    C3271    (0)    3 :  0.026 0.020 0.050 0.021 0.023 0.797 0.033 0.021 0.009 
115    C3272    (0)    3 :  0.034 0.019 0.048 0.022 0.033 0.782 0.028 0.025 0.009 
116    C3276    (0)    3 :  0.075 0.075 0.446 0.029 0.287 0.025 0.014 0.024 0.024 
117    C3280    (9)    3 :  0.045 0.073 0.031 0.052 0.027 0.591 0.036 0.120 0.025 
118    C3305    (9)    3 :  0.014 0.010 0.009 0.009 0.010 0.908 0.021 0.011 0.008 
119    C3306    (0)    3 :  0.061 0.055 0.058 0.025 0.013 0.685 0.017 0.070 0.016 
120    C3324    (0)    3 :  0.054 0.120 0.022 0.042 0.015 0.605 0.020 0.105 0.016 
121    C3329    (0)    3 :  0.042 0.041 0.068 0.043 0.026 0.345 0.076 0.339 0.019 
122    C3336    (0)    3 :  0.030 0.016 0.074 0.029 0.040 0.714 0.038 0.045 0.013 
123    C3341   (18)    3 :  0.114 0.532 0.031 0.043 0.025 0.059 0.051 0.119 0.026 
124    C3409   (18)    3 :  0.151 0.049 0.098 0.045 0.054 0.440 0.043 0.082 0.037 
125    C3168    (9)    3 :  0.014 0.010 0.908 0.009 0.011 0.014 0.016 0.009 0.009 
126    C3170    (0)    3 :  0.016 0.011 0.867 0.012 0.016 0.034 0.023 0.014 0.007 
127    C3214   (18)    3 :  0.023 0.010 0.572 0.015 0.182 0.052 0.025 0.094 0.027 
128    C3227    (0)    3 :  0.012 0.009 0.892 0.009 0.028 0.013 0.014 0.014 0.010 
129    C3228    (0)    3 :  0.028 0.033 0.051 0.038 0.045 0.551 0.116 0.101 0.036 
130    C3279    (0)    3 :  0.078 0.010 0.726 0.036 0.043 0.044 0.016 0.027 0.020 
131    C3322    (0)    3 :  0.068 0.012 0.580 0.065 0.107 0.016 0.062 0.043 0.047 
132    C3303    (0)    3 :  0.025 0.030 0.706 0.055 0.052 0.080 0.015 0.025 0.013 
133    C3317    (0)    3 :  0.021 0.018 0.032 0.018 0.011 0.843 0.019 0.020 0.016 
134    C3355    (0)    3 :  0.015 0.016 0.488 0.013 0.010 0.401 0.029 0.015 0.011 
135    C3376    (9)    3 :  0.033 0.016 0.247 0.020 0.055 0.430 0.034 0.148 0.017 
136    C3401    (0)    3 :  0.028 0.017 0.066 0.030 0.022 0.735 0.046 0.027 0.028 
137    C3203    (9)    3 :  0.055 0.054 0.489 0.016 0.061 0.210 0.036 0.044 0.034 
138    C3245    (0)    3 :  0.019 0.009 0.886 0.013 0.016 0.016 0.010 0.015 0.017 
139    C3302    (0)    3 :  0.019 0.015 0.871 0.016 0.019 0.012 0.011 0.023 0.013 
140    C3307    (0)    3 :  0.051 0.088 0.341 0.022 0.009 0.033 0.067 0.332 0.059 
141    C3310    (0)    3 :  0.011 0.011 0.921 0.010 0.010 0.008 0.009 0.012 0.008 
142    C3312    (9)    3 :  0.064 0.018 0.378 0.036 0.018 0.254 0.149 0.045 0.036 
143    C3345    (0)    3 :  0.021 0.024 0.864 0.010 0.013 0.017 0.021 0.022 0.010 
144    C3371    (0)    3 :  0.024 0.044 0.846 0.014 0.009 0.016 0.009 0.029 0.010 
145    C3372    (0)    3 :  0.051 0.030 0.548 0.017 0.014 0.112 0.026 0.182 0.020 
146    C3380    (9)    3 :  0.008 0.006 0.922 0.006 0.008 0.013 0.017 0.012 0.008 
147    C3417    (0)    3 :  0.075 0.172 0.485 0.027 0.022 0.046 0.086 0.057 0.030 
148    C4569    (9)    4 :  0.079 0.064 0.015 0.095 0.057 0.041 0.143 0.467 0.038 
149    C4570    (9)    4 :  0.011 0.014 0.011 0.012 0.011 0.052 0.635 0.242 0.012 
150    C4571    (9)    4 :  0.015 0.016 0.026 0.013 0.019 0.271 0.431 0.184 0.024 
151    C4572    (9)    4 :  0.012 0.014 0.010 0.012 0.014 0.024 0.713 0.181 0.019 
152    C4573    (9)    4 :  0.072 0.025 0.011 0.050 0.055 0.111 0.061 0.243 0.373 
153    C4575    (9)    4 :  0.071 0.023 0.029 0.027 0.048 0.047 0.444 0.234 0.077 
154    C4577    (9)    4 :  0.018 0.011 0.015 0.015 0.011 0.022 0.690 0.211 0.007 
155    C4578    (9)    4 :  0.064 0.021 0.021 0.047 0.038 0.065 0.435 0.230 0.079 
156    C4600   (18)    4 :  0.112 0.022 0.022 0.146 0.036 0.045 0.452 0.140 0.026 
157    C4612    (9)    4 :  0.030 0.017 0.025 0.028 0.158 0.018 0.569 0.138 0.018 
158    C4621    (0)    4 :  0.011 0.006 0.045 0.009 0.016 0.037 0.811 0.047 0.018 
159    C4622    (9)    4 :  0.010 0.010 0.017 0.016 0.009 0.010 0.889 0.029 0.010 
160    C4623    (0)    4 :  0.064 0.121 0.089 0.022 0.029 0.076 0.095 0.469 0.034 
161    C4624    (0)    4 :  0.013 0.014 0.014 0.023 0.027 0.031 0.675 0.157 0.045 
162    C4625    (0)    4 :  0.089 0.014 0.013 0.047 0.041 0.136 0.163 0.058 0.438 
163    C4627    (0)    4 :  0.022 0.019 0.058 0.014 0.025 0.015 0.750 0.071 0.026 
164    C4631    (0)    4 :  0.021 0.223 0.015 0.023 0.013 0.012 0.530 0.143 0.019 
165    C4632    (0)    4 :  0.012 0.014 0.030 0.020 0.012 0.031 0.665 0.198 0.019 
166    C3939    (0)    4 :  0.018 0.013 0.075 0.017 0.026 0.020 0.767 0.056 0.008 
167    C3940    (0)    4 :  0.047 0.022 0.041 0.044 0.039 0.016 0.515 0.268 0.008 
168    C3945    (0)    4 :  0.010 0.008 0.021 0.013 0.007 0.018 0.843 0.074 0.006 
169    C4520    (0)    4 :  0.075 0.042 0.057 0.074 0.411 0.082 0.069 0.169 0.020 
170    C4522    (0)    4 :  0.015 0.011 0.171 0.010 0.013 0.033 0.706 0.032 0.009 
171    C3182    (0)    4 :  0.023 0.027 0.679 0.019 0.016 0.127 0.077 0.019 0.014 
172    C3189    (0)    4 :  0.112 0.021 0.097 0.046 0.035 0.435 0.034 0.095 0.126 
173    C3191    (9)    4 :  0.031 0.024 0.275 0.019 0.018 0.399 0.023 0.153 0.058 
174    C3196    (0)    4 :  0.025 0.014 0.799 0.019 0.022 0.057 0.022 0.020 0.022 
175    C3208    (0)    4 :  0.024 0.044 0.547 0.030 0.048 0.027 0.196 0.043 0.041 
176    C3211    (0)    4 :  0.013 0.011 0.880 0.014 0.017 0.019 0.026 0.010 0.009 
177    C3212    (0)    4 :  0.152 0.082 0.104 0.046 0.171 0.054 0.083 0.300 0.009 
178    C3213    (0)    4 :  0.041 0.023 0.816 0.026 0.024 0.031 0.014 0.015 0.010 
179    C3215    (0)    4 :  0.016 0.011 0.789 0.025 0.063 0.011 0.024 0.026 0.034 
180    C3217    (0)    4 :  0.043 0.034 0.483 0.023 0.021 0.316 0.033 0.035 0.013 
181    C3225    (9)    4 :  0.051 0.018 0.195 0.049 0.079 0.457 0.032 0.092 0.027 
182    C3226    (0)    4 :  0.014 0.014 0.467 0.011 0.010 0.213 0.234 0.026 0.011 
183    C3238    (9)    4 :  0.016 0.012 0.728 0.014 0.022 0.041 0.108 0.039 0.019 
184    C3239    (0)    4 :  0.038 0.025 0.161 0.017 0.023 0.344 0.134 0.239 0.017 
185    C3269   (18)    4 :  0.054 0.020 0.043 0.030 0.085 0.354 0.131 0.160 0.124 
186    C3273    (0)    4 :  0.035 0.008 0.333 0.015 0.022 0.464 0.047 0.027 0.049 
187    C3274    (0)    4 :  0.083 0.012 0.547 0.117 0.058 0.021 0.021 0.122 0.019 
188    C3354    (0)    4 :  0.040 0.010 0.793 0.016 0.016 0.054 0.016 0.038 0.017 
189    C3361    (0)    4 :  0.014 0.009 0.857 0.015 0.014 0.031 0.021 0.026 0.013 
190    C3289    (0)    4 :  0.016 0.009 0.881 0.013 0.015 0.011 0.019 0.018 0.016 
191    C3169    (0)    4 :  0.016 0.010 0.303 0.009 0.021 0.396 0.208 0.021 0.015 
192    C3199    (9)    4 :  0.017 0.017 0.650 0.014 0.023 0.067 0.127 0.043 0.041 
193    C3224    (0)    4 :  0.014 0.012 0.683 0.016 0.030 0.181 0.028 0.020 0.016 
194    C3261   (18)    4 :  0.027 0.012 0.761 0.013 0.010 0.076 0.062 0.030 0.009 
195    C3320    (0)    4 :  0.040 0.012 0.714 0.030 0.025 0.061 0.040 0.044 0.034 
196    C4151    (0)    5 :  0.009 0.008 0.013 0.007 0.006 0.018 0.721 0.208 0.010 
197    C4152    (0)    5 :  0.013 0.012 0.011 0.010 0.011 0.110 0.591 0.229 0.014 
198    C4153    (0)    5 :  0.029 0.012 0.354 0.025 0.042 0.077 0.298 0.134 0.028 
199    C4154   (18)    5 :  0.028 0.018 0.082 0.026 0.018 0.053 0.726 0.042 0.008 
200    C4157    (0)    5 :  0.025 0.013 0.022 0.073 0.016 0.531 0.129 0.176 0.016 
201    C4158    (0)    5 :  0.010 0.007 0.019 0.010 0.007 0.021 0.662 0.251 0.013 
202    C4163    (0)    5 :  0.008 0.007 0.016 0.007 0.006 0.018 0.774 0.157 0.008 
203    C4165    (0)    5 :  0.143 0.030 0.043 0.061 0.012 0.019 0.219 0.454 0.019 
204    C4248    (9)    5 :  0.038 0.013 0.175 0.030 0.018 0.498 0.186 0.017 0.026 
205    C4254    (0)    5 :  0.023 0.017 0.347 0.035 0.033 0.391 0.089 0.055 0.010 
206    C4371    (9)    5 :  0.022 0.031 0.020 0.016 0.012 0.781 0.049 0.055 0.014 
207    C3936    (0)    5 :  0.016 0.015 0.018 0.017 0.014 0.018 0.858 0.032 0.013 
208    C3937    (0)    5 :  0.008 0.010 0.026 0.009 0.008 0.016 0.765 0.147 0.010 
209    C3944    (0)    5 :  0.008 0.011 0.054 0.009 0.008 0.098 0.773 0.032 0.007 
210    C3954    (0)    5 :  0.012 0.007 0.036 0.010 0.018 0.542 0.318 0.026 0.031 
211    C3955    (9)    5 :  0.028 0.008 0.196 0.017 0.027 0.150 0.524 0.024 0.026 
212    C3961    (0)    5 :  0.017 0.048 0.060 0.015 0.023 0.037 0.636 0.154 0.010 
213    C3974    (0)    5 :  0.017 0.015 0.018 0.018 0.023 0.017 0.687 0.192 0.013 
214    C4024    (0)    5 :  0.025 0.069 0.029 0.024 0.028 0.359 0.414 0.040 0.011 
215    C4025    (0)    5 :  0.019 0.042 0.013 0.012 0.014 0.046 0.727 0.110 0.018 
216    C4028    (0)    5 :  0.039 0.032 0.037 0.032 0.046 0.054 0.536 0.169 0.056 
217    C4032   (18)    5 :  0.013 0.008 0.025 0.009 0.012 0.640 0.263 0.018 0.012 
218    C4033   (18)    5 :  0.016 0.011 0.590 0.013 0.012 0.278 0.037 0.028 0.015 
219    C4034    (0)    5 :  0.051 0.055 0.371 0.087 0.060 0.221 0.039 0.090 0.025 
220    C4041    (9)    5 :  0.059 0.050 0.059 0.048 0.081 0.423 0.026 0.242 0.012 
221    C4042   (18)    5 :  0.067 0.057 0.220 0.092 0.018 0.277 0.101 0.150 0.019 
222    C4043    (9)    5 :  0.027 0.020 0.088 0.020 0.017 0.506 0.239 0.059 0.025 
223    C4044    (9)    5 :  0.080 0.375 0.075 0.066 0.060 0.076 0.142 0.077 0.050 
224    C4045    (9)    5 :  0.033 0.013 0.260 0.028 0.019 0.351 0.126 0.127 0.043 
225    C4046    (9)    5 :  0.013 0.029 0.143 0.022 0.015 0.678 0.027 0.040 0.032 
226    C4047    (0)    5 :  0.024 0.018 0.775 0.040 0.029 0.032 0.025 0.024 0.033 
227    C4048    (9)    5 :  0.039 0.040 0.629 0.038 0.028 0.124 0.020 0.047 0.035 
228    C4055    (9)    5 :  0.029 0.019 0.038 0.031 0.029 0.578 0.152 0.085 0.041 
229    C4057   (18)    5 :  0.022 0.032 0.033 0.017 0.015 0.600 0.242 0.029 0.010 
230    C4059    (0)    5 :  0.020 0.010 0.197 0.014 0.024 0.635 0.049 0.027 0.023 
231    C4060    (9)    5 :  0.020 0.015 0.050 0.017 0.024 0.268 0.297 0.291 0.018 
232    C4064    (9)    5 :  0.042 0.017 0.028 0.103 0.025 0.435 0.045 0.108 0.197 
233    C4067    (0)    5 :  0.037 0.032 0.733 0.020 0.019 0.026 0.019 0.044 0.070 
234    C4068    (9)    5 :  0.028 0.021 0.755 0.021 0.024 0.042 0.043 0.036 0.029 
235    C4070    (9)    5 :  0.055 0.096 0.440 0.040 0.021 0.178 0.095 0.053 0.021 
236    C4075   (18)    5 :  0.025 0.022 0.795 0.017 0.023 0.049 0.030 0.025 0.014 
237    C4081    (9)    5 :  0.026 0.019 0.100 0.034 0.023 0.582 0.029 0.166 0.021 
238    C4082    (0)    5 :  0.028 0.019 0.559 0.023 0.042 0.071 0.183 0.045 0.031 
239    C4083    (0)    5 :  0.195 0.159 0.041 0.117 0.030 0.135 0.091 0.173 0.058 
240    C4086    (0)    5 :  0.041 0.011 0.131 0.026 0.024 0.386 0.049 0.156 0.176 
241    C4088    (9)    5 :  0.023 0.009 0.025 0.023 0.023 0.034 0.022 0.056 0.784 
242    C4092    (0)    5 :  0.047 0.061 0.043 0.021 0.018 0.571 0.167 0.061 0.010 
243    C4099    (9)    5 :  0.036 0.053 0.152 0.032 0.086 0.254 0.083 0.288 0.016 
244    C4104    (0)    5 :  0.026 0.043 0.144 0.021 0.014 0.047 0.643 0.042 0.020 
245    C4108   (18)    5 :  0.084 0.029 0.022 0.270 0.461 0.012 0.009 0.035 0.078 
246    C4118    (0)    5 :  0.111 0.013 0.014 0.070 0.049 0.433 0.019 0.257 0.034 
247    C4131    (0)    5 :  0.041 0.021 0.089 0.035 0.021 0.231 0.319 0.150 0.094 
248    C4133    (0)    5 :  0.018 0.008 0.038 0.011 0.014 0.823 0.059 0.018 0.011 
249    C4135    (0)    5 :  0.013 0.007 0.033 0.008 0.005 0.223 0.691 0.013 0.006 
250    C4136    (0)    5 :  0.024 0.022 0.022 0.052 0.045 0.018 0.457 0.279 0.080 
251    C4137    (9)    5 :  0.036 0.017 0.029 0.035 0.016 0.469 0.308 0.065 0.026 
252    C4139    (0)    5 :  0.017 0.010 0.029 0.015 0.014 0.042 0.831 0.034 0.008 
253    C4140    (9)    5 :  0.020 0.014 0.033 0.024 0.012 0.130 0.728 0.031 0.009 
254    C4167    (0)    5 :  0.025 0.046 0.017 0.052 0.014 0.144 0.345 0.319 0.038 
255    C4236    (0)    5 :  0.041 0.034 0.051 0.067 0.024 0.627 0.023 0.109 0.024 
256    C4237    (0)    5 :  0.050 0.018 0.013 0.040 0.069 0.052 0.038 0.136 0.586 
257    C4238    (0)    5 :  0.026 0.013 0.278 0.022 0.027 0.271 0.189 0.117 0.058 
258    C4241    (0)    5 :  0.037 0.019 0.343 0.029 0.025 0.374 0.057 0.099 0.017 
259    C4247    (9)    5 :  0.095 0.088 0.046 0.027 0.040 0.361 0.104 0.037 0.203 
260    C4257    (0)    5 :  0.019 0.020 0.669 0.017 0.046 0.108 0.040 0.053 0.028 
261    C4383    (0)    5 :  0.038 0.227 0.034 0.074 0.061 0.229 0.214 0.070 0.053 
262    C4397    (9)    5 :  0.009 0.008 0.011 0.015 0.009 0.861 0.057 0.020 0.009 
263    C4514    (0)    5 :  0.016 0.020 0.023 0.015 0.015 0.108 0.762 0.027 0.014 
264    C4519    (0)    5 :  0.025 0.013 0.163 0.017 0.114 0.028 0.490 0.143 0.007 
265    C4527    (0)    5 :  0.015 0.019 0.621 0.015 0.013 0.035 0.244 0.025 0.013 
266    C4534    (0)    5 :  0.051 0.059 0.555 0.034 0.056 0.053 0.090 0.086 0.015 
267    C4699    (0)    5 :  0.023 0.038 0.095 0.031 0.018 0.027 0.562 0.131 0.075 
268    C1541    (9)    5 :  0.012 0.010 0.739 0.014 0.010 0.125 0.036 0.043 0.012 
269    C1542    (9)    5 :  0.012 0.009 0.829 0.015 0.014 0.058 0.016 0.033 0.014 
270    C1544    (0)    5 :  0.025 0.013 0.227 0.036 0.033 0.537 0.037 0.039 0.052 
271    C1547    (9)    5 :  0.089 0.168 0.071 0.115 0.241 0.110 0.037 0.091 0.078 
272    C1553    (9)    5 :  0.149 0.099 0.049 0.116 0.129 0.055 0.175 0.180 0.047 
273    C1555    (9)    5 :  0.018 0.011 0.020 0.024 0.024 0.848 0.015 0.020 0.019 
274    C1557    (0)    5 :  0.013 0.018 0.022 0.018 0.014 0.857 0.021 0.018 0.019 
275    C1560    (0)    5 :  0.017 0.012 0.027 0.014 0.041 0.850 0.015 0.014 0.009 
276    C1565    (0)    5 :  0.052 0.055 0.507 0.059 0.020 0.179 0.046 0.069 0.013 
277    C1567    (0)    5 :  0.021 0.027 0.051 0.034 0.072 0.685 0.032 0.049 0.029 
278    C1569    (0)    5 :  0.017 0.025 0.123 0.021 0.018 0.673 0.068 0.039 0.017 
279    C1571    (0)    5 :  0.046 0.035 0.383 0.033 0.118 0.253 0.033 0.028 0.069 
280    C1576    (0)    5 :  0.025 0.019 0.057 0.020 0.031 0.332 0.112 0.350 0.054 
281    C1577    (9)    5 :  0.026 0.014 0.666 0.028 0.033 0.132 0.031 0.031 0.038 
282    C1579    (0)    5 :  0.036 0.013 0.268 0.029 0.017 0.558 0.026 0.035 0.018 
283    C3990    (0)    6 :  0.008 0.008 0.021 0.007 0.007 0.020 0.901 0.020 0.008 
284    C3991    (0)    6 :  0.032 0.040 0.030 0.017 0.022 0.025 0.605 0.187 0.042 
285    C3992    (0)    6 :  0.025 0.015 0.032 0.020 0.044 0.021 0.629 0.177 0.037 
286    C3994    (0)    6 :  0.075 0.080 0.142 0.019 0.024 0.152 0.219 0.258 0.031 
287    C4172    (0)    6 :  0.037 0.042 0.015 0.035 0.037 0.008 0.417 0.367 0.043 
288    C4173    (9)    6 :  0.023 0.416 0.043 0.016 0.014 0.017 0.409 0.051 0.011 
289    C4232    (9)    6 :  0.009 0.008 0.806 0.008 0.011 0.102 0.027 0.022 0.008 
290    C4234    (9)    6 :  0.014 0.008 0.522 0.011 0.011 0.372 0.020 0.031 0.011 
291    C4259    (0)    6 :  0.012 0.011 0.206 0.011 0.008 0.633 0.030 0.077 0.011 
292    C4260    (0)    6 :  0.012 0.008 0.826 0.008 0.010 0.021 0.092 0.015 0.008 
293    C4261    (9)    6 :  0.025 0.044 0.567 0.072 0.035 0.015 0.030 0.192 0.019 
294    C4262    (0)    6 :  0.023 0.078 0.067 0.035 0.027 0.465 0.199 0.093 0.011 
295    C4263    (0)    6 :  0.019 0.025 0.115 0.025 0.016 0.682 0.029 0.017 0.072 
296    C4267    (9)    6 :  0.023 0.015 0.196 0.021 0.016 0.354 0.246 0.084 0.046 
297    C4269    (0)    6 :  0.020 0.034 0.172 0.029 0.013 0.206 0.213 0.295 0.018 
298    C4272    (0)    6 :  0.023 0.014 0.021 0.016 0.013 0.818 0.019 0.068 0.008 
299    C4274    (0)    6 :  0.035 0.008 0.092 0.033 0.237 0.196 0.047 0.340 0.011 
300    C4276    (9)    6 :  0.064 0.019 0.036 0.019 0.693 0.023 0.010 0.104 0.032 
301    C4278    (0)    6 :  0.085 0.023 0.052 0.032 0.038 0.431 0.228 0.093 0.018 
302    C4280    (0)    6 :  0.047 0.017 0.446 0.037 0.027 0.111 0.189 0.113 0.013 
303    C4281    (0)    6 :  0.016 0.016 0.103 0.019 0.015 0.624 0.036 0.152 0.020 
304    C4282    (0)    6 :  0.138 0.178 0.268 0.156 0.036 0.099 0.020 0.047 0.058 
305    C4284    (9)    6 :  0.009 0.009 0.049 0.009 0.008 0.558 0.314 0.033 0.009 
306    C4286    (9)    6 :  0.049 0.024 0.377 0.032 0.072 0.093 0.150 0.179 0.024 
307    C4287    (0)    6 :  0.063 0.057 0.365 0.051 0.045 0.135 0.130 0.143 0.011 
308    C4290    (0)    6 :  0.053 0.060 0.015 0.078 0.356 0.101 0.037 0.160 0.138 
309    C4307   (18)    6 :  0.187 0.020 0.320 0.030 0.022 0.200 0.176 0.033 0.012 
310    C4310    (9)    6 :  0.024 0.011 0.166 0.019 0.058 0.397 0.234 0.031 0.058 
311    C4311   (18)    6 :  0.046 0.021 0.523 0.029 0.056 0.136 0.130 0.038 0.021 
312    C4312    (0)    6 :  0.018 0.012 0.291 0.015 0.015 0.377 0.245 0.012 0.015 
313    C4314    (0)    6 :  0.038 0.013 0.121 0.039 0.027 0.503 0.026 0.080 0.154 
314    C4318    (9)    6 :  0.074 0.026 0.037 0.022 0.015 0.740 0.052 0.025 0.010 
315    C4321    (9)    6 :  0.042 0.050 0.300 0.025 0.070 0.207 0.206 0.088 0.012 
316    C4324    (0)    6 :  0.040 0.050 0.099 0.023 0.033 0.512 0.162 0.070 0.011 
317    C4334    (0)    6 :  0.023 0.037 0.017 0.012 0.018 0.588 0.282 0.014 0.009 
318    C4529    (0)    6 :  0.053 0.033 0.417 0.030 0.030 0.288 0.054 0.064 0.032 
319    C1582    (9)    6 :  0.014 0.013 0.107 0.017 0.018 0.427 0.322 0.066 0.016 
320    C1583    (0)    6 :  0.039 0.018 0.150 0.021 0.027 0.559 0.086 0.026 0.074 
321    C1584    (9)    6 :  0.017 0.009 0.031 0.015 0.034 0.703 0.152 0.016 0.022 
322    C1585    (0)    6 :  0.009 0.007 0.016 0.007 0.012 0.651 0.277 0.010 0.012 
323    C1586    (0)    6 :  0.026 0.058 0.028 0.022 0.013 0.625 0.187 0.015 0.027 
324    C1589    (0)    6 :  0.012 0.011 0.045 0.010 0.012 0.526 0.347 0.026 0.011 
325    C1591    (0)    6 :  0.011 0.010 0.036 0.008 0.012 0.683 0.209 0.021 0.011 
326    C1592    (0)    6 :  0.025 0.029 0.038 0.025 0.019 0.671 0.124 0.046 0.022 
327    C1594    (0)    6 :  0.017 0.015 0.093 0.022 0.022 0.509 0.217 0.034 0.072 
328    C1597    (9)    6 :  0.029 0.025 0.541 0.047 0.065 0.106 0.106 0.055 0.027 
329    C1598    (9)    6 :  0.025 0.016 0.065 0.018 0.021 0.437 0.342 0.037 0.038 
330    C1599    (0)    6 :  0.024 0.010 0.230 0.016 0.026 0.638 0.031 0.016 0.009 
331    C1601    (0)    6 :  0.043 0.024 0.182 0.071 0.027 0.127 0.400 0.045 0.081 
332    C1605    (0)    6 :  0.334 0.032 0.068 0.032 0.068 0.058 0.072 0.273 0.062 
333    C1609    (0)    6 :  0.010 0.008 0.020 0.008 0.010 0.651 0.271 0.013 0.010 
334    C1610    (0)    6 :  0.088 0.013 0.346 0.113 0.092 0.212 0.027 0.033 0.078 
335    C1611    (0)    6 :  0.030 0.030 0.819 0.016 0.013 0.053 0.010 0.018 0.011 
336    C1612    (0)    6 :  0.010 0.007 0.858 0.007 0.008 0.084 0.010 0.008 0.009 
337    C1613    (0)    6 :  0.021 0.043 0.591 0.024 0.036 0.151 0.032 0.055 0.046 
338    C3173    (9)    6 :  0.068 0.035 0.228 0.069 0.036 0.395 0.063 0.068 0.039 
339    C3204    (0)    6 :  0.019 0.013 0.825 0.014 0.017 0.046 0.032 0.016 0.017 
340    C3223    (9)    6 :  0.295 0.051 0.446 0.033 0.094 0.020 0.018 0.028 0.014 
341    C3262    (0)    6 :  0.080 0.026 0.198 0.024 0.056 0.380 0.097 0.037 0.103 
342    C3270    (0)    6 :  0.026 0.014 0.378 0.026 0.019 0.203 0.268 0.052 0.014 
343    C3300    (0)    6 :  0.014 0.009 0.139 0.009 0.010 0.277 0.507 0.028 0.008 
344    C3330    (0)    6 :  0.072 0.017 0.150 0.034 0.022 0.334 0.279 0.079 0.013 
345    C3390    (9)    6 :  0.031 0.021 0.354 0.021 0.015 0.293 0.202 0.045 0.018 
346    C3424    (9)    6 :  0.046 0.015 0.545 0.038 0.026 0.221 0.043 0.052 0.015 
347    C3958    (0)    6 :  0.013 0.015 0.019 0.014 0.008 0.055 0.807 0.061 0.007 
348    C3962    (0)    6 :  0.019 0.008 0.015 0.028 0.011 0.024 0.834 0.055 0.006 
349    C4019    (0)    6 :  0.109 0.037 0.009 0.490 0.053 0.014 0.068 0.199 0.021 
350    C3995   (18)    6 :  0.020 0.038 0.036 0.021 0.013 0.019 0.687 0.147 0.019 
351    C4000    (0)    6 :  0.041 0.067 0.106 0.096 0.027 0.027 0.477 0.143 0.016 
352    C4002    (0)    6 :  0.016 0.023 0.077 0.024 0.013 0.037 0.656 0.141 0.015 
353    C1692    (0)    7 :  0.325 0.024 0.024 0.117 0.060 0.017 0.078 0.324 0.032 
354    C1693    (0)    7 :  0.483 0.082 0.129 0.038 0.093 0.054 0.029 0.079 0.013 
355    C1694    (0)    7 :  0.181 0.245 0.056 0.104 0.100 0.103 0.017 0.108 0.087 
356    C1698    (0)    7 :  0.357 0.121 0.009 0.207 0.132 0.040 0.009 0.054 0.072 
357    C1699    (0)    7 :  0.287 0.049 0.026 0.076 0.078 0.021 0.018 0.099 0.347 
358    C1700    (0)    7 :  0.087 0.145 0.032 0.326 0.049 0.047 0.056 0.217 0.042 
359    C1701    (0)    7 :  0.205 0.019 0.012 0.251 0.035 0.030 0.012 0.056 0.380 
360    C1702    (0)    7 :  0.514 0.053 0.011 0.141 0.073 0.012 0.013 0.101 0.082 
361    C1703    (0)    7 :  0.096 0.216 0.008 0.395 0.133 0.017 0.018 0.068 0.049 
362    C1704    (0)    7 :  0.114 0.156 0.022 0.099 0.074 0.327 0.031 0.153 0.024 
363    C1705    (0)    7 :  0.061 0.427 0.009 0.040 0.133 0.015 0.114 0.184 0.017 
364    C1706    (0)    7 :  0.340 0.038 0.019 0.114 0.085 0.015 0.010 0.036 0.343 
365    C1707    (0)    7 :  0.079 0.032 0.079 0.034 0.196 0.338 0.015 0.121 0.106 
366    C1708    (0)    7 :  0.296 0.456 0.012 0.107 0.030 0.024 0.016 0.034 0.024 
367    C1709    (0)    7 :  0.071 0.644 0.022 0.070 0.022 0.017 0.054 0.075 0.024 
368    C1710    (0)    7 :  0.305 0.067 0.018 0.349 0.054 0.046 0.021 0.052 0.089 
369    C1712    (0)    7 :  0.086 0.451 0.011 0.310 0.041 0.009 0.023 0.056 0.012 
370    C1714    (0)    7 :  0.123 0.724 0.010 0.035 0.022 0.026 0.013 0.026 0.020 
371    C1715    (0)    7 :  0.278 0.018 0.018 0.155 0.301 0.025 0.015 0.101 0.088 
372    C1717    (0)    7 :  0.276 0.044 0.051 0.128 0.352 0.048 0.016 0.062 0.025 
373    C1718   (18)    7 :  0.156 0.028 0.014 0.423 0.129 0.074 0.014 0.125 0.037 
374    C1719    (0)    7 :  0.033 0.592 0.059 0.077 0.022 0.043 0.074 0.084 0.016 
375    C1656    (0)    8 :  0.180 0.063 0.012 0.155 0.033 0.008 0.035 0.126 0.388 
376    C1657   (18)    8 :  0.128 0.431 0.032 0.097 0.077 0.013 0.020 0.048 0.154 
377    C1658    (0)    8 :  0.239 0.035 0.007 0.353 0.211 0.010 0.010 0.052 0.083 
378    C1659    (0)    8 :  0.202 0.018 0.059 0.061 0.368 0.024 0.023 0.131 0.114 
379    C1661    (9)    8 :  0.279 0.055 0.032 0.316 0.115 0.083 0.027 0.036 0.057 
380    C1665    (0)    8 :  0.227 0.031 0.034 0.307 0.084 0.017 0.015 0.067 0.219 
381    C1667    (9)    8 :  0.061 0.813 0.008 0.059 0.016 0.007 0.005 0.014 0.016 
382    C1676    (9)    8 :  0.186 0.130 0.014 0.378 0.024 0.015 0.022 0.113 0.117 
383    C1681    (9)    8 :  0.163 0.083 0.014 0.150 0.156 0.052 0.015 0.100 0.266 
384    C1682    (0)    8 :  0.130 0.468 0.015 0.169 0.056 0.015 0.016 0.062 0.069 
385    C1685    (0)    8 :  0.294 0.035 0.044 0.385 0.017 0.012 0.030 0.125 0.057 
386    C4707    (0)    9 :  0.098 0.026 0.020 0.434 0.018 0.029 0.044 0.307 0.023 
387    C4747    (0)    9 :  0.210 0.349 0.125 0.042 0.066 0.039 0.085 0.067 0.016 
388    C4772    (0)    9 :  0.037 0.024 0.053 0.157 0.040 0.029 0.319 0.284 0.057 
389    C4781    (0)    9 :  0.063 0.517 0.008 0.024 0.023 0.051 0.029 0.274 0.011 
390    C4782    (0)    9 :  0.119 0.088 0.022 0.252 0.107 0.081 0.061 0.231 0.040 
391    C4787    (0)    9 :  0.190 0.047 0.013 0.051 0.481 0.026 0.104 0.060 0.028 
392    C4790    (0)    9 :  0.083 0.518 0.013 0.149 0.026 0.022 0.065 0.093 0.031 
393    C4803    (0)    9 :  0.156 0.057 0.051 0.191 0.207 0.021 0.080 0.210 0.027 
394    C4813    (0)    9 :  0.063 0.024 0.025 0.045 0.036 0.008 0.512 0.246 0.040 
395    C4837    (0)    9 :  0.115 0.023 0.039 0.236 0.047 0.017 0.075 0.430 0.017 
396    C4838    (0)    9 :  0.141 0.046 0.011 0.106 0.409 0.015 0.089 0.138 0.045 
397    C4843    (0)    9 :  0.329 0.021 0.037 0.262 0.018 0.011 0.033 0.243 0.045 
398    C4857    (0)    9 :  0.025 0.016 0.030 0.023 0.029 0.058 0.659 0.132 0.028 
399    C4828    (0)    9 :  0.168 0.048 0.168 0.068 0.076 0.035 0.025 0.312 0.100 
400    C4835    (0)    9 :  0.059 0.018 0.014 0.026 0.080 0.018 0.427 0.295 0.062 
401    C4836    (9)    9 :  0.131 0.089 0.021 0.125 0.139 0.038 0.146 0.279 0.031 
402    C4842    (0)    9 :  0.289 0.054 0.018 0.198 0.034 0.009 0.033 0.220 0.145 
403    C4863    (9)    9 :  0.249 0.133 0.016 0.076 0.217 0.043 0.032 0.217 0.019 
404    C4744    (0)    9 :  0.246 0.221 0.043 0.198 0.077 0.010 0.020 0.112 0.073 
405    C4745    (0)    9 :  0.307 0.026 0.014 0.118 0.114 0.027 0.088 0.171 0.135 
406    C4768    (0)    9 :  0.050 0.229 0.029 0.291 0.029 0.068 0.134 0.109 0.061 
407    C4769    (0)    9 :  0.075 0.071 0.014 0.104 0.136 0.010 0.111 0.185 0.295 
408    C4771    (0)    9 :  0.049 0.043 0.010 0.589 0.079 0.011 0.012 0.179 0.028 
409    C4784    (0)    9 :  0.096 0.348 0.013 0.051 0.033 0.031 0.156 0.233 0.037 
410    C4785    (0)    9 :  0.076 0.704 0.018 0.025 0.020 0.031 0.028 0.059 0.038 
411    C4795    (0)    9 :  0.113 0.504 0.024 0.019 0.037 0.057 0.064 0.159 0.023 
412    C4796    (0)    9 :  0.050 0.084 0.011 0.657 0.075 0.016 0.012 0.067 0.028 
413    C4800    (0)    9 :  0.172 0.014 0.008 0.077 0.184 0.013 0.213 0.301 0.018 
414    C4801    (0)    9 :  0.066 0.043 0.008 0.044 0.053 0.063 0.357 0.184 0.182 
415    C4802    (0)    9 :  0.067 0.018 0.024 0.056 0.044 0.495 0.034 0.150 0.113 
416    C4805    (0)    9 :  0.040 0.082 0.009 0.495 0.043 0.017 0.054 0.171 0.090 
417    C4806    (0)    9 :  0.044 0.013 0.008 0.537 0.103 0.012 0.039 0.161 0.083 
418    C4850    (0)    9 :  0.192 0.025 0.078 0.187 0.050 0.034 0.121 0.268 0.044 
419    C4748    (0)   10 :  0.103 0.086 0.010 0.025 0.055 0.009 0.106 0.188 0.418 
420    C4753    (0)   10 :  0.266 0.070 0.013 0.328 0.081 0.032 0.034 0.113 0.063 
421    C4754    (0)   10 :  0.056 0.043 0.011 0.382 0.027 0.028 0.085 0.335 0.033 
422    C4760    (0)   10 :  0.126 0.017 0.052 0.143 0.147 0.053 0.182 0.266 0.015 
