

----------------------------------------------------
STRUCTURE by Pritchard, Stephens and Donnelly (2000)
     and Falush, Stephens and Pritchard (2003)
       Code by Pritchard, Falush and Hubisz
             Version 2.3.4 (Jul 2012)
----------------------------------------------------



Command line arguments:   bin\structure -m G:\My Drive\Hoban_Lab_Docs\Projects\Butternut_JUCI\Graphical_Stat_Results\PostIndRemoval\24pop\Reorg_Results\STR\butternut\50-50\mainparams -e G:\My Drive\Hoban_Lab_Docs\Projects\Butternut_JUCI\Graphical_Stat_Results\PostIndRemoval\24pop\Reorg_Results\STR\butternut\50-50\extraparams 
Input File:    G:\My Drive\Hoban_Lab_Docs\Projects\Butternut_JUCI\Graphical_Stat_Results\PostIndRemoval\24pop\Reorg_Results\STR\butternut\project_data

Run parameters:
   993 individuals
   11 loci
   6 populations assumed
   50000 Burn-in period
   50000 Reps


--------------------------------------------
Proportion of membership of each pre-defined
 population in each of the 6 clusters

Given    Inferred Clusters                            Number of
 Pop       1      2      3      4      5      6      Individuals

  1:     0.062  0.056  0.056  0.057  0.494  0.274       40
  2:     0.038  0.063  0.061  0.062  0.332  0.445       45
  3:     0.041  0.049  0.069  0.063  0.525  0.252       62
  4:     0.065  0.050  0.046  0.070  0.392  0.377       48
  5:     0.068  0.053  0.053  0.050  0.374  0.403       87
  6:     0.038  0.051  0.050  0.069  0.462  0.330       70
  7:     0.130  0.250  0.301  0.215  0.064  0.039       22
  8:     0.206  0.332  0.234  0.178  0.027  0.024       11
  9:     0.111  0.308  0.200  0.168  0.046  0.166       33
 10:     0.189  0.291  0.123  0.198  0.048  0.151       48
 11:     0.109  0.271  0.185  0.135  0.044  0.255       48
 12:     0.157  0.266  0.187  0.289  0.062  0.038       90
 13:     0.065  0.142  0.566  0.169  0.035  0.022       63
 14:     0.153  0.261  0.156  0.290  0.094  0.046       16
 15:     0.201  0.141  0.101  0.346  0.104  0.107       31
 16:     0.792  0.079  0.038  0.030  0.020  0.041       16
 17:     0.066  0.166  0.456  0.142  0.140  0.031       24
 18:     0.177  0.406  0.118  0.179  0.086  0.033       12
 19:     0.200  0.251  0.232  0.227  0.051  0.039       54
 20:     0.337  0.211  0.084  0.255  0.059  0.055       96
 21:     0.379  0.139  0.195  0.202  0.055  0.031       22
 22:     0.599  0.099  0.035  0.084  0.062  0.121       23
 23:     0.411  0.250  0.070  0.206  0.041  0.022       13
 24:     0.130  0.266  0.229  0.257  0.076  0.041       19
--------------------------------------------

Allele-freq. divergence among pops (Net nucleotide distance),
computed using point estimates of P.

      1       2       3       4       5       6      
 1      -    0.0103  0.0181  0.0116  0.0317  0.0435  
 2   0.0103     -    0.0077  0.0063  0.0265  0.0315  
 3   0.0181  0.0077     -    0.0107  0.0290  0.0338  
 4   0.0116  0.0063  0.0107     -    0.0256  0.0380  
 5   0.0317  0.0265  0.0290  0.0256     -    0.0238  
 6   0.0435  0.0315  0.0338  0.0380  0.0238     -    

Average distances (expected heterozygosity) between individuals in same cluster:
cluster  1  : 0.8350 
cluster  2  : 0.8549 
cluster  3  : 0.8517 
cluster  4  : 0.8480 
cluster  5  : 0.8159 
cluster  6  : 0.8267 

--------------------------------------------
Estimated Ln Prob of Data   = -46998.0
Mean value of ln likelihood = -45409.5
Variance of ln likelihood   = 3177.1
Mean value of alpha         = 0.0633

Mean value of Fst_1         = 0.0306
Mean value of Fst_2         = 0.0142
Mean value of Fst_3         = 0.0250
Mean value of Fst_4         = 0.0192
Mean value of Fst_5         = 0.0530
Mean value of Fst_6         = 0.0675


Inferred ancestry of individuals:
        Label (%Miss) Pop:  Inferred clusters
  1    C3984    (0)    1 :  0.011 0.015 0.015 0.029 0.050 0.881 
  2    C3985    (0)    1 :  0.019 0.024 0.019 0.014 0.186 0.738 
  3    C3986    (0)    1 :  0.009 0.011 0.018 0.011 0.047 0.904 
  4    C4231    (0)    1 :  0.015 0.080 0.026 0.041 0.169 0.668 
  5    C4344    (0)    1 :  0.019 0.024 0.037 0.030 0.804 0.086 
  6    C4347   (18)    1 :  0.058 0.020 0.013 0.021 0.832 0.056 
  7    C4352   (18)    1 :  0.024 0.030 0.033 0.019 0.142 0.752 
  8    C4355    (9)    1 :  0.019 0.016 0.030 0.044 0.676 0.216 
  9    C4358   (18)    1 :  0.116 0.416 0.185 0.203 0.028 0.052 
 10    C4419    (9)    1 :  0.024 0.044 0.030 0.223 0.139 0.541 
 11    C4428    (9)    1 :  0.019 0.014 0.018 0.021 0.420 0.508 
 12    C4436    (0)    1 :  0.018 0.017 0.017 0.012 0.586 0.349 
 13    C4437   (18)    1 :  0.064 0.053 0.030 0.058 0.188 0.607 
 14    C4450    (0)    1 :  0.066 0.106 0.149 0.165 0.180 0.334 
 15    C4531    (0)    1 :  0.041 0.063 0.046 0.034 0.014 0.803 
 16    C1615    (0)    1 :  0.132 0.139 0.099 0.062 0.245 0.323 
 17    C1616    (0)    1 :  0.173 0.153 0.023 0.317 0.218 0.117 
 18    C1617    (9)    1 :  0.017 0.014 0.010 0.016 0.927 0.016 
 19    C1618    (0)    1 :  0.064 0.070 0.158 0.023 0.141 0.544 
 20    C1619    (0)    1 :  0.090 0.060 0.250 0.034 0.445 0.122 
 21    C1620    (9)    1 :  0.077 0.115 0.164 0.029 0.445 0.171 
 22    C1621    (0)    1 :  0.550 0.078 0.067 0.076 0.181 0.048 
 23    C1623    (9)    1 :  0.191 0.092 0.270 0.073 0.021 0.352 
 24    C1625    (0)    1 :  0.109 0.052 0.129 0.022 0.651 0.037 
 25    C1626    (0)    1 :  0.155 0.118 0.042 0.175 0.481 0.029 
 26    C1627    (9)    1 :  0.064 0.032 0.036 0.018 0.671 0.180 
 27    C1633    (0)    1 :  0.037 0.017 0.024 0.025 0.798 0.099 
 28    C1637    (0)    1 :  0.032 0.021 0.014 0.022 0.883 0.028 
 29    C1650    (0)    1 :  0.033 0.026 0.018 0.048 0.104 0.772 
 30    C3202    (0)    1 :  0.034 0.017 0.015 0.015 0.886 0.033 
 31    C3248    (0)    1 :  0.012 0.022 0.014 0.015 0.924 0.012 
 32    C3304    (9)    1 :  0.016 0.015 0.018 0.083 0.840 0.028 
 33    C3326    (0)    1 :  0.031 0.135 0.029 0.074 0.651 0.080 
 34    C3333    (0)    1 :  0.025 0.019 0.018 0.023 0.899 0.016 
 35    C3339   (18)    1 :  0.018 0.023 0.033 0.044 0.864 0.019 
 36    C3346    (0)    1 :  0.007 0.010 0.012 0.010 0.943 0.017 
 37    C3349    (0)    1 :  0.016 0.030 0.032 0.045 0.857 0.019 
 38    C3367   (18)    1 :  0.037 0.022 0.028 0.034 0.651 0.229 
 39    C3374    (0)    1 :  0.009 0.013 0.016 0.014 0.799 0.149 
 40    C3405    (0)    1 :  0.015 0.026 0.057 0.076 0.780 0.045 
 41    C4543    (0)    2 :  0.014 0.017 0.023 0.027 0.038 0.881 
 42    C4545    (9)    2 :  0.010 0.014 0.057 0.010 0.019 0.890 
 43    C4551    (9)    2 :  0.027 0.292 0.086 0.036 0.052 0.508 
 44    C4491    (0)    2 :  0.034 0.140 0.098 0.058 0.100 0.570 
 45    C4494    (0)    2 :  0.011 0.014 0.018 0.014 0.380 0.563 
 46    C4495    (0)    2 :  0.031 0.185 0.134 0.034 0.318 0.298 
 47    C4497    (9)    2 :  0.020 0.028 0.029 0.033 0.585 0.305 
 48    C4501    (0)    2 :  0.028 0.064 0.071 0.399 0.191 0.247 
 49    C4502    (0)    2 :  0.015 0.013 0.085 0.021 0.231 0.635 
 50    C4503    (0)    2 :  0.023 0.032 0.341 0.017 0.017 0.569 
 51    C4504    (0)    2 :  0.069 0.061 0.286 0.138 0.032 0.415 
 52    C4470    (0)    2 :  0.047 0.192 0.054 0.088 0.244 0.374 
 53    C4471    (0)    2 :  0.011 0.016 0.019 0.027 0.028 0.899 
 54    C4474    (9)    2 :  0.035 0.063 0.022 0.020 0.009 0.852 
 55    C4476    (0)    2 :  0.019 0.023 0.037 0.032 0.297 0.592 
 56    C4479    (0)    2 :  0.060 0.017 0.014 0.019 0.747 0.144 
 57    C4482    (0)    2 :  0.141 0.051 0.014 0.046 0.069 0.678 
 58    C4483    (0)    2 :  0.014 0.016 0.020 0.017 0.008 0.924 
 59    C4484    (0)    2 :  0.027 0.035 0.081 0.080 0.165 0.612 
 60    C4485    (0)    2 :  0.071 0.107 0.055 0.140 0.443 0.184 
 61    C4489    (0)    2 :  0.021 0.017 0.028 0.036 0.271 0.627 
 62    C4505    (0)    2 :  0.029 0.074 0.033 0.049 0.240 0.574 
 63    C4507    (0)    2 :  0.016 0.085 0.235 0.094 0.044 0.526 
 64    C4535    (0)    2 :  0.044 0.052 0.049 0.033 0.014 0.809 
 65    C4542    (0)    2 :  0.042 0.302 0.049 0.395 0.017 0.194 
 66    C4553    (9)    2 :  0.028 0.065 0.020 0.024 0.064 0.799 
 67    C4562   (18)    2 :  0.033 0.047 0.069 0.024 0.179 0.648 
 68    C4582   (18)    2 :  0.037 0.034 0.021 0.027 0.025 0.857 
 69    C4693    (0)    2 :  0.015 0.011 0.010 0.011 0.025 0.928 
 70    C4696    (0)    2 :  0.040 0.168 0.071 0.031 0.094 0.596 
 71    C3179    (0)    2 :  0.017 0.027 0.089 0.037 0.792 0.038 
 72    C3181    (0)    2 :  0.032 0.052 0.029 0.081 0.720 0.085 
 73    C3188    (0)    2 :  0.043 0.039 0.051 0.086 0.647 0.134 
 74    C3190    (0)    2 :  0.030 0.030 0.016 0.086 0.799 0.040 
 75    C3193    (0)    2 :  0.028 0.022 0.010 0.015 0.891 0.034 
 76    C3232    (0)    2 :  0.013 0.017 0.018 0.019 0.442 0.491 
 77    C3236    (0)    2 :  0.009 0.011 0.009 0.009 0.922 0.040 
 78    C3249    (0)    2 :  0.031 0.032 0.028 0.044 0.823 0.042 
 79    C3250    (0)    2 :  0.016 0.014 0.013 0.023 0.750 0.183 
 80    C3253    (0)    2 :  0.033 0.038 0.019 0.027 0.547 0.336 
 81    C3255    (0)    2 :  0.013 0.018 0.013 0.013 0.700 0.243 
 82    C3277    (0)    2 :  0.090 0.061 0.039 0.064 0.713 0.033 
 83    C3315    (0)    2 :  0.237 0.124 0.196 0.145 0.065 0.234 
 84    C3288    (0)    2 :  0.036 0.019 0.023 0.018 0.835 0.070 
 85    C3293    (0)    2 :  0.074 0.108 0.068 0.119 0.329 0.302 
 86    C4018    (0)    3 :  0.008 0.010 0.010 0.016 0.054 0.903 
 87    C3980    (0)    3 :  0.015 0.019 0.013 0.019 0.021 0.913 
 88    C3987    (0)    3 :  0.015 0.016 0.018 0.016 0.034 0.901 
 89    C3988    (0)    3 :  0.014 0.019 0.016 0.011 0.130 0.811 
 90    C3989    (0)    3 :  0.013 0.153 0.014 0.059 0.370 0.391 
 91    C4011    (0)    3 :  0.007 0.007 0.007 0.008 0.068 0.904 
 92    C4017    (0)    3 :  0.007 0.007 0.008 0.008 0.013 0.957 
 93    C4296    (0)    3 :  0.078 0.310 0.118 0.124 0.237 0.133 
 94    C4301    (9)    3 :  0.018 0.023 0.051 0.875 0.023 0.011 
 95    C4303    (0)    3 :  0.373 0.045 0.034 0.042 0.486 0.020 
 96    C4453    (0)    3 :  0.084 0.020 0.134 0.046 0.360 0.356 
 97    C4455    (9)    3 :  0.089 0.045 0.040 0.029 0.471 0.327 
 98    C4456   (18)    3 :  0.177 0.049 0.251 0.071 0.128 0.324 
 99    C4457    (9)    3 :  0.111 0.069 0.045 0.134 0.563 0.078 
100    C4459    (9)    3 :  0.024 0.026 0.013 0.020 0.326 0.590 
101    C4464   (18)    3 :  0.009 0.013 0.012 0.011 0.674 0.280 
102    C4467   (18)    3 :  0.010 0.011 0.012 0.011 0.663 0.292 
103    C4468    (9)    3 :  0.083 0.019 0.020 0.021 0.729 0.128 
104    C4783    (0)    3 :  0.018 0.051 0.018 0.015 0.045 0.852 
105    C4786    (0)    3 :  0.016 0.022 0.016 0.029 0.390 0.527 
106    C4789    (9)    3 :  0.019 0.021 0.012 0.089 0.337 0.522 
107    C4891    (0)    3 :  0.025 0.153 0.036 0.035 0.440 0.311 
108    C4896    (0)    3 :  0.103 0.093 0.044 0.124 0.099 0.539 
109    C4898    (0)    3 :  0.021 0.033 0.018 0.017 0.079 0.832 
110    C4901    (0)    3 :  0.021 0.028 0.014 0.028 0.509 0.400 
111    C4903    (9)    3 :  0.073 0.066 0.022 0.095 0.610 0.134 
112    C4904    (0)    3 :  0.010 0.042 0.013 0.026 0.061 0.848 
113    C3263    (0)    3 :  0.018 0.014 0.110 0.012 0.834 0.013 
114    C3271    (0)    3 :  0.011 0.015 0.018 0.023 0.894 0.039 
115    C3272    (0)    3 :  0.013 0.029 0.033 0.060 0.842 0.024 
116    C3276    (0)    3 :  0.036 0.044 0.069 0.341 0.490 0.019 
117    C3280    (9)    3 :  0.041 0.079 0.315 0.054 0.400 0.111 
118    C3305    (9)    3 :  0.015 0.027 0.032 0.043 0.822 0.060 
119    C3306    (0)    3 :  0.031 0.040 0.064 0.030 0.805 0.030 
120    C3324    (0)    3 :  0.019 0.115 0.484 0.043 0.297 0.041 
121    C3329    (0)    3 :  0.044 0.123 0.177 0.060 0.389 0.207 
122    C3336    (0)    3 :  0.019 0.036 0.027 0.053 0.823 0.041 
123    C3341   (18)    3 :  0.037 0.064 0.746 0.037 0.062 0.053 
124    C3409   (18)    3 :  0.055 0.095 0.063 0.140 0.599 0.048 
125    C3168    (9)    3 :  0.013 0.016 0.022 0.020 0.898 0.032 
126    C3170    (0)    3 :  0.011 0.016 0.017 0.030 0.893 0.034 
127    C3214   (18)    3 :  0.028 0.013 0.012 0.185 0.739 0.022 
128    C3227    (0)    3 :  0.024 0.015 0.020 0.043 0.873 0.026 
129    C3228    (0)    3 :  0.053 0.068 0.049 0.057 0.486 0.286 
130    C3279    (0)    3 :  0.025 0.103 0.021 0.079 0.745 0.028 
131    C3322    (0)    3 :  0.160 0.278 0.021 0.183 0.253 0.105 
132    C3303    (0)    3 :  0.018 0.036 0.031 0.053 0.848 0.013 
133    C3317    (0)    3 :  0.018 0.021 0.025 0.017 0.884 0.035 
134    C3355    (0)    3 :  0.010 0.012 0.013 0.010 0.931 0.024 
135    C3376    (9)    3 :  0.024 0.021 0.017 0.053 0.838 0.046 
136    C3401    (0)    3 :  0.031 0.034 0.035 0.037 0.812 0.050 
137    C3203    (9)    3 :  0.042 0.019 0.050 0.067 0.781 0.041 
138    C3245    (0)    3 :  0.026 0.021 0.013 0.022 0.908 0.011 
139    C3302    (0)    3 :  0.027 0.039 0.030 0.030 0.851 0.024 
140    C3307    (0)    3 :  0.105 0.048 0.279 0.017 0.363 0.188 
141    C3310    (0)    3 :  0.014 0.021 0.022 0.017 0.911 0.015 
142    C3312    (9)    3 :  0.046 0.076 0.029 0.026 0.629 0.193 
143    C3345    (0)    3 :  0.015 0.015 0.041 0.016 0.882 0.032 
144    C3371    (0)    3 :  0.015 0.022 0.089 0.014 0.842 0.018 
145    C3372    (0)    3 :  0.023 0.033 0.050 0.021 0.836 0.037 
146    C3380    (9)    3 :  0.010 0.009 0.009 0.010 0.906 0.056 
147    C3417    (0)    3 :  0.046 0.051 0.254 0.046 0.286 0.318 
148    C4569    (9)    4 :  0.062 0.218 0.199 0.198 0.034 0.290 
149    C4570    (9)    4 :  0.015 0.017 0.016 0.014 0.016 0.922 
150    C4571    (9)    4 :  0.029 0.020 0.015 0.019 0.094 0.823 
151    C4572    (9)    4 :  0.024 0.017 0.017 0.014 0.013 0.915 
152    C4573    (9)    4 :  0.559 0.077 0.044 0.130 0.041 0.148 
153    C4575    (9)    4 :  0.150 0.044 0.040 0.080 0.047 0.639 
154    C4577    (9)    4 :  0.011 0.022 0.018 0.017 0.024 0.909 
155    C4578    (9)    4 :  0.106 0.066 0.029 0.082 0.044 0.673 
156    C4600   (18)    4 :  0.051 0.308 0.036 0.079 0.036 0.490 
157    C4612    (9)    4 :  0.028 0.037 0.020 0.199 0.023 0.693 
158    C4621    (0)    4 :  0.019 0.011 0.008 0.014 0.030 0.918 
159    C4622    (9)    4 :  0.013 0.015 0.013 0.010 0.015 0.934 
160    C4623    (0)    4 :  0.082 0.071 0.427 0.061 0.154 0.205 
161    C4624    (0)    4 :  0.067 0.031 0.021 0.022 0.022 0.837 
162    C4625    (0)    4 :  0.517 0.098 0.020 0.104 0.046 0.216 
163    C4627    (0)    4 :  0.031 0.018 0.021 0.030 0.026 0.875 
164    C4631    (0)    4 :  0.024 0.033 0.330 0.016 0.019 0.579 
165    C4632    (0)    4 :  0.020 0.021 0.016 0.015 0.030 0.897 
166    C3939    (0)    4 :  0.011 0.027 0.016 0.035 0.050 0.860 
167    C3940    (0)    4 :  0.011 0.084 0.026 0.082 0.022 0.776 
168    C3945    (0)    4 :  0.007 0.013 0.010 0.009 0.013 0.948 
169    C4520    (0)    4 :  0.048 0.189 0.082 0.460 0.112 0.109 
170    C4522    (0)    4 :  0.011 0.012 0.011 0.012 0.047 0.907 
171    C3182    (0)    4 :  0.014 0.017 0.021 0.017 0.900 0.030 
172    C3189    (0)    4 :  0.220 0.088 0.041 0.119 0.449 0.083 
173    C3191    (9)    4 :  0.053 0.017 0.030 0.025 0.850 0.025 
174    C3196    (0)    4 :  0.024 0.022 0.017 0.031 0.886 0.021 
175    C3208    (0)    4 :  0.049 0.036 0.059 0.061 0.597 0.198 
176    C3211    (0)    4 :  0.017 0.027 0.023 0.042 0.857 0.033 
177    C3212    (0)    4 :  0.013 0.061 0.209 0.458 0.148 0.111 
178    C3213    (0)    4 :  0.016 0.031 0.038 0.053 0.848 0.014 
179    C3215    (0)    4 :  0.227 0.099 0.040 0.112 0.415 0.107 
180    C3217    (0)    4 :  0.017 0.023 0.029 0.020 0.890 0.021 
181    C3225    (9)    4 :  0.041 0.044 0.026 0.072 0.779 0.038 
182    C3226    (0)    4 :  0.015 0.013 0.014 0.013 0.545 0.401 
183    C3238    (9)    4 :  0.025 0.020 0.014 0.028 0.746 0.168 
184    C3239    (0)    4 :  0.024 0.028 0.055 0.059 0.676 0.158 
185    C3269   (18)    4 :  0.213 0.056 0.034 0.177 0.205 0.315 
186    C3273    (0)    4 :  0.040 0.016 0.010 0.028 0.872 0.034 
187    C3274    (0)    4 :  0.027 0.180 0.015 0.134 0.624 0.019 
188    C3354    (0)    4 :  0.022 0.025 0.012 0.022 0.900 0.019 
189    C3361    (0)    4 :  0.016 0.020 0.011 0.023 0.903 0.028 
190    C3289    (0)    4 :  0.023 0.023 0.016 0.034 0.774 0.130 
191    C3169    (0)    4 :  0.014 0.010 0.012 0.020 0.817 0.127 
192    C3199    (9)    4 :  0.049 0.023 0.020 0.030 0.678 0.200 
193    C3224    (0)    4 :  0.021 0.015 0.018 0.024 0.873 0.049 
194    C3261   (18)    4 :  0.010 0.022 0.014 0.014 0.796 0.143 
195    C3320    (0)    4 :  0.034 0.037 0.015 0.037 0.835 0.041 
196    C4151    (0)    5 :  0.010 0.010 0.009 0.008 0.019 0.943 
197    C4152    (0)    5 :  0.017 0.014 0.016 0.021 0.033 0.900 
198    C4153    (0)    5 :  0.035 0.035 0.022 0.065 0.206 0.636 
199    C4154   (18)    5 :  0.011 0.027 0.021 0.023 0.067 0.852 
200    C4157    (0)    5 :  0.021 0.174 0.019 0.028 0.306 0.451 
201    C4158    (0)    5 :  0.019 0.015 0.010 0.010 0.022 0.925 
202    C4163    (0)    5 :  0.008 0.007 0.008 0.008 0.011 0.959 
203    C4165    (0)    5 :  0.040 0.225 0.289 0.025 0.044 0.377 
204    C4248    (9)    5 :  0.033 0.038 0.022 0.035 0.690 0.182 
205    C4254    (0)    5 :  0.016 0.034 0.023 0.038 0.613 0.276 
206    C4371    (9)    5 :  0.020 0.032 0.069 0.027 0.256 0.595 
207    C3936    (0)    5 :  0.016 0.025 0.021 0.017 0.021 0.898 
208    C3937    (0)    5 :  0.010 0.011 0.009 0.008 0.016 0.945 
209    C3944    (0)    5 :  0.008 0.010 0.012 0.009 0.061 0.900 
210    C3954    (0)    5 :  0.033 0.010 0.010 0.018 0.275 0.654 
211    C3955    (9)    5 :  0.038 0.023 0.010 0.045 0.185 0.699 
212    C3961    (0)    5 :  0.015 0.014 0.031 0.021 0.027 0.891 
213    C3974    (0)    5 :  0.018 0.018 0.014 0.027 0.016 0.908 
214    C4024    (0)    5 :  0.017 0.022 0.052 0.027 0.085 0.797 
215    C4025    (0)    5 :  0.022 0.016 0.057 0.021 0.033 0.851 
216    C4028    (0)    5 :  0.069 0.049 0.033 0.045 0.056 0.747 
217    C4032   (18)    5 :  0.018 0.014 0.016 0.017 0.377 0.558 
218    C4033   (18)    5 :  0.014 0.015 0.015 0.013 0.883 0.060 
219    C4034    (0)    5 :  0.028 0.076 0.114 0.045 0.667 0.070 
220    C4041    (9)    5 :  0.020 0.053 0.152 0.176 0.546 0.053 
221    C4042   (18)    5 :  0.039 0.144 0.147 0.025 0.475 0.170 
222    C4043    (9)    5 :  0.027 0.027 0.026 0.026 0.329 0.566 
223    C4044    (9)    5 :  0.074 0.090 0.508 0.080 0.087 0.161 
224    C4045    (9)    5 :  0.046 0.036 0.018 0.024 0.597 0.279 
225    C4046    (9)    5 :  0.035 0.027 0.047 0.016 0.766 0.108 
226    C4047    (0)    5 :  0.071 0.123 0.027 0.054 0.654 0.072 
227    C4048    (9)    5 :  0.074 0.072 0.079 0.036 0.692 0.048 
228    C4055    (9)    5 :  0.052 0.041 0.031 0.039 0.150 0.687 
229    C4057   (18)    5 :  0.016 0.025 0.074 0.032 0.159 0.694 
230    C4059    (0)    5 :  0.023 0.012 0.014 0.019 0.890 0.042 
231    C4060    (9)    5 :  0.023 0.024 0.019 0.035 0.073 0.827 
232    C4064    (9)    5 :  0.269 0.176 0.025 0.055 0.276 0.199 
233    C4067    (0)    5 :  0.122 0.038 0.085 0.031 0.682 0.043 
234    C4068    (9)    5 :  0.027 0.019 0.018 0.022 0.888 0.026 
235    C4070    (9)    5 :  0.036 0.047 0.170 0.025 0.561 0.162 
236    C4075   (18)    5 :  0.029 0.040 0.032 0.035 0.714 0.149 
237    C4081    (9)    5 :  0.033 0.044 0.028 0.037 0.786 0.073 
238    C4082    (0)    5 :  0.058 0.034 0.025 0.058 0.305 0.520 
239    C4083    (0)    5 :  0.073 0.247 0.310 0.056 0.160 0.153 
240    C4086    (0)    5 :  0.323 0.044 0.021 0.060 0.388 0.163 
241    C4088    (9)    5 :  0.845 0.039 0.012 0.026 0.045 0.035 
242    C4092    (0)    5 :  0.017 0.029 0.085 0.038 0.176 0.656 
243    C4099    (9)    5 :  0.027 0.033 0.086 0.130 0.611 0.112 
244    C4104    (0)    5 :  0.020 0.021 0.025 0.017 0.032 0.885 
245    C4108   (18)    5 :  0.188 0.230 0.050 0.504 0.016 0.011 
246    C4118    (0)    5 :  0.177 0.270 0.058 0.214 0.167 0.116 
247    C4131    (0)    5 :  0.116 0.062 0.029 0.036 0.175 0.582 
248    C4133    (0)    5 :  0.022 0.020 0.019 0.027 0.605 0.307 
249    C4135    (0)    5 :  0.006 0.009 0.007 0.007 0.028 0.943 
250    C4136    (0)    5 :  0.144 0.117 0.030 0.101 0.029 0.579 
251    C4137    (9)    5 :  0.033 0.059 0.023 0.030 0.242 0.613 
252    C4139    (0)    5 :  0.009 0.016 0.011 0.015 0.035 0.914 
253    C4140    (9)    5 :  0.010 0.022 0.014 0.011 0.040 0.903 
254    C4167    (0)    5 :  0.076 0.146 0.076 0.022 0.068 0.612 
255    C4236    (0)    5 :  0.039 0.088 0.030 0.054 0.684 0.105 
256    C4237    (0)    5 :  0.707 0.066 0.033 0.103 0.026 0.065 
257    C4238    (0)    5 :  0.076 0.031 0.022 0.042 0.561 0.268 
258    C4241    (0)    5 :  0.016 0.023 0.015 0.022 0.868 0.057 
259    C4247    (9)    5 :  0.322 0.039 0.142 0.057 0.158 0.282 
260    C4257    (0)    5 :  0.028 0.021 0.020 0.049 0.823 0.058 
261    C4383    (0)    5 :  0.068 0.069 0.227 0.086 0.103 0.448 
262    C4397    (9)    5 :  0.018 0.040 0.014 0.017 0.332 0.579 
263    C4514    (0)    5 :  0.012 0.012 0.016 0.011 0.026 0.923 
264    C4519    (0)    5 :  0.011 0.021 0.021 0.132 0.053 0.762 
265    C4527    (0)    5 :  0.020 0.030 0.024 0.018 0.425 0.484 
266    C4534    (0)    5 :  0.025 0.040 0.080 0.112 0.271 0.471 
267    C4699    (0)    5 :  0.093 0.028 0.039 0.018 0.032 0.789 
268    C1541    (9)    5 :  0.014 0.012 0.013 0.010 0.927 0.024 
269    C1542    (9)    5 :  0.020 0.018 0.013 0.016 0.912 0.021 
270    C1544    (0)    5 :  0.043 0.023 0.016 0.033 0.775 0.110 
271    C1547    (9)    5 :  0.171 0.091 0.233 0.255 0.183 0.066 
272    C1553    (9)    5 :  0.101 0.348 0.142 0.170 0.097 0.141 
273    C1555    (9)    5 :  0.031 0.046 0.017 0.046 0.803 0.057 
274    C1557    (0)    5 :  0.032 0.027 0.025 0.021 0.804 0.091 
275    C1560    (0)    5 :  0.013 0.017 0.017 0.046 0.881 0.026 
276    C1565    (0)    5 :  0.013 0.039 0.034 0.020 0.861 0.034 
277    C1567    (0)    5 :  0.039 0.028 0.033 0.053 0.784 0.063 
278    C1569    (0)    5 :  0.017 0.022 0.021 0.017 0.859 0.065 
279    C1571    (0)    5 :  0.080 0.039 0.038 0.093 0.677 0.073 
280    C1576    (0)    5 :  0.112 0.032 0.033 0.041 0.443 0.340 
281    C1577    (9)    5 :  0.043 0.026 0.017 0.043 0.820 0.050 
282    C1579    (0)    5 :  0.017 0.023 0.012 0.017 0.905 0.025 
283    C3990    (0)    6 :  0.009 0.008 0.009 0.008 0.017 0.948 
284    C3991    (0)    6 :  0.047 0.022 0.061 0.032 0.024 0.813 
285    C3992    (0)    6 :  0.048 0.025 0.020 0.071 0.018 0.818 
286    C3994    (0)    6 :  0.059 0.040 0.181 0.058 0.231 0.432 
287    C4172    (0)    6 :  0.156 0.144 0.102 0.138 0.013 0.446 
288    C4173    (9)    6 :  0.018 0.024 0.609 0.020 0.035 0.294 
289    C4232    (9)    6 :  0.008 0.008 0.008 0.009 0.948 0.018 
290    C4234    (9)    6 :  0.012 0.012 0.010 0.013 0.919 0.034 
291    C4259    (0)    6 :  0.012 0.012 0.012 0.010 0.929 0.026 
292    C4260    (0)    6 :  0.010 0.011 0.010 0.016 0.714 0.239 
293    C4261    (9)    6 :  0.069 0.213 0.148 0.090 0.280 0.201 
294    C4262    (0)    6 :  0.015 0.034 0.083 0.034 0.325 0.509 
295    C4263    (0)    6 :  0.053 0.024 0.027 0.013 0.839 0.043 
296    C4267    (9)    6 :  0.042 0.027 0.018 0.021 0.371 0.520 
297    C4269    (0)    6 :  0.028 0.039 0.041 0.017 0.230 0.645 
298    C4272    (0)    6 :  0.015 0.025 0.023 0.029 0.781 0.127 
299    C4274    (0)    6 :  0.017 0.043 0.017 0.454 0.398 0.070 
300    C4276    (9)    6 :  0.077 0.029 0.034 0.785 0.062 0.013 
301    C4278    (0)    6 :  0.034 0.044 0.050 0.083 0.187 0.603 
302    C4280    (0)    6 :  0.016 0.060 0.026 0.048 0.430 0.420 
303    C4281    (0)    6 :  0.022 0.023 0.020 0.016 0.881 0.039 
304    C4282    (0)    6 :  0.072 0.154 0.189 0.034 0.532 0.020 
305    C4284    (9)    6 :  0.012 0.013 0.011 0.010 0.280 0.674 
306    C4286    (9)    6 :  0.035 0.070 0.032 0.100 0.557 0.206 
307    C4287    (0)    6 :  0.016 0.095 0.073 0.088 0.396 0.333 
308    C4290    (0)    6 :  0.267 0.118 0.119 0.379 0.060 0.056 
309    C4307   (18)    6 :  0.021 0.043 0.051 0.044 0.248 0.593 
310    C4310    (9)    6 :  0.060 0.019 0.014 0.039 0.772 0.096 
311    C4311   (18)    6 :  0.023 0.029 0.024 0.032 0.837 0.056 
312    C4312    (0)    6 :  0.026 0.020 0.019 0.022 0.765 0.148 
313    C4314    (0)    6 :  0.122 0.038 0.015 0.030 0.770 0.025 
314    C4318    (9)    6 :  0.016 0.040 0.078 0.055 0.734 0.078 
315    C4321    (9)    6 :  0.016 0.024 0.048 0.073 0.310 0.530 
316    C4324    (0)    6 :  0.015 0.033 0.092 0.052 0.443 0.365 
317    C4334    (0)    6 :  0.010 0.011 0.033 0.016 0.104 0.825 
318    C4529    (0)    6 :  0.055 0.043 0.041 0.054 0.686 0.120 
319    C1582    (9)    6 :  0.021 0.022 0.020 0.021 0.542 0.375 
320    C1583    (0)    6 :  0.077 0.034 0.025 0.036 0.776 0.052 
321    C1584    (9)    6 :  0.033 0.021 0.015 0.050 0.689 0.191 
322    C1585    (0)    6 :  0.019 0.009 0.011 0.015 0.101 0.846 
323    C1586    (0)    6 :  0.037 0.037 0.129 0.022 0.620 0.153 
324    C1589    (0)    6 :  0.015 0.013 0.014 0.014 0.384 0.560 
325    C1591    (0)    6 :  0.019 0.012 0.018 0.020 0.558 0.373 
326    C1592    (0)    6 :  0.027 0.029 0.043 0.028 0.830 0.043 
327    C1594    (0)    6 :  0.078 0.024 0.018 0.021 0.705 0.155 
328    C1597    (9)    6 :  0.030 0.035 0.028 0.047 0.804 0.057 
329    C1598    (9)    6 :  0.030 0.018 0.014 0.016 0.200 0.722 
330    C1599    (0)    6 :  0.012 0.017 0.014 0.034 0.892 0.031 
331    C1601    (0)    6 :  0.085 0.089 0.039 0.038 0.283 0.467 
332    C1605    (0)    6 :  0.124 0.133 0.055 0.397 0.099 0.193 
333    C1609    (0)    6 :  0.014 0.013 0.015 0.015 0.159 0.784 
334    C1610    (0)    6 :  0.079 0.089 0.017 0.096 0.694 0.025 
335    C1611    (0)    6 :  0.011 0.018 0.050 0.018 0.890 0.013 
336    C1612    (0)    6 :  0.012 0.009 0.008 0.009 0.951 0.011 
337    C1613    (0)    6 :  0.024 0.019 0.043 0.026 0.854 0.033 
338    C3173    (9)    6 :  0.036 0.052 0.063 0.054 0.733 0.061 
339    C3204    (0)    6 :  0.020 0.020 0.017 0.021 0.882 0.040 
340    C3223    (9)    6 :  0.022 0.061 0.105 0.489 0.295 0.029 
341    C3262    (0)    6 :  0.074 0.029 0.025 0.049 0.787 0.035 
342    C3270    (0)    6 :  0.020 0.034 0.022 0.028 0.492 0.404 
343    C3300    (0)    6 :  0.009 0.009 0.009 0.012 0.074 0.888 
344    C3330    (0)    6 :  0.017 0.043 0.021 0.032 0.425 0.462 
345    C3390    (9)    6 :  0.024 0.031 0.031 0.025 0.490 0.399 
346    C3424    (9)    6 :  0.016 0.059 0.016 0.033 0.831 0.046 
347    C3958    (0)    6 :  0.009 0.018 0.021 0.012 0.030 0.910 
348    C3962    (0)    6 :  0.008 0.025 0.015 0.013 0.020 0.918 
349    C4019    (0)    6 :  0.040 0.754 0.047 0.083 0.012 0.064 
350    C3995   (18)    6 :  0.023 0.024 0.045 0.018 0.024 0.866 
351    C4000    (0)    6 :  0.020 0.141 0.102 0.032 0.062 0.643 
352    C4002    (0)    6 :  0.016 0.028 0.021 0.014 0.044 0.877 
353    C1692    (0)    7 :  0.060 0.393 0.038 0.370 0.021 0.118 
354    C1693    (0)    7 :  0.021 0.077 0.186 0.470 0.202 0.045 
355    C1694    (0)    7 :  0.128 0.114 0.352 0.283 0.099 0.024 
356    C1698    (0)    7 :  0.094 0.418 0.175 0.283 0.019 0.011 
357    C1699    (0)    7 :  0.563 0.130 0.064 0.192 0.025 0.025 
358    C1700    (0)    7 :  0.098 0.431 0.180 0.158 0.053 0.081 
359    C1701    (0)    7 :  0.407 0.420 0.050 0.087 0.023 0.014 
360    C1702    (0)    7 :  0.136 0.502 0.086 0.246 0.015 0.015 
361    C1703    (0)    7 :  0.094 0.358 0.388 0.128 0.011 0.020 
362    C1704    (0)    7 :  0.050 0.256 0.310 0.233 0.088 0.063 
363    C1705    (0)    7 :  0.023 0.053 0.592 0.200 0.012 0.120 
364    C1706    (0)    7 :  0.506 0.168 0.071 0.217 0.024 0.012 
365    C1707    (0)    7 :  0.190 0.059 0.045 0.252 0.432 0.023 
366    C1708    (0)    7 :  0.033 0.128 0.751 0.053 0.017 0.017 
367    C1709    (0)    7 :  0.029 0.085 0.764 0.039 0.025 0.059 
368    C1710    (0)    7 :  0.111 0.559 0.137 0.129 0.036 0.027 
369    C1712    (0)    7 :  0.019 0.234 0.671 0.045 0.009 0.021 
370    C1714    (0)    7 :  0.026 0.028 0.891 0.024 0.014 0.016 
371    C1715    (0)    7 :  0.141 0.311 0.029 0.472 0.029 0.018 
372    C1717    (0)    7 :  0.042 0.129 0.089 0.601 0.123 0.016 
373    C1718   (18)    7 :  0.076 0.568 0.062 0.219 0.058 0.017 
374    C1719    (0)    7 :  0.024 0.082 0.698 0.032 0.077 0.089 
375    C1656    (0)    8 :  0.562 0.240 0.075 0.070 0.010 0.042 
376    C1657   (18)    8 :  0.251 0.108 0.520 0.081 0.021 0.019 
377    C1658    (0)    8 :  0.147 0.462 0.047 0.324 0.009 0.010 
378    C1659    (0)    8 :  0.160 0.110 0.022 0.632 0.049 0.027 
379    C1661    (9)    8 :  0.106 0.453 0.097 0.225 0.081 0.038 
380    C1665    (0)    8 :  0.281 0.440 0.058 0.176 0.029 0.016 
381    C1667    (9)    8 :  0.018 0.038 0.908 0.021 0.008 0.006 
382    C1676    (9)    8 :  0.195 0.588 0.131 0.046 0.017 0.023 
383    C1681    (9)    8 :  0.314 0.198 0.150 0.291 0.028 0.019 
384    C1682    (0)    8 :  0.141 0.230 0.521 0.063 0.016 0.029 
385    C1685    (0)    8 :  0.086 0.791 0.039 0.027 0.025 0.032 
386    C4707    (0)    9 :  0.034 0.810 0.041 0.022 0.027 0.066 
387    C4747    (0)    9 :  0.023 0.074 0.586 0.098 0.139 0.079 
388    C4772    (0)    9 :  0.093 0.311 0.037 0.068 0.067 0.424 
389    C4781    (0)    9 :  0.023 0.072 0.803 0.042 0.024 0.035 
390    C4782    (0)    9 :  0.082 0.317 0.222 0.216 0.059 0.104 
391    C4787    (0)    9 :  0.044 0.115 0.065 0.647 0.016 0.112 
392    C4790    (0)    9 :  0.050 0.236 0.563 0.034 0.015 0.102 
393    C4803    (0)    9 :  0.047 0.282 0.133 0.398 0.051 0.088 
394    C4813    (0)    9 :  0.077 0.151 0.054 0.103 0.025 0.590 
395    C4837    (0)    9 :  0.026 0.690 0.034 0.131 0.029 0.090 
396    C4838    (0)    9 :  0.091 0.199 0.056 0.571 0.013 0.070 
397    C4843    (0)    9 :  0.132 0.639 0.058 0.091 0.031 0.049 
398    C4857    (0)    9 :  0.036 0.039 0.024 0.034 0.036 0.831 
399    C4828    (0)    9 :  0.196 0.206 0.114 0.166 0.279 0.040 
400    C4835    (0)    9 :  0.082 0.057 0.029 0.159 0.014 0.659 
401    C4836    (9)    9 :  0.048 0.314 0.180 0.258 0.038 0.161 
402    C4842    (0)    9 :  0.292 0.460 0.088 0.111 0.014 0.035 
403    C4863    (9)    9 :  0.031 0.181 0.209 0.498 0.025 0.056 
404    C4744    (0)    9 :  0.146 0.461 0.215 0.133 0.022 0.023 
405    C4745    (0)    9 :  0.163 0.370 0.040 0.324 0.023 0.079 
406    C4768    (0)    9 :  0.078 0.329 0.308 0.034 0.048 0.203 
407    C4769    (0)    9 :  0.586 0.140 0.091 0.099 0.013 0.071 
408    C4771    (0)    9 :  0.061 0.779 0.052 0.081 0.013 0.014 
409    C4784    (0)    9 :  0.055 0.068 0.646 0.044 0.018 0.169 
410    C4785    (0)    9 :  0.037 0.025 0.863 0.023 0.023 0.029 
411    C4795    (0)    9 :  0.044 0.070 0.677 0.061 0.046 0.102 
412    C4796    (0)    9 :  0.047 0.685 0.128 0.107 0.016 0.017 
413    C4800    (0)    9 :  0.025 0.215 0.016 0.510 0.010 0.223 
414    C4801    (0)    9 :  0.287 0.076 0.046 0.049 0.018 0.523 
415    C4802    (0)    9 :  0.257 0.116 0.030 0.175 0.250 0.170 
416    C4805    (0)    9 :  0.196 0.548 0.117 0.052 0.015 0.072 
417    C4806    (0)    9 :  0.213 0.622 0.027 0.094 0.011 0.034 
418    C4850    (0)    9 :  0.064 0.517 0.036 0.113 0.095 0.175 
419    C4748    (0)   10 :  0.671 0.060 0.108 0.064 0.009 0.088 
420    C4753    (0)   10 :  0.087 0.589 0.099 0.170 0.021 0.035 
421    C4754    (0)   10 :  0.048 0.776 0.066 0.025 0.019 0.065 
422    C4760    (0)   10 :  0.029 0.436 0.036 0.228 0.107 0.164 
423    C4761    (0)   10 :  0.514 0.089 0.097 0.041 0.013 0.246 
424    C4762    (0)   10 :  0.046 0.064 0.623 0.110 0.013 0.144 
425    C4791    (0)   10 :  0.045 0.321 0.091 0.402 0.009 0.131 
426    C4810    (0)   10 :  0.747 0.038 0.026 0.063 0.076 0.050 
427    C4812    (0)   10 :  0.249 0.370 0.032 0.256 0.057 0.036 
428    C4821    (0)   10 :  0.038 0.583 0.071 0.129 0.109 0.070 
429    C4864    (0)   10 :  0.028 0.307 0.032 0.034 0.070 0.529 
430    C4866    (0)   10 :  0.625 0.106 0.043 0.184 0.015 0.027 
431    C1722    (0)   10 :  0.454 0.167 0.046 0.268 0.049 0.016 
432    C1724    (0)   10 :  0.685 0.078 0.014 0.201 0.008 0.014 
433    C1725    (0)   10 :  0.410 0.161 0.055 0.313 0.048 0.012 
434    C1726    (0)   10 :  0.062 0.586 0.091 0.233 0.013 0.015 
435    C1731    (0)   10 :  0.451 0.206 0.103 0.169 0.025 0.046 
436    C1733    (9)   10 :  0.278 0.098 0.024 0.546 0.025 0.028 
437    C1734    (0)   10 :  0.058 0.390 0.040 0.436 0.029 0.047 
438    C1735    (0)   10 :  0.212 0.170 0.034 0.564 0.012 0.009 
439    C1738    (0)   10 :  0.407 0.121 0.018 0.390 0.039 0.026 
440    C1740    (9)   10 :  0.188 0.352 0.055 0.244 0.114 0.046 
441    C1741    (0)   10 :  0.027 0.117 0.205 0.311 0.088 0.252 
442    C1742    (0)   10 :  0.065 0.823 0.016 0.057 0.018 0.021 
443    C1743    (0)   10 :  0.133 0.115 0.515 0.190 0.022 0.025 
444    C1745    (0)   10 :  0.097 0.350 0.041 0.413 0.027 0.071 
445    C1746    (0)   10 :  0.339 0.225 0.163 0.169 0.039 0.065 
446    C1747    (0)   10 :  0.290 0.081 0.229 0.317 0.053 0.030 
447    C4742    (9)   10 :  0.068 0.329 0.176 0.059 0.032 0.335 
448    C4752    (0)   10 :  0.070 0.021 0.031 0.036 0.022 0.820 
449    C4792    (0)   10 :  0.173 0.267 0.098 0.054 0.094 0.315 
450    C4811    (0)   10 :  0.022 0.044 0.026 0.066 0.039 0.804 
451    C4814    (0)   10 :  0.058 0.270 0.127 0.087 0.031 0.427 
452    C4815    (0)   10 :  0.033 0.093 0.043 0.723 0.038 0.068 
453    C4818    (0)   10 :  0.211 0.175 0.088 0.175 0.096 0.255 
454    C4819    (0)   10 :  0.233 0.287 0.088 0.063 0.044 0.285 
455    C4826    (0)   10 :  0.076 0.567 0.079 0.246 0.010 0.022 
456    C4829    (0)   10 :  0.073 0.334 0.366 0.140 0.057 0.030 
457    C4830    (0)   10 :  0.016 0.761 0.145 0.037 0.014 0.027 
458    C4831    (0)   10 :  0.070 0.083 0.064 0.021 0.045 0.718 
459    C4832    (0)   10 :  0.120 0.271 0.517 0.052 0.015 0.024 
460    C4858    (0)   10 :  0.022 0.070 0.468 0.052 0.010 0.379 
461    C4757    (0)   10 :  0.226 0.380 0.049 0.154 0.089 0.101 
462    C4770    (9)   10 :  0.021 0.062 0.063 0.261 0.472 0.122 
463    C4808    (0)   10 :  0.050 0.711 0.043 0.097 0.025 0.075 
464    C4809    (0)   10 :  0.047 0.890 0.012 0.029 0.010 0.013 
465    C4820    (0)   10 :  0.181 0.264 0.242 0.228 0.017 0.067 
466    C4824    (0)   10 :  0.017 0.324 0.200 0.417 0.010 0.032 
467    C4706    (0)   11 :  0.390 0.271 0.062 0.248 0.012 0.017 
468    C4708    (0)   11 :  0.013 0.016 0.013 0.011 0.031 0.916 
469    C4709    (0)   11 :  0.027 0.048 0.804 0.063 0.017 0.042 
470    C4714    (0)   11 :  0.045 0.155 0.467 0.053 0.027 0.254 
471    C4722    (0)   11 :  0.149 0.307 0.378 0.049 0.022 0.095 
472    C4726    (0)   11 :  0.330 0.149 0.031 0.250 0.087 0.154 
473    C4733    (0)   11 :  0.095 0.394 0.189 0.032 0.069 0.221 
474    C4734    (0)   11 :  0.346 0.380 0.075 0.100 0.021 0.078 
475    C4737    (0)   11 :  0.029 0.079 0.801 0.026 0.013 0.052 
476    C4882    (0)   11 :  0.099 0.695 0.068 0.109 0.013 0.015 
477    C4883    (0)   11 :  0.012 0.020 0.843 0.013 0.015 0.097 
478    C4702    (9)   11 :  0.112 0.332 0.139 0.187 0.149 0.081 
479    C4703    (0)   11 :  0.037 0.129 0.087 0.071 0.037 0.640 
480    C4727    (0)   11 :  0.414 0.279 0.136 0.095 0.012 0.064 
481    C4732    (0)   11 :  0.034 0.085 0.733 0.079 0.020 0.049 
482    C4735    (0)   11 :  0.026 0.259 0.038 0.608 0.019 0.050 
483    C4736    (0)   11 :  0.050 0.036 0.194 0.021 0.038 0.661 
484    C4746    (0)   11 :  0.051 0.219 0.388 0.105 0.017 0.220 
485    C4777    (0)   11 :  0.079 0.549 0.021 0.319 0.020 0.012 
486    C4846    (0)   11 :  0.071 0.143 0.081 0.036 0.113 0.556 
487    C4847    (0)   11 :  0.150 0.722 0.038 0.050 0.010 0.030 
488    C4884    (0)   11 :  0.028 0.349 0.150 0.312 0.010 0.151 
489    C4705    (0)   11 :  0.023 0.252 0.019 0.487 0.031 0.188 
490    C4711    (0)   11 :  0.586 0.094 0.138 0.033 0.020 0.129 
491    C4713    (9)   11 :  0.181 0.106 0.095 0.527 0.052 0.039 
492    C4716    (0)   11 :  0.088 0.447 0.136 0.221 0.024 0.084 
493    C4717    (0)   11 :  0.062 0.089 0.027 0.030 0.025 0.767 
494    C4719    (0)   11 :  0.033 0.881 0.042 0.018 0.012 0.014 
495    C4721    (0)   11 :  0.022 0.027 0.017 0.018 0.028 0.888 
496    C4729    (0)   11 :  0.041 0.657 0.029 0.183 0.017 0.073 
497    C4730    (0)   11 :  0.049 0.090 0.104 0.031 0.022 0.704 
498    C4773    (0)   11 :  0.074 0.031 0.016 0.012 0.036 0.831 
499    C4861    (0)   11 :  0.071 0.808 0.021 0.048 0.020 0.031 
500    C4890    (0)   11 :  0.029 0.359 0.117 0.087 0.021 0.387 
501    C4718    (0)   11 :  0.080 0.447 0.163 0.226 0.024 0.060 
502    C4724    (0)   11 :  0.052 0.228 0.039 0.190 0.013 0.478 
503    C4738    (0)   11 :  0.476 0.083 0.021 0.030 0.016 0.374 
504    C4739    (0)   11 :  0.135 0.672 0.041 0.054 0.046 0.052 
505    C4844    (0)   11 :  0.067 0.528 0.034 0.106 0.044 0.220 
506    C4845    (0)   11 :  0.023 0.069 0.811 0.039 0.017 0.041 
507    C4681    (0)   11 :  0.030 0.065 0.020 0.020 0.333 0.532 
508    C4682    (0)   11 :  0.138 0.052 0.402 0.132 0.222 0.054 
509    C4683    (0)   11 :  0.046 0.114 0.042 0.039 0.068 0.690 
510    C4685    (0)   11 :  0.037 0.392 0.165 0.158 0.029 0.218 
511    C4715    (0)   11 :  0.020 0.161 0.245 0.487 0.048 0.039 
512    C4725    (0)   11 :  0.063 0.509 0.253 0.148 0.015 0.013 
513    C4799    (0)   11 :  0.029 0.181 0.075 0.293 0.155 0.268 
514    C4889    (9)   11 :  0.166 0.056 0.079 0.050 0.018 0.631 
515    U1941    (0)   12 :  0.027 0.018 0.011 0.898 0.033 0.013 
516    U1942    (0)   12 :  0.055 0.249 0.098 0.253 0.082 0.263 
517    U1957    (9)   12 :  0.074 0.082 0.050 0.143 0.606 0.046 
518    U2016    (0)   12 :  0.127 0.594 0.046 0.214 0.012 0.007 
519    U2021    (9)   12 :  0.051 0.311 0.349 0.233 0.032 0.024 
520    U2022    (0)   12 :  0.023 0.661 0.201 0.076 0.028 0.012 
521    U2023    (0)   12 :  0.101 0.676 0.071 0.124 0.012 0.017 
522    U2024    (0)   12 :  0.062 0.724 0.102 0.028 0.045 0.038 
523    U2025    (9)   12 :  0.021 0.703 0.074 0.141 0.041 0.021 
524    U2026    (0)   12 :  0.023 0.481 0.124 0.153 0.189 0.031 
525    U2027    (0)   12 :  0.229 0.557 0.082 0.069 0.028 0.035 
526    U2028    (0)   12 :  0.026 0.886 0.044 0.025 0.011 0.008 
527    U2029    (0)   12 :  0.087 0.654 0.196 0.031 0.009 0.022 
528    U2030    (0)   12 :  0.171 0.555 0.143 0.107 0.014 0.009 
529    U2031    (0)   12 :  0.175 0.588 0.059 0.151 0.015 0.012 
530    U1943    (0)   12 :  0.023 0.045 0.834 0.045 0.018 0.034 
531    U1944    (0)   12 :  0.201 0.072 0.606 0.082 0.016 0.024 
532    U1945    (0)   12 :  0.089 0.307 0.417 0.153 0.016 0.017 
533    U1946    (0)   12 :  0.546 0.173 0.072 0.167 0.027 0.015 
534    U1947    (0)   12 :  0.021 0.551 0.096 0.294 0.022 0.015 
535    U1948    (0)   12 :  0.062 0.289 0.071 0.455 0.055 0.067 
536    U1949    (0)   12 :  0.086 0.622 0.077 0.183 0.019 0.013 
537    U1955    (0)   12 :  0.320 0.131 0.029 0.259 0.220 0.041 
538    U2005    (0)   12 :  0.018 0.114 0.250 0.493 0.115 0.010 
539    U2006    (0)   12 :  0.061 0.067 0.022 0.825 0.016 0.009 
540    U2007    (0)   12 :  0.022 0.122 0.036 0.760 0.046 0.014 
541    U2008    (0)   12 :  0.012 0.133 0.021 0.819 0.008 0.007 
542    U2010    (9)   12 :  0.024 0.161 0.134 0.527 0.123 0.032 
543    U2011    (0)   12 :  0.110 0.112 0.022 0.716 0.030 0.010 
544    U2012    (0)   12 :  0.036 0.131 0.168 0.638 0.016 0.011 
545    U2014    (0)   12 :  0.041 0.575 0.126 0.197 0.025 0.036 
546    U2702    (0)   12 :  0.019 0.016 0.910 0.014 0.024 0.017 
547    U2703    (0)   12 :  0.022 0.067 0.791 0.043 0.025 0.051 
548    U2704    (0)   12 :  0.074 0.320 0.153 0.360 0.060 0.033 
549    U2706   (18)   12 :  0.229 0.311 0.067 0.337 0.018 0.039 
550    U2707    (0)   12 :  0.547 0.095 0.140 0.186 0.017 0.016 
551    U2708    (0)   12 :  0.044 0.746 0.132 0.043 0.016 0.020 
552    U2698    (0)   12 :  0.209 0.292 0.057 0.223 0.107 0.112 
553    U2700    (0)   12 :  0.054 0.601 0.089 0.191 0.048 0.017 
554    U1924    (0)   12 :  0.099 0.372 0.116 0.370 0.022 0.020 
555    U1930    (0)   12 :  0.628 0.044 0.035 0.255 0.016 0.022 
556    U1931    (0)   12 :  0.093 0.250 0.116 0.385 0.023 0.133 
