

----------------------------------------------------
STRUCTURE by Pritchard, Stephens and Donnelly (2000)
     and Falush, Stephens and Pritchard (2003)
       Code by Pritchard, Falush and Hubisz
             Version 2.3.4 (Jul 2012)
----------------------------------------------------



Command line arguments:   bin\structure -m G:\My Drive\Hoban_Lab_Docs\Projects\Butternut_JUCI\Graphical_Stat_Results\PostIndRemoval\24pop\Reorg_Results\STR\butternut\50-50\mainparams -e G:\My Drive\Hoban_Lab_Docs\Projects\Butternut_JUCI\Graphical_Stat_Results\PostIndRemoval\24pop\Reorg_Results\STR\butternut\50-50\extraparams 
Input File:    G:\My Drive\Hoban_Lab_Docs\Projects\Butternut_JUCI\Graphical_Stat_Results\PostIndRemoval\24pop\Reorg_Results\STR\butternut\project_data

Run parameters:
   993 individuals
   11 loci
   9 populations assumed
   50000 Burn-in period
   50000 Reps


--------------------------------------------
Proportion of membership of each pre-defined
 population in each of the 9 clusters

Given    Inferred Clusters                                                 Number of
 Pop       1      2      3      4      5      6      7      8      9      Individuals

  1:     0.219  0.360  0.067  0.040  0.028  0.046  0.150  0.051  0.038       40
  2:     0.203  0.244  0.071  0.035  0.026  0.050  0.292  0.049  0.030       45
  3:     0.393  0.208  0.056  0.043  0.049  0.031  0.163  0.032  0.026       62
  4:     0.301  0.132  0.065  0.029  0.041  0.039  0.301  0.046  0.047       48
  5:     0.204  0.285  0.059  0.038  0.042  0.041  0.244  0.037  0.049       87
  6:     0.236  0.345  0.063  0.034  0.049  0.040  0.166  0.037  0.030       70
  7:     0.030  0.049  0.135  0.202  0.061  0.171  0.037  0.232  0.083       22
  8:     0.023  0.023  0.103  0.174  0.069  0.185  0.018  0.289  0.117       11
  9:     0.031  0.043  0.132  0.131  0.069  0.218  0.142  0.167  0.066       33
 10:     0.039  0.029  0.120  0.078  0.129  0.190  0.137  0.168  0.110       48
 11:     0.025  0.037  0.101  0.129  0.068  0.181  0.246  0.140  0.073       48
 12:     0.041  0.040  0.136  0.119  0.159  0.177  0.028  0.201  0.099       90
 13:     0.027  0.023  0.110  0.466  0.139  0.093  0.019  0.086  0.037       63
 14:     0.066  0.071  0.187  0.100  0.135  0.180  0.024  0.141  0.096       16
 15:     0.055  0.077  0.150  0.068  0.074  0.112  0.066  0.254  0.143       31
 16:     0.014  0.016  0.037  0.029  0.032  0.052  0.040  0.037  0.743       16
 17:     0.083  0.066  0.157  0.332  0.100  0.111  0.023  0.091  0.037       24
 18:     0.037  0.057  0.175  0.086  0.094  0.239  0.030  0.162  0.122       12
 19:     0.033  0.050  0.157  0.146  0.170  0.163  0.027  0.131  0.123       54
 20:     0.034  0.050  0.112  0.055  0.214  0.142  0.038  0.135  0.221       96
 21:     0.027  0.055  0.151  0.128  0.209  0.111  0.018  0.097  0.204       22
 22:     0.046  0.056  0.063  0.026  0.072  0.079  0.077  0.052  0.529       23
 23:     0.032  0.028  0.059  0.051  0.376  0.135  0.022  0.063  0.233       13
 24:     0.076  0.040  0.160  0.133  0.184  0.175  0.035  0.122  0.074       19
--------------------------------------------

Allele-freq. divergence among pops (Net nucleotide distance),
computed using point estimates of P.

      1       2       3       4       5       6       7       8       9      
 1      -    0.0228  0.0246  0.0388  0.0379  0.0323  0.0395  0.0304  0.0420  
 2   0.0228     -    0.0239  0.0392  0.0455  0.0329  0.0372  0.0315  0.0439  
 3   0.0246  0.0239     -    0.0090  0.0123  0.0038  0.0346  0.0037  0.0150  
 4   0.0388  0.0392  0.0090     -    0.0195  0.0101  0.0426  0.0119  0.0271  
 5   0.0379  0.0455  0.0123  0.0195     -    0.0112  0.0580  0.0110  0.0173  
 6   0.0323  0.0329  0.0038  0.0101  0.0112     -    0.0369  0.0031  0.0148  
 7   0.0395  0.0372  0.0346  0.0426  0.0580  0.0369     -    0.0406  0.0558  
 8   0.0304  0.0315  0.0037  0.0119  0.0110  0.0031  0.0406     -    0.0158  
 9   0.0420  0.0439  0.0150  0.0271  0.0173  0.0148  0.0558  0.0158     -    

Average distances (expected heterozygosity) between individuals in same cluster:
cluster  1  : 0.8115 
cluster  2  : 0.8035 
cluster  3  : 0.8580 
cluster  4  : 0.8468 
cluster  5  : 0.8349 
cluster  6  : 0.8546 
cluster  7  : 0.8160 
cluster  8  : 0.8494 
cluster  9  : 0.8279 

--------------------------------------------
Estimated Ln Prob of Data   = -47073.6
Mean value of ln likelihood = -44731.3
Variance of ln likelihood   = 4684.6
Mean value of alpha         = 0.0579

Mean value of Fst_1         = 0.0748
Mean value of Fst_2         = 0.0732
Mean value of Fst_3         = 0.0252
Mean value of Fst_4         = 0.0369
Mean value of Fst_5         = 0.0370
Mean value of Fst_6         = 0.0230
Mean value of Fst_7         = 0.0830
Mean value of Fst_8         = 0.0279
Mean value of Fst_9         = 0.0500


Inferred ancestry of individuals:
        Label (%Miss) Pop:  Inferred clusters
  1    C3984    (0)    1 :  0.013 0.666 0.015 0.011 0.008 0.011 0.248 0.020 0.007 
  2    C3985    (0)    1 :  0.069 0.333 0.017 0.015 0.012 0.031 0.483 0.024 0.016 
  3    C3986    (0)    1 :  0.098 0.150 0.016 0.018 0.014 0.012 0.674 0.010 0.008 
  4    C4231    (0)    1 :  0.051 0.297 0.077 0.018 0.016 0.044 0.429 0.058 0.010 
  5    C4344    (0)    1 :  0.668 0.108 0.052 0.032 0.016 0.031 0.048 0.031 0.014 
  6    C4347   (18)    1 :  0.395 0.379 0.035 0.013 0.038 0.020 0.040 0.018 0.062 
  7    C4352   (18)    1 :  0.046 0.498 0.039 0.031 0.017 0.036 0.293 0.023 0.019 
  8    C4355    (9)    1 :  0.128 0.679 0.030 0.023 0.027 0.016 0.050 0.032 0.014 
  9    C4358   (18)    1 :  0.016 0.072 0.220 0.086 0.069 0.275 0.036 0.173 0.054 
 10    C4419    (9)    1 :  0.019 0.640 0.068 0.020 0.031 0.041 0.079 0.087 0.015 
 11    C4428    (9)    1 :  0.124 0.667 0.042 0.016 0.013 0.011 0.095 0.015 0.018 
 12    C4436    (0)    1 :  0.062 0.582 0.027 0.017 0.011 0.017 0.253 0.013 0.017 
 13    C4437   (18)    1 :  0.029 0.271 0.048 0.022 0.020 0.064 0.419 0.072 0.056 
 14    C4450    (0)    1 :  0.022 0.497 0.079 0.052 0.043 0.077 0.093 0.097 0.039 
 15    C4531    (0)    1 :  0.009 0.027 0.033 0.032 0.011 0.082 0.686 0.087 0.032 
 16    C1615    (0)    1 :  0.043 0.247 0.071 0.062 0.069 0.101 0.271 0.071 0.065 
 17    C1616    (0)    1 :  0.074 0.167 0.163 0.019 0.076 0.108 0.051 0.234 0.109 
 18    C1617    (9)    1 :  0.095 0.779 0.019 0.011 0.025 0.015 0.012 0.019 0.024 
 19    C1618    (0)    1 :  0.027 0.357 0.031 0.118 0.027 0.054 0.311 0.041 0.034 
 20    C1619    (0)    1 :  0.080 0.380 0.093 0.157 0.020 0.063 0.100 0.046 0.060 
 21    C1620    (9)    1 :  0.039 0.447 0.059 0.154 0.016 0.062 0.129 0.038 0.056 
 22    C1621    (0)    1 :  0.030 0.182 0.314 0.052 0.111 0.061 0.022 0.039 0.188 
 23    C1623    (9)    1 :  0.014 0.034 0.123 0.185 0.035 0.072 0.307 0.084 0.146 
 24    C1625    (0)    1 :  0.081 0.457 0.110 0.102 0.028 0.052 0.034 0.033 0.103 
 25    C1626    (0)    1 :  0.033 0.228 0.335 0.041 0.013 0.059 0.018 0.203 0.070 
 26    C1627    (9)    1 :  0.021 0.781 0.044 0.024 0.008 0.019 0.035 0.020 0.048 
 27    C1633    (0)    1 :  0.014 0.872 0.045 0.010 0.009 0.010 0.013 0.013 0.013 
 28    C1637    (0)    1 :  0.034 0.804 0.046 0.015 0.012 0.019 0.015 0.029 0.027 
 29    C1650    (0)    1 :  0.072 0.195 0.061 0.013 0.029 0.034 0.528 0.036 0.032 
 30    C3202    (0)    1 :  0.885 0.016 0.015 0.011 0.011 0.013 0.017 0.011 0.020 
 31    C3248    (0)    1 :  0.377 0.480 0.040 0.017 0.011 0.025 0.011 0.025 0.015 
 32    C3304    (9)    1 :  0.588 0.225 0.046 0.015 0.017 0.021 0.020 0.053 0.015 
 33    C3326    (0)    1 :  0.388 0.154 0.037 0.019 0.056 0.152 0.077 0.086 0.032 
 34    C3333    (0)    1 :  0.894 0.017 0.014 0.011 0.013 0.013 0.011 0.015 0.013 
 35    C3339   (18)    1 :  0.160 0.641 0.039 0.032 0.048 0.022 0.013 0.030 0.016 
 36    C3346    (0)    1 :  0.914 0.017 0.010 0.012 0.009 0.010 0.014 0.009 0.007 
 37    C3349    (0)    1 :  0.688 0.062 0.039 0.030 0.024 0.030 0.014 0.097 0.016 
 38    C3367   (18)    1 :  0.777 0.032 0.051 0.020 0.025 0.019 0.034 0.017 0.025 
 39    C3374    (0)    1 :  0.039 0.880 0.016 0.011 0.008 0.011 0.019 0.010 0.007 
 40    C3405    (0)    1 :  0.649 0.095 0.064 0.039 0.080 0.024 0.015 0.023 0.010 
 41    C4543    (0)    2 :  0.044 0.021 0.023 0.017 0.019 0.016 0.821 0.028 0.010 
 42    C4545    (9)    2 :  0.013 0.042 0.017 0.063 0.013 0.013 0.822 0.010 0.007 
 43    C4551    (9)    2 :  0.019 0.104 0.143 0.087 0.014 0.225 0.283 0.097 0.027 
 44    C4491    (0)    2 :  0.090 0.084 0.060 0.056 0.042 0.117 0.441 0.078 0.033 
 45    C4494    (0)    2 :  0.613 0.106 0.015 0.014 0.014 0.012 0.204 0.013 0.010 
 46    C4495    (0)    2 :  0.544 0.048 0.173 0.054 0.021 0.066 0.051 0.029 0.014 
 47    C4497    (9)    2 :  0.061 0.763 0.024 0.018 0.012 0.022 0.044 0.041 0.014 
 48    C4501    (0)    2 :  0.018 0.468 0.126 0.023 0.012 0.036 0.071 0.232 0.014 
 49    C4502    (0)    2 :  0.058 0.552 0.086 0.080 0.011 0.013 0.159 0.029 0.013 
 50    C4503    (0)    2 :  0.012 0.010 0.028 0.195 0.017 0.022 0.685 0.013 0.018 
 51    C4504    (0)    2 :  0.043 0.103 0.346 0.059 0.053 0.112 0.143 0.107 0.033 
 52    C4470    (0)    2 :  0.078 0.362 0.130 0.026 0.029 0.142 0.112 0.098 0.023 
 53    C4471    (0)    2 :  0.033 0.125 0.041 0.022 0.017 0.022 0.687 0.040 0.014 
 54    C4474    (9)    2 :  0.008 0.011 0.023 0.020 0.021 0.054 0.807 0.026 0.029 
 55    C4476    (0)    2 :  0.065 0.453 0.150 0.026 0.009 0.023 0.205 0.052 0.016 
 56    C4479    (0)    2 :  0.227 0.513 0.091 0.010 0.024 0.015 0.061 0.014 0.044 
 57    C4482    (0)    2 :  0.143 0.064 0.070 0.011 0.022 0.053 0.382 0.078 0.178 
 58    C4483    (0)    2 :  0.009 0.010 0.038 0.019 0.008 0.019 0.865 0.018 0.013 
 59    C4484    (0)    2 :  0.172 0.052 0.056 0.055 0.060 0.031 0.512 0.039 0.023 
 60    C4485    (0)    2 :  0.487 0.096 0.054 0.025 0.038 0.079 0.054 0.127 0.039 
 61    C4489    (0)    2 :  0.114 0.346 0.044 0.028 0.016 0.021 0.371 0.037 0.022 
 62    C4505    (0)    2 :  0.035 0.587 0.041 0.018 0.028 0.051 0.187 0.037 0.016 
 63    C4507    (0)    2 :  0.014 0.218 0.125 0.100 0.060 0.082 0.342 0.048 0.010 
 64    C4535    (0)    2 :  0.011 0.019 0.035 0.032 0.019 0.027 0.796 0.033 0.028 
 65    C4542    (0)    2 :  0.015 0.023 0.176 0.030 0.131 0.208 0.222 0.168 0.028 
 66    C4553    (9)    2 :  0.104 0.100 0.035 0.016 0.027 0.091 0.574 0.035 0.018 
 67    C4562   (18)    2 :  0.064 0.080 0.054 0.036 0.023 0.037 0.650 0.030 0.026 
 68    C4582   (18)    2 :  0.029 0.080 0.051 0.022 0.017 0.056 0.642 0.061 0.041 
 69    C4693    (0)    2 :  0.027 0.038 0.062 0.009 0.010 0.025 0.796 0.014 0.018 
 70    C4696    (0)    2 :  0.024 0.143 0.047 0.047 0.026 0.120 0.523 0.035 0.034 
 71    C3179    (0)    2 :  0.753 0.084 0.026 0.046 0.025 0.020 0.019 0.019 0.010 
 72    C3181    (0)    2 :  0.280 0.484 0.067 0.015 0.037 0.041 0.021 0.033 0.021 
 73    C3188    (0)    2 :  0.228 0.502 0.054 0.026 0.022 0.044 0.026 0.075 0.022 
 74    C3190    (0)    2 :  0.802 0.014 0.039 0.015 0.028 0.022 0.026 0.030 0.023 
 75    C3193    (0)    2 :  0.495 0.359 0.021 0.009 0.016 0.027 0.015 0.019 0.039 
 76    C3232    (0)    2 :  0.152 0.526 0.040 0.015 0.015 0.016 0.210 0.017 0.010 
 77    C3236    (0)    2 :  0.787 0.101 0.011 0.008 0.011 0.013 0.049 0.010 0.009 
 78    C3249    (0)    2 :  0.382 0.371 0.027 0.031 0.033 0.030 0.021 0.081 0.025 
 79    C3250    (0)    2 :  0.089 0.789 0.050 0.009 0.012 0.011 0.018 0.012 0.011 
 80    C3253    (0)    2 :  0.014 0.886 0.014 0.010 0.009 0.016 0.018 0.017 0.017 
 81    C3255    (0)    2 :  0.255 0.610 0.033 0.010 0.009 0.015 0.045 0.011 0.011 
 82    C3277    (0)    2 :  0.152 0.379 0.137 0.048 0.025 0.068 0.018 0.096 0.076 
 83    C3315    (0)    2 :  0.022 0.234 0.201 0.084 0.041 0.070 0.077 0.071 0.200 
 84    C3288    (0)    2 :  0.853 0.019 0.029 0.013 0.013 0.015 0.020 0.014 0.024 
 85    C3293    (0)    2 :  0.679 0.020 0.095 0.030 0.038 0.034 0.038 0.034 0.031 
 86    C4018    (0)    3 :  0.243 0.026 0.026 0.009 0.011 0.010 0.650 0.017 0.007 
 87    C3980    (0)    3 :  0.028 0.016 0.013 0.011 0.012 0.011 0.884 0.012 0.012 
 88    C3987    (0)    3 :  0.026 0.077 0.013 0.013 0.014 0.020 0.813 0.012 0.012 
 89    C3988    (0)    3 :  0.099 0.084 0.019 0.012 0.007 0.025 0.726 0.015 0.013 
 90    C3989    (0)    3 :  0.622 0.059 0.134 0.009 0.009 0.060 0.034 0.065 0.007 
 91    C4011    (0)    3 :  0.139 0.156 0.008 0.006 0.006 0.006 0.667 0.008 0.005 
 92    C4017    (0)    3 :  0.013 0.015 0.008 0.006 0.006 0.007 0.931 0.007 0.007 
 93    C4296    (0)    3 :  0.040 0.187 0.376 0.073 0.032 0.132 0.039 0.095 0.026 
 94    C4301    (9)    3 :  0.051 0.014 0.076 0.040 0.694 0.024 0.012 0.080 0.010 
 95    C4303    (0)    3 :  0.486 0.032 0.024 0.022 0.083 0.030 0.013 0.028 0.283 
 96    C4453    (0)    3 :  0.479 0.124 0.055 0.086 0.019 0.019 0.130 0.046 0.043 
 97    C4455    (9)    3 :  0.774 0.020 0.053 0.018 0.014 0.018 0.044 0.019 0.039 
 98    C4456   (18)    3 :  0.300 0.018 0.087 0.129 0.058 0.047 0.218 0.061 0.083 
 99    C4457    (9)    3 :  0.615 0.063 0.060 0.021 0.070 0.047 0.029 0.033 0.062 
100    C4459    (9)    3 :  0.461 0.197 0.025 0.011 0.016 0.030 0.217 0.025 0.018 
101    C4464   (18)    3 :  0.675 0.197 0.013 0.011 0.008 0.011 0.064 0.012 0.009 
102    C4467   (18)    3 :  0.410 0.494 0.016 0.010 0.008 0.010 0.033 0.010 0.009 
103    C4468    (9)    3 :  0.195 0.577 0.044 0.016 0.013 0.018 0.040 0.017 0.080 
104    C4783    (0)    3 :  0.183 0.012 0.062 0.012 0.012 0.049 0.633 0.025 0.013 
105    C4786    (0)    3 :  0.605 0.036 0.016 0.011 0.030 0.015 0.263 0.013 0.010 
106    C4789    (9)    3 :  0.285 0.160 0.022 0.009 0.048 0.016 0.415 0.033 0.011 
107    C4891    (0)    3 :  0.722 0.022 0.027 0.026 0.026 0.060 0.081 0.025 0.011 
108    C4896    (0)    3 :  0.215 0.019 0.061 0.018 0.093 0.062 0.441 0.062 0.029 
109    C4898    (0)    3 :  0.122 0.067 0.061 0.015 0.021 0.027 0.653 0.016 0.017 
110    C4901    (0)    3 :  0.704 0.017 0.016 0.008 0.017 0.015 0.195 0.019 0.010 
111    C4903    (9)    3 :  0.767 0.014 0.026 0.012 0.029 0.023 0.063 0.041 0.024 
112    C4904    (0)    3 :  0.137 0.019 0.030 0.009 0.015 0.027 0.731 0.026 0.008 
113    C3263    (0)    3 :  0.227 0.479 0.056 0.157 0.014 0.021 0.013 0.014 0.020 
114    C3271    (0)    3 :  0.050 0.801 0.029 0.022 0.030 0.019 0.018 0.020 0.010 
115    C3272    (0)    3 :  0.059 0.772 0.042 0.020 0.032 0.021 0.013 0.033 0.008 
116    C3276    (0)    3 :  0.381 0.029 0.051 0.066 0.355 0.041 0.015 0.042 0.019 
117    C3280    (9)    3 :  0.033 0.562 0.128 0.111 0.025 0.038 0.032 0.044 0.027 
118    C3305    (9)    3 :  0.010 0.912 0.016 0.010 0.008 0.009 0.011 0.016 0.008 
119    C3306    (0)    3 :  0.070 0.656 0.072 0.057 0.013 0.043 0.015 0.055 0.020 
120    C3324    (0)    3 :  0.024 0.508 0.137 0.216 0.019 0.037 0.020 0.022 0.018 
121    C3329    (0)    3 :  0.107 0.305 0.222 0.078 0.021 0.106 0.087 0.052 0.022 
122    C3336    (0)    3 :  0.080 0.717 0.045 0.018 0.047 0.027 0.024 0.030 0.013 
123    C3341   (18)    3 :  0.030 0.067 0.143 0.501 0.020 0.069 0.055 0.086 0.029 
124    C3409   (18)    3 :  0.110 0.406 0.114 0.051 0.034 0.082 0.043 0.121 0.040 
125    C3168    (9)    3 :  0.899 0.016 0.014 0.010 0.015 0.011 0.017 0.010 0.008 
126    C3170    (0)    3 :  0.860 0.034 0.017 0.012 0.019 0.013 0.021 0.018 0.007 
127    C3214   (18)    3 :  0.559 0.053 0.052 0.012 0.246 0.014 0.023 0.018 0.024 
128    C3227    (0)    3 :  0.853 0.015 0.011 0.010 0.055 0.012 0.019 0.013 0.011 
129    C3228    (0)    3 :  0.052 0.651 0.027 0.030 0.066 0.046 0.071 0.023 0.035 
130    C3279    (0)    3 :  0.684 0.067 0.042 0.013 0.042 0.064 0.015 0.057 0.017 
131    C3322    (0)    3 :  0.417 0.029 0.039 0.013 0.295 0.055 0.075 0.030 0.046 
132    C3303    (0)    3 :  0.712 0.057 0.026 0.038 0.064 0.034 0.017 0.038 0.013 
133    C3317    (0)    3 :  0.058 0.803 0.026 0.022 0.011 0.019 0.021 0.022 0.018 
134    C3355    (0)    3 :  0.537 0.353 0.014 0.019 0.009 0.014 0.027 0.016 0.011 
135    C3376    (9)    3 :  0.314 0.309 0.178 0.016 0.020 0.026 0.032 0.082 0.024 
136    C3401    (0)    3 :  0.062 0.753 0.034 0.021 0.026 0.029 0.028 0.022 0.026 
137    C3203    (9)    3 :  0.487 0.192 0.096 0.052 0.022 0.017 0.035 0.060 0.037 
138    C3245    (0)    3 :  0.844 0.048 0.016 0.011 0.020 0.016 0.010 0.017 0.018 
139    C3302    (0)    3 :  0.870 0.012 0.030 0.015 0.016 0.016 0.010 0.016 0.015 
140    C3307    (0)    3 :  0.449 0.040 0.155 0.130 0.013 0.043 0.078 0.018 0.073 
141    C3310    (0)    3 :  0.917 0.008 0.015 0.011 0.012 0.010 0.008 0.010 0.009 
142    C3312    (9)    3 :  0.432 0.307 0.044 0.022 0.020 0.052 0.054 0.037 0.031 
143    C3345    (0)    3 :  0.872 0.017 0.023 0.022 0.014 0.011 0.020 0.012 0.010 
144    C3371    (0)    3 :  0.856 0.019 0.031 0.038 0.009 0.016 0.008 0.012 0.011 
145    C3372    (0)    3 :  0.657 0.114 0.078 0.041 0.017 0.032 0.024 0.019 0.019 
146    C3380    (9)    3 :  0.928 0.013 0.008 0.006 0.007 0.007 0.018 0.007 0.008 
147    C3417    (0)    3 :  0.457 0.050 0.085 0.185 0.014 0.041 0.095 0.044 0.027 
148    C4569    (9)    4 :  0.019 0.037 0.145 0.080 0.035 0.195 0.186 0.263 0.041 
149    C4570    (9)    4 :  0.012 0.074 0.077 0.017 0.010 0.023 0.759 0.015 0.014 
150    C4571    (9)    4 :  0.030 0.365 0.102 0.018 0.016 0.027 0.396 0.024 0.023 
151    C4572    (9)    4 :  0.011 0.028 0.043 0.014 0.016 0.015 0.840 0.014 0.018 
152    C4573    (9)    4 :  0.011 0.129 0.153 0.027 0.047 0.052 0.079 0.056 0.447 
153    C4575    (9)    4 :  0.029 0.044 0.132 0.023 0.029 0.035 0.549 0.067 0.093 
154    C4577    (9)    4 :  0.016 0.021 0.070 0.014 0.009 0.019 0.829 0.015 0.007 
155    C4578    (9)    4 :  0.019 0.074 0.164 0.021 0.019 0.066 0.467 0.086 0.084 
156    C4600   (18)    4 :  0.021 0.055 0.058 0.021 0.033 0.211 0.464 0.109 0.027 
157    C4612    (9)    4 :  0.023 0.023 0.070 0.015 0.119 0.031 0.656 0.044 0.018 
158    C4621    (0)    4 :  0.056 0.055 0.020 0.007 0.015 0.012 0.800 0.017 0.018 
159    C4622    (9)    4 :  0.016 0.010 0.009 0.009 0.010 0.012 0.915 0.009 0.010 
160    C4623    (0)    4 :  0.119 0.100 0.182 0.196 0.057 0.079 0.176 0.039 0.052 
161    C4624    (0)    4 :  0.011 0.028 0.015 0.015 0.036 0.026 0.802 0.013 0.052 
162    C4625    (0)    4 :  0.012 0.141 0.024 0.014 0.015 0.051 0.090 0.267 0.387 
163    C4627    (0)    4 :  0.076 0.017 0.024 0.018 0.016 0.020 0.765 0.036 0.029 
164    C4631    (0)    4 :  0.012 0.010 0.028 0.189 0.018 0.022 0.686 0.013 0.021 
165    C4632    (0)    4 :  0.035 0.047 0.059 0.016 0.010 0.026 0.764 0.021 0.021 
166    C3939    (0)    4 :  0.054 0.020 0.024 0.011 0.016 0.017 0.823 0.025 0.009 
167    C3940    (0)    4 :  0.039 0.018 0.179 0.024 0.015 0.072 0.555 0.090 0.008 
168    C3945    (0)    4 :  0.016 0.016 0.008 0.008 0.007 0.012 0.918 0.010 0.005 
169    C4520    (0)    4 :  0.054 0.118 0.111 0.038 0.476 0.079 0.024 0.078 0.022 
170    C4522    (0)    4 :  0.221 0.034 0.020 0.010 0.010 0.014 0.666 0.015 0.010 
171    C3182    (0)    4 :  0.741 0.091 0.022 0.026 0.016 0.022 0.050 0.019 0.013 
172    C3189    (0)    4 :  0.123 0.331 0.107 0.025 0.030 0.076 0.028 0.122 0.157 
173    C3191    (9)    4 :  0.432 0.333 0.058 0.027 0.018 0.024 0.016 0.026 0.064 
174    C3196    (0)    4 :  0.739 0.121 0.024 0.013 0.021 0.022 0.013 0.027 0.020 
175    C3208    (0)    4 :  0.571 0.026 0.024 0.047 0.045 0.027 0.190 0.026 0.043 
176    C3211    (0)    4 :  0.882 0.019 0.013 0.013 0.016 0.014 0.019 0.017 0.008 
177    C3212    (0)    4 :  0.099 0.067 0.425 0.137 0.074 0.040 0.046 0.104 0.008 
178    C3213    (0)    4 :  0.769 0.046 0.030 0.025 0.020 0.039 0.012 0.049 0.010 
179    C3215    (0)    4 :  0.599 0.012 0.019 0.011 0.242 0.023 0.050 0.015 0.029 
180    C3217    (0)    4 :  0.476 0.339 0.038 0.038 0.013 0.024 0.019 0.040 0.014 
181    C3225    (9)    4 :  0.202 0.519 0.061 0.021 0.080 0.030 0.021 0.037 0.028 
182    C3226    (0)    4 :  0.469 0.284 0.016 0.014 0.010 0.012 0.171 0.011 0.013 
183    C3238    (9)    4 :  0.726 0.037 0.022 0.012 0.021 0.016 0.125 0.021 0.019 
184    C3239    (0)    4 :  0.166 0.469 0.201 0.036 0.013 0.020 0.037 0.036 0.022 
185    C3269   (18)    4 :  0.037 0.462 0.061 0.024 0.106 0.037 0.116 0.044 0.115 
186    C3273    (0)    4 :  0.332 0.489 0.022 0.009 0.021 0.021 0.021 0.033 0.052 
187    C3274    (0)    4 :  0.555 0.018 0.068 0.014 0.046 0.153 0.026 0.099 0.021 
188    C3354    (0)    4 :  0.827 0.044 0.022 0.011 0.015 0.025 0.015 0.021 0.020 
189    C3361    (0)    4 :  0.859 0.031 0.023 0.009 0.012 0.016 0.020 0.015 0.014 
190    C3289    (0)    4 :  0.886 0.015 0.018 0.010 0.013 0.012 0.013 0.015 0.016 
191    C3169    (0)    4 :  0.235 0.647 0.015 0.010 0.020 0.010 0.034 0.014 0.014 
192    C3199    (9)    4 :  0.646 0.096 0.034 0.017 0.024 0.018 0.091 0.018 0.056 
193    C3224    (0)    4 :  0.729 0.152 0.015 0.013 0.033 0.013 0.016 0.015 0.014 
194    C3261   (18)    4 :  0.759 0.102 0.025 0.011 0.008 0.018 0.041 0.025 0.010 
195    C3320    (0)    4 :  0.652 0.129 0.025 0.012 0.025 0.036 0.038 0.043 0.041 
196    C4151    (0)    5 :  0.014 0.018 0.012 0.008 0.006 0.009 0.911 0.010 0.011 
197    C4152    (0)    5 :  0.012 0.079 0.023 0.012 0.010 0.012 0.818 0.018 0.016 
198    C4153    (0)    5 :  0.364 0.086 0.042 0.014 0.049 0.029 0.351 0.040 0.026 
199    C4154   (18)    5 :  0.130 0.077 0.027 0.020 0.019 0.029 0.663 0.027 0.009 
200    C4157    (0)    5 :  0.024 0.473 0.027 0.014 0.017 0.194 0.189 0.046 0.015 
201    C4158    (0)    5 :  0.016 0.018 0.010 0.008 0.008 0.013 0.903 0.010 0.014 
202    C4163    (0)    5 :  0.013 0.014 0.009 0.006 0.005 0.007 0.931 0.007 0.007 
203    C4165    (0)    5 :  0.051 0.019 0.504 0.106 0.009 0.116 0.157 0.019 0.019 
204    C4248    (9)    5 :  0.159 0.651 0.022 0.014 0.014 0.035 0.040 0.040 0.025 
205    C4254    (0)    5 :  0.317 0.446 0.035 0.018 0.043 0.028 0.074 0.027 0.012 
206    C4371    (9)    5 :  0.022 0.777 0.025 0.034 0.013 0.019 0.071 0.021 0.018 
207    C3936    (0)    5 :  0.017 0.016 0.012 0.013 0.014 0.016 0.883 0.017 0.012 
208    C3937    (0)    5 :  0.026 0.016 0.055 0.010 0.007 0.011 0.849 0.013 0.011 
209    C3944    (0)    5 :  0.060 0.116 0.012 0.012 0.007 0.011 0.766 0.008 0.007 
210    C3954    (0)    5 :  0.058 0.739 0.020 0.008 0.017 0.012 0.080 0.019 0.049 
211    C3955    (9)    5 :  0.244 0.208 0.019 0.008 0.021 0.029 0.409 0.037 0.025 
212    C3961    (0)    5 :  0.040 0.037 0.014 0.053 0.029 0.014 0.779 0.022 0.010 
213    C3974    (0)    5 :  0.020 0.025 0.027 0.015 0.027 0.031 0.821 0.020 0.014 
214    C4024    (0)    5 :  0.025 0.333 0.027 0.067 0.020 0.025 0.465 0.027 0.011 
215    C4025    (0)    5 :  0.013 0.047 0.025 0.031 0.014 0.019 0.822 0.013 0.017 
216    C4028    (0)    5 :  0.045 0.072 0.098 0.037 0.028 0.079 0.452 0.129 0.059 
217    C4032   (18)    5 :  0.027 0.874 0.012 0.008 0.010 0.010 0.038 0.011 0.011 
218    C4033   (18)    5 :  0.717 0.167 0.017 0.012 0.013 0.013 0.034 0.013 0.014 
219    C4034    (0)    5 :  0.364 0.237 0.063 0.070 0.114 0.059 0.043 0.027 0.023 
220    C4041    (9)    5 :  0.101 0.285 0.247 0.101 0.079 0.028 0.033 0.113 0.013 
221    C4042   (18)    5 :  0.300 0.161 0.132 0.096 0.030 0.073 0.132 0.054 0.023 
222    C4043    (9)    5 :  0.096 0.576 0.029 0.021 0.013 0.026 0.191 0.025 0.023 
223    C4044    (9)    5 :  0.079 0.091 0.058 0.403 0.055 0.071 0.129 0.067 0.047 
224    C4045    (9)    5 :  0.358 0.320 0.041 0.014 0.026 0.036 0.136 0.021 0.048 
225    C4046    (9)    5 :  0.142 0.678 0.027 0.038 0.019 0.020 0.031 0.014 0.031 
226    C4047    (0)    5 :  0.781 0.033 0.020 0.017 0.034 0.034 0.017 0.034 0.031 
227    C4048    (9)    5 :  0.652 0.097 0.044 0.045 0.041 0.033 0.020 0.029 0.038 
228    C4055    (9)    5 :  0.044 0.639 0.083 0.019 0.027 0.029 0.082 0.030 0.048 
229    C4057   (18)    5 :  0.048 0.816 0.025 0.029 0.018 0.014 0.027 0.015 0.008 
230    C4059    (0)    5 :  0.235 0.548 0.037 0.012 0.017 0.018 0.067 0.037 0.029 
231    C4060    (9)    5 :  0.066 0.479 0.262 0.026 0.022 0.025 0.074 0.026 0.018 
232    C4064    (9)    5 :  0.028 0.433 0.074 0.015 0.021 0.126 0.024 0.054 0.224 
233    C4067    (0)    5 :  0.748 0.025 0.040 0.033 0.035 0.022 0.018 0.015 0.065 
234    C4068    (9)    5 :  0.765 0.044 0.031 0.018 0.027 0.026 0.034 0.023 0.031 
235    C4070    (9)    5 :  0.482 0.104 0.058 0.112 0.026 0.034 0.131 0.022 0.031 
236    C4075   (18)    5 :  0.756 0.068 0.034 0.026 0.028 0.023 0.029 0.021 0.017 
237    C4081    (9)    5 :  0.200 0.545 0.085 0.021 0.024 0.038 0.024 0.039 0.024 
238    C4082    (0)    5 :  0.610 0.098 0.029 0.020 0.044 0.024 0.111 0.026 0.039 
239    C4083    (0)    5 :  0.043 0.145 0.197 0.175 0.028 0.161 0.094 0.097 0.058 
240    C4086    (0)    5 :  0.203 0.317 0.063 0.012 0.022 0.045 0.048 0.093 0.198 
241    C4088    (9)    5 :  0.029 0.033 0.022 0.009 0.027 0.043 0.025 0.021 0.792 
242    C4092    (0)    5 :  0.048 0.518 0.043 0.059 0.020 0.035 0.226 0.041 0.011 
243    C4099    (9)    5 :  0.224 0.197 0.273 0.064 0.046 0.032 0.031 0.117 0.016 
244    C4104    (0)    5 :  0.207 0.081 0.039 0.058 0.016 0.031 0.524 0.022 0.021 
245    C4108   (18)    5 :  0.017 0.012 0.093 0.026 0.611 0.098 0.011 0.078 0.055 
246    C4118    (0)    5 :  0.023 0.376 0.159 0.016 0.151 0.128 0.030 0.061 0.056 
247    C4131    (0)    5 :  0.109 0.125 0.047 0.016 0.020 0.068 0.444 0.063 0.106 
248    C4133    (0)    5 :  0.030 0.875 0.021 0.008 0.012 0.014 0.017 0.011 0.012 
249    C4135    (0)    5 :  0.045 0.344 0.013 0.008 0.005 0.010 0.558 0.011 0.005 
250    C4136    (0)    5 :  0.025 0.020 0.046 0.027 0.072 0.102 0.590 0.041 0.079 
251    C4137    (9)    5 :  0.037 0.364 0.033 0.017 0.015 0.047 0.414 0.045 0.028 
252    C4139    (0)    5 :  0.038 0.051 0.025 0.010 0.010 0.017 0.817 0.022 0.009 
253    C4140    (9)    5 :  0.043 0.171 0.028 0.018 0.017 0.035 0.665 0.015 0.009 
254    C4167    (0)    5 :  0.017 0.153 0.055 0.050 0.014 0.132 0.455 0.074 0.049 
255    C4236    (0)    5 :  0.061 0.604 0.039 0.034 0.022 0.112 0.025 0.080 0.023 
256    C4237    (0)    5 :  0.014 0.058 0.051 0.019 0.077 0.065 0.047 0.077 0.593 
257    C4238    (0)    5 :  0.300 0.390 0.088 0.017 0.048 0.023 0.069 0.018 0.047 
258    C4241    (0)    5 :  0.478 0.260 0.055 0.026 0.032 0.034 0.071 0.024 0.019 
259    C4247    (9)    5 :  0.046 0.424 0.111 0.060 0.050 0.032 0.076 0.025 0.177 
260    C4257    (0)    5 :  0.643 0.137 0.039 0.022 0.040 0.023 0.038 0.032 0.025 
261    C4383    (0)    5 :  0.035 0.282 0.066 0.230 0.042 0.050 0.149 0.088 0.058 
262    C4397    (9)    5 :  0.013 0.842 0.012 0.008 0.010 0.028 0.066 0.012 0.009 
263    C4514    (0)    5 :  0.022 0.134 0.022 0.024 0.023 0.016 0.734 0.012 0.014 
264    C4519    (0)    5 :  0.124 0.034 0.195 0.020 0.048 0.019 0.506 0.047 0.007 
265    C4527    (0)    5 :  0.684 0.032 0.015 0.016 0.014 0.016 0.196 0.015 0.012 
266    C4534    (0)    5 :  0.583 0.059 0.047 0.067 0.047 0.025 0.092 0.064 0.015 
267    C4699    (0)    5 :  0.073 0.018 0.061 0.032 0.018 0.031 0.672 0.031 0.064 
268    C1541    (9)    5 :  0.778 0.115 0.025 0.012 0.010 0.013 0.026 0.010 0.011 
269    C1542    (9)    5 :  0.837 0.073 0.011 0.010 0.021 0.012 0.012 0.011 0.014 
270    C1544    (0)    5 :  0.264 0.514 0.026 0.016 0.035 0.031 0.026 0.040 0.048 
271    C1547    (9)    5 :  0.071 0.117 0.104 0.152 0.247 0.080 0.042 0.098 0.087 
272    C1553    (9)    5 :  0.047 0.037 0.078 0.088 0.160 0.200 0.213 0.139 0.037 
273    C1555    (9)    5 :  0.024 0.822 0.022 0.013 0.023 0.027 0.015 0.035 0.020 
274    C1557    (0)    5 :  0.024 0.846 0.014 0.018 0.014 0.020 0.026 0.016 0.023 
275    C1560    (0)    5 :  0.037 0.814 0.018 0.014 0.042 0.015 0.015 0.036 0.009 
276    C1565    (0)    5 :  0.606 0.147 0.038 0.052 0.019 0.049 0.030 0.046 0.013 
277    C1567    (0)    5 :  0.065 0.674 0.032 0.026 0.099 0.021 0.031 0.028 0.024 
278    C1569    (0)    5 :  0.141 0.667 0.030 0.031 0.024 0.027 0.042 0.020 0.018 
279    C1571    (0)    5 :  0.382 0.242 0.031 0.034 0.159 0.028 0.037 0.036 0.051 
280    C1576    (0)    5 :  0.093 0.392 0.164 0.026 0.042 0.036 0.155 0.029 0.061 
281    C1577    (9)    5 :  0.605 0.188 0.028 0.015 0.044 0.028 0.027 0.027 0.037 
282    C1579    (0)    5 :  0.307 0.528 0.030 0.014 0.019 0.034 0.020 0.030 0.019 
283    C3990    (0)    6 :  0.027 0.023 0.007 0.008 0.007 0.007 0.904 0.008 0.007 
284    C3991    (0)    6 :  0.033 0.035 0.133 0.052 0.018 0.024 0.622 0.024 0.060 
285    C3992    (0)    6 :  0.034 0.023 0.185 0.021 0.022 0.027 0.593 0.038 0.056 
286    C3994    (0)    6 :  0.218 0.191 0.218 0.133 0.016 0.038 0.103 0.047 0.037 
287    C4172    (0)    6 :  0.015 0.008 0.067 0.044 0.052 0.077 0.628 0.038 0.071 
288    C4173    (9)    6 :  0.034 0.014 0.050 0.347 0.022 0.015 0.495 0.012 0.012 
289    C4232    (9)    6 :  0.820 0.118 0.008 0.008 0.011 0.008 0.011 0.008 0.007 
290    C4234    (9)    6 :  0.590 0.325 0.012 0.009 0.012 0.013 0.017 0.013 0.010 
291    C4259    (0)    6 :  0.327 0.566 0.030 0.012 0.009 0.011 0.022 0.012 0.011 
292    C4260    (0)    6 :  0.889 0.025 0.012 0.008 0.007 0.010 0.027 0.014 0.009 
293    C4261    (9)    6 :  0.565 0.023 0.122 0.058 0.087 0.061 0.039 0.025 0.021 
294    C4262    (0)    6 :  0.064 0.487 0.119 0.091 0.023 0.037 0.146 0.023 0.010 
295    C4263    (0)    6 :  0.147 0.629 0.025 0.033 0.027 0.024 0.032 0.014 0.070 
296    C4267    (9)    6 :  0.207 0.471 0.033 0.014 0.023 0.031 0.160 0.016 0.044 
297    C4269    (0)    6 :  0.270 0.292 0.168 0.056 0.015 0.049 0.106 0.027 0.017 
298    C4272    (0)    6 :  0.025 0.856 0.023 0.013 0.017 0.018 0.020 0.018 0.009 
299    C4274    (0)    6 :  0.069 0.235 0.274 0.011 0.305 0.027 0.025 0.045 0.010 
300    C4276    (9)    6 :  0.019 0.023 0.098 0.015 0.761 0.015 0.010 0.040 0.019 
301    C4278    (0)    6 :  0.071 0.616 0.101 0.025 0.035 0.033 0.068 0.033 0.017 
302    C4280    (0)    6 :  0.467 0.161 0.076 0.018 0.021 0.053 0.146 0.044 0.014 
303    C4281    (0)    6 :  0.161 0.572 0.119 0.024 0.018 0.025 0.033 0.024 0.023 
304    C4282    (0)    6 :  0.248 0.086 0.125 0.153 0.048 0.143 0.021 0.125 0.052 
305    C4284    (9)    6 :  0.045 0.696 0.010 0.009 0.009 0.010 0.202 0.010 0.009 
306    C4286    (9)    6 :  0.403 0.098 0.094 0.028 0.063 0.048 0.193 0.049 0.024 
307    C4287    (0)    6 :  0.354 0.159 0.134 0.077 0.026 0.059 0.112 0.068 0.011 
308    C4290    (0)    6 :  0.014 0.125 0.084 0.066 0.365 0.083 0.035 0.086 0.142 
309    C4307   (18)    6 :  0.307 0.218 0.147 0.022 0.016 0.051 0.183 0.042 0.015 
310    C4310    (9)    6 :  0.170 0.549 0.048 0.012 0.042 0.016 0.054 0.033 0.077 
311    C4311   (18)    6 :  0.552 0.175 0.069 0.019 0.031 0.029 0.027 0.075 0.022 
312    C4312    (0)    6 :  0.234 0.632 0.020 0.012 0.019 0.019 0.033 0.018 0.014 
313    C4314    (0)    6 :  0.169 0.455 0.049 0.012 0.023 0.039 0.020 0.049 0.184 
314    C4318    (9)    6 :  0.070 0.593 0.053 0.036 0.013 0.046 0.067 0.111 0.011 
315    C4321    (9)    6 :  0.324 0.298 0.069 0.060 0.063 0.029 0.111 0.034 0.012 
316    C4324    (0)    6 :  0.118 0.593 0.043 0.051 0.041 0.025 0.090 0.027 0.011 
317    C4334    (0)    6 :  0.019 0.789 0.025 0.037 0.016 0.014 0.073 0.018 0.009 
318    C4529    (0)    6 :  0.484 0.223 0.052 0.030 0.040 0.049 0.045 0.054 0.023 
319    C1582    (9)    6 :  0.117 0.614 0.029 0.015 0.025 0.019 0.149 0.017 0.014 
320    C1583    (0)    6 :  0.118 0.659 0.034 0.018 0.030 0.028 0.029 0.024 0.062 
321    C1584    (9)    6 :  0.034 0.820 0.018 0.009 0.037 0.013 0.030 0.018 0.020 
322    C1585    (0)    6 :  0.018 0.892 0.010 0.007 0.013 0.008 0.030 0.008 0.015 
323    C1586    (0)    6 :  0.037 0.779 0.033 0.051 0.013 0.022 0.025 0.016 0.024 
324    C1589    (0)    6 :  0.064 0.735 0.016 0.012 0.012 0.011 0.126 0.014 0.010 
325    C1591    (0)    6 :  0.036 0.861 0.014 0.010 0.008 0.008 0.039 0.012 0.012 
326    C1592    (0)    6 :  0.056 0.767 0.055 0.031 0.019 0.022 0.012 0.018 0.018 
327    C1594    (0)    6 :  0.095 0.705 0.018 0.013 0.027 0.019 0.038 0.017 0.067 
328    C1597    (9)    6 :  0.643 0.094 0.034 0.024 0.076 0.029 0.044 0.033 0.024 
329    C1598    (9)    6 :  0.068 0.592 0.021 0.013 0.020 0.022 0.193 0.025 0.046 
330    C1599    (0)    6 :  0.245 0.630 0.023 0.011 0.031 0.017 0.013 0.020 0.009 
331    C1601    (0)    6 :  0.147 0.146 0.040 0.027 0.027 0.057 0.429 0.048 0.080 
332    C1605    (0)    6 :  0.084 0.090 0.344 0.036 0.092 0.087 0.062 0.119 0.087 
333    C1609    (0)    6 :  0.023 0.894 0.013 0.007 0.009 0.009 0.026 0.010 0.009 
334    C1610    (0)    6 :  0.380 0.203 0.044 0.013 0.099 0.095 0.015 0.084 0.067 
335    C1611    (0)    6 :  0.791 0.067 0.028 0.036 0.017 0.020 0.012 0.017 0.013 
336    C1612    (0)    6 :  0.851 0.087 0.009 0.006 0.009 0.009 0.011 0.009 0.009 
337    C1613    (0)    6 :  0.588 0.186 0.028 0.041 0.036 0.022 0.032 0.028 0.038 
338    C3173    (9)    6 :  0.229 0.414 0.092 0.041 0.034 0.054 0.041 0.055 0.040 
339    C3204    (0)    6 :  0.803 0.042 0.018 0.014 0.028 0.021 0.036 0.025 0.014 
340    C3223    (9)    6 :  0.370 0.026 0.118 0.060 0.047 0.080 0.018 0.266 0.015 
341    C3262    (0)    6 :  0.191 0.465 0.062 0.023 0.048 0.027 0.039 0.048 0.096 
342    C3270    (0)    6 :  0.461 0.273 0.051 0.015 0.020 0.026 0.116 0.024 0.013 
343    C3300    (0)    6 :  0.175 0.433 0.017 0.010 0.009 0.011 0.320 0.016 0.010 
344    C3330    (0)    6 :  0.181 0.512 0.059 0.019 0.018 0.053 0.102 0.043 0.014 
345    C3390    (9)    6 :  0.371 0.408 0.044 0.024 0.015 0.023 0.071 0.024 0.020 
346    C3424    (9)    6 :  0.557 0.198 0.032 0.017 0.023 0.069 0.040 0.052 0.012 
347    C3958    (0)    6 :  0.022 0.055 0.012 0.016 0.008 0.020 0.849 0.010 0.007 
348    C3962    (0)    6 :  0.017 0.025 0.018 0.009 0.015 0.023 0.873 0.014 0.006 
349    C4019    (0)    6 :  0.010 0.013 0.042 0.032 0.173 0.473 0.115 0.117 0.024 
350    C3995   (18)    6 :  0.029 0.017 0.018 0.029 0.016 0.020 0.835 0.015 0.019 
351    C4000    (0)    6 :  0.088 0.023 0.064 0.068 0.034 0.081 0.587 0.040 0.014 
352    C4002    (0)    6 :  0.058 0.025 0.017 0.018 0.012 0.026 0.816 0.015 0.014 
353    C1692    (0)    7 :  0.027 0.015 0.159 0.028 0.103 0.262 0.128 0.233 0.045 
354    C1693    (0)    7 :  0.125 0.037 0.226 0.063 0.027 0.130 0.037 0.341 0.013 
355    C1694    (0)    7 :  0.048 0.044 0.171 0.184 0.039 0.112 0.017 0.302 0.084 
356    C1698    (0)    7 :  0.009 0.032 0.073 0.075 0.015 0.168 0.008 0.582 0.039 
357    C1699    (0)    7 :  0.028 0.022 0.161 0.044 0.032 0.141 0.014 0.258 0.300 
358    C1700    (0)    7 :  0.029 0.050 0.139 0.130 0.043 0.319 0.061 0.183 0.045 
359    C1701    (0)    7 :  0.012 0.026 0.076 0.021 0.025 0.327 0.011 0.122 0.380 
360    C1702    (0)    7 :  0.012 0.012 0.115 0.049 0.019 0.217 0.012 0.484 0.078 
361    C1703    (0)    7 :  0.009 0.016 0.136 0.238 0.147 0.280 0.020 0.114 0.040 
362    C1704    (0)    7 :  0.021 0.212 0.091 0.183 0.063 0.098 0.030 0.278 0.023 
363    C1705    (0)    7 :  0.010 0.014 0.114 0.422 0.073 0.063 0.162 0.127 0.015 
364    C1706    (0)    7 :  0.017 0.014 0.176 0.038 0.042 0.136 0.010 0.215 0.352 
365    C1707    (0)    7 :  0.083 0.296 0.123 0.037 0.139 0.056 0.014 0.144 0.106 
366    C1708    (0)    7 :  0.011 0.025 0.215 0.427 0.020 0.159 0.013 0.109 0.019 
367    C1709    (0)    7 :  0.023 0.019 0.061 0.646 0.017 0.070 0.079 0.057 0.027 
368    C1710    (0)    7 :  0.019 0.041 0.107 0.068 0.023 0.356 0.022 0.278 0.087 
369    C1712    (0)    7 :  0.012 0.008 0.105 0.480 0.051 0.186 0.030 0.114 0.013 
370    C1714    (0)    7 :  0.009 0.022 0.187 0.652 0.018 0.051 0.013 0.029 0.017 
371    C1715    (0)    7 :  0.018 0.023 0.086 0.018 0.133 0.213 0.013 0.422 0.074 
372    C1717    (0)    7 :  0.046 0.046 0.165 0.045 0.144 0.100 0.013 0.419 0.021 
373    C1718   (18)    7 :  0.015 0.066 0.205 0.031 0.142 0.249 0.014 0.243 0.035 
374    C1719    (0)    7 :  0.074 0.032 0.080 0.573 0.023 0.065 0.098 0.038 0.016 
375    C1656    (0)    8 :  0.011 0.009 0.064 0.056 0.022 0.188 0.033 0.288 0.330 
376    C1657   (18)    8 :  0.031 0.014 0.167 0.325 0.074 0.115 0.017 0.143 0.115 
377    C1658    (0)    8 :  0.007 0.009 0.042 0.030 0.034 0.194 0.009 0.619 0.056 
378    C1659    (0)    8 :  0.055 0.027 0.092 0.021 0.370 0.123 0.024 0.200 0.087 
379    C1661    (9)    8 :  0.033 0.084 0.190 0.053 0.074 0.211 0.021 0.270 0.064 
380    C1665    (0)    8 :  0.032 0.015 0.098 0.027 0.035 0.157 0.013 0.375 0.248 
381    C1667    (9)    8 :  0.007 0.007 0.107 0.780 0.014 0.034 0.005 0.028 0.017 
382    C1676    (9)    8 :  0.014 0.014 0.052 0.091 0.023 0.358 0.021 0.322 0.106 
383    C1681    (9)    8 :  0.012 0.041 0.064 0.085 0.053 0.145 0.013 0.439 0.148 
384    C1682    (0)    8 :  0.016 0.015 0.153 0.420 0.048 0.123 0.016 0.142 0.067 
385    C1685    (0)    8 :  0.040 0.012 0.103 0.023 0.013 0.384 0.023 0.352 0.050 
386    C4707    (0)    9 :  0.021 0.038 0.095 0.033 0.021 0.572 0.059 0.139 0.021 
387    C4747    (0)    9 :  0.136 0.039 0.167 0.349 0.039 0.061 0.092 0.100 0.016 
388    C4772    (0)    9 :  0.055 0.038 0.123 0.028 0.042 0.220 0.360 0.074 0.060 
389    C4781    (0)    9 :  0.008 0.032 0.421 0.424 0.013 0.032 0.020 0.039 0.011 
390    C4782    (0)    9 :  0.020 0.069 0.118 0.078 0.086 0.234 0.054 0.300 0.041 
391    C4787    (0)    9 :  0.015 0.024 0.077 0.038 0.338 0.092 0.117 0.273 0.027 
392    C4790    (0)    9 :  0.014 0.023 0.149 0.415 0.037 0.171 0.088 0.072 0.031 
393    C4803    (0)    9 :  0.039 0.021 0.275 0.053 0.075 0.164 0.070 0.282 0.021 
394    C4813    (0)    9 :  0.022 0.008 0.034 0.025 0.039 0.070 0.683 0.069 0.050 
395    C4837    (0)    9 :  0.034 0.015 0.170 0.031 0.023 0.447 0.077 0.186 0.017 
396    C4838    (0)    9 :  0.011 0.013 0.061 0.034 0.151 0.159 0.079 0.446 0.048 
397    C4843    (0)    9 :  0.039 0.012 0.114 0.024 0.017 0.474 0.031 0.216 0.072 
398    C4857    (0)    9 :  0.039 0.090 0.036 0.019 0.036 0.060 0.603 0.079 0.038 
399    C4828    (0)    9 :  0.184 0.037 0.290 0.061 0.054 0.124 0.023 0.127 0.100 
400    C4835    (0)    9 :  0.013 0.015 0.172 0.021 0.022 0.059 0.507 0.116 0.075 
401    C4836    (9)    9 :  0.022 0.029 0.122 0.131 0.115 0.225 0.166 0.157 0.033 
402    C4842    (0)    9 :  0.018 0.008 0.091 0.064 0.026 0.349 0.037 0.228 0.179 
403    C4863    (9)    9 :  0.016 0.050 0.181 0.139 0.100 0.222 0.036 0.236 0.020 
404    C4744    (0)    9 :  0.040 0.010 0.094 0.184 0.078 0.286 0.019 0.217 0.071 
405    C4745    (0)    9 :  0.013 0.029 0.139 0.024 0.038 0.265 0.082 0.287 0.123 
406    C4768    (0)    9 :  0.031 0.055 0.096 0.270 0.024 0.246 0.165 0.058 0.056 
407    C4769    (0)    9 :  0.012 0.009 0.063 0.055 0.094 0.135 0.123 0.143 0.368 
408    C4771    (0)    9 :  0.011 0.010 0.036 0.038 0.110 0.535 0.016 0.223 0.021 
409    C4784    (0)    9 :  0.014 0.034 0.193 0.345 0.043 0.105 0.163 0.068 0.035 
410    C4785    (0)    9 :  0.018 0.028 0.106 0.704 0.016 0.028 0.021 0.040 0.038 
411    C4795    (0)    9 :  0.021 0.044 0.317 0.449 0.033 0.038 0.051 0.028 0.019 
412    C4796    (0)    9 :  0.013 0.015 0.123 0.094 0.051 0.377 0.012 0.293 0.022 
413    C4800    (0)    9 :  0.008 0.015 0.064 0.012 0.069 0.241 0.245 0.334 0.014 
414    C4801    (0)    9 :  0.008 0.079 0.095 0.046 0.046 0.082 0.382 0.064 0.197 
415    C4802    (0)    9 :  0.034 0.464 0.070 0.017 0.031 0.076 0.029 0.162 0.117 
416    C4805    (0)    9 :  0.011 0.018 0.034 0.080 0.115 0.388 0.092 0.139 0.122 
417    C4806    (0)    9 :  0.007 0.013 0.041 0.014 0.270 0.394 0.041 0.163 0.057 
418    C4850    (0)    9 :  0.078 0.033 0.198 0.028 0.037 0.280 0.150 0.146 0.050 
419    C4748    (0)   10 :  0.009 0.008 0.157 0.077 0.059 0.064 0.128 0.086 0.412 
420    C4753    (0)   10 :  0.013 0.024 0.139 0.056 0.097 0.281 0.033 0.302 0.055 
421    C4754    (0)   10 :  0.011 0.031 0.070 0.053 0.026 0.517 0.105 0.146 0.041 
422    C4760    (0)   10 :  0.047 0.056 0.141 0.016 0.120 0.233 0.197 0.174 0.016 
