

----------------------------------------------------
STRUCTURE by Pritchard, Stephens and Donnelly (2000)
     and Falush, Stephens and Pritchard (2003)
       Code by Pritchard, Falush and Hubisz
             Version 2.3.4 (Jul 2012)
----------------------------------------------------



Command line arguments:   bin\structure -m C:\Users\eschumacher\Documents\Butternut\butternut_STRUCTURE_withQU\50-50\mainparams -e C:\Users\eschumacher\Documents\Butternut\butternut_STRUCTURE_withQU\50-50\extraparams 
Input File:    C:\Users\eschumacher\Documents\Butternut\butternut_STRUCTURE_withQU\project_data

Run parameters:
   1015 individuals
   11 loci
   6 populations assumed
   50000 Burn-in period
   50000 Reps


--------------------------------------------
Proportion of membership of each pre-defined
 population in each of the 6 clusters

Given    Inferred Clusters                            Number of
 Pop       1      2      3      4      5      6      Individuals

  1:     0.058  0.063  0.208  0.055  0.549  0.066       40
  2:     0.056  0.036  0.399  0.055  0.381  0.073       46
  3:     0.066  0.040  0.220  0.061  0.557  0.057       63
  4:     0.038  0.063  0.364  0.063  0.416  0.056       48
  5:     0.053  0.067  0.327  0.056  0.439  0.059       85
  6:     0.044  0.036  0.234  0.068  0.564  0.054       70
  7:     0.321  0.128  0.048  0.207  0.051  0.244       22
  8:     0.240  0.248  0.023  0.164  0.023  0.301       11
  9:     0.199  0.117  0.176  0.155  0.044  0.309       33
 10:     0.120  0.186  0.167  0.192  0.043  0.292       48
 11:     0.179  0.104  0.293  0.129  0.040  0.255       48
 12:     0.036  0.086  0.658  0.064  0.021  0.135       13
 13:     0.025  0.134  0.711  0.072  0.026  0.032        9
 14:     0.208  0.162  0.036  0.280  0.056  0.259       90
 15:     0.581  0.064  0.024  0.170  0.033  0.128       63
 16:     0.163  0.151  0.044  0.283  0.087  0.271       16
 17:     0.110  0.201  0.098  0.330  0.100  0.161       31
 18:     0.038  0.785  0.056  0.028  0.017  0.076       16
 19:     0.482  0.066  0.028  0.142  0.125  0.156       24
 20:     0.148  0.174  0.032  0.180  0.084  0.382       12
 21:     0.245  0.201  0.034  0.230  0.054  0.236       54
 22:     0.089  0.340  0.049  0.263  0.060  0.198       96
 23:     0.189  0.378  0.023  0.215  0.054  0.141       22
 24:     0.034  0.615  0.106  0.091  0.060  0.093       23
 25:     0.091  0.406  0.023  0.235  0.037  0.208       13
 26:     0.234  0.123  0.037  0.269  0.061  0.276       19
--------------------------------------------

Allele-freq. divergence among pops (Net nucleotide distance),
computed using point estimates of P.

      1       2       3       4       5       6      
 1      -    0.0173  0.0302  0.0107  0.0292  0.0067  
 2   0.0173     -    0.0390  0.0117  0.0331  0.0099  
 3   0.0302  0.0390     -    0.0349  0.0252  0.0256  
 4   0.0107  0.0117  0.0349     -    0.0268  0.0061  
 5   0.0292  0.0331  0.0252  0.0268     -    0.0250  
 6   0.0067  0.0099  0.0256  0.0061  0.0250     -    

Average distances (expected heterozygosity) between individuals in same cluster:
cluster  1  : 0.8522 
cluster  2  : 0.8340 
cluster  3  : 0.8353 
cluster  4  : 0.8474 
cluster  5  : 0.8173 
cluster  6  : 0.8590 

--------------------------------------------
Estimated Ln Prob of Data   = -48205.1
Mean value of ln likelihood = -46686.4
Variance of ln likelihood   = 3037.4
Mean value of alpha         = 0.0578

Mean value of Fst_1         = 0.0249
Mean value of Fst_2         = 0.0321
Mean value of Fst_3         = 0.0564
Mean value of Fst_4         = 0.0217
Mean value of Fst_5         = 0.0530
Mean value of Fst_6         = 0.0129


Inferred ancestry of individuals:
        Label (%Miss) Pop:  Inferred clusters
  1    C3984    (0)    1 :  0.015 0.009 0.591 0.017 0.354 0.014 
  2    C3985    (0)    1 :  0.019 0.019 0.497 0.014 0.420 0.031 
  3    C3986    (0)    1 :  0.014 0.008 0.838 0.010 0.118 0.011 
  4    C4231    (0)    1 :  0.021 0.012 0.659 0.036 0.207 0.066 
  5    C4344    (0)    1 :  0.039 0.015 0.040 0.022 0.857 0.027 
  6    C4347   (18)    1 :  0.012 0.036 0.023 0.016 0.897 0.016 
  7    C4352   (18)    1 :  0.040 0.022 0.503 0.018 0.385 0.033 
  8    C4355    (9)    1 :  0.026 0.018 0.068 0.040 0.831 0.015 
  9    C4358   (18)    1 :  0.233 0.092 0.036 0.230 0.030 0.379 
 10    C4419    (9)    1 :  0.040 0.027 0.353 0.256 0.248 0.076 
 11    C4428    (9)    1 :  0.014 0.016 0.149 0.018 0.787 0.016 
 12    C4436    (0)    1 :  0.016 0.018 0.173 0.012 0.764 0.017 
 13    C4437   (18)    1 :  0.030 0.061 0.355 0.063 0.418 0.072 
 14    C4450    (0)    1 :  0.128 0.067 0.163 0.108 0.416 0.117 
 15    C4531    (0)    1 :  0.041 0.044 0.784 0.028 0.016 0.086 
 16    C1615    (0)    1 :  0.102 0.134 0.331 0.068 0.224 0.141 
 17    C1616    (0)    1 :  0.025 0.207 0.076 0.268 0.215 0.209 
 18    C1617    (9)    1 :  0.010 0.017 0.014 0.017 0.928 0.014 
 19    C1618    (0)    1 :  0.110 0.057 0.599 0.020 0.165 0.049 
 20    C1619    (0)    1 :  0.270 0.088 0.197 0.045 0.288 0.111 
 21    C1620    (9)    1 :  0.194 0.071 0.171 0.025 0.376 0.163 
 22    C1621    (0)    1 :  0.056 0.560 0.038 0.087 0.162 0.097 
 23    C1623    (9)    1 :  0.299 0.217 0.295 0.072 0.026 0.091 
 24    C1625    (0)    1 :  0.172 0.118 0.060 0.030 0.509 0.111 
 25    C1626    (0)    1 :  0.046 0.190 0.028 0.144 0.348 0.244 
 26    C1627    (9)    1 :  0.037 0.067 0.093 0.016 0.748 0.039 
 27    C1633    (0)    1 :  0.023 0.038 0.039 0.023 0.858 0.019 
 28    C1637    (0)    1 :  0.016 0.033 0.020 0.021 0.888 0.022 
 29    C1650    (0)    1 :  0.018 0.038 0.694 0.039 0.182 0.029 
 30    C3202    (0)    1 :  0.014 0.028 0.021 0.011 0.910 0.015 
 31    C3248    (0)    1 :  0.017 0.013 0.011 0.014 0.918 0.026 
 32    C3304    (9)    1 :  0.014 0.012 0.014 0.062 0.880 0.017 
 33    C3326    (0)    1 :  0.026 0.031 0.060 0.067 0.693 0.123 
 34    C3333    (0)    1 :  0.016 0.024 0.013 0.025 0.902 0.020 
 35    C3339   (18)    1 :  0.039 0.016 0.017 0.046 0.859 0.023 
 36    C3346    (0)    1 :  0.013 0.007 0.013 0.009 0.947 0.009 
 37    C3349    (0)    1 :  0.039 0.017 0.017 0.046 0.853 0.027 
 38    C3367   (18)    1 :  0.024 0.035 0.206 0.031 0.679 0.025 
 39    C3374    (0)    1 :  0.013 0.008 0.030 0.012 0.925 0.012 
 40    C3405    (0)    1 :  0.050 0.016 0.042 0.114 0.748 0.030 
 41    C4543    (0)    2 :  0.016 0.010 0.913 0.021 0.027 0.012 
 42    C4545    (9)    2 :  0.028 0.007 0.924 0.009 0.020 0.012 
 43    C4551    (9)    2 :  0.095 0.028 0.533 0.029 0.048 0.267 
 44    C4491    (0)    2 :  0.103 0.032 0.527 0.061 0.135 0.141 
 45    C4494    (0)    2 :  0.014 0.010 0.263 0.012 0.687 0.013 
 46    C4495    (0)    2 :  0.107 0.026 0.137 0.037 0.368 0.325 
 47    C4497    (9)    2 :  0.022 0.016 0.120 0.024 0.793 0.025 
 48    C4501    (0)    2 :  0.091 0.028 0.172 0.282 0.314 0.113 
 49    C4502    (0)    2 :  0.076 0.014 0.616 0.021 0.256 0.018 
 50    C4503    (0)    2 :  0.112 0.017 0.822 0.014 0.011 0.024 
 51    C4504    (0)    2 :  0.297 0.075 0.238 0.180 0.085 0.125 
 52    C4470    (0)    2 :  0.079 0.049 0.299 0.097 0.265 0.210 
 53    C4471    (0)    2 :  0.021 0.012 0.874 0.021 0.056 0.017 
 54    C4474    (9)    2 :  0.021 0.031 0.881 0.017 0.008 0.042 
 55    C4476    (0)    2 :  0.043 0.020 0.487 0.026 0.392 0.031 
 56    C4478    (0)    2 :  0.064 0.009 0.846 0.032 0.037 0.012 
 57    C4479    (0)    2 :  0.010 0.039 0.125 0.021 0.788 0.017 
 58    C4482    (0)    2 :  0.014 0.137 0.589 0.049 0.133 0.078 
 59    C4483    (0)    2 :  0.014 0.012 0.934 0.011 0.008 0.021 
 60    C4484    (0)    2 :  0.065 0.023 0.669 0.079 0.126 0.038 
 61    C4485    (0)    2 :  0.064 0.069 0.219 0.118 0.408 0.122 
 62    C4489    (0)    2 :  0.028 0.019 0.381 0.039 0.509 0.023 
 63    C4505    (0)    2 :  0.032 0.028 0.375 0.049 0.435 0.081 
 64    C4507    (0)    2 :  0.268 0.014 0.426 0.122 0.060 0.110 
 65    C4535    (0)    2 :  0.025 0.023 0.890 0.023 0.011 0.028 
 66    C4542    (0)    2 :  0.053 0.033 0.222 0.292 0.019 0.380 
 67    C4553    (9)    2 :  0.017 0.022 0.796 0.020 0.094 0.051 
 68    C4562   (18)    2 :  0.070 0.032 0.641 0.024 0.188 0.045 
 69    C4582   (18)    2 :  0.020 0.041 0.834 0.024 0.040 0.040 
 70    C4693    (0)    2 :  0.009 0.014 0.918 0.012 0.032 0.015 
 71    C4696    (0)    2 :  0.089 0.043 0.472 0.031 0.198 0.167 
 72    C3179    (0)    2 :  0.095 0.017 0.022 0.030 0.804 0.031 
 73    C3181    (0)    2 :  0.023 0.026 0.043 0.067 0.795 0.047 
 74    C3188    (0)    2 :  0.049 0.034 0.054 0.052 0.778 0.032 
 75    C3190    (0)    2 :  0.016 0.027 0.031 0.085 0.815 0.027 
 76    C3193    (0)    2 :  0.011 0.034 0.021 0.014 0.895 0.024 
 77    C3232    (0)    2 :  0.017 0.011 0.188 0.017 0.751 0.017 
 78    C3236    (0)    2 :  0.008 0.008 0.029 0.009 0.936 0.011 
 79    C3249    (0)    2 :  0.027 0.028 0.037 0.045 0.837 0.026 
 80    C3250    (0)    2 :  0.011 0.015 0.057 0.020 0.883 0.014 
 81    C3253    (0)    2 :  0.021 0.029 0.128 0.024 0.762 0.037 
 82    C3255    (0)    2 :  0.013 0.012 0.120 0.012 0.824 0.019 
 83    C3277    (0)    2 :  0.053 0.091 0.028 0.068 0.657 0.104 
 84    C3315    (0)    2 :  0.166 0.264 0.203 0.143 0.069 0.154 
 85    C3288    (0)    2 :  0.023 0.032 0.054 0.014 0.857 0.020 
 86    C3293    (0)    2 :  0.070 0.075 0.188 0.155 0.324 0.189 
 87    C4018    (0)    3 :  0.008 0.007 0.878 0.012 0.083 0.011 
 88    C3980    (0)    3 :  0.010 0.013 0.915 0.014 0.030 0.018 
 89    C3987    (0)    3 :  0.015 0.014 0.887 0.015 0.050 0.020 
 90    C3988    (0)    3 :  0.014 0.015 0.740 0.011 0.193 0.027 
 91    C3989    (0)    3 :  0.012 0.011 0.144 0.063 0.419 0.351 
 92    C4011    (0)    3 :  0.006 0.006 0.755 0.007 0.218 0.007 
 93    C4017    (0)    3 :  0.007 0.007 0.956 0.007 0.016 0.007 
 94    C4296    (0)    3 :  0.136 0.066 0.112 0.120 0.220 0.347 
 95    C4301    (9)    3 :  0.036 0.013 0.011 0.898 0.019 0.024 
 96    C4303    (0)    3 :  0.040 0.447 0.022 0.046 0.398 0.047 
 97    C4453    (0)    3 :  0.124 0.080 0.246 0.049 0.479 0.022 
 98    C4455    (9)    3 :  0.032 0.092 0.183 0.036 0.594 0.062 
 99    C4456   (18)    3 :  0.169 0.163 0.444 0.067 0.098 0.058 
100    C4457    (9)    3 :  0.034 0.105 0.046 0.128 0.612 0.075 
101    C4459    (9)    3 :  0.013 0.019 0.450 0.018 0.471 0.030 
102    C4464   (18)    3 :  0.010 0.009 0.120 0.010 0.837 0.013 
103    C4468    (9)    3 :  0.019 0.072 0.061 0.020 0.808 0.020 
104    C4783    (0)    3 :  0.017 0.020 0.790 0.016 0.067 0.092 
105    C4786    (0)    3 :  0.013 0.016 0.504 0.032 0.415 0.020 
106    C4789    (9)    3 :  0.011 0.014 0.463 0.071 0.421 0.021 
107    C4891    (0)    3 :  0.049 0.022 0.218 0.042 0.430 0.239 
108    C4896    (0)    3 :  0.033 0.070 0.617 0.079 0.103 0.098 
109    C4898    (0)    3 :  0.018 0.020 0.837 0.017 0.067 0.041 
110    C4901    (0)    3 :  0.011 0.020 0.573 0.025 0.337 0.035 
111    C4903    (9)    3 :  0.021 0.075 0.246 0.085 0.490 0.083 
112    C4904    (0)    3 :  0.015 0.009 0.827 0.025 0.082 0.042 
113    C3263    (0)    3 :  0.138 0.018 0.012 0.015 0.800 0.016 
114    C3271    (0)    3 :  0.018 0.010 0.015 0.022 0.920 0.015 
115    C3272    (0)    3 :  0.027 0.010 0.019 0.078 0.833 0.032 
116    C3276    (0)    3 :  0.057 0.030 0.024 0.343 0.495 0.051 
117    C3280    (9)    3 :  0.317 0.042 0.081 0.054 0.408 0.098 
118    C3305    (9)    3 :  0.023 0.013 0.031 0.034 0.877 0.023 
119    C3306    (0)    3 :  0.070 0.033 0.018 0.028 0.795 0.056 
120    C3324    (0)    3 :  0.455 0.019 0.028 0.059 0.299 0.139 
121    C3329    (0)    3 :  0.137 0.040 0.199 0.059 0.371 0.193 
122    C3336    (0)    3 :  0.025 0.019 0.025 0.061 0.833 0.037 
123    C3341   (18)    3 :  0.724 0.040 0.059 0.038 0.055 0.084 
124    C3409   (18)    3 :  0.058 0.049 0.068 0.115 0.599 0.111 
125    C3168    (9)    3 :  0.014 0.011 0.024 0.013 0.925 0.013 
126    C3170    (0)    3 :  0.021 0.012 0.029 0.030 0.888 0.019 
127    C3214   (18)    3 :  0.011 0.027 0.018 0.207 0.717 0.020 
128    C3227    (0)    3 :  0.011 0.020 0.025 0.035 0.895 0.014 
129    C3228    (0)    3 :  0.050 0.051 0.133 0.052 0.656 0.058 
130    C3278    (0)    3 :  0.018 0.014 0.009 0.029 0.905 0.024 
131    C3279    (0)    3 :  0.017 0.017 0.011 0.044 0.853 0.058 
132    C3321    (0)    3 :  0.007 0.008 0.027 0.009 0.938 0.009 
133    C3322    (0)    3 :  0.022 0.133 0.067 0.160 0.455 0.163 
134    C3303    (0)    3 :  0.039 0.018 0.014 0.052 0.842 0.036 
135    C3317    (0)    3 :  0.027 0.017 0.025 0.015 0.895 0.021 
136    C3355    (0)    3 :  0.014 0.009 0.021 0.010 0.936 0.011 
137    C3376    (9)    3 :  0.015 0.026 0.032 0.051 0.851 0.025 
138    C3401    (0)    3 :  0.030 0.030 0.027 0.034 0.847 0.032 
139    C3203    (9)    3 :  0.058 0.043 0.029 0.057 0.790 0.024 
140    C3245    (0)    3 :  0.014 0.027 0.010 0.026 0.901 0.021 
141    C3302    (0)    3 :  0.042 0.023 0.017 0.027 0.843 0.048 
142    C3307    (0)    3 :  0.273 0.117 0.215 0.019 0.299 0.077 
143    C3310    (0)    3 :  0.031 0.016 0.012 0.021 0.895 0.026 
144    C3312    (9)    3 :  0.029 0.040 0.122 0.028 0.710 0.070 
145    C3345    (0)    3 :  0.036 0.014 0.024 0.016 0.894 0.017 
146    C3371    (0)    3 :  0.107 0.017 0.015 0.014 0.816 0.031 
147    C3372    (0)    3 :  0.054 0.022 0.029 0.019 0.839 0.039 
148    C3380    (9)    3 :  0.008 0.010 0.039 0.009 0.927 0.008 
149    C3417    (0)    3 :  0.268 0.042 0.265 0.039 0.319 0.068 
150    C4569    (9)    4 :  0.125 0.054 0.441 0.140 0.026 0.214 
151    C4570    (9)    4 :  0.016 0.013 0.922 0.011 0.019 0.018 
152    C4571    (9)    4 :  0.017 0.034 0.751 0.020 0.154 0.024 
153    C4572    (9)    4 :  0.015 0.022 0.919 0.014 0.015 0.014 
154    C4573    (9)    4 :  0.045 0.545 0.151 0.102 0.045 0.111 
155    C4575    (9)    4 :  0.028 0.090 0.777 0.036 0.028 0.040 
156    C4577    (9)    4 :  0.012 0.009 0.917 0.013 0.022 0.026 
157    C4578    (9)    4 :  0.028 0.107 0.673 0.066 0.042 0.085 
158    C4600   (18)    4 :  0.039 0.058 0.413 0.065 0.050 0.376 
159    C4612    (9)    4 :  0.015 0.018 0.809 0.107 0.020 0.031 
160    C4621    (0)    4 :  0.006 0.015 0.920 0.013 0.036 0.010 
161    C4622    (9)    4 :  0.011 0.011 0.943 0.009 0.015 0.011 
162    C4623    (0)    4 :  0.409 0.063 0.216 0.068 0.162 0.082 
163    C4624    (0)    4 :  0.018 0.043 0.880 0.017 0.020 0.021 
164    C4625    (0)    4 :  0.021 0.597 0.174 0.059 0.056 0.093 
165    C4627    (0)    4 :  0.017 0.029 0.885 0.023 0.028 0.017 
166    C4631    (0)    4 :  0.113 0.018 0.824 0.013 0.010 0.022 
167    C4632    (0)    4 :  0.017 0.020 0.884 0.015 0.044 0.021 
168    C3939    (0)    4 :  0.013 0.011 0.884 0.024 0.045 0.022 
169    C3940    (0)    4 :  0.025 0.010 0.757 0.071 0.023 0.114 
170    C3945    (0)    4 :  0.011 0.007 0.926 0.009 0.029 0.017 
171    C4520    (0)    4 :  0.085 0.035 0.043 0.554 0.146 0.138 
172    C4522    (0)    4 :  0.010 0.010 0.867 0.013 0.085 0.013 
173    C3182    (0)    4 :  0.021 0.013 0.028 0.015 0.907 0.017 
174    C3189    (0)    4 :  0.046 0.249 0.065 0.104 0.405 0.133 
175    C3191    (9)    4 :  0.033 0.056 0.023 0.027 0.837 0.023 
176    C3196    (0)    4 :  0.017 0.025 0.015 0.030 0.887 0.025 
177    C3208    (0)    4 :  0.052 0.047 0.160 0.046 0.658 0.037 
178    C3211    (0)    4 :  0.026 0.016 0.026 0.043 0.859 0.029 
179    C3212    (0)    4 :  0.150 0.012 0.089 0.412 0.145 0.192 
180    C3213    (0)    4 :  0.029 0.014 0.009 0.031 0.888 0.029 
181    C3215    (0)    4 :  0.037 0.230 0.137 0.140 0.384 0.072 
182    C3217    (0)    4 :  0.030 0.017 0.020 0.020 0.884 0.029 
183    C3225    (9)    4 :  0.028 0.036 0.026 0.090 0.781 0.038 
184    C3226    (0)    4 :  0.013 0.013 0.140 0.011 0.811 0.013 
185    C3238    (9)    4 :  0.012 0.023 0.107 0.023 0.819 0.016 
186    C3239    (0)    4 :  0.041 0.019 0.047 0.040 0.825 0.029 
187    C3269   (18)    4 :  0.030 0.201 0.168 0.188 0.336 0.077 
188    C3273    (0)    4 :  0.009 0.029 0.019 0.020 0.907 0.015 
189    C3274    (0)    4 :  0.016 0.026 0.028 0.113 0.596 0.221 
190    C3354    (0)    4 :  0.013 0.020 0.020 0.021 0.891 0.034 
191    C3361    (0)    4 :  0.012 0.017 0.022 0.027 0.900 0.021 
192    C3289    (0)    4 :  0.014 0.021 0.045 0.033 0.862 0.025 
193    C3169    (0)    4 :  0.011 0.012 0.058 0.016 0.894 0.010 
194    C3199    (9)    4 :  0.020 0.041 0.157 0.030 0.729 0.024 
195    C3224    (0)    4 :  0.014 0.023 0.017 0.026 0.905 0.014 
196    C3261   (18)    4 :  0.018 0.009 0.058 0.018 0.873 0.025 
197    C3320    (0)    4 :  0.017 0.029 0.032 0.031 0.857 0.035 
198    C4151    (0)    5 :  0.008 0.009 0.951 0.008 0.015 0.010 
199    C4152    (0)    5 :  0.014 0.014 0.907 0.022 0.025 0.018 
200    C4153    (0)    5 :  0.016 0.029 0.604 0.057 0.263 0.031 
201    C4154   (18)    5 :  0.031 0.011 0.694 0.028 0.190 0.045 
202    C4157    (0)    5 :  0.023 0.022 0.160 0.032 0.500 0.263 
203    C4158    (0)    5 :  0.009 0.014 0.935 0.008 0.021 0.013 
204    C4163    (0)    5 :  0.007 0.007 0.956 0.007 0.015 0.008 
205    C4165    (0)    5 :  0.212 0.039 0.287 0.021 0.036 0.406 
206    C4248    (9)    5 :  0.020 0.027 0.034 0.021 0.863 0.034 
207    C4371    (9)    5 :  0.069 0.024 0.428 0.034 0.407 0.038 
208    C3936    (0)    5 :  0.018 0.013 0.911 0.013 0.025 0.020 
209    C3937    (0)    5 :  0.010 0.012 0.940 0.008 0.019 0.011 
210    C3944    (0)    5 :  0.012 0.007 0.848 0.008 0.114 0.011 
211    C3954    (0)    5 :  0.008 0.034 0.203 0.021 0.724 0.011 
212    C3955    (9)    5 :  0.009 0.029 0.522 0.032 0.385 0.023 
213    C3961    (0)    5 :  0.039 0.011 0.889 0.016 0.031 0.014 
214    C3974    (0)    5 :  0.016 0.022 0.870 0.033 0.031 0.029 
215    C4024    (0)    5 :  0.072 0.015 0.625 0.029 0.230 0.028 
216    C4025    (0)    5 :  0.032 0.018 0.876 0.019 0.036 0.019 
217    C4028    (0)    5 :  0.027 0.079 0.742 0.051 0.060 0.041 
218    C4032   (18)    5 :  0.014 0.016 0.188 0.016 0.752 0.014 
219    C4033   (18)    5 :  0.014 0.016 0.041 0.013 0.901 0.015 
220    C4034    (0)    5 :  0.132 0.024 0.043 0.052 0.682 0.067 
221    C4041    (9)    5 :  0.205 0.020 0.050 0.246 0.416 0.063 
222    C4043    (9)    5 :  0.022 0.021 0.384 0.018 0.530 0.024 
223    C4044    (9)    5 :  0.491 0.089 0.123 0.089 0.132 0.076 
224    C4045    (9)    5 :  0.015 0.047 0.180 0.024 0.698 0.036 
225    C4046    (9)    5 :  0.046 0.032 0.057 0.016 0.824 0.026 
226    C4047    (0)    5 :  0.035 0.080 0.039 0.099 0.610 0.138 
227    C4048    (9)    5 :  0.079 0.108 0.048 0.091 0.552 0.121 
228    C4055    (9)    5 :  0.033 0.060 0.342 0.045 0.467 0.054 
229    C4057   (18)    5 :  0.060 0.012 0.204 0.024 0.681 0.019 
230    C4059    (0)    5 :  0.013 0.030 0.060 0.025 0.854 0.018 
231    C4060    (9)    5 :  0.021 0.025 0.367 0.046 0.490 0.051 
232    C4064    (9)    5 :  0.025 0.262 0.105 0.061 0.327 0.221 
233    C4067    (0)    5 :  0.094 0.133 0.042 0.039 0.641 0.051 
234    C4068    (9)    5 :  0.017 0.033 0.023 0.022 0.882 0.023 
235    C4070    (9)    5 :  0.201 0.032 0.191 0.026 0.488 0.062 
236    C4075   (18)    5 :  0.025 0.022 0.096 0.032 0.782 0.043 
237    C4081    (9)    5 :  0.037 0.036 0.059 0.045 0.777 0.045 
238    C4082    (0)    5 :  0.027 0.053 0.304 0.071 0.504 0.041 
239    C4083    (0)    5 :  0.292 0.072 0.159 0.059 0.184 0.234 
240    C4086    (0)    5 :  0.023 0.301 0.124 0.058 0.450 0.045 
241    C4088    (9)    5 :  0.011 0.858 0.034 0.026 0.036 0.035 
242    C4092    (0)    5 :  0.090 0.013 0.525 0.028 0.308 0.036 
243    C4099    (9)    5 :  0.081 0.034 0.048 0.175 0.625 0.037 
244    C4104    (0)    5 :  0.048 0.022 0.627 0.022 0.252 0.029 
245    C4108   (18)    5 :  0.036 0.167 0.010 0.569 0.013 0.205 
246    C4118    (0)    5 :  0.071 0.153 0.073 0.277 0.161 0.265 
247    C4131    (0)    5 :  0.020 0.086 0.704 0.025 0.114 0.051 
248    C4133    (0)    5 :  0.018 0.019 0.054 0.022 0.866 0.021 
249    C4135    (0)    5 :  0.009 0.006 0.590 0.008 0.371 0.016 
250    C4136    (0)    5 :  0.036 0.159 0.540 0.084 0.033 0.148 
251    C4137    (9)    5 :  0.023 0.029 0.613 0.024 0.248 0.063 
252    C4139    (0)    5 :  0.012 0.009 0.888 0.013 0.062 0.016 
253    C4140    (9)    5 :  0.021 0.013 0.715 0.013 0.200 0.038 
254    C4167    (0)    5 :  0.037 0.054 0.692 0.020 0.063 0.133 
255    C4236    (0)    5 :  0.030 0.038 0.043 0.038 0.761 0.090 
256    C4237    (0)    5 :  0.027 0.683 0.039 0.127 0.031 0.094 
257    C4238    (0)    5 :  0.020 0.068 0.129 0.044 0.707 0.032 
258    C4241    (0)    5 :  0.019 0.014 0.029 0.023 0.887 0.028 
259    C4247    (9)    5 :  0.188 0.272 0.096 0.053 0.342 0.048 
260    C4257    (0)    5 :  0.018 0.028 0.052 0.054 0.826 0.022 
261    C4383    (0)    5 :  0.266 0.083 0.311 0.102 0.172 0.066 
262    C4397    (9)    5 :  0.013 0.017 0.159 0.016 0.748 0.048 
263    C4514    (0)    5 :  0.019 0.013 0.879 0.013 0.063 0.013 
264    C4519    (0)    5 :  0.019 0.010 0.772 0.120 0.051 0.028 
265    C4527    (0)    5 :  0.030 0.020 0.414 0.024 0.487 0.026 
266    C4534    (0)    5 :  0.082 0.021 0.412 0.117 0.322 0.044 
267    C4699    (0)    5 :  0.025 0.064 0.838 0.015 0.026 0.032 
268    C1541    (9)    5 :  0.012 0.016 0.022 0.008 0.928 0.014 
269    C1542    (9)    5 :  0.015 0.020 0.019 0.015 0.915 0.017 
270    C1544    (0)    5 :  0.017 0.039 0.046 0.032 0.845 0.022 
271    C1547    (9)    5 :  0.184 0.204 0.069 0.260 0.179 0.104 
272    C1553    (9)    5 :  0.142 0.103 0.160 0.206 0.077 0.311 
273    C1555    (9)    5 :  0.018 0.037 0.036 0.056 0.799 0.053 
274    C1557    (0)    5 :  0.027 0.035 0.070 0.021 0.819 0.028 
275    C1560    (0)    5 :  0.018 0.014 0.018 0.053 0.880 0.019 
276    C1565    (0)    5 :  0.046 0.013 0.031 0.020 0.847 0.043 
277    C1567    (0)    5 :  0.032 0.039 0.041 0.070 0.790 0.028 
278    C1569    (0)    5 :  0.019 0.015 0.036 0.015 0.898 0.017 
279    C1571    (0)    5 :  0.039 0.090 0.070 0.142 0.612 0.047 
280    C1576    (0)    5 :  0.032 0.118 0.213 0.046 0.554 0.038 
281    C1577    (9)    5 :  0.016 0.039 0.022 0.043 0.854 0.026 
282    C1579    (0)    5 :  0.012 0.016 0.016 0.015 0.921 0.021 
283    C3990    (0)    6 :  0.010 0.008 0.937 0.008 0.028 0.008 
284    C3991    (0)    6 :  0.037 0.045 0.837 0.022 0.033 0.027 
285    C3992    (0)    6 :  0.012 0.036 0.853 0.041 0.021 0.037 
286    C3994    (0)    6 :  0.132 0.053 0.372 0.056 0.316 0.071 
287    C4172    (0)    6 :  0.047 0.113 0.637 0.075 0.011 0.118 
288    C4173    (9)    6 :  0.196 0.012 0.737 0.018 0.019 0.019 
289    C4232    (9)    6 :  0.008 0.008 0.013 0.009 0.953 0.008 
290    C4234    (9)    6 :  0.010 0.012 0.016 0.012 0.939 0.011 
291    C4259    (0)    6 :  0.013 0.011 0.019 0.010 0.935 0.012 
292    C4260    (0)    6 :  0.009 0.008 0.062 0.012 0.899 0.011 
293    C4261    (9)    6 :  0.134 0.068 0.124 0.131 0.251 0.291 
294    C4262    (0)    6 :  0.065 0.011 0.480 0.025 0.381 0.038 
295    C4263    (0)    6 :  0.035 0.058 0.048 0.014 0.820 0.025 
296    C4267    (9)    6 :  0.019 0.048 0.345 0.018 0.542 0.028 
297    C4269    (0)    6 :  0.047 0.027 0.391 0.018 0.456 0.061 
298    C4272    (0)    6 :  0.027 0.014 0.056 0.032 0.847 0.024 
299    C4274    (0)    6 :  0.015 0.016 0.037 0.531 0.354 0.046 
300    C4276    (9)    6 :  0.020 0.053 0.011 0.840 0.042 0.034 
301    C4278    (0)    6 :  0.055 0.031 0.207 0.058 0.594 0.055 
302    C4280    (0)    6 :  0.021 0.015 0.168 0.038 0.683 0.075 
303    C4281    (0)    6 :  0.024 0.024 0.053 0.015 0.857 0.027 
304    C4282    (0)    6 :  0.369 0.069 0.016 0.038 0.374 0.134 
305    C4284    (9)    6 :  0.010 0.011 0.280 0.010 0.676 0.012 
306    C4286    (9)    6 :  0.031 0.032 0.302 0.090 0.491 0.054 
307    C4287    (0)    6 :  0.070 0.015 0.193 0.076 0.556 0.090 
308    C4290    (0)    6 :  0.114 0.257 0.065 0.416 0.047 0.102 
309    C4307   (18)    6 :  0.067 0.022 0.258 0.042 0.537 0.074 
310    C4310    (9)    6 :  0.013 0.048 0.044 0.042 0.836 0.018 
311    C4311   (18)    6 :  0.024 0.020 0.029 0.046 0.851 0.030 
312    C4312    (0)    6 :  0.014 0.019 0.013 0.015 0.926 0.013 
313    C4314    (0)    6 :  0.015 0.190 0.045 0.024 0.694 0.032 
314    C4318    (9)    6 :  0.083 0.014 0.072 0.050 0.710 0.070 
315    C4321    (9)    6 :  0.057 0.016 0.185 0.073 0.636 0.033 
316    C4324    (0)    6 :  0.048 0.013 0.317 0.048 0.548 0.026 
317    C4334    (0)    6 :  0.065 0.012 0.357 0.025 0.526 0.015 
318    C4529    (0)    6 :  0.044 0.053 0.096 0.040 0.724 0.042 
319    C1582    (9)    6 :  0.016 0.017 0.124 0.019 0.808 0.017 
320    C1583    (0)    6 :  0.023 0.061 0.024 0.030 0.831 0.031 
321    C1584    (9)    6 :  0.014 0.027 0.058 0.042 0.840 0.019 
322    C1585    (0)    6 :  0.010 0.016 0.290 0.015 0.659 0.010 
323    C1586    (0)    6 :  0.113 0.029 0.049 0.016 0.765 0.028 
324    C1589    (0)    6 :  0.013 0.013 0.277 0.012 0.673 0.012 
325    C1591    (0)    6 :  0.014 0.015 0.123 0.016 0.821 0.012 
326    C1592    (0)    6 :  0.038 0.024 0.030 0.024 0.849 0.035 
327    C1594    (0)    6 :  0.015 0.054 0.032 0.019 0.861 0.019 
328    C1597    (9)    6 :  0.027 0.027 0.035 0.061 0.817 0.033 
329    C1598    (9)    6 :  0.018 0.043 0.423 0.019 0.475 0.023 
330    C1599    (0)    6 :  0.013 0.010 0.015 0.025 0.922 0.016 
331    C1601    (0)    6 :  0.042 0.082 0.448 0.029 0.317 0.082 
332    C1605    (0)    6 :  0.056 0.129 0.138 0.359 0.117 0.202 
333    C1609    (0)    6 :  0.015 0.015 0.228 0.014 0.717 0.012 
334    C1610    (0)    6 :  0.016 0.077 0.016 0.098 0.685 0.108 
335    C1611    (0)    6 :  0.067 0.013 0.013 0.017 0.868 0.022 
336    C1612    (0)    6 :  0.008 0.011 0.009 0.009 0.954 0.009 
337    C1613    (0)    6 :  0.039 0.023 0.030 0.024 0.868 0.016 
338    C3173    (9)    6 :  0.064 0.042 0.033 0.057 0.742 0.063 
339    C3204    (0)    6 :  0.017 0.024 0.032 0.020 0.889 0.019 
340    C3223    (9)    6 :  0.123 0.020 0.024 0.527 0.247 0.060 
341    C3262    (0)    6 :  0.026 0.073 0.025 0.043 0.805 0.028 
342    C3270    (0)    6 :  0.021 0.016 0.102 0.023 0.811 0.027 
343    C3300    (0)    6 :  0.011 0.011 0.421 0.014 0.532 0.012 
344    C3330    (0)    6 :  0.025 0.016 0.223 0.031 0.650 0.056 
345    C3390    (9)    6 :  0.023 0.017 0.111 0.019 0.804 0.026 
346    C3424    (9)    6 :  0.016 0.015 0.040 0.032 0.821 0.076 
347    C3958    (0)    6 :  0.016 0.009 0.900 0.011 0.043 0.021 
348    C3962    (0)    6 :  0.014 0.008 0.925 0.012 0.022 0.018 
349    C4019    (0)    6 :  0.068 0.075 0.064 0.075 0.015 0.703 
350    C3995   (18)    6 :  0.032 0.020 0.886 0.014 0.024 0.024 
351    C4000    (0)    6 :  0.086 0.017 0.696 0.029 0.036 0.135 
352    C4002    (0)    6 :  0.026 0.016 0.872 0.012 0.049 0.025 
353    C1692    (0)    7 :  0.034 0.048 0.138 0.332 0.017 0.431 
354    C1693    (0)    7 :  0.180 0.019 0.061 0.427 0.185 0.127 
355    C1694    (0)    7 :  0.397 0.143 0.030 0.226 0.069 0.135 
356    C1698    (0)    7 :  0.283 0.111 0.009 0.168 0.016 0.413 
357    C1699    (0)    7 :  0.077 0.500 0.032 0.177 0.027 0.188 
358    C1700    (0)    7 :  0.245 0.107 0.078 0.125 0.054 0.391 
359    C1701    (0)    7 :  0.044 0.417 0.012 0.072 0.020 0.435 
360    C1702    (0)    7 :  0.083 0.125 0.016 0.193 0.012 0.570 
361    C1703    (0)    7 :  0.526 0.104 0.022 0.124 0.011 0.212 
362    C1704    (0)    7 :  0.460 0.049 0.053 0.188 0.070 0.180 
363    C1705    (0)    7 :  0.409 0.022 0.281 0.208 0.012 0.068 
364    C1706    (0)    7 :  0.083 0.515 0.011 0.196 0.018 0.177 
365    C1707    (0)    7 :  0.038 0.176 0.024 0.346 0.331 0.085 
366    C1708    (0)    7 :  0.784 0.024 0.018 0.033 0.015 0.127 
367    C1709    (0)    7 :  0.777 0.025 0.062 0.039 0.021 0.077 
368    C1710    (0)    7 :  0.144 0.111 0.023 0.087 0.029 0.605 
369    C1712    (0)    7 :  0.741 0.016 0.029 0.042 0.009 0.164 
370    C1714    (0)    7 :  0.892 0.022 0.013 0.022 0.013 0.038 
371    C1715    (0)    7 :  0.026 0.136 0.015 0.503 0.023 0.296 
372    C1717    (0)    7 :  0.088 0.025 0.014 0.691 0.066 0.116 
373    C1718   (18)    7 :  0.083 0.106 0.014 0.323 0.040 0.434 
374    C1719    (0)    7 :  0.663 0.022 0.110 0.028 0.070 0.106 
375    C1656    (0)    8 :  0.073 0.572 0.043 0.047 0.009 0.255 
376    C1657   (18)    8 :  0.464 0.298 0.020 0.082 0.022 0.115 
377    C1658    (0)    8 :  0.078 0.305 0.013 0.252 0.009 0.344 
378    C1659    (0)    8 :  0.018 0.115 0.019 0.669 0.050 0.129 
379    C1661    (9)    8 :  0.111 0.149 0.040 0.231 0.061 0.407 
380    C1665    (0)    8 :  0.070 0.328 0.015 0.120 0.021 0.446 
381    C1667    (9)    8 :  0.922 0.016 0.006 0.017 0.007 0.030 
382    C1676    (9)    8 :  0.148 0.294 0.026 0.033 0.014 0.486 
383    C1681    (9)    8 :  0.144 0.355 0.019 0.275 0.024 0.183 
384    C1682    (0)    8 :  0.569 0.138 0.026 0.058 0.015 0.195 
385    C1685    (0)    8 :  0.046 0.161 0.028 0.022 0.020 0.724 
386    C4707    (0)    9 :  0.045 0.037 0.076 0.018 0.026 0.798 
387    C4747    (0)    9 :  0.494 0.021 0.143 0.121 0.101 0.120 
388    C4772    (0)    9 :  0.033 0.082 0.524 0.056 0.063 0.241 
389    C4781    (0)    9 :  0.719 0.023 0.048 0.054 0.021 0.135 
390    C4782    (0)    9 :  0.244 0.114 0.130 0.176 0.072 0.266 
391    C4787    (0)    9 :  0.066 0.047 0.115 0.615 0.021 0.137 
392    C4790    (0)    9 :  0.661 0.046 0.067 0.028 0.018 0.180 
393    C4803    (0)    9 :  0.135 0.044 0.129 0.369 0.041 0.282 
394    C4813    (0)    9 :  0.035 0.057 0.739 0.073 0.015 0.080 
395    C4837    (0)    9 :  0.048 0.033 0.107 0.113 0.028 0.671 
396    C4838    (0)    9 :  0.055 0.084 0.078 0.577 0.012 0.194 
397    C4843    (0)    9 :  0.037 0.094 0.042 0.074 0.024 0.730 
398    C4857    (0)    9 :  0.027 0.040 0.730 0.048 0.084 0.070 
399    C4828    (0)    9 :  0.077 0.177 0.048 0.162 0.184 0.353 
400    C4835    (0)    9 :  0.019 0.069 0.728 0.102 0.013 0.070 
401    C4836    (9)    9 :  0.130 0.046 0.224 0.208 0.032 0.359 
402    C4842    (0)    9 :  0.095 0.305 0.029 0.079 0.014 0.478 
403    C4863    (9)    9 :  0.165 0.031 0.062 0.434 0.027 0.281 
404    C4744    (0)    9 :  0.264 0.159 0.023 0.106 0.023 0.424 
405    C4745    (0)    9 :  0.043 0.153 0.066 0.205 0.021 0.512 
406    C4768    (0)    9 :  0.339 0.065 0.192 0.023 0.035 0.347 
407    C4769    (0)    9 :  0.072 0.531 0.150 0.107 0.011 0.129 
408    C4771    (0)    9 :  0.098 0.091 0.028 0.120 0.012 0.651 
409    C4784    (0)    9 :  0.619 0.070 0.157 0.046 0.024 0.084 
410    C4785    (0)    9 :  0.837 0.047 0.031 0.024 0.023 0.037 
411    C4795    (0)    9 :  0.634 0.040 0.107 0.086 0.042 0.091 
412    C4796    (0)    9 :  0.201 0.066 0.017 0.174 0.015 0.527 
413    C4800    (0)    9 :  0.015 0.025 0.240 0.445 0.010 0.265 
414    C4801    (0)    9 :  0.069 0.352 0.389 0.064 0.026 0.100 
415    C4802    (0)    9 :  0.029 0.273 0.104 0.144 0.326 0.123 
416    C4805    (0)    9 :  0.210 0.284 0.067 0.052 0.016 0.371 
417    C4806    (0)    9 :  0.031 0.309 0.038 0.126 0.011 0.485 
418    C4850    (0)    9 :  0.034 0.043 0.176 0.095 0.061 0.591 
419    C4748    (0)   10 :  0.067 0.653 0.145 0.069 0.008 0.059 
420    C4753    (0)   10 :  0.194 0.116 0.041 0.183 0.021 0.446 
421    C4754    (0)   10 :  0.107 0.052 0.115 0.029 0.018 0.679 
422    C4760    (0)   10 :  0.033 0.022 0.332 0.197 0.095 0.321 
423    C4761    (0)   10 :  0.109 0.511 0.261 0.038 0.012 0.069 
424    C4762    (0)   10 :  0.449 0.057 0.302 0.126 0.011 0.055 
425    C4791    (0)   10 :  0.070 0.045 0.203 0.375 0.009 0.299 
426    C4810    (0)   10 :  0.027 0.729 0.043 0.081 0.062 0.059 
427    C4812    (0)   10 :  0.030 0.306 0.042 0.311 0.039 0.272 
428    C4821    (0)   10 :  0.095 0.031 0.085 0.104 0.079 0.606 
429    C4864    (0)   10 :  0.031 0.028 0.586 0.038 0.070 0.247 
430    C4866    (0)   10 :  0.030 0.648 0.033 0.171 0.014 0.103 
431    C1722    (0)   10 :  0.043 0.435 0.012 0.330 0.045 0.135 
432    C1724    (0)   10 :  0.013 0.712 0.019 0.187 0.008 0.061 
433    C1725    (0)   10 :  0.062 0.376 0.012 0.355 0.044 0.149 
434    C1726    (0)   10 :  0.099 0.070 0.015 0.275 0.012 0.529 
435    C1731    (0)   10 :  0.102 0.454 0.037 0.168 0.024 0.215 
436    C1733    (9)   10 :  0.021 0.227 0.028 0.532 0.023 0.170 
437    C1734    (0)   10 :  0.039 0.080 0.056 0.415 0.024 0.387 
438    C1735    (0)   10 :  0.037 0.173 0.008 0.609 0.011 0.161 
439    C1738    (0)   10 :  0.017 0.405 0.037 0.375 0.029 0.137 
440    C1740    (9)   10 :  0.056 0.184 0.035 0.163 0.119 0.442 
441    C1741    (0)   10 :  0.175 0.022 0.263 0.241 0.078 0.220 
442    C1742    (0)   10 :  0.024 0.078 0.017 0.044 0.020 0.815 
443    C1743    (0)   10 :  0.497 0.122 0.020 0.231 0.021 0.110 
444    C1745    (0)   10 :  0.035 0.056 0.042 0.256 0.024 0.587 
445    C1746    (0)   10 :  0.129 0.342 0.061 0.191 0.032 0.245 
446    C1747    (0)   10 :  0.197 0.279 0.021 0.395 0.037 0.072 
447    C4742    (9)   10 :  0.114 0.055 0.537 0.048 0.023 0.223 
448    C4752    (0)   10 :  0.030 0.087 0.784 0.038 0.027 0.034 
449    C4792    (0)   10 :  0.077 0.153 0.217 0.054 0.091 0.408 
450    C4811    (0)   10 :  0.017 0.017 0.874 0.034 0.024 0.033 
451    C4814    (0)   10 :  0.071 0.045 0.527 0.055 0.025 0.277 
452    C4815    (0)   10 :  0.043 0.031 0.119 0.618 0.032 0.156 
453    C4818    (0)   10 :  0.073 0.183 0.251 0.196 0.095 0.202 
454    C4819    (0)   10 :  0.084 0.257 0.218 0.056 0.059 0.326 
455    C4826    (0)   10 :  0.108 0.110 0.035 0.183 0.010 0.554 
456    C4829    (0)   10 :  0.392 0.066 0.021 0.091 0.053 0.377 
457    C4830    (0)   10 :  0.244 0.017 0.032 0.049 0.015 0.644 
458    C4831    (0)   10 :  0.068 0.065 0.656 0.022 0.076 0.113 
459    C4832    (0)   10 :  0.431 0.106 0.040 0.061 0.013 0.349 
460    C4858    (0)   10 :  0.498 0.021 0.310 0.073 0.013 0.085 
461    C4757    (0)   10 :  0.052 0.187 0.101 0.114 0.060 0.486 
462    C4770    (9)   10 :  0.059 0.017 0.175 0.285 0.392 0.073 
463    C4808    (0)   10 :  0.050 0.024 0.156 0.061 0.020 0.689 
464    C4809    (0)   10 :  0.015 0.054 0.013 0.056 0.009 0.853 
465    C4820    (0)   10 :  0.282 0.197 0.045 0.282 0.021 0.173 
466    C4824    (0)   10 :  0.289 0.022 0.038 0.336 0.010 0.305 
467    C4706    (0)   11 :  0.061 0.379 0.020 0.257 0.011 0.272 
468    C4708    (0)   11 :  0.012 0.012 0.911 0.009 0.040 0.016 
469    C4709    (0)   11 :  0.753 0.028 0.102 0.056 0.014 0.047 
470    C4714    (0)   11 :  0.472 0.041 0.247 0.057 0.036 0.147 
471    C4722    (0)   11 :  0.485 0.158 0.107 0.040 0.020 0.188 
472    C4726    (0)   11 :  0.028 0.272 0.171 0.314 0.072 0.144 
473    C4733    (0)   11 :  0.132 0.087 0.310 0.027 0.053 0.391 
474    C4734    (0)   11 :  0.065 0.302 0.127 0.128 0.017 0.360 
475    C4737    (0)   11 :  0.813 0.025 0.061 0.021 0.013 0.067 
476    C4882    (0)   11 :  0.074 0.117 0.016 0.121 0.012 0.660 
477    C4883    (0)   11 :  0.782 0.013 0.153 0.015 0.015 0.023 
478    C4702    (9)   11 :  0.158 0.080 0.121 0.127 0.105 0.408 
479    C4703    (0)   11 :  0.060 0.031 0.763 0.038 0.025 0.082 
480    C4727    (0)   11 :  0.158 0.452 0.066 0.074 0.010 0.239 
481    C4732    (0)   11 :  0.743 0.025 0.058 0.069 0.017 0.087 
482    C4735    (0)   11 :  0.040 0.021 0.061 0.600 0.016 0.262 
483    C4736    (0)   11 :  0.043 0.020 0.885 0.015 0.021 0.016 
484    C4746    (0)   11 :  0.336 0.046 0.367 0.065 0.015 0.170 
485    C4777    (0)   11 :  0.025 0.070 0.008 0.355 0.020 0.522 
486    C4846    (0)   11 :  0.094 0.054 0.432 0.027 0.152 0.242 
487    C4847    (0)   11 :  0.047 0.180 0.053 0.048 0.009 0.663 
488    C4884    (0)   11 :  0.166 0.026 0.174 0.245 0.014 0.374 
489    C4705    (0)   11 :  0.017 0.019 0.261 0.389 0.028 0.286 
490    C4711    (0)   11 :  0.130 0.595 0.138 0.025 0.019 0.093 
491    C4713    (9)   11 :  0.065 0.161 0.080 0.557 0.047 0.090 
492    C4716    (0)   11 :  0.132 0.087 0.175 0.178 0.019 0.409 
493    C4717    (0)   11 :  0.031 0.060 0.753 0.024 0.027 0.105 
494    C4719    (0)   11 :  0.047 0.041 0.013 0.017 0.011 0.871 
495    C4721    (0)   11 :  0.018 0.022 0.874 0.017 0.034 0.035 
496    C4729    (0)   11 :  0.030 0.034 0.096 0.105 0.013 0.722 
497    C4730    (0)   11 :  0.064 0.048 0.778 0.029 0.020 0.060 
498    C4773    (0)   11 :  0.011 0.053 0.872 0.010 0.030 0.025 
499    C4861    (0)   11 :  0.023 0.075 0.024 0.042 0.019 0.817 
500    C4890    (0)   11 :  0.075 0.022 0.614 0.047 0.016 0.225 
501    C4718    (0)   11 :  0.216 0.085 0.068 0.228 0.022 0.380 
502    C4724    (0)   11 :  0.040 0.052 0.572 0.168 0.014 0.154 
503    C4738    (0)   11 :  0.020 0.466 0.409 0.024 0.016 0.066 
504    C4739    (0)   11 :  0.060 0.185 0.056 0.081 0.044 0.575 
505    C4844    (0)   11 :  0.037 0.064 0.351 0.098 0.028 0.422 
506    C4845    (0)   11 :  0.784 0.023 0.046 0.039 0.017 0.091 
507    C4681    (0)   11 :  0.020 0.027 0.569 0.017 0.319 0.047 
508    C4682    (0)   11 :  0.339 0.129 0.078 0.225 0.131 0.097 
509    C4683    (0)   11 :  0.045 0.041 0.690 0.028 0.084 0.111 
510    C4685    (0)   11 :  0.253 0.038 0.246 0.138 0.024 0.300 
511    C4715    (0)   11 :  0.161 0.018 0.049 0.566 0.030 0.176 
512    C4725    (0)   11 :  0.298 0.083 0.016 0.152 0.013 0.439 
513    C4799    (0)   11 :  0.096 0.030 0.250 0.224 0.168 0.232 
514    C4889    (9)   11 :  0.045 0.113 0.762 0.031 0.012 0.037 
515    C4641    (0)   12 :  0.015 0.022 0.915 0.017 0.007 0.025 
516    C4651    (0)   12 :  0.027 0.457 0.429 0.027 0.021 0.040 
517    C4657    (0)   12 :  0.014 0.009 0.955 0.006 0.009 0.007 
518    C4658    (0)   12 :  0.048 0.035 0.834 0.035 0.016 0.031 
519    C4660    (0)   12 :  0.078 0.098 0.605 0.067 0.018 0.134 
520    C4665    (0)   12 :  0.012 0.013 0.941 0.014 0.009 0.011 
521    C4666    (0)   12 :  0.017 0.016 0.094 0.289 0.012 0.572 
522    C4667    (0)   12 :  0.023 0.022 0.904 0.016 0.009 0.026 
523    C4668    (0)   12 :  0.013 0.079 0.796 0.043 0.028 0.041 
524    C4669    (0)   12 :  0.020 0.012 0.904 0.038 0.009 0.017 
525    C4670    (0)   12 :  0.075 0.027 0.303 0.041 0.007 0.546 
526    C4671    (0)   12 :  0.072 0.015 0.510 0.127 0.042 0.234 
527    C4672    (0)   12 :  0.048 0.313 0.364 0.115 0.083 0.078 
528    C4633    (0)   13 :  0.015 0.014 0.926 0.014 0.017 0.014 
529    C4635    (0)   13 :  0.020 0.071 0.830 0.030 0.011 0.038 
530    C4653    (0)   13 :  0.027 0.061 0.616 0.199 0.045 0.053 
531    C4654    (0)   13 :  0.039 0.025 0.888 0.014 0.017 0.017 
532    C4675    (0)   13 :  0.027 0.135 0.528 0.221 0.019 0.069 
533    C4679    (0)   13 :  0.044 0.845 0.010 0.057 0.009 0.034 
534    C4684    (0)   13 :  0.012 0.021 0.846 0.056 0.048 0.017 
535    C4686    (0)   13 :  0.018 0.014 0.886 0.033 0.020 0.029 
536    C4687    (0)   13 :  0.023 0.015 0.864 0.028 0.052 0.018 
537    U1941    (0)   14 :  0.011 0.022 0.010 0.909 0.028 0.020 
538    U1942    (0)   14 :  0.062 0.044 0.168 0.192 0.084 0.449 
539    U1957    (9)   14 :  0.064 0.092 0.058 0.172 0.530 0.085 
540    U2016    (0)   14 :  0.065 0.145 0.005 0.303 0.012 0.469 
541    U2021    (9)   14 :  0.400 0.042 0.025 0.245 0.028 0.261 
542    U2022    (0)   14 :  0.421 0.023 0.010 0.107 0.022 0.416 
543    U2023    (0)   14 :  0.159 0.102 0.017 0.183 0.012 0.527 
544    U2024    (0)   14 :  0.199 0.064 0.031 0.026 0.033 0.647 
545    U2025    (9)   14 :  0.129 0.022 0.016 0.129 0.039 0.665 
546    U2026    (0)   14 :  0.170 0.020 0.024 0.117 0.131 0.537 
547    U2027    (0)   14 :  0.094 0.261 0.032 0.066 0.025 0.521 
548    U2028    (0)   14 :  0.054 0.030 0.007 0.020 0.009 0.881 
549    U2029    (0)   14 :  0.413 0.107 0.031 0.030 0.012 0.407 
550    U2030    (0)   14 :  0.195 0.154 0.011 0.145 0.012 0.482 
551    U2031    (0)   14 :  0.093 0.301 0.014 0.164 0.012 0.416 
552    U1943    (0)   14 :  0.842 0.022 0.032 0.048 0.020 0.036 
553    U1944    (0)   14 :  0.594 0.213 0.024 0.092 0.016 0.062 
554    U1945    (0)   14 :  0.456 0.100 0.014 0.110 0.016 0.304 
555    U1946    (0)   14 :  0.076 0.546 0.019 0.171 0.022 0.166 
556    U1947    (0)   14 :  0.129 0.019 0.014 0.439 0.020 0.378 
557    U1948    (0)   14 :  0.071 0.044 0.039 0.445 0.062 0.339 
