

----------------------------------------------------
STRUCTURE by Pritchard, Stephens and Donnelly (2000)
     and Falush, Stephens and Pritchard (2003)
       Code by Pritchard, Falush and Hubisz
             Version 2.3.4 (Jul 2012)
----------------------------------------------------



Command line arguments:   bin\structure -m C:\Users\eschumacher\Documents\Butternut\butternut_STRUCTURE_withQU\50-50\mainparams -e C:\Users\eschumacher\Documents\Butternut\butternut_STRUCTURE_withQU\50-50\extraparams 
Input File:    C:\Users\eschumacher\Documents\Butternut\butternut_STRUCTURE_withQU\project_data

Run parameters:
   1015 individuals
   11 loci
   9 populations assumed
   50000 Burn-in period
   50000 Reps


--------------------------------------------
Proportion of membership of each pre-defined
 population in each of the 9 clusters

Given    Inferred Clusters                                                 Number of
 Pop       1      2      3      4      5      6      7      8      9      Individuals

  1:     0.036  0.034  0.060  0.186  0.196  0.052  0.034  0.371  0.031       40
  2:     0.027  0.031  0.143  0.282  0.175  0.051  0.028  0.224  0.039       46
  3:     0.023  0.036  0.045  0.149  0.433  0.032  0.040  0.217  0.025       63
  4:     0.043  0.025  0.163  0.237  0.306  0.039  0.044  0.111  0.033       48
  5:     0.050  0.036  0.078  0.279  0.167  0.033  0.040  0.280  0.036       85
  6:     0.030  0.032  0.066  0.271  0.216  0.044  0.049  0.255  0.038       70
  7:     0.089  0.223  0.051  0.033  0.026  0.243  0.103  0.067  0.164       22
  8:     0.150  0.213  0.041  0.019  0.024  0.177  0.116  0.021  0.238       11
  9:     0.072  0.146  0.132  0.118  0.030  0.148  0.094  0.045  0.216       33
 10:     0.144  0.083  0.111  0.105  0.042  0.154  0.131  0.034  0.195       48
 11:     0.078  0.132  0.211  0.150  0.025  0.111  0.078  0.042  0.172       48
 12:     0.053  0.020  0.735  0.018  0.014  0.064  0.022  0.020  0.055       13
 13:     0.109  0.020  0.688  0.034  0.036  0.026  0.044  0.025  0.018        9
 14:     0.114  0.127  0.052  0.027  0.040  0.202  0.186  0.043  0.210       90
 15:     0.040  0.511  0.032  0.017  0.028  0.098  0.134  0.025  0.116       63
 16:     0.092  0.095  0.103  0.026  0.061  0.162  0.166  0.074  0.222       16
 17:     0.139  0.069  0.116  0.046  0.058  0.164  0.230  0.071  0.107       31
 18:     0.720  0.029  0.065  0.018  0.012  0.045  0.023  0.022  0.067       16
 19:     0.040  0.344  0.032  0.022  0.074  0.148  0.101  0.124  0.114       24
 20:     0.117  0.093  0.033  0.027  0.040  0.284  0.080  0.073  0.253       12
 21:     0.142  0.164  0.057  0.028  0.032  0.186  0.160  0.050  0.182       54
 22:     0.250  0.057  0.055  0.038  0.034  0.149  0.218  0.048  0.152       96
 23:     0.276  0.142  0.045  0.029  0.023  0.157  0.170  0.054  0.104       22
 24:     0.531  0.025  0.067  0.068  0.039  0.046  0.074  0.063  0.086       23
 25:     0.266  0.060  0.044  0.015  0.033  0.092  0.273  0.030  0.187       13
 26:     0.082  0.139  0.051  0.036  0.069  0.214  0.157  0.047  0.206       19
--------------------------------------------

Allele-freq. divergence among pops (Net nucleotide distance),
computed using point estimates of P.

      1       2       3       4       5       6       7       8       9      
 1      -    0.0254  0.0259  0.0518  0.0416  0.0144  0.0159  0.0404  0.0146  
 2   0.0254     -    0.0213  0.0393  0.0390  0.0104  0.0170  0.0343  0.0109  
 3   0.0259  0.0213     -    0.0190  0.0341  0.0177  0.0240  0.0294  0.0172  
 4   0.0518  0.0393  0.0190     -    0.0293  0.0342  0.0468  0.0259  0.0380  
 5   0.0416  0.0390  0.0341  0.0293     -    0.0267  0.0340  0.0257  0.0352  
 6   0.0144  0.0104  0.0177  0.0342  0.0267     -    0.0073  0.0263  0.0052  
 7   0.0159  0.0170  0.0240  0.0468  0.0340  0.0073     -    0.0367  0.0099  
 8   0.0404  0.0343  0.0294  0.0259  0.0257  0.0263  0.0367     -    0.0318  
 9   0.0146  0.0109  0.0172  0.0380  0.0352  0.0052  0.0099  0.0318     -    

Average distances (expected heterozygosity) between individuals in same cluster:
cluster  1  : 0.8285 
cluster  2  : 0.8469 
cluster  3  : 0.8475 
cluster  4  : 0.8233 
cluster  5  : 0.8165 
cluster  6  : 0.8584 
cluster  7  : 0.8402 
cluster  8  : 0.8034 
cluster  9  : 0.8508 

--------------------------------------------
Estimated Ln Prob of Data   = -47826.1
Mean value of ln likelihood = -45936.5
Variance of ln likelihood   = 3779.3
Mean value of alpha         = 0.0530

Mean value of Fst_1         = 0.0447
Mean value of Fst_2         = 0.0360
Mean value of Fst_3         = 0.0439
Mean value of Fst_4         = 0.0864
Mean value of Fst_5         = 0.0716
Mean value of Fst_6         = 0.0187
Mean value of Fst_7         = 0.0353
Mean value of Fst_8         = 0.0687
Mean value of Fst_9         = 0.0239


Inferred ancestry of individuals:
        Label (%Miss) Pop:  Inferred clusters
  1    C3984    (0)    1 :  0.006 0.011 0.018 0.681 0.014 0.020 0.013 0.227 0.010 
  2    C3985    (0)    1 :  0.014 0.013 0.016 0.573 0.038 0.014 0.009 0.308 0.015 
  3    C3986    (0)    1 :  0.007 0.017 0.019 0.773 0.078 0.010 0.012 0.074 0.009 
  4    C4231    (0)    1 :  0.010 0.013 0.091 0.525 0.043 0.039 0.025 0.210 0.043 
  5    C4344    (0)    1 :  0.015 0.027 0.014 0.241 0.348 0.040 0.019 0.271 0.024 
  6    C4347   (18)    1 :  0.045 0.011 0.019 0.075 0.438 0.018 0.024 0.355 0.016 
  7    C4352   (18)    1 :  0.020 0.029 0.057 0.406 0.066 0.025 0.018 0.347 0.032 
  8    C4355    (9)    1 :  0.014 0.024 0.044 0.321 0.146 0.030 0.048 0.360 0.013 
  9    C4358   (18)    1 :  0.045 0.070 0.050 0.029 0.014 0.524 0.053 0.056 0.159 
 10    C4419    (9)    1 :  0.017 0.018 0.181 0.113 0.021 0.049 0.067 0.511 0.022 
 11    C4428    (9)    1 :  0.018 0.014 0.042 0.339 0.125 0.014 0.016 0.420 0.011 
 12    C4436    (0)    1 :  0.016 0.011 0.017 0.207 0.058 0.010 0.011 0.659 0.011 
 13    C4437   (18)    1 :  0.046 0.017 0.022 0.515 0.032 0.062 0.032 0.251 0.023 
 14    C4450    (0)    1 :  0.037 0.055 0.028 0.192 0.026 0.121 0.064 0.422 0.054 
 15    C4531    (0)    1 :  0.026 0.038 0.239 0.562 0.009 0.031 0.017 0.035 0.042 
 16    C1615    (0)    1 :  0.079 0.060 0.071 0.268 0.040 0.042 0.048 0.313 0.081 
 17    C1616    (0)    1 :  0.107 0.021 0.038 0.059 0.051 0.178 0.203 0.270 0.074 
 18    C1617    (9)    1 :  0.015 0.008 0.012 0.012 0.076 0.014 0.018 0.834 0.011 
 19    C1618    (0)    1 :  0.038 0.103 0.092 0.270 0.031 0.033 0.022 0.376 0.036 
 20    C1619    (0)    1 :  0.045 0.084 0.061 0.074 0.030 0.066 0.018 0.594 0.027 
 21    C1620    (9)    1 :  0.030 0.075 0.034 0.083 0.027 0.059 0.012 0.654 0.026 
 22    C1621    (0)    1 :  0.304 0.038 0.201 0.016 0.028 0.040 0.075 0.252 0.047 
 23    C1623    (9)    1 :  0.139 0.249 0.184 0.193 0.014 0.089 0.048 0.036 0.047 
 24    C1625    (0)    1 :  0.063 0.053 0.049 0.025 0.035 0.050 0.014 0.687 0.025 
 25    C1626    (0)    1 :  0.055 0.029 0.146 0.016 0.026 0.062 0.043 0.565 0.059 
 26    C1627    (9)    1 :  0.026 0.016 0.016 0.035 0.015 0.014 0.007 0.858 0.013 
 27    C1633    (0)    1 :  0.012 0.009 0.014 0.025 0.011 0.012 0.010 0.900 0.008 
 28    C1637    (0)    1 :  0.017 0.011 0.020 0.012 0.025 0.015 0.016 0.869 0.017 
 29    C1650    (0)    1 :  0.028 0.012 0.278 0.338 0.079 0.023 0.042 0.175 0.024 
 30    C3202    (0)    1 :  0.016 0.009 0.010 0.013 0.910 0.012 0.008 0.013 0.009 
 31    C3248    (0)    1 :  0.014 0.011 0.012 0.061 0.108 0.018 0.009 0.744 0.023 
 32    C3304    (9)    1 :  0.016 0.013 0.012 0.083 0.548 0.074 0.054 0.187 0.012 
 33    C3326    (0)    1 :  0.026 0.019 0.075 0.102 0.352 0.118 0.065 0.127 0.116 
 34    C3333    (0)    1 :  0.018 0.014 0.010 0.038 0.831 0.020 0.019 0.037 0.014 
 35    C3339   (18)    1 :  0.011 0.028 0.013 0.014 0.111 0.030 0.048 0.732 0.014 
 36    C3346    (0)    1 :  0.006 0.011 0.009 0.015 0.916 0.009 0.009 0.017 0.008 
 37    C3349    (0)    1 :  0.015 0.036 0.020 0.025 0.685 0.051 0.060 0.074 0.032 
 38    C3367   (18)    1 :  0.021 0.016 0.024 0.054 0.800 0.016 0.021 0.034 0.014 
 39    C3374    (0)    1 :  0.005 0.010 0.027 0.013 0.030 0.009 0.007 0.891 0.008 
 40    C3405    (0)    1 :  0.010 0.036 0.096 0.040 0.600 0.038 0.073 0.085 0.023 
 41    C4543    (0)    2 :  0.010 0.015 0.291 0.562 0.053 0.015 0.019 0.022 0.012 
 42    C4545    (9)    2 :  0.008 0.051 0.244 0.621 0.018 0.008 0.009 0.030 0.011 
 43    C4551    (9)    2 :  0.018 0.043 0.498 0.120 0.013 0.057 0.019 0.095 0.138 
 44    C4491    (0)    2 :  0.028 0.050 0.072 0.566 0.045 0.068 0.033 0.063 0.076 
 45    C4494    (0)    2 :  0.008 0.010 0.021 0.561 0.296 0.012 0.010 0.070 0.011 
 46    C4495    (0)    2 :  0.016 0.040 0.056 0.097 0.568 0.058 0.018 0.037 0.110 
 47    C4497    (9)    2 :  0.012 0.017 0.015 0.344 0.044 0.031 0.015 0.505 0.017 
 48    C4501    (0)    2 :  0.014 0.016 0.064 0.212 0.014 0.180 0.057 0.407 0.035 
 49    C4502    (0)    2 :  0.011 0.052 0.058 0.139 0.038 0.016 0.015 0.661 0.009 
 50    C4503    (0)    2 :  0.016 0.144 0.420 0.352 0.011 0.015 0.011 0.013 0.018 
 51    C4504    (0)    2 :  0.026 0.068 0.029 0.342 0.047 0.316 0.071 0.042 0.058 
 52    C4470    (0)    2 :  0.020 0.021 0.175 0.137 0.029 0.099 0.027 0.381 0.110 
 53    C4471    (0)    2 :  0.012 0.016 0.099 0.707 0.022 0.028 0.018 0.086 0.013 
 54    C4474    (9)    2 :  0.019 0.017 0.521 0.357 0.008 0.015 0.016 0.010 0.038 
 55    C4476    (0)    2 :  0.011 0.014 0.057 0.246 0.013 0.016 0.009 0.618 0.014 
 56    C4478    (0)    2 :  0.009 0.110 0.076 0.545 0.099 0.039 0.045 0.068 0.010 
 57    C4479    (0)    2 :  0.055 0.009 0.162 0.100 0.119 0.015 0.019 0.507 0.014 
 58    C4482    (0)    2 :  0.153 0.010 0.028 0.548 0.087 0.069 0.029 0.040 0.037 
 59    C4483    (0)    2 :  0.013 0.019 0.564 0.335 0.010 0.030 0.009 0.008 0.013 
 60    C4484    (0)    2 :  0.025 0.050 0.173 0.392 0.152 0.045 0.057 0.077 0.030 
 61    C4485    (0)    2 :  0.047 0.024 0.049 0.167 0.299 0.122 0.038 0.190 0.064 
 62    C4489    (0)    2 :  0.017 0.021 0.039 0.493 0.058 0.031 0.024 0.303 0.014 
 63    C4505    (0)    2 :  0.013 0.014 0.042 0.268 0.015 0.022 0.019 0.576 0.032 
 64    C4507    (0)    2 :  0.009 0.079 0.203 0.304 0.010 0.045 0.063 0.227 0.059 
 65    C4535    (0)    2 :  0.035 0.025 0.383 0.427 0.017 0.035 0.017 0.023 0.038 
 66    C4542    (0)    2 :  0.022 0.027 0.276 0.117 0.020 0.204 0.144 0.017 0.172 
 67    C4553    (9)    2 :  0.022 0.016 0.159 0.591 0.063 0.025 0.022 0.052 0.050 
 68    C4562   (18)    2 :  0.025 0.040 0.092 0.583 0.032 0.024 0.020 0.130 0.055 
 69    C4582   (18)    2 :  0.042 0.020 0.332 0.461 0.030 0.030 0.020 0.040 0.026 
 70    C4693    (0)    2 :  0.012 0.007 0.588 0.296 0.035 0.010 0.011 0.031 0.010 
 71    C4696    (0)    2 :  0.028 0.041 0.198 0.378 0.043 0.051 0.023 0.102 0.136 
 72    C3179    (0)    2 :  0.011 0.055 0.010 0.029 0.614 0.027 0.023 0.207 0.024 
 73    C3181    (0)    2 :  0.020 0.014 0.047 0.019 0.420 0.059 0.033 0.361 0.027 
 74    C3188    (0)    2 :  0.027 0.026 0.021 0.278 0.120 0.069 0.032 0.402 0.024 
 75    C3190    (0)    2 :  0.019 0.011 0.019 0.023 0.838 0.022 0.035 0.015 0.017 
 76    C3193    (0)    2 :  0.043 0.008 0.013 0.103 0.329 0.026 0.014 0.438 0.026 
 77    C3232    (0)    2 :  0.009 0.011 0.026 0.486 0.125 0.014 0.013 0.304 0.011 
 78    C3236    (0)    2 :  0.009 0.008 0.017 0.051 0.774 0.010 0.010 0.110 0.012 
 79    C3249    (0)    2 :  0.029 0.030 0.030 0.073 0.444 0.054 0.038 0.274 0.027 
 80    C3250    (0)    2 :  0.012 0.008 0.042 0.191 0.093 0.015 0.016 0.611 0.012 
 81    C3253    (0)    2 :  0.013 0.009 0.014 0.134 0.009 0.014 0.008 0.785 0.013 
 82    C3255    (0)    2 :  0.010 0.010 0.033 0.044 0.330 0.018 0.009 0.534 0.011 
 83    C3277    (0)    2 :  0.066 0.033 0.049 0.022 0.066 0.106 0.032 0.571 0.055 
 84    C3315    (0)    2 :  0.157 0.062 0.226 0.084 0.016 0.082 0.067 0.235 0.071 
 85    C3288    (0)    2 :  0.023 0.014 0.016 0.029 0.859 0.014 0.012 0.022 0.012 
 86    C3293    (0)    2 :  0.029 0.027 0.044 0.039 0.686 0.092 0.030 0.016 0.038 
 87    C4018    (0)    3 :  0.007 0.007 0.014 0.805 0.115 0.011 0.015 0.019 0.008 
 88    C3980    (0)    3 :  0.010 0.010 0.095 0.809 0.028 0.013 0.013 0.013 0.010 
 89    C3987    (0)    3 :  0.013 0.013 0.164 0.695 0.018 0.012 0.015 0.057 0.012 
 90    C3988    (0)    3 :  0.015 0.012 0.041 0.693 0.034 0.016 0.007 0.166 0.016 
 91    C3989    (0)    3 :  0.007 0.007 0.028 0.064 0.632 0.184 0.010 0.022 0.046 
 92    C4011    (0)    3 :  0.006 0.005 0.009 0.847 0.065 0.006 0.006 0.051 0.005 
 93    C4017    (0)    3 :  0.006 0.007 0.082 0.858 0.015 0.007 0.007 0.014 0.006 
 94    C4296    (0)    3 :  0.026 0.034 0.140 0.039 0.027 0.040 0.042 0.419 0.234 
 95    C4301    (9)    3 :  0.010 0.032 0.019 0.009 0.093 0.084 0.725 0.011 0.017 
 96    C4303    (0)    3 :  0.221 0.024 0.015 0.012 0.553 0.025 0.051 0.066 0.033 
 97    C4453    (0)    3 :  0.044 0.063 0.027 0.130 0.622 0.031 0.021 0.049 0.013 
 98    C4455    (9)    3 :  0.036 0.016 0.021 0.061 0.815 0.014 0.012 0.012 0.013 
 99    C4456   (18)    3 :  0.075 0.107 0.068 0.173 0.447 0.040 0.039 0.031 0.021 
100    C4457    (9)    3 :  0.076 0.028 0.030 0.067 0.547 0.080 0.065 0.070 0.038 
101    C4459    (9)    3 :  0.022 0.011 0.035 0.509 0.195 0.023 0.017 0.163 0.026 
102    C4464   (18)    3 :  0.008 0.010 0.019 0.178 0.545 0.011 0.009 0.210 0.011 
103    C4468    (9)    3 :  0.049 0.015 0.044 0.047 0.219 0.023 0.014 0.573 0.016 
104    C4783    (0)    3 :  0.015 0.010 0.065 0.354 0.485 0.019 0.010 0.008 0.035 
105    C4786    (0)    3 :  0.011 0.009 0.031 0.187 0.675 0.011 0.023 0.040 0.014 
106    C4789    (9)    3 :  0.010 0.008 0.075 0.227 0.505 0.020 0.060 0.082 0.013 
107    C4891    (0)    3 :  0.009 0.018 0.020 0.039 0.834 0.019 0.015 0.013 0.032 
108    C4896    (0)    3 :  0.031 0.013 0.135 0.184 0.513 0.039 0.047 0.011 0.026 
109    C4898    (0)    3 :  0.013 0.014 0.167 0.309 0.386 0.021 0.011 0.057 0.022 
110    C4901    (0)    3 :  0.012 0.008 0.015 0.194 0.711 0.016 0.016 0.014 0.014 
111    C4903    (9)    3 :  0.023 0.010 0.029 0.039 0.806 0.028 0.031 0.017 0.016 
112    C4904    (0)    3 :  0.008 0.009 0.052 0.371 0.477 0.036 0.013 0.014 0.022 
113    C3263    (0)    3 :  0.014 0.102 0.011 0.015 0.076 0.025 0.010 0.736 0.011 
114    C3271    (0)    3 :  0.009 0.017 0.008 0.039 0.039 0.021 0.020 0.830 0.017 
115    C3272    (0)    3 :  0.009 0.021 0.013 0.022 0.067 0.039 0.034 0.777 0.019 
116    C3276    (0)    3 :  0.021 0.066 0.038 0.012 0.487 0.105 0.219 0.024 0.029 
117    C3280    (9)    3 :  0.023 0.061 0.022 0.076 0.018 0.035 0.025 0.696 0.045 
118    C3305    (9)    3 :  0.008 0.011 0.010 0.022 0.008 0.014 0.010 0.907 0.010 
119    C3306    (0)    3 :  0.013 0.042 0.013 0.016 0.028 0.054 0.010 0.806 0.017 
120    C3324    (0)    3 :  0.013 0.114 0.012 0.016 0.013 0.042 0.014 0.744 0.031 
121    C3329    (0)    3 :  0.023 0.045 0.070 0.099 0.046 0.042 0.024 0.580 0.071 
122    C3336    (0)    3 :  0.012 0.016 0.018 0.033 0.090 0.028 0.045 0.732 0.027 
123    C3341   (18)    3 :  0.028 0.538 0.122 0.049 0.028 0.092 0.022 0.074 0.046 
124    C3409   (18)    3 :  0.031 0.039 0.175 0.039 0.101 0.093 0.065 0.409 0.047 
125    C3168    (9)    3 :  0.008 0.007 0.010 0.013 0.924 0.009 0.009 0.012 0.008 
126    C3170    (0)    3 :  0.008 0.010 0.009 0.025 0.878 0.012 0.015 0.033 0.010 
127    C3214   (18)    3 :  0.025 0.010 0.070 0.025 0.518 0.019 0.222 0.097 0.014 
128    C3227    (0)    3 :  0.011 0.006 0.009 0.012 0.914 0.008 0.021 0.012 0.007 
129    C3228    (0)    3 :  0.034 0.039 0.135 0.182 0.058 0.031 0.059 0.419 0.044 
130    C3278    (0)    3 :  0.008 0.007 0.006 0.006 0.924 0.012 0.016 0.008 0.012 
131    C3279    (0)    3 :  0.012 0.008 0.010 0.008 0.838 0.042 0.022 0.036 0.023 
132    C3321    (0)    3 :  0.005 0.005 0.008 0.025 0.928 0.007 0.006 0.009 0.006 
133    C3322    (0)    3 :  0.032 0.010 0.024 0.020 0.812 0.018 0.043 0.009 0.032 
134    C3303    (0)    3 :  0.014 0.030 0.016 0.013 0.725 0.021 0.048 0.085 0.047 
135    C3317    (0)    3 :  0.013 0.013 0.014 0.024 0.031 0.020 0.010 0.859 0.015 
136    C3355    (0)    3 :  0.010 0.017 0.020 0.031 0.508 0.015 0.009 0.378 0.013 
137    C3376    (9)    3 :  0.016 0.014 0.054 0.041 0.216 0.036 0.036 0.568 0.020 
138    C3401    (0)    3 :  0.027 0.017 0.018 0.065 0.069 0.032 0.023 0.719 0.030 
139    C3203    (9)    3 :  0.034 0.057 0.043 0.026 0.528 0.047 0.049 0.204 0.014 
140    C3245    (0)    3 :  0.020 0.010 0.009 0.012 0.796 0.025 0.017 0.098 0.013 
141    C3302    (0)    3 :  0.012 0.014 0.009 0.012 0.894 0.015 0.018 0.012 0.013 
142    C3307    (0)    3 :  0.084 0.108 0.232 0.091 0.318 0.048 0.011 0.072 0.036 
143    C3310    (0)    3 :  0.007 0.013 0.008 0.010 0.918 0.014 0.011 0.008 0.010 
144    C3312    (9)    3 :  0.032 0.020 0.025 0.199 0.336 0.054 0.018 0.270 0.045 
145    C3345    (0)    3 :  0.011 0.021 0.013 0.026 0.873 0.016 0.012 0.018 0.009 
146    C3371    (0)    3 :  0.010 0.033 0.012 0.008 0.891 0.014 0.008 0.014 0.010 
147    C3372    (0)    3 :  0.023 0.040 0.070 0.037 0.579 0.036 0.015 0.176 0.025 
148    C3380    (9)    3 :  0.007 0.006 0.014 0.016 0.924 0.007 0.007 0.014 0.006 
149    C3417    (0)    3 :  0.025 0.181 0.036 0.093 0.525 0.066 0.017 0.029 0.029 
150    C4569    (9)    4 :  0.044 0.081 0.341 0.161 0.013 0.081 0.087 0.072 0.120 
151    C4570    (9)    4 :  0.011 0.013 0.493 0.380 0.015 0.012 0.009 0.052 0.015 
152    C4571    (9)    4 :  0.020 0.014 0.540 0.199 0.029 0.017 0.015 0.152 0.013 
153    C4572    (9)    4 :  0.024 0.017 0.361 0.518 0.011 0.012 0.014 0.028 0.014 
154    C4573    (9)    4 :  0.335 0.024 0.328 0.043 0.013 0.066 0.068 0.071 0.051 
155    C4575    (9)    4 :  0.052 0.018 0.612 0.168 0.021 0.042 0.033 0.037 0.017 
156    C4577    (9)    4 :  0.008 0.013 0.465 0.417 0.019 0.019 0.011 0.030 0.019 
157    C4578    (9)    4 :  0.042 0.024 0.576 0.183 0.016 0.054 0.030 0.039 0.037 
158    C4600   (18)    4 :  0.032 0.021 0.082 0.463 0.023 0.133 0.032 0.025 0.189 
159    C4612    (9)    4 :  0.014 0.013 0.534 0.255 0.020 0.016 0.108 0.016 0.024 
160    C4621    (0)    4 :  0.018 0.006 0.104 0.781 0.038 0.011 0.015 0.020 0.007 
161    C4622    (9)    4 :  0.011 0.012 0.049 0.866 0.016 0.010 0.011 0.010 0.015 
162    C4623    (0)    4 :  0.031 0.136 0.394 0.095 0.067 0.065 0.039 0.143 0.031 
163    C4624    (0)    4 :  0.050 0.014 0.393 0.419 0.025 0.013 0.024 0.033 0.028 
164    C4625    (0)    4 :  0.460 0.015 0.059 0.160 0.013 0.071 0.047 0.111 0.062 
165    C4627    (0)    4 :  0.033 0.020 0.101 0.664 0.094 0.033 0.026 0.014 0.015 
166    C4631    (0)    4 :  0.015 0.139 0.428 0.349 0.010 0.015 0.012 0.013 0.018 
167    C4632    (0)    4 :  0.024 0.016 0.249 0.580 0.032 0.013 0.012 0.051 0.024 
168    C3939    (0)    4 :  0.010 0.012 0.083 0.702 0.105 0.021 0.028 0.017 0.022 
169    C3940    (0)    4 :  0.006 0.020 0.548 0.230 0.046 0.049 0.035 0.012 0.053 
170    C3945    (0)    4 :  0.006 0.010 0.020 0.892 0.021 0.011 0.009 0.015 0.017 
171    C4520    (0)    4 :  0.022 0.041 0.062 0.112 0.048 0.074 0.522 0.051 0.068 
172    C4522    (0)    4 :  0.009 0.010 0.033 0.662 0.232 0.013 0.012 0.018 0.011 
173    C3182    (0)    4 :  0.014 0.032 0.022 0.093 0.616 0.022 0.018 0.162 0.022 
174    C3189    (0)    4 :  0.131 0.021 0.034 0.126 0.053 0.136 0.036 0.408 0.055 
175    C3191    (9)    4 :  0.079 0.029 0.025 0.055 0.158 0.038 0.021 0.573 0.022 
176    C3196    (0)    4 :  0.023 0.015 0.019 0.031 0.720 0.028 0.026 0.119 0.020 
177    C3208    (0)    4 :  0.044 0.047 0.060 0.144 0.570 0.027 0.047 0.026 0.034 
178    C3211    (0)    4 :  0.008 0.011 0.011 0.032 0.873 0.019 0.017 0.017 0.013 
179    C3212    (0)    4 :  0.009 0.089 0.190 0.098 0.131 0.163 0.172 0.059 0.089 
180    C3213    (0)    4 :  0.010 0.015 0.008 0.008 0.897 0.020 0.017 0.011 0.015 
181    C3215    (0)    4 :  0.022 0.010 0.018 0.011 0.881 0.008 0.030 0.007 0.013 
182    C3217    (0)    4 :  0.014 0.036 0.027 0.040 0.504 0.036 0.018 0.302 0.022 
183    C3225    (9)    4 :  0.026 0.019 0.032 0.031 0.281 0.044 0.079 0.437 0.050 
184    C3226    (0)    4 :  0.010 0.012 0.029 0.149 0.657 0.012 0.008 0.115 0.009 
185    C3238    (9)    4 :  0.019 0.012 0.042 0.111 0.732 0.017 0.020 0.036 0.011 
186    C3239    (0)    4 :  0.020 0.031 0.048 0.264 0.180 0.052 0.025 0.360 0.019 
187    C3269   (18)    4 :  0.125 0.021 0.133 0.136 0.057 0.061 0.118 0.314 0.035 
188    C3273    (0)    4 :  0.053 0.009 0.014 0.062 0.355 0.035 0.024 0.434 0.013 
189    C3274    (0)    4 :  0.015 0.012 0.066 0.020 0.549 0.126 0.055 0.027 0.130 
190    C3354    (0)    4 :  0.017 0.010 0.022 0.018 0.750 0.045 0.015 0.101 0.023 
191    C3361    (0)    4 :  0.015 0.008 0.036 0.025 0.826 0.016 0.018 0.041 0.015 
192    C3289    (0)    4 :  0.013 0.009 0.010 0.034 0.882 0.014 0.013 0.014 0.012 
193    C3169    (0)    4 :  0.013 0.009 0.024 0.246 0.408 0.014 0.021 0.257 0.008 
194    C3199    (9)    4 :  0.044 0.014 0.041 0.128 0.635 0.018 0.025 0.081 0.014 
195    C3224    (0)    4 :  0.018 0.013 0.012 0.059 0.647 0.013 0.037 0.188 0.014 
196    C3261   (18)    4 :  0.008 0.012 0.016 0.115 0.700 0.032 0.009 0.093 0.014 
197    C3320    (0)    4 :  0.022 0.012 0.034 0.039 0.686 0.033 0.025 0.121 0.027 
198    C4151    (0)    5 :  0.010 0.008 0.326 0.589 0.016 0.011 0.007 0.025 0.008 
199    C4152    (0)    5 :  0.017 0.012 0.238 0.485 0.009 0.016 0.013 0.199 0.011 
200    C4153    (0)    5 :  0.022 0.013 0.145 0.377 0.273 0.029 0.046 0.069 0.026 
201    C4154   (18)    5 :  0.008 0.014 0.026 0.814 0.052 0.021 0.015 0.032 0.017 
202    C4157    (0)    5 :  0.015 0.014 0.022 0.166 0.025 0.040 0.015 0.610 0.093 
203    C4158    (0)    5 :  0.017 0.007 0.391 0.506 0.023 0.010 0.008 0.028 0.011 
204    C4163    (0)    5 :  0.009 0.007 0.151 0.781 0.013 0.008 0.007 0.017 0.007 
205    C4165    (0)    5 :  0.032 0.065 0.242 0.193 0.047 0.100 0.010 0.032 0.279 
206    C4248    (9)    5 :  0.024 0.013 0.010 0.333 0.251 0.041 0.016 0.284 0.029 
207    C4371    (9)    5 :  0.017 0.030 0.046 0.264 0.020 0.026 0.013 0.570 0.016 
208    C3936    (0)    5 :  0.013 0.014 0.029 0.878 0.015 0.012 0.013 0.012 0.014 
209    C3937    (0)    5 :  0.013 0.010 0.256 0.650 0.028 0.008 0.009 0.015 0.011 
210    C3944    (0)    5 :  0.007 0.010 0.039 0.807 0.034 0.008 0.008 0.080 0.008 
211    C3954    (0)    5 :  0.032 0.007 0.013 0.528 0.050 0.010 0.018 0.335 0.008 
212    C3955    (9)    5 :  0.025 0.007 0.011 0.739 0.125 0.019 0.024 0.039 0.011 
213    C3961    (0)    5 :  0.010 0.045 0.242 0.534 0.081 0.016 0.023 0.035 0.015 
214    C3974    (0)    5 :  0.017 0.015 0.244 0.612 0.027 0.020 0.030 0.015 0.020 
215    C4024    (0)    5 :  0.011 0.069 0.029 0.519 0.026 0.031 0.028 0.268 0.019 
216    C4025    (0)    5 :  0.018 0.029 0.224 0.625 0.010 0.015 0.016 0.052 0.012 
217    C4028    (0)    5 :  0.065 0.032 0.267 0.403 0.041 0.038 0.048 0.068 0.039 
218    C4032   (18)    5 :  0.012 0.009 0.028 0.462 0.038 0.013 0.012 0.418 0.009 
219    C4033   (18)    5 :  0.014 0.012 0.014 0.070 0.402 0.015 0.013 0.446 0.014 
220    C4034    (0)    5 :  0.021 0.070 0.030 0.088 0.282 0.052 0.075 0.307 0.077 
221    C4041    (9)    5 :  0.013 0.058 0.028 0.026 0.042 0.040 0.089 0.658 0.046 
222    C4043    (9)    5 :  0.020 0.018 0.111 0.326 0.093 0.021 0.015 0.374 0.021 
223    C4044    (9)    5 :  0.060 0.417 0.070 0.136 0.096 0.064 0.051 0.052 0.055 
224    C4045    (9)    5 :  0.040 0.012 0.095 0.186 0.167 0.029 0.020 0.423 0.028 
225    C4046    (9)    5 :  0.020 0.025 0.035 0.027 0.105 0.012 0.012 0.746 0.018 
226    C4047    (0)    5 :  0.036 0.018 0.015 0.032 0.740 0.037 0.036 0.035 0.052 
227    C4048    (9)    5 :  0.058 0.050 0.019 0.027 0.586 0.053 0.039 0.120 0.048 
228    C4055    (9)    5 :  0.036 0.019 0.048 0.293 0.022 0.028 0.028 0.496 0.030 
229    C4057   (18)    5 :  0.010 0.047 0.022 0.424 0.037 0.022 0.017 0.406 0.015 
230    C4059    (0)    5 :  0.020 0.010 0.018 0.045 0.112 0.018 0.021 0.745 0.011 
231    C4060    (9)    5 :  0.017 0.016 0.229 0.435 0.067 0.032 0.021 0.159 0.023 
232    C4064    (9)    5 :  0.215 0.015 0.035 0.081 0.024 0.052 0.031 0.445 0.103 
233    C4067    (0)    5 :  0.090 0.048 0.023 0.036 0.615 0.046 0.026 0.083 0.032 
234    C4068    (9)    5 :  0.031 0.019 0.031 0.069 0.717 0.025 0.026 0.054 0.026 
235    C4070    (9)    5 :  0.022 0.091 0.029 0.118 0.295 0.040 0.018 0.352 0.035 
236    C4075   (18)    5 :  0.014 0.021 0.019 0.040 0.808 0.021 0.022 0.039 0.015 
237    C4081    (9)    5 :  0.023 0.018 0.035 0.093 0.047 0.026 0.024 0.699 0.035 
238    C4082    (0)    5 :  0.033 0.019 0.032 0.244 0.501 0.022 0.060 0.064 0.025 
239    C4083    (0)    5 :  0.047 0.149 0.124 0.115 0.036 0.197 0.029 0.184 0.119 
240    C4086    (0)    5 :  0.161 0.011 0.016 0.230 0.063 0.029 0.024 0.440 0.027 
241    C4088    (9)    5 :  0.835 0.008 0.039 0.019 0.019 0.019 0.014 0.029 0.018 
242    C4092    (0)    5 :  0.010 0.046 0.028 0.375 0.026 0.032 0.014 0.451 0.018 
243    C4099    (9)    5 :  0.027 0.072 0.040 0.125 0.130 0.053 0.089 0.424 0.041 
244    C4104    (0)    5 :  0.016 0.031 0.019 0.762 0.089 0.020 0.014 0.030 0.019 
245    C4108   (18)    5 :  0.045 0.023 0.015 0.009 0.016 0.063 0.607 0.012 0.210 
246    C4118    (0)    5 :  0.037 0.013 0.041 0.198 0.011 0.074 0.082 0.475 0.069 
247    C4131    (0)    5 :  0.075 0.015 0.147 0.351 0.048 0.041 0.015 0.275 0.033 
248    C4133    (0)    5 :  0.011 0.011 0.014 0.146 0.072 0.021 0.019 0.692 0.013 
249    C4135    (0)    5 :  0.005 0.006 0.008 0.865 0.016 0.011 0.005 0.075 0.008 
250    C4136    (0)    5 :  0.078 0.022 0.366 0.304 0.027 0.040 0.075 0.025 0.062 
251    C4137    (9)    5 :  0.020 0.016 0.037 0.370 0.019 0.028 0.014 0.463 0.033 
252    C4139    (0)    5 :  0.007 0.009 0.033 0.845 0.024 0.017 0.012 0.039 0.015 
253    C4140    (9)    5 :  0.009 0.014 0.045 0.796 0.030 0.018 0.010 0.059 0.019 
254    C4167    (0)    5 :  0.036 0.040 0.228 0.285 0.015 0.028 0.012 0.294 0.061 
255    C4236    (0)    5 :  0.035 0.029 0.024 0.040 0.039 0.033 0.021 0.715 0.064 
256    C4237    (0)    5 :  0.608 0.018 0.050 0.048 0.011 0.061 0.097 0.058 0.048 
257    C4238    (0)    5 :  0.057 0.014 0.026 0.347 0.163 0.021 0.034 0.315 0.023 
258    C4241    (0)    5 :  0.015 0.019 0.026 0.070 0.266 0.036 0.026 0.513 0.029 
259    C4247    (9)    5 :  0.182 0.116 0.031 0.147 0.051 0.089 0.048 0.310 0.025 
260    C4257    (0)    5 :  0.025 0.018 0.068 0.042 0.662 0.018 0.046 0.106 0.016 
261    C4383    (0)    5 :  0.053 0.250 0.056 0.285 0.030 0.043 0.061 0.165 0.057 
262    C4397    (9)    5 :  0.008 0.007 0.009 0.097 0.010 0.009 0.008 0.838 0.014 
263    C4514    (0)    5 :  0.014 0.017 0.068 0.768 0.022 0.014 0.011 0.074 0.012 
264    C4519    (0)    5 :  0.008 0.013 0.186 0.370 0.238 0.037 0.101 0.027 0.021 
265    C4527    (0)    5 :  0.014 0.017 0.019 0.386 0.471 0.020 0.016 0.039 0.017 
266    C4534    (0)    5 :  0.013 0.064 0.087 0.139 0.490 0.054 0.059 0.061 0.032 
267    C4699    (0)    5 :  0.103 0.035 0.142 0.494 0.106 0.021 0.021 0.040 0.038 
268    C1541    (9)    5 :  0.012 0.011 0.015 0.055 0.682 0.011 0.008 0.192 0.014 
269    C1542    (9)    5 :  0.013 0.009 0.011 0.018 0.817 0.011 0.013 0.097 0.012 
270    C1544    (0)    5 :  0.044 0.013 0.023 0.028 0.294 0.021 0.033 0.519 0.024 
271    C1547    (9)    5 :  0.084 0.153 0.126 0.027 0.073 0.088 0.241 0.114 0.095 
272    C1553    (9)    5 :  0.066 0.104 0.108 0.148 0.050 0.125 0.158 0.091 0.151 
273    C1555    (9)    5 :  0.015 0.010 0.014 0.018 0.023 0.017 0.021 0.864 0.018 
274    C1557    (0)    5 :  0.017 0.013 0.014 0.028 0.015 0.011 0.011 0.877 0.014 
275    C1560    (0)    5 :  0.008 0.012 0.011 0.016 0.021 0.012 0.037 0.873 0.011 
276    C1565    (0)    5 :  0.013 0.062 0.052 0.048 0.451 0.051 0.018 0.242 0.061 
277    C1567    (0)    5 :  0.024 0.021 0.023 0.030 0.038 0.014 0.063 0.765 0.022 
278    C1569    (0)    5 :  0.014 0.022 0.024 0.051 0.110 0.012 0.014 0.735 0.019 
279    C1571    (0)    5 :  0.068 0.037 0.034 0.046 0.336 0.042 0.127 0.276 0.032 
280    C1576    (0)    5 :  0.075 0.020 0.233 0.080 0.071 0.027 0.033 0.437 0.025 
281    C1577    (9)    5 :  0.032 0.015 0.017 0.030 0.746 0.021 0.029 0.089 0.022 
282    C1579    (0)    5 :  0.018 0.014 0.027 0.024 0.327 0.028 0.017 0.512 0.033 
283    C3990    (0)    6 :  0.008 0.007 0.019 0.918 0.014 0.007 0.007 0.011 0.007 
284    C3991    (0)    6 :  0.049 0.030 0.285 0.518 0.032 0.027 0.015 0.022 0.021 
285    C3992    (0)    6 :  0.036 0.014 0.101 0.702 0.033 0.034 0.037 0.015 0.028 
286    C3994    (0)    6 :  0.039 0.084 0.122 0.349 0.132 0.082 0.018 0.146 0.028 
287    C4172    (0)    6 :  0.067 0.037 0.473 0.270 0.017 0.054 0.034 0.009 0.039 
288    C4173    (9)    6 :  0.011 0.316 0.158 0.406 0.036 0.015 0.019 0.017 0.022 
289    C4232    (9)    6 :  0.009 0.007 0.011 0.044 0.751 0.009 0.010 0.150 0.008 
290    C4234    (9)    6 :  0.013 0.008 0.010 0.146 0.425 0.014 0.010 0.362 0.011 
291    C4259    (0)    6 :  0.009 0.008 0.009 0.037 0.062 0.009 0.007 0.849 0.009 
292    C4260    (0)    6 :  0.008 0.007 0.012 0.162 0.768 0.011 0.008 0.017 0.007 
293    C4261    (9)    6 :  0.022 0.056 0.040 0.032 0.661 0.035 0.045 0.021 0.089 
294    C4262    (0)    6 :  0.010 0.068 0.083 0.206 0.052 0.018 0.021 0.494 0.047 
295    C4263    (0)    6 :  0.053 0.023 0.024 0.035 0.069 0.019 0.015 0.740 0.022 
296    C4267    (9)    6 :  0.043 0.014 0.141 0.320 0.159 0.018 0.016 0.271 0.019 
297    C4269    (0)    6 :  0.022 0.032 0.103 0.426 0.128 0.024 0.013 0.217 0.036 
298    C4272    (0)    6 :  0.008 0.011 0.009 0.139 0.013 0.018 0.012 0.777 0.013 
299    C4274    (0)    6 :  0.011 0.009 0.189 0.082 0.057 0.025 0.386 0.209 0.031 
300    C4276    (9)    6 :  0.031 0.013 0.034 0.010 0.031 0.025 0.817 0.023 0.016 
301    C4278    (0)    6 :  0.019 0.021 0.050 0.480 0.036 0.064 0.033 0.272 0.025 
302    C4280    (0)    6 :  0.012 0.016 0.085 0.178 0.541 0.047 0.023 0.059 0.039 
303    C4281    (0)    6 :  0.022 0.013 0.042 0.028 0.054 0.013 0.011 0.801 0.016 
304    C4282    (0)    6 :  0.050 0.206 0.014 0.027 0.156 0.183 0.041 0.171 0.152 
305    C4284    (9)    6 :  0.008 0.010 0.032 0.426 0.049 0.009 0.008 0.448 0.010 
306    C4286    (9)    6 :  0.022 0.022 0.323 0.076 0.321 0.036 0.060 0.112 0.028 
307    C4287    (0)    6 :  0.010 0.063 0.197 0.127 0.338 0.066 0.040 0.102 0.057 
308    C4290    (0)    6 :  0.127 0.057 0.260 0.026 0.013 0.051 0.353 0.063 0.048 
309    C4307   (18)    6 :  0.011 0.018 0.015 0.140 0.571 0.123 0.015 0.084 0.023 
310    C4310    (9)    6 :  0.061 0.012 0.019 0.289 0.179 0.029 0.070 0.324 0.018 
311    C4311   (18)    6 :  0.020 0.019 0.016 0.141 0.540 0.054 0.046 0.140 0.024 
312    C4312    (0)    6 :  0.015 0.010 0.007 0.248 0.568 0.013 0.013 0.117 0.009 
313    C4314    (0)    6 :  0.197 0.011 0.120 0.026 0.090 0.031 0.019 0.474 0.032 
314    C4318    (9)    6 :  0.010 0.024 0.050 0.064 0.035 0.117 0.015 0.669 0.015 
315    C4321    (9)    6 :  0.011 0.049 0.034 0.330 0.347 0.038 0.058 0.111 0.021 
316    C4324    (0)    6 :  0.011 0.040 0.050 0.406 0.063 0.025 0.033 0.353 0.019 
317    C4334    (0)    6 :  0.008 0.034 0.011 0.554 0.014 0.018 0.015 0.337 0.010 
318    C4529    (0)    6 :  0.063 0.029 0.040 0.184 0.267 0.047 0.027 0.311 0.032 
319    C1582    (9)    6 :  0.016 0.014 0.031 0.353 0.141 0.013 0.021 0.392 0.019 
320    C1583    (0)    6 :  0.064 0.019 0.040 0.133 0.217 0.045 0.034 0.426 0.023 
321    C1584    (9)    6 :  0.023 0.010 0.015 0.238 0.032 0.016 0.044 0.609 0.013 
322    C1585    (0)    6 :  0.012 0.007 0.011 0.529 0.015 0.009 0.011 0.400 0.006 
323    C1586    (0)    6 :  0.023 0.065 0.015 0.290 0.042 0.027 0.013 0.505 0.020 
324    C1589    (0)    6 :  0.011 0.011 0.037 0.470 0.059 0.011 0.012 0.378 0.010 
325    C1591    (0)    6 :  0.010 0.012 0.015 0.406 0.033 0.010 0.012 0.494 0.008 
326    C1592    (0)    6 :  0.022 0.021 0.053 0.211 0.045 0.033 0.021 0.562 0.033 
327    C1594    (0)    6 :  0.076 0.015 0.044 0.291 0.187 0.021 0.021 0.327 0.018 
328    C1597    (9)    6 :  0.029 0.030 0.017 0.179 0.431 0.035 0.083 0.149 0.049 
329    C1598    (9)    6 :  0.044 0.015 0.073 0.433 0.095 0.025 0.018 0.276 0.021 
330    C1599    (0)    6 :  0.010 0.012 0.018 0.053 0.337 0.031 0.037 0.483 0.018 
331    C1601    (0)    6 :  0.070 0.024 0.068 0.346 0.237 0.050 0.026 0.106 0.072 
332    C1605    (0)    6 :  0.084 0.029 0.196 0.144 0.051 0.293 0.092 0.063 0.049 
333    C1609    (0)    6 :  0.009 0.009 0.016 0.495 0.022 0.010 0.009 0.421 0.009 
334    C1610    (0)    6 :  0.078 0.012 0.022 0.039 0.357 0.123 0.080 0.188 0.101 
335    C1611    (0)    6 :  0.012 0.030 0.010 0.009 0.699 0.022 0.010 0.194 0.013 
336    C1612    (0)    6 :  0.009 0.006 0.007 0.010 0.723 0.010 0.009 0.219 0.007 
337    C1613    (0)    6 :  0.037 0.043 0.039 0.037 0.521 0.022 0.036 0.245 0.020 
338    C3173    (9)    6 :  0.035 0.043 0.020 0.091 0.198 0.068 0.046 0.436 0.062 
339    C3204    (0)    6 :  0.016 0.014 0.012 0.025 0.848 0.019 0.016 0.035 0.015 
340    C3223    (9)    6 :  0.013 0.066 0.022 0.018 0.476 0.231 0.125 0.023 0.026 
341    C3262    (0)    6 :  0.092 0.025 0.031 0.140 0.234 0.053 0.051 0.352 0.023 
342    C3270    (0)    6 :  0.015 0.015 0.022 0.425 0.313 0.025 0.022 0.137 0.027 
343    C3300    (0)    6 :  0.008 0.008 0.011 0.734 0.078 0.010 0.008 0.135 0.007 
344    C3330    (0)    6 :  0.012 0.018 0.076 0.391 0.122 0.076 0.020 0.251 0.034 
345    C3390    (9)    6 :  0.018 0.023 0.020 0.373 0.249 0.022 0.014 0.255 0.025 
346    C3424    (9)    6 :  0.016 0.014 0.020 0.066 0.423 0.073 0.028 0.310 0.050 
347    C3958    (0)    6 :  0.007 0.014 0.046 0.850 0.013 0.012 0.008 0.035 0.015 
348    C3962    (0)    6 :  0.006 0.008 0.032 0.886 0.011 0.012 0.010 0.016 0.019 
349    C4019    (0)    6 :  0.027 0.031 0.024 0.063 0.009 0.153 0.079 0.014 0.601 
350    C3995   (18)    6 :  0.021 0.047 0.156 0.655 0.044 0.022 0.014 0.017 0.024 
351    C4000    (0)    6 :  0.016 0.072 0.115 0.409 0.116 0.061 0.034 0.031 0.147 
352    C4002    (0)    6 :  0.020 0.025 0.106 0.619 0.118 0.021 0.012 0.042 0.037 
353    C1692    (0)    7 :  0.040 0.022 0.190 0.074 0.020 0.406 0.081 0.015 0.151 
354    C1693    (0)    7 :  0.014 0.075 0.082 0.065 0.096 0.485 0.094 0.054 0.035 
355    C1694    (0)    7 :  0.119 0.220 0.045 0.026 0.045 0.220 0.093 0.134 0.099 
356    C1698    (0)    7 :  0.049 0.123 0.017 0.009 0.008 0.439 0.099 0.044 0.212 
357    C1699    (0)    7 :  0.377 0.042 0.053 0.022 0.020 0.330 0.064 0.020 0.073 
358    C1700    (0)    7 :  0.062 0.169 0.095 0.062 0.030 0.112 0.058 0.057 0.354 
359    C1701    (0)    7 :  0.325 0.021 0.027 0.012 0.011 0.323 0.022 0.029 0.230 
360    C1702    (0)    7 :  0.066 0.046 0.025 0.011 0.010 0.603 0.056 0.012 0.171 
361    C1703    (0)    7 :  0.051 0.295 0.056 0.019 0.008 0.084 0.128 0.016 0.342 
362    C1704    (0)    7 :  0.025 0.201 0.040 0.061 0.017 0.127 0.067 0.370 0.093 
363    C1705    (0)    7 :  0.017 0.430 0.148 0.115 0.008 0.052 0.161 0.016 0.053 
364    C1706    (0)    7 :  0.410 0.035 0.043 0.009 0.015 0.319 0.073 0.015 0.080 
365    C1707    (0)    7 :  0.118 0.032 0.076 0.016 0.084 0.061 0.212 0.365 0.036 
366    C1708    (0)    7 :  0.022 0.460 0.023 0.012 0.018 0.350 0.020 0.018 0.076 
367    C1709    (0)    7 :  0.026 0.676 0.033 0.048 0.021 0.091 0.017 0.020 0.068 
368    C1710    (0)    7 :  0.064 0.065 0.014 0.021 0.018 0.405 0.035 0.032 0.345 
369    C1712    (0)    7 :  0.012 0.527 0.026 0.021 0.011 0.082 0.037 0.009 0.274 
370    C1714    (0)    7 :  0.018 0.767 0.013 0.019 0.009 0.100 0.016 0.024 0.034 
371    C1715    (0)    7 :  0.081 0.017 0.018 0.015 0.014 0.296 0.323 0.025 0.212 
372    C1717    (0)    7 :  0.021 0.053 0.021 0.016 0.047 0.275 0.407 0.057 0.102 
373    C1718   (18)    7 :  0.035 0.026 0.020 0.014 0.013 0.158 0.177 0.100 0.458 
374    C1719    (0)    7 :  0.018 0.605 0.048 0.069 0.052 0.029 0.017 0.053 0.109 
375    C1656    (0)    8 :  0.465 0.064 0.068 0.028 0.012 0.168 0.034 0.008 0.153 
376    C1657   (18)    8 :  0.193 0.412 0.014 0.024 0.035 0.139 0.068 0.012 0.102 
377    C1658    (0)    8 :  0.121 0.044 0.025 0.010 0.007 0.235 0.177 0.010 0.371 
378    C1659    (0)    8 :  0.109 0.018 0.026 0.028 0.064 0.155 0.507 0.020 0.073 
379    C1661    (9)    8 :  0.067 0.076 0.136 0.026 0.033 0.226 0.085 0.063 0.288 
380    C1665    (0)    8 :  0.181 0.031 0.024 0.015 0.027 0.255 0.080 0.014 0.373 
381    C1667    (9)    8 :  0.017 0.840 0.007 0.006 0.007 0.043 0.015 0.007 0.059 
382    C1676    (9)    8 :  0.150 0.144 0.046 0.019 0.012 0.162 0.030 0.014 0.421 
383    C1681    (9)    8 :  0.213 0.116 0.048 0.016 0.011 0.166 0.218 0.061 0.152 
384    C1682    (0)    8 :  0.066 0.563 0.043 0.014 0.017 0.120 0.044 0.013 0.119 
385    C1685    (0)    8 :  0.072 0.037 0.018 0.027 0.035 0.274 0.016 0.012 0.509 
386    C4707    (0)    9 :  0.018 0.026 0.141 0.035 0.022 0.083 0.014 0.029 0.632 
387    C4747    (0)    9 :  0.016 0.394 0.043 0.108 0.099 0.150 0.068 0.054 0.068 
388    C4772    (0)    9 :  0.035 0.023 0.457 0.153 0.054 0.035 0.037 0.030 0.174 
389    C4781    (0)    9 :  0.013 0.587 0.151 0.030 0.008 0.045 0.020 0.093 0.052 
390    C4782    (0)    9 :  0.061 0.086 0.157 0.053 0.018 0.170 0.118 0.092 0.244 
391    C4787    (0)    9 :  0.026 0.045 0.038 0.115 0.012 0.200 0.478 0.022 0.062 
392    C4790    (0)    9 :  0.028 0.518 0.035 0.065 0.011 0.106 0.031 0.023 0.183 
393    C4803    (0)    9 :  0.023 0.062 0.210 0.063 0.057 0.182 0.153 0.023 0.227 
394    C4813    (0)    9 :  0.031 0.024 0.479 0.297 0.021 0.060 0.038 0.009 0.042 
395    C4837    (0)    9 :  0.015 0.029 0.326 0.054 0.032 0.161 0.041 0.022 0.320 
396    C4838    (0)    9 :  0.054 0.046 0.037 0.078 0.010 0.135 0.512 0.012 0.115 
397    C4843    (0)    9 :  0.071 0.025 0.019 0.041 0.042 0.409 0.018 0.012 0.362 
398    C4857    (0)    9 :  0.026 0.014 0.050 0.749 0.030 0.027 0.039 0.037 0.027 
399    C4828    (0)    9 :  0.124 0.053 0.182 0.030 0.186 0.191 0.075 0.043 0.115 
400    C4835    (0)    9 :  0.082 0.019 0.159 0.485 0.014 0.105 0.072 0.019 0.045 
401    C4836    (9)    9 :  0.034 0.101 0.117 0.156 0.019 0.177 0.128 0.049 0.219 
402    C4842    (0)    9 :  0.236 0.080 0.024 0.030 0.024 0.357 0.027 0.010 0.211 
403    C4863    (9)    9 :  0.016 0.067 0.359 0.016 0.017 0.305 0.111 0.026 0.081 
404    C4744    (0)    9 :  0.093 0.239 0.020 0.019 0.060 0.262 0.076 0.009 0.223 
405    C4745    (0)    9 :  0.081 0.025 0.064 0.060 0.012 0.481 0.084 0.028 0.167 
406    C4768    (0)    9 :  0.046 0.246 0.077 0.112 0.025 0.071 0.020 0.084 0.321 
407    C4769    (0)    9 :  0.481 0.068 0.079 0.078 0.014 0.081 0.103 0.010 0.087 
408    C4771    (0)    9 :  0.047 0.045 0.030 0.011 0.010 0.064 0.064 0.013 0.716 
409    C4784    (0)    9 :  0.058 0.319 0.167 0.208 0.015 0.112 0.032 0.031 0.059 
410    C4785    (0)    9 :  0.038 0.764 0.031 0.028 0.018 0.052 0.017 0.028 0.023 
411    C4795    (0)    9 :  0.027 0.587 0.110 0.047 0.021 0.070 0.049 0.070 0.019 
412    C4796    (0)    9 :  0.024 0.105 0.037 0.012 0.010 0.073 0.089 0.019 0.631 
413    C4800    (0)    9 :  0.016 0.013 0.215 0.156 0.008 0.251 0.214 0.015 0.113 
414    C4801    (0)    9 :  0.195 0.061 0.253 0.230 0.009 0.082 0.072 0.051 0.048 
415    C4802    (0)    9 :  0.106 0.015 0.032 0.213 0.018 0.078 0.048 0.438 0.053 
416    C4805    (0)    9 :  0.125 0.100 0.034 0.051 0.009 0.066 0.066 0.020 0.528 
417    C4806    (0)    9 :  0.088 0.012 0.051 0.027 0.007 0.030 0.133 0.010 0.642 
418    C4850    (0)    9 :  0.042 0.022 0.163 0.090 0.075 0.209 0.039 0.050 0.311 
419    C4748    (0)   10 :  0.658 0.066 0.082 0.057 0.009 0.064 0.039 0.009 0.016 
420    C4753    (0)   10 :  0.051 0.073 0.036 0.039 0.009 0.385 0.093 0.031 0.283 
421    C4754    (0)   10 :  0.032 0.043 0.207 0.052 0.010 0.124 0.018 0.029 0.485 
422    C4760    (0)   10 :  0.016 0.019 0.232 0.154 0.064 0.123 0.151 0.061 0.179 
