

----------------------------------------------------
STRUCTURE by Pritchard, Stephens and Donnelly (2000)
     and Falush, Stephens and Pritchard (2003)
       Code by Pritchard, Falush and Hubisz
             Version 2.3.4 (Jul 2012)
----------------------------------------------------



Command line arguments:   bin\structure -m C:\Users\eschumacher\Documents\Butternut\butternut_STRUCTURE_withQU\50-50\mainparams -e C:\Users\eschumacher\Documents\Butternut\butternut_STRUCTURE_withQU\50-50\extraparams 
Input File:    C:\Users\eschumacher\Documents\Butternut\butternut_STRUCTURE_withQU\project_data

Run parameters:
   1015 individuals
   11 loci
   9 populations assumed
   50000 Burn-in period
   50000 Reps


--------------------------------------------
Proportion of membership of each pre-defined
 population in each of the 9 clusters

Given    Inferred Clusters                                                 Number of
 Pop       1      2      3      4      5      6      7      8      9      Individuals

  1:     0.036  0.062  0.032  0.362  0.180  0.036  0.041  0.207  0.044       40
  2:     0.032  0.090  0.031  0.255  0.296  0.026  0.039  0.183  0.049       46
  3:     0.039  0.041  0.037  0.206  0.167  0.022  0.029  0.428  0.031       63
  4:     0.026  0.102  0.040  0.114  0.282  0.040  0.039  0.323  0.034       48
  5:     0.035  0.056  0.038  0.306  0.266  0.048  0.035  0.180  0.036       85
  6:     0.033  0.071  0.043  0.327  0.182  0.026  0.038  0.240  0.040       70
  7:     0.217  0.050  0.125  0.065  0.038  0.083  0.185  0.026  0.212       22
  8:     0.187  0.056  0.117  0.020  0.017  0.127  0.267  0.022  0.188       11
  9:     0.144  0.104  0.102  0.047  0.148  0.064  0.203  0.026  0.161       33
 10:     0.081  0.086  0.129  0.033  0.139  0.132  0.201  0.037  0.162       48
 11:     0.134  0.129  0.089  0.036  0.222  0.071  0.171  0.023  0.125       48
 12:     0.017  0.803  0.021  0.017  0.021  0.047  0.025  0.012  0.038       13
 13:     0.019  0.725  0.033  0.025  0.023  0.103  0.023  0.029  0.021        9
 14:     0.126  0.069  0.202  0.043  0.026  0.113  0.191  0.039  0.191       90
 15:     0.501  0.038  0.138  0.024  0.017  0.040  0.107  0.026  0.108       63
 16:     0.091  0.155  0.179  0.071  0.022  0.089  0.164  0.057  0.173       16
 17:     0.067  0.139  0.204  0.068  0.048  0.137  0.166  0.055  0.116       31
 18:     0.025  0.058  0.026  0.016  0.024  0.734  0.053  0.012  0.053       16
 19:     0.357  0.040  0.119  0.098  0.022  0.040  0.093  0.078  0.152       24
 20:     0.093  0.035  0.149  0.079  0.032  0.116  0.160  0.038  0.299       12
 21:     0.162  0.079  0.162  0.054  0.025  0.140  0.161  0.032  0.186       54
 22:     0.056  0.063  0.203  0.050  0.035  0.244  0.162  0.033  0.155       96
 23:     0.140  0.055  0.156  0.070  0.017  0.276  0.107  0.022  0.158       22
 24:     0.024  0.070  0.066  0.070  0.071  0.533  0.076  0.034  0.056       23
 25:     0.052  0.037  0.256  0.027  0.016  0.292  0.159  0.031  0.130       13
 26:     0.146  0.055  0.184  0.048  0.036  0.079  0.167  0.067  0.218       19
--------------------------------------------

Allele-freq. divergence among pops (Net nucleotide distance),
computed using point estimates of P.

      1       2       3       4       5       6       7       8       9      
 1      -    0.0190  0.0146  0.0358  0.0424  0.0265  0.0112  0.0394  0.0099  
 2   0.0190     -    0.0160  0.0261  0.0291  0.0208  0.0122  0.0309  0.0126  
 3   0.0146  0.0160     -    0.0351  0.0498  0.0147  0.0033  0.0329  0.0054  
 4   0.0358  0.0261  0.0351     -    0.0363  0.0423  0.0315  0.0253  0.0286  
 5   0.0424  0.0291  0.0498  0.0363     -    0.0577  0.0398  0.0377  0.0392  
 6   0.0265  0.0208  0.0147  0.0423  0.0577     -    0.0138  0.0423  0.0133  
 7   0.0112  0.0122  0.0033  0.0315  0.0398  0.0138     -    0.0325  0.0019  
 8   0.0394  0.0309  0.0329  0.0253  0.0377  0.0423  0.0325     -    0.0284  
 9   0.0099  0.0126  0.0054  0.0286  0.0392  0.0133  0.0019  0.0284     -    

Average distances (expected heterozygosity) between individuals in same cluster:
cluster  1  : 0.8473 
cluster  2  : 0.8510 
cluster  3  : 0.8452 
cluster  4  : 0.8034 
cluster  5  : 0.8171 
cluster  6  : 0.8271 
cluster  7  : 0.8516 
cluster  8  : 0.8154 
cluster  9  : 0.8594 

--------------------------------------------
Estimated Ln Prob of Data   = -47796.5
Mean value of ln likelihood = -45928.0
Variance of ln likelihood   = 3736.9
Mean value of alpha         = 0.0515

Mean value of Fst_1         = 0.0365
Mean value of Fst_2         = 0.0326
Mean value of Fst_3         = 0.0326
Mean value of Fst_4         = 0.0684
Mean value of Fst_5         = 0.0829
Mean value of Fst_6         = 0.0480
Mean value of Fst_7         = 0.0289
Mean value of Fst_8         = 0.0710
Mean value of Fst_9         = 0.0218


Inferred ancestry of individuals:
        Label (%Miss) Pop:  Inferred clusters
  1    C3984    (0)    1 :  0.011 0.031 0.012 0.367 0.524 0.007 0.015 0.017 0.015 
  2    C3985    (0)    1 :  0.013 0.009 0.009 0.206 0.671 0.012 0.017 0.043 0.019 
  3    C3986    (0)    1 :  0.014 0.012 0.011 0.071 0.793 0.006 0.010 0.073 0.011 
  4    C4231    (0)    1 :  0.014 0.114 0.020 0.290 0.447 0.010 0.035 0.041 0.030 
  5    C4344    (0)    1 :  0.037 0.016 0.027 0.266 0.112 0.017 0.028 0.449 0.048 
  6    C4347   (18)    1 :  0.012 0.022 0.020 0.348 0.034 0.044 0.017 0.487 0.015 
  7    C4352   (18)    1 :  0.029 0.063 0.018 0.412 0.342 0.020 0.028 0.060 0.028 
  8    C4355    (9)    1 :  0.025 0.060 0.035 0.582 0.061 0.013 0.026 0.176 0.021 
  9    C4358   (18)    1 :  0.090 0.065 0.116 0.060 0.031 0.043 0.191 0.015 0.390 
 10    C4419    (9)    1 :  0.021 0.146 0.043 0.588 0.096 0.014 0.047 0.018 0.029 
 11    C4428    (9)    1 :  0.014 0.060 0.016 0.490 0.207 0.017 0.015 0.169 0.014 
 12    C4436    (0)    1 :  0.012 0.016 0.010 0.633 0.247 0.017 0.013 0.040 0.011 
 13    C4437   (18)    1 :  0.022 0.014 0.024 0.184 0.562 0.040 0.054 0.046 0.054 
 14    C4450    (0)    1 :  0.052 0.036 0.058 0.497 0.115 0.040 0.083 0.028 0.092 
 15    C4531    (0)    1 :  0.028 0.037 0.019 0.016 0.795 0.021 0.047 0.008 0.030 
 16    C1615    (0)    1 :  0.057 0.059 0.054 0.257 0.309 0.095 0.074 0.043 0.052 
 17    C1616    (0)    1 :  0.017 0.056 0.158 0.219 0.058 0.111 0.196 0.058 0.127 
 18    C1617    (9)    1 :  0.010 0.014 0.020 0.826 0.011 0.017 0.014 0.077 0.011 
 19    C1618    (0)    1 :  0.100 0.056 0.019 0.310 0.379 0.036 0.039 0.026 0.034 
 20    C1619    (0)    1 :  0.123 0.053 0.021 0.475 0.128 0.046 0.033 0.041 0.079 
 21    C1620    (9)    1 :  0.111 0.035 0.017 0.562 0.106 0.032 0.044 0.028 0.065 
 22    C1621    (0)    1 :  0.028 0.457 0.047 0.101 0.016 0.243 0.031 0.028 0.049 
 23    C1623    (9)    1 :  0.231 0.137 0.037 0.026 0.290 0.142 0.052 0.014 0.070 
 24    C1625    (0)    1 :  0.081 0.055 0.017 0.627 0.029 0.081 0.024 0.031 0.056 
 25    C1626    (0)    1 :  0.031 0.303 0.036 0.380 0.016 0.063 0.082 0.030 0.060 
 26    C1627    (9)    1 :  0.019 0.029 0.010 0.823 0.036 0.032 0.013 0.020 0.019 
 27    C1633    (0)    1 :  0.010 0.022 0.009 0.901 0.012 0.014 0.009 0.013 0.010 
 28    C1637    (0)    1 :  0.013 0.036 0.018 0.830 0.013 0.021 0.020 0.033 0.016 
 29    C1650    (0)    1 :  0.014 0.106 0.042 0.146 0.524 0.027 0.035 0.085 0.021 
 30    C3202    (0)    1 :  0.009 0.008 0.009 0.011 0.012 0.014 0.008 0.916 0.011 
 31    C3248    (0)    1 :  0.011 0.016 0.010 0.813 0.011 0.011 0.014 0.099 0.015 
 32    C3304    (9)    1 :  0.012 0.012 0.053 0.209 0.021 0.011 0.033 0.615 0.035 
 33    C3326    (0)    1 :  0.019 0.064 0.069 0.121 0.065 0.022 0.147 0.408 0.085 
 34    C3333    (0)    1 :  0.011 0.008 0.016 0.026 0.014 0.014 0.014 0.882 0.015 
 35    C3339   (18)    1 :  0.032 0.014 0.049 0.714 0.013 0.013 0.028 0.113 0.023 
 36    C3346    (0)    1 :  0.012 0.008 0.008 0.015 0.015 0.006 0.008 0.919 0.008 
 37    C3349    (0)    1 :  0.033 0.026 0.052 0.069 0.017 0.015 0.053 0.700 0.034 
 38    C3367   (18)    1 :  0.016 0.032 0.020 0.030 0.045 0.022 0.017 0.797 0.021 
 39    C3374    (0)    1 :  0.011 0.030 0.008 0.880 0.015 0.006 0.007 0.036 0.008 
 40    C3405    (0)    1 :  0.041 0.128 0.048 0.092 0.015 0.010 0.032 0.605 0.028 
 41    C4543    (0)    2 :  0.017 0.045 0.023 0.021 0.809 0.011 0.019 0.040 0.017 
 42    C4545    (9)    2 :  0.045 0.021 0.009 0.030 0.856 0.007 0.009 0.011 0.010 
 43    C4551    (9)    2 :  0.045 0.326 0.055 0.099 0.208 0.018 0.129 0.014 0.105 
 44    C4491    (0)    2 :  0.060 0.034 0.062 0.072 0.536 0.024 0.082 0.051 0.080 
 45    C4494    (0)    2 :  0.013 0.034 0.014 0.091 0.293 0.008 0.012 0.521 0.014 
 46    C4495    (0)    2 :  0.031 0.085 0.029 0.039 0.058 0.014 0.028 0.604 0.112 
 47    C4497    (9)    2 :  0.017 0.017 0.013 0.801 0.050 0.012 0.019 0.050 0.021 
 48    C4501    (0)    2 :  0.016 0.228 0.067 0.450 0.060 0.012 0.077 0.016 0.074 
 49    C4502    (0)    2 :  0.060 0.082 0.012 0.504 0.252 0.010 0.017 0.048 0.015 
 50    C4503    (0)    2 :  0.195 0.043 0.013 0.010 0.674 0.019 0.017 0.009 0.019 
 51    C4504    (0)    2 :  0.070 0.044 0.098 0.062 0.231 0.034 0.091 0.052 0.319 
 52    C4470    (0)    2 :  0.024 0.190 0.038 0.474 0.078 0.018 0.062 0.022 0.094 
 53    C4471    (0)    2 :  0.019 0.107 0.019 0.083 0.673 0.012 0.022 0.030 0.035 
 54    C4474    (9)    2 :  0.018 0.129 0.022 0.010 0.719 0.025 0.041 0.007 0.028 
 55    C4476    (0)    2 :  0.015 0.056 0.012 0.743 0.121 0.011 0.013 0.014 0.015 
 56    C4478    (0)    2 :  0.084 0.040 0.033 0.041 0.702 0.008 0.028 0.050 0.015 
 57    C4479    (0)    2 :  0.009 0.243 0.016 0.457 0.058 0.055 0.013 0.134 0.015 
 58    C4482    (0)    2 :  0.009 0.044 0.028 0.054 0.468 0.165 0.050 0.116 0.065 
 59    C4483    (0)    2 :  0.019 0.152 0.011 0.008 0.733 0.012 0.018 0.009 0.039 
 60    C4484    (0)    2 :  0.060 0.042 0.058 0.061 0.573 0.022 0.036 0.107 0.040 
 61    C4485    (0)    2 :  0.026 0.056 0.067 0.239 0.065 0.048 0.067 0.293 0.141 
 62    C4489    (0)    2 :  0.026 0.053 0.025 0.358 0.393 0.020 0.018 0.084 0.023 
 63    C4505    (0)    2 :  0.013 0.043 0.018 0.744 0.113 0.012 0.019 0.015 0.022 
 64    C4507    (0)    2 :  0.085 0.149 0.055 0.346 0.235 0.009 0.066 0.010 0.044 
 65    C4535    (0)    2 :  0.020 0.101 0.018 0.014 0.757 0.022 0.027 0.011 0.031 
 66    C4542    (0)    2 :  0.026 0.248 0.134 0.016 0.199 0.022 0.199 0.015 0.141 
 67    C4553    (9)    2 :  0.015 0.066 0.023 0.060 0.661 0.021 0.052 0.073 0.029 
 68    C4562   (18)    2 :  0.041 0.062 0.026 0.112 0.633 0.026 0.039 0.033 0.029 
 69    C4582   (18)    2 :  0.016 0.103 0.018 0.043 0.672 0.038 0.046 0.029 0.034 
 70    C4693    (0)    2 :  0.008 0.245 0.009 0.033 0.631 0.014 0.015 0.034 0.011 
 71    C4696    (0)    2 :  0.038 0.106 0.051 0.125 0.455 0.025 0.093 0.034 0.074 
 72    C3179    (0)    2 :  0.045 0.008 0.028 0.194 0.020 0.011 0.016 0.647 0.029 
 73    C3181    (0)    2 :  0.013 0.145 0.028 0.245 0.019 0.018 0.023 0.452 0.058 
 74    C3188    (0)    2 :  0.029 0.027 0.028 0.660 0.032 0.021 0.028 0.109 0.065 
 75    C3190    (0)    2 :  0.012 0.027 0.037 0.013 0.023 0.020 0.025 0.824 0.017 
 76    C3193    (0)    2 :  0.008 0.014 0.012 0.615 0.017 0.036 0.019 0.256 0.023 
 77    C3232    (0)    2 :  0.014 0.065 0.014 0.444 0.229 0.009 0.014 0.196 0.015 
 78    C3236    (0)    2 :  0.008 0.012 0.010 0.071 0.045 0.008 0.010 0.828 0.009 
 79    C3249    (0)    2 :  0.027 0.052 0.043 0.310 0.025 0.026 0.035 0.452 0.031 
 80    C3250    (0)    2 :  0.008 0.111 0.012 0.739 0.027 0.009 0.011 0.070 0.011 
 81    C3253    (0)    2 :  0.008 0.014 0.008 0.917 0.014 0.012 0.010 0.008 0.010 
 82    C3255    (0)    2 :  0.010 0.092 0.010 0.409 0.051 0.011 0.011 0.386 0.020 
 83    C3277    (0)    2 :  0.034 0.069 0.031 0.590 0.015 0.054 0.052 0.074 0.080 
 84    C3315    (0)    2 :  0.070 0.222 0.069 0.281 0.074 0.165 0.043 0.016 0.060 
 85    C3288    (0)    2 :  0.013 0.017 0.012 0.023 0.019 0.020 0.013 0.869 0.015 
 86    C3293    (0)    2 :  0.030 0.055 0.027 0.013 0.037 0.024 0.040 0.697 0.077 
 87    C4018    (0)    3 :  0.006 0.010 0.011 0.019 0.829 0.006 0.010 0.101 0.007 
 88    C3980    (0)    3 :  0.009 0.017 0.014 0.011 0.896 0.011 0.010 0.021 0.011 
 89    C3987    (0)    3 :  0.011 0.012 0.010 0.035 0.889 0.009 0.009 0.015 0.010 
 90    C3988    (0)    3 :  0.011 0.011 0.007 0.081 0.816 0.010 0.013 0.038 0.014 
 91    C3989    (0)    3 :  0.007 0.043 0.014 0.037 0.076 0.007 0.036 0.625 0.155 
 92    C4011    (0)    3 :  0.006 0.006 0.006 0.069 0.793 0.005 0.006 0.103 0.006 
 93    C4017    (0)    3 :  0.006 0.009 0.006 0.012 0.938 0.005 0.007 0.012 0.006 
 94    C4296    (0)    3 :  0.038 0.276 0.088 0.298 0.046 0.026 0.102 0.026 0.100 
 95    C4301    (9)    3 :  0.026 0.020 0.618 0.010 0.009 0.009 0.214 0.056 0.038 
 96    C4303    (0)    3 :  0.026 0.019 0.040 0.036 0.012 0.234 0.031 0.575 0.027 
 97    C4453    (0)    3 :  0.058 0.032 0.022 0.050 0.142 0.042 0.021 0.603 0.030 
 98    C4455    (9)    3 :  0.015 0.028 0.012 0.010 0.046 0.035 0.018 0.819 0.017 
 99    C4456   (18)    3 :  0.107 0.028 0.036 0.016 0.312 0.069 0.042 0.320 0.069 
100    C4457    (9)    3 :  0.025 0.036 0.053 0.064 0.037 0.063 0.038 0.615 0.068 
101    C4459    (9)    3 :  0.012 0.035 0.017 0.200 0.351 0.024 0.031 0.298 0.032 
102    C4464   (18)    3 :  0.010 0.013 0.010 0.199 0.133 0.008 0.011 0.607 0.010 
103    C4468    (9)    3 :  0.015 0.060 0.013 0.517 0.041 0.057 0.017 0.261 0.018 
104    C4783    (0)    3 :  0.010 0.017 0.011 0.008 0.545 0.010 0.022 0.348 0.029 
105    C4786    (0)    3 :  0.010 0.017 0.021 0.047 0.284 0.011 0.018 0.581 0.011 
106    C4789    (9)    3 :  0.008 0.033 0.043 0.082 0.363 0.011 0.030 0.413 0.017 
107    C4891    (0)    3 :  0.018 0.018 0.018 0.013 0.065 0.009 0.036 0.796 0.026 
108    C4896    (0)    3 :  0.014 0.054 0.044 0.011 0.331 0.026 0.045 0.436 0.038 
109    C4898    (0)    3 :  0.017 0.078 0.015 0.037 0.510 0.014 0.017 0.282 0.029 
110    C4901    (0)    3 :  0.007 0.019 0.014 0.017 0.268 0.012 0.017 0.633 0.013 
111    C4903    (9)    3 :  0.011 0.035 0.031 0.016 0.064 0.027 0.029 0.759 0.028 
112    C4904    (0)    3 :  0.009 0.015 0.021 0.011 0.627 0.007 0.016 0.259 0.036 
113    C3263    (0)    3 :  0.168 0.010 0.011 0.673 0.012 0.014 0.013 0.076 0.023 
114    C3271    (0)    3 :  0.019 0.009 0.022 0.850 0.019 0.010 0.019 0.034 0.019 
115    C3272    (0)    3 :  0.018 0.018 0.036 0.819 0.015 0.008 0.021 0.043 0.023 
116    C3276    (0)    3 :  0.077 0.035 0.195 0.023 0.011 0.020 0.087 0.476 0.076 
117    C3280    (9)    3 :  0.062 0.029 0.027 0.750 0.026 0.025 0.029 0.018 0.036 
118    C3305    (9)    3 :  0.008 0.011 0.010 0.923 0.012 0.008 0.010 0.009 0.009 
119    C3306    (0)    3 :  0.067 0.016 0.016 0.745 0.015 0.016 0.037 0.035 0.052 
120    C3324    (0)    3 :  0.128 0.016 0.029 0.717 0.019 0.016 0.023 0.013 0.039 
121    C3329    (0)    3 :  0.063 0.088 0.036 0.523 0.107 0.022 0.053 0.050 0.057 
122    C3336    (0)    3 :  0.015 0.022 0.039 0.771 0.022 0.012 0.027 0.070 0.022 
123    C3341   (18)    3 :  0.588 0.112 0.025 0.057 0.041 0.025 0.053 0.028 0.071 
124    C3409   (18)    3 :  0.040 0.241 0.054 0.331 0.029 0.027 0.078 0.127 0.073 
125    C3168    (9)    3 :  0.007 0.009 0.008 0.011 0.012 0.007 0.007 0.929 0.009 
126    C3170    (0)    3 :  0.011 0.009 0.018 0.046 0.018 0.007 0.014 0.863 0.014 
127    C3214   (18)    3 :  0.010 0.122 0.141 0.084 0.023 0.027 0.042 0.538 0.012 
128    C3227    (0)    3 :  0.007 0.008 0.019 0.011 0.016 0.010 0.013 0.909 0.008 
129    C3228    (0)    3 :  0.036 0.114 0.043 0.552 0.077 0.028 0.044 0.075 0.031 
130    C3278    (0)    3 :  0.008 0.007 0.016 0.007 0.006 0.009 0.013 0.922 0.012 
131    C3279    (0)    3 :  0.009 0.010 0.024 0.018 0.010 0.011 0.028 0.852 0.037 
132    C3321    (0)    3 :  0.005 0.007 0.006 0.010 0.022 0.005 0.006 0.932 0.006 
133    C3322    (0)    3 :  0.008 0.019 0.051 0.009 0.026 0.034 0.029 0.795 0.027 
134    C3303    (0)    3 :  0.030 0.017 0.046 0.047 0.015 0.013 0.041 0.765 0.026 
135    C3317    (0)    3 :  0.017 0.016 0.011 0.855 0.020 0.014 0.014 0.033 0.021 
136    C3355    (0)    3 :  0.020 0.018 0.009 0.292 0.028 0.009 0.014 0.595 0.014 
137    C3376    (9)    3 :  0.016 0.133 0.036 0.429 0.030 0.017 0.039 0.278 0.022 
138    C3401    (0)    3 :  0.020 0.018 0.026 0.763 0.025 0.020 0.023 0.078 0.026 
139    C3203    (9)    3 :  0.049 0.052 0.047 0.122 0.029 0.032 0.037 0.605 0.027 
140    C3245    (0)    3 :  0.009 0.009 0.014 0.020 0.008 0.015 0.013 0.896 0.016 
141    C3302    (0)    3 :  0.015 0.011 0.015 0.010 0.010 0.013 0.016 0.894 0.017 
142    C3307    (0)    3 :  0.119 0.270 0.011 0.052 0.098 0.073 0.023 0.290 0.064 
143    C3310    (0)    3 :  0.010 0.007 0.011 0.008 0.008 0.007 0.011 0.926 0.012 
144    C3312    (9)    3 :  0.020 0.033 0.018 0.322 0.077 0.029 0.035 0.400 0.066 
145    C3345    (0)    3 :  0.024 0.013 0.012 0.016 0.020 0.011 0.011 0.879 0.015 
146    C3371    (0)    3 :  0.042 0.012 0.008 0.016 0.009 0.009 0.011 0.872 0.021 
147    C3372    (0)    3 :  0.051 0.080 0.015 0.160 0.021 0.021 0.019 0.590 0.042 
148    C3380    (9)    3 :  0.006 0.012 0.006 0.013 0.015 0.007 0.006 0.929 0.006 
149    C3417    (0)    3 :  0.175 0.037 0.019 0.025 0.117 0.023 0.028 0.507 0.068 
150    C4569    (9)    4 :  0.083 0.134 0.123 0.068 0.241 0.041 0.208 0.013 0.088 
151    C4570    (9)    4 :  0.016 0.177 0.011 0.049 0.690 0.011 0.017 0.012 0.015 
152    C4571    (9)    4 :  0.016 0.464 0.014 0.155 0.267 0.020 0.019 0.032 0.015 
153    C4572    (9)    4 :  0.017 0.040 0.014 0.024 0.851 0.022 0.013 0.010 0.011 
154    C4573    (9)    4 :  0.025 0.468 0.043 0.057 0.045 0.246 0.049 0.011 0.057 
155    C4575    (9)    4 :  0.024 0.358 0.039 0.041 0.339 0.089 0.038 0.023 0.050 
156    C4577    (9)    4 :  0.015 0.102 0.014 0.026 0.785 0.007 0.017 0.013 0.021 
157    C4578    (9)    4 :  0.021 0.420 0.037 0.040 0.289 0.058 0.059 0.020 0.056 
158    C4600   (18)    4 :  0.020 0.038 0.058 0.031 0.492 0.027 0.166 0.025 0.143 
159    C4612    (9)    4 :  0.012 0.338 0.089 0.017 0.436 0.015 0.049 0.022 0.021 
160    C4621    (0)    4 :  0.005 0.025 0.010 0.023 0.863 0.013 0.011 0.040 0.009 
161    C4622    (9)    4 :  0.008 0.011 0.008 0.008 0.926 0.008 0.009 0.012 0.008 
162    C4623    (0)    4 :  0.172 0.391 0.031 0.090 0.116 0.034 0.044 0.070 0.052 
163    C4624    (0)    4 :  0.016 0.100 0.029 0.027 0.711 0.058 0.025 0.017 0.017 
164    C4625    (0)    4 :  0.013 0.063 0.038 0.135 0.128 0.440 0.115 0.014 0.053 
165    C4627    (0)    4 :  0.018 0.030 0.025 0.018 0.743 0.029 0.023 0.087 0.027 
166    C4631    (0)    4 :  0.194 0.047 0.014 0.010 0.668 0.017 0.019 0.010 0.020 
167    C4632    (0)    4 :  0.014 0.042 0.014 0.038 0.811 0.020 0.019 0.029 0.013 
168    C3939    (0)    4 :  0.010 0.020 0.020 0.017 0.831 0.008 0.019 0.061 0.014 
169    C3940    (0)    4 :  0.022 0.295 0.035 0.013 0.468 0.006 0.082 0.037 0.043 
170    C3945    (0)    4 :  0.007 0.006 0.008 0.012 0.930 0.005 0.009 0.014 0.009 
171    C4520    (0)    4 :  0.049 0.087 0.409 0.093 0.039 0.021 0.161 0.059 0.080 
172    C4522    (0)    4 :  0.010 0.021 0.010 0.028 0.662 0.009 0.011 0.237 0.013 
173    C3182    (0)    4 :  0.031 0.019 0.018 0.077 0.053 0.011 0.016 0.754 0.019 
174    C3189    (0)    4 :  0.019 0.050 0.039 0.531 0.032 0.114 0.053 0.054 0.107 
175    C3191    (9)    4 :  0.026 0.047 0.019 0.599 0.017 0.056 0.019 0.182 0.035 
176    C3196    (0)    4 :  0.012 0.022 0.020 0.056 0.016 0.019 0.019 0.816 0.020 
177    C3208    (0)    4 :  0.043 0.043 0.039 0.024 0.163 0.040 0.035 0.587 0.026 
178    C3211    (0)    4 :  0.009 0.010 0.015 0.013 0.016 0.007 0.011 0.904 0.014 
179    C3212    (0)    4 :  0.081 0.357 0.138 0.074 0.062 0.009 0.073 0.114 0.093 
180    C3213    (0)    4 :  0.015 0.011 0.014 0.013 0.008 0.009 0.017 0.897 0.016 
181    C3215    (0)    4 :  0.009 0.016 0.039 0.007 0.016 0.031 0.015 0.858 0.009 
182    C3217    (0)    4 :  0.036 0.037 0.019 0.285 0.017 0.013 0.024 0.535 0.035 
183    C3225    (9)    4 :  0.019 0.061 0.072 0.450 0.020 0.028 0.037 0.278 0.035 
184    C3226    (0)    4 :  0.011 0.021 0.008 0.091 0.158 0.010 0.010 0.679 0.011 
185    C3238    (9)    4 :  0.012 0.025 0.021 0.039 0.116 0.019 0.017 0.734 0.016 
186    C3239    (0)    4 :  0.031 0.154 0.023 0.463 0.042 0.016 0.016 0.236 0.020 
187    C3269   (18)    4 :  0.021 0.090 0.097 0.370 0.139 0.125 0.057 0.058 0.043 
188    C3273    (0)    4 :  0.008 0.015 0.023 0.422 0.033 0.041 0.021 0.411 0.027 
189    C3274    (0)    4 :  0.012 0.075 0.069 0.022 0.022 0.018 0.126 0.558 0.099 
190    C3354    (0)    4 :  0.010 0.023 0.015 0.082 0.017 0.017 0.019 0.780 0.037 
191    C3361    (0)    4 :  0.008 0.025 0.015 0.032 0.018 0.013 0.016 0.860 0.013 
192    C3289    (0)    4 :  0.009 0.012 0.012 0.012 0.015 0.014 0.012 0.902 0.013 
193    C3169    (0)    4 :  0.009 0.034 0.014 0.320 0.034 0.012 0.012 0.554 0.012 
194    C3199    (9)    4 :  0.017 0.036 0.019 0.103 0.096 0.041 0.019 0.654 0.015 
195    C3224    (0)    4 :  0.012 0.012 0.025 0.200 0.022 0.016 0.015 0.686 0.012 
196    C3261   (18)    4 :  0.012 0.011 0.011 0.086 0.049 0.008 0.016 0.782 0.023 
197    C3320    (0)    4 :  0.010 0.028 0.025 0.062 0.026 0.025 0.030 0.765 0.029 
198    C4151    (0)    5 :  0.007 0.021 0.007 0.016 0.911 0.009 0.008 0.011 0.009 
199    C4152    (0)    5 :  0.011 0.019 0.010 0.099 0.814 0.014 0.013 0.009 0.011 
200    C4153    (0)    5 :  0.016 0.081 0.038 0.093 0.431 0.024 0.031 0.258 0.028 
201    C4154   (18)    5 :  0.017 0.020 0.019 0.049 0.770 0.008 0.023 0.069 0.025 
202    C4157    (0)    5 :  0.015 0.015 0.039 0.580 0.167 0.014 0.100 0.022 0.048 
203    C4158    (0)    5 :  0.008 0.021 0.007 0.017 0.898 0.014 0.011 0.014 0.011 
204    C4163    (0)    5 :  0.006 0.009 0.006 0.012 0.942 0.006 0.006 0.009 0.006 
205    C4165    (0)    5 :  0.047 0.418 0.038 0.026 0.154 0.020 0.041 0.038 0.217 
206    C4248    (9)    5 :  0.012 0.012 0.020 0.400 0.064 0.019 0.026 0.406 0.041 
207    C4371    (9)    5 :  0.026 0.027 0.011 0.805 0.071 0.013 0.013 0.015 0.018 
208    C3936    (0)    5 :  0.011 0.012 0.015 0.015 0.896 0.012 0.013 0.013 0.012 
209    C3937    (0)    5 :  0.009 0.054 0.008 0.016 0.858 0.011 0.011 0.022 0.009 
210    C3944    (0)    5 :  0.009 0.017 0.006 0.081 0.831 0.007 0.007 0.034 0.007 
211    C3954    (0)    5 :  0.007 0.016 0.018 0.606 0.200 0.038 0.014 0.090 0.011 
212    C3955    (9)    5 :  0.007 0.014 0.023 0.106 0.548 0.025 0.027 0.227 0.023 
213    C3961    (0)    5 :  0.043 0.019 0.022 0.037 0.771 0.010 0.015 0.068 0.014 
214    C3974    (0)    5 :  0.015 0.066 0.025 0.018 0.789 0.015 0.034 0.023 0.014 
215    C4024    (0)    5 :  0.058 0.017 0.023 0.359 0.462 0.011 0.023 0.023 0.024 
216    C4025    (0)    5 :  0.031 0.044 0.012 0.044 0.820 0.016 0.011 0.009 0.013 
217    C4028    (0)    5 :  0.030 0.162 0.033 0.084 0.496 0.057 0.061 0.038 0.039 
218    C4032   (18)    5 :  0.009 0.053 0.011 0.737 0.098 0.012 0.011 0.058 0.011 
219    C4033   (18)    5 :  0.010 0.013 0.012 0.348 0.047 0.014 0.013 0.527 0.017 
220    C4034    (0)    5 :  0.071 0.025 0.067 0.388 0.041 0.019 0.056 0.276 0.056 
221    C4041    (9)    5 :  0.074 0.043 0.092 0.610 0.028 0.013 0.050 0.053 0.039 
222    C4043    (9)    5 :  0.018 0.098 0.016 0.447 0.249 0.021 0.018 0.111 0.022 
223    C4044    (9)    5 :  0.406 0.061 0.062 0.062 0.124 0.064 0.059 0.093 0.069 
224    C4045    (9)    5 :  0.012 0.096 0.021 0.448 0.114 0.040 0.025 0.215 0.030 
225    C4046    (9)    5 :  0.027 0.027 0.013 0.725 0.026 0.024 0.014 0.129 0.014 
226    C4047    (0)    5 :  0.016 0.014 0.034 0.030 0.022 0.037 0.055 0.763 0.029 
227    C4048    (9)    5 :  0.052 0.023 0.040 0.112 0.024 0.060 0.050 0.596 0.043 
228    C4055    (9)    5 :  0.015 0.063 0.025 0.662 0.123 0.038 0.024 0.023 0.028 
229    C4057   (18)    5 :  0.038 0.034 0.017 0.724 0.107 0.008 0.016 0.037 0.018 
230    C4059    (0)    5 :  0.011 0.020 0.019 0.724 0.055 0.023 0.016 0.116 0.016 
231    C4060    (9)    5 :  0.014 0.423 0.019 0.264 0.162 0.016 0.019 0.065 0.020 
232    C4064    (9)    5 :  0.014 0.071 0.035 0.476 0.030 0.197 0.078 0.023 0.076 
233    C4067    (0)    5 :  0.037 0.023 0.025 0.033 0.023 0.074 0.020 0.725 0.041 
234    C4068    (9)    5 :  0.020 0.039 0.021 0.035 0.031 0.026 0.022 0.783 0.022 
235    C4070    (9)    5 :  0.122 0.023 0.024 0.138 0.203 0.025 0.032 0.375 0.058 
236    C4075   (18)    5 :  0.020 0.035 0.018 0.043 0.025 0.014 0.020 0.800 0.027 
237    C4081    (9)    5 :  0.016 0.038 0.024 0.781 0.020 0.019 0.027 0.049 0.027 
238    C4082    (0)    5 :  0.018 0.032 0.046 0.076 0.169 0.035 0.028 0.570 0.026 
239    C4083    (0)    5 :  0.167 0.150 0.047 0.188 0.096 0.045 0.091 0.039 0.176 
240    C4086    (0)    5 :  0.010 0.027 0.023 0.642 0.041 0.143 0.024 0.055 0.034 
241    C4088    (9)    5 :  0.008 0.031 0.018 0.032 0.022 0.820 0.021 0.019 0.030 
242    C4092    (0)    5 :  0.046 0.020 0.016 0.650 0.182 0.009 0.019 0.026 0.033 
243    C4099    (9)    5 :  0.081 0.069 0.077 0.496 0.046 0.022 0.056 0.120 0.032 
244    C4104    (0)    5 :  0.032 0.020 0.014 0.034 0.739 0.016 0.018 0.104 0.022 
245    C4108   (18)    5 :  0.020 0.018 0.542 0.011 0.010 0.044 0.202 0.016 0.138 
246    C4118    (0)    5 :  0.011 0.045 0.047 0.714 0.017 0.023 0.043 0.009 0.090 
247    C4131    (0)    5 :  0.017 0.053 0.021 0.298 0.396 0.088 0.036 0.035 0.054 
248    C4133    (0)    5 :  0.008 0.017 0.011 0.865 0.024 0.009 0.011 0.038 0.015 
249    C4135    (0)    5 :  0.006 0.008 0.005 0.143 0.795 0.005 0.008 0.019 0.011 
250    C4136    (0)    5 :  0.023 0.194 0.047 0.020 0.488 0.091 0.077 0.023 0.036 
251    C4137    (9)    5 :  0.016 0.020 0.016 0.485 0.353 0.021 0.035 0.020 0.034 
252    C4139    (0)    5 :  0.009 0.018 0.013 0.034 0.871 0.007 0.015 0.019 0.014 
253    C4140    (9)    5 :  0.016 0.014 0.015 0.099 0.768 0.011 0.021 0.033 0.023 
254    C4167    (0)    5 :  0.047 0.104 0.016 0.152 0.493 0.040 0.087 0.014 0.047 
255    C4236    (0)    5 :  0.027 0.026 0.025 0.727 0.022 0.029 0.064 0.039 0.041 
256    C4237    (0)    5 :  0.020 0.065 0.085 0.054 0.051 0.557 0.095 0.011 0.062 
257    C4238    (0)    5 :  0.016 0.037 0.031 0.431 0.154 0.060 0.024 0.224 0.023 
258    C4241    (0)    5 :  0.019 0.031 0.030 0.481 0.066 0.015 0.025 0.296 0.037 
259    C4247    (9)    5 :  0.078 0.016 0.042 0.370 0.097 0.221 0.028 0.048 0.101 
260    C4257    (0)    5 :  0.017 0.103 0.039 0.115 0.035 0.022 0.023 0.629 0.017 
261    C4383    (0)    5 :  0.241 0.048 0.063 0.256 0.204 0.063 0.055 0.037 0.034 
262    C4397    (9)    5 :  0.007 0.008 0.009 0.882 0.056 0.008 0.012 0.010 0.009 
263    C4514    (0)    5 :  0.023 0.028 0.015 0.112 0.753 0.015 0.014 0.022 0.018 
264    C4519    (0)    5 :  0.014 0.238 0.075 0.026 0.457 0.007 0.024 0.143 0.016 
265    C4527    (0)    5 :  0.018 0.016 0.017 0.053 0.279 0.013 0.019 0.567 0.017 
266    C4534    (0)    5 :  0.059 0.065 0.066 0.088 0.123 0.014 0.041 0.493 0.050 
267    C4699    (0)    5 :  0.023 0.029 0.014 0.018 0.754 0.060 0.023 0.050 0.031 
268    C1541    (9)    5 :  0.010 0.026 0.009 0.111 0.025 0.010 0.010 0.790 0.010 
269    C1542    (9)    5 :  0.010 0.011 0.012 0.066 0.012 0.011 0.011 0.856 0.010 
270    C1544    (0)    5 :  0.013 0.024 0.034 0.460 0.040 0.044 0.028 0.336 0.022 
271    C1547    (9)    5 :  0.131 0.203 0.208 0.082 0.027 0.076 0.109 0.083 0.081 
272    C1553    (9)    5 :  0.089 0.043 0.126 0.060 0.216 0.057 0.185 0.045 0.179 
273    C1555    (9)    5 :  0.011 0.017 0.023 0.854 0.016 0.016 0.023 0.021 0.017 
274    C1557    (0)    5 :  0.015 0.014 0.012 0.873 0.025 0.018 0.016 0.014 0.013 
275    C1560    (0)    5 :  0.013 0.013 0.040 0.844 0.015 0.008 0.024 0.029 0.014 
276    C1565    (0)    5 :  0.064 0.061 0.027 0.216 0.030 0.012 0.050 0.485 0.055 
277    C1567    (0)    5 :  0.024 0.030 0.069 0.726 0.030 0.033 0.032 0.038 0.018 
278    C1569    (0)    5 :  0.021 0.029 0.016 0.757 0.033 0.014 0.017 0.097 0.016 
279    C1571    (0)    5 :  0.036 0.035 0.114 0.258 0.040 0.073 0.050 0.360 0.034 
280    C1576    (0)    5 :  0.019 0.351 0.028 0.353 0.082 0.055 0.023 0.068 0.021 
281    C1577    (9)    5 :  0.014 0.022 0.032 0.098 0.022 0.026 0.027 0.739 0.019 
282    C1579    (0)    5 :  0.014 0.036 0.018 0.432 0.017 0.015 0.022 0.416 0.030 
283    C3990    (0)    6 :  0.007 0.007 0.007 0.014 0.932 0.007 0.007 0.013 0.006 
284    C3991    (0)    6 :  0.030 0.377 0.015 0.021 0.442 0.038 0.016 0.034 0.027 
285    C3992    (0)    6 :  0.014 0.120 0.030 0.017 0.703 0.026 0.033 0.025 0.031 
286    C3994    (0)    6 :  0.112 0.230 0.023 0.222 0.137 0.037 0.026 0.150 0.062 
287    C4172    (0)    6 :  0.042 0.121 0.034 0.008 0.543 0.072 0.077 0.016 0.088 
288    C4173    (9)    6 :  0.314 0.069 0.015 0.014 0.517 0.013 0.013 0.029 0.015 
289    C4232    (9)    6 :  0.008 0.013 0.009 0.194 0.012 0.008 0.008 0.740 0.008 
290    C4234    (9)    6 :  0.009 0.011 0.010 0.551 0.021 0.011 0.010 0.365 0.012 
291    C4259    (0)    6 :  0.009 0.010 0.008 0.813 0.029 0.009 0.010 0.102 0.010 
292    C4260    (0)    6 :  0.006 0.011 0.008 0.018 0.025 0.007 0.008 0.910 0.008 
293    C4261    (9)    6 :  0.066 0.063 0.060 0.022 0.035 0.021 0.047 0.626 0.060 
294    C4262    (0)    6 :  0.074 0.123 0.023 0.505 0.168 0.010 0.025 0.048 0.025 
295    C4263    (0)    6 :  0.023 0.017 0.014 0.741 0.027 0.064 0.018 0.074 0.021 
296    C4267    (9)    6 :  0.013 0.186 0.017 0.327 0.162 0.039 0.017 0.220 0.020 
297    C4269    (0)    6 :  0.037 0.155 0.018 0.345 0.239 0.018 0.028 0.133 0.028 
298    C4272    (0)    6 :  0.011 0.010 0.011 0.907 0.016 0.007 0.011 0.012 0.014 
299    C4274    (0)    6 :  0.010 0.337 0.184 0.291 0.026 0.010 0.071 0.054 0.017 
300    C4276    (9)    6 :  0.015 0.052 0.609 0.046 0.009 0.041 0.172 0.031 0.025 
301    C4278    (0)    6 :  0.026 0.070 0.040 0.587 0.111 0.016 0.026 0.049 0.075 
302    C4280    (0)    6 :  0.015 0.097 0.024 0.078 0.112 0.011 0.036 0.586 0.041 
303    C4281    (0)    6 :  0.013 0.038 0.011 0.829 0.024 0.015 0.017 0.039 0.013 
304    C4282    (0)    6 :  0.241 0.015 0.053 0.138 0.020 0.052 0.146 0.168 0.166 
305    C4284    (9)    6 :  0.009 0.018 0.008 0.562 0.319 0.009 0.010 0.057 0.010 
306    C4286    (9)    6 :  0.025 0.318 0.052 0.082 0.132 0.019 0.045 0.293 0.033 
307    C4287    (0)    6 :  0.056 0.250 0.035 0.112 0.095 0.010 0.059 0.337 0.047 
308    C4290    (0)    6 :  0.052 0.320 0.267 0.067 0.023 0.102 0.119 0.015 0.035 
309    C4307   (18)    6 :  0.021 0.020 0.020 0.107 0.143 0.013 0.020 0.537 0.118 
310    C4310    (9)    6 :  0.013 0.026 0.066 0.409 0.092 0.057 0.030 0.286 0.019 
311    C4311   (18)    6 :  0.020 0.024 0.039 0.154 0.042 0.017 0.035 0.632 0.036 
312    C4312    (0)    6 :  0.010 0.008 0.012 0.268 0.028 0.012 0.012 0.637 0.013 
313    C4314    (0)    6 :  0.010 0.179 0.020 0.502 0.019 0.129 0.030 0.085 0.025 
314    C4318    (9)    6 :  0.026 0.057 0.017 0.705 0.052 0.008 0.022 0.040 0.072 
315    C4321    (9)    6 :  0.056 0.062 0.056 0.189 0.146 0.011 0.036 0.415 0.030 
316    C4324    (0)    6 :  0.042 0.039 0.030 0.652 0.116 0.010 0.019 0.069 0.023 
317    C4334    (0)    6 :  0.043 0.013 0.016 0.723 0.145 0.009 0.012 0.019 0.019 
318    C4529    (0)    6 :  0.030 0.056 0.032 0.468 0.049 0.049 0.029 0.241 0.047 
319    C1582    (9)    6 :  0.013 0.024 0.016 0.601 0.163 0.014 0.017 0.138 0.014 
320    C1583    (0)    6 :  0.017 0.042 0.023 0.488 0.022 0.065 0.022 0.286 0.034 
321    C1584    (9)    6 :  0.009 0.020 0.034 0.803 0.043 0.021 0.015 0.039 0.014 
322    C1585    (0)    6 :  0.007 0.014 0.012 0.764 0.152 0.014 0.008 0.020 0.009 
323    C1586    (0)    6 :  0.060 0.012 0.016 0.704 0.044 0.023 0.016 0.098 0.028 
324    C1589    (0)    6 :  0.011 0.040 0.011 0.571 0.241 0.011 0.013 0.093 0.010 
325    C1591    (0)    6 :  0.009 0.016 0.010 0.849 0.052 0.010 0.009 0.037 0.008 
326    C1592    (0)    6 :  0.022 0.110 0.017 0.687 0.015 0.015 0.015 0.097 0.022 
327    C1594    (0)    6 :  0.016 0.048 0.020 0.451 0.049 0.064 0.020 0.315 0.017 
328    C1597    (9)    6 :  0.028 0.019 0.074 0.216 0.071 0.028 0.043 0.483 0.038 
329    C1598    (9)    6 :  0.014 0.049 0.017 0.443 0.289 0.042 0.022 0.099 0.024 
330    C1599    (0)    6 :  0.010 0.020 0.022 0.609 0.013 0.008 0.015 0.283 0.020 
331    C1601    (0)    6 :  0.025 0.064 0.031 0.089 0.351 0.064 0.056 0.263 0.056 
332    C1605    (0)    6 :  0.029 0.344 0.083 0.071 0.065 0.059 0.066 0.062 0.220 
333    C1609    (0)    6 :  0.009 0.014 0.011 0.797 0.110 0.009 0.009 0.031 0.010 
334    C1610    (0)    6 :  0.012 0.043 0.095 0.196 0.017 0.069 0.081 0.387 0.100 
335    C1611    (0)    6 :  0.033 0.011 0.013 0.042 0.010 0.011 0.012 0.841 0.026 
336    C1612    (0)    6 :  0.006 0.006 0.008 0.048 0.011 0.009 0.008 0.893 0.010 
337    C1613    (0)    6 :  0.039 0.040 0.036 0.184 0.029 0.032 0.025 0.594 0.022 
338    C3173    (9)    6 :  0.042 0.025 0.052 0.481 0.046 0.033 0.045 0.215 0.060 
339    C3204    (0)    6 :  0.012 0.016 0.016 0.031 0.020 0.016 0.015 0.857 0.018 
340    C3223    (9)    6 :  0.060 0.023 0.144 0.020 0.015 0.012 0.071 0.530 0.125 
341    C3262    (0)    6 :  0.026 0.033 0.047 0.367 0.032 0.083 0.036 0.337 0.039 
342    C3270    (0)    6 :  0.015 0.032 0.021 0.214 0.205 0.015 0.022 0.449 0.026 
343    C3300    (0)    6 :  0.008 0.016 0.009 0.260 0.554 0.009 0.010 0.123 0.012 
344    C3330    (0)    6 :  0.017 0.129 0.023 0.366 0.183 0.012 0.042 0.171 0.058 
345    C3390    (9)    6 :  0.023 0.025 0.019 0.393 0.135 0.017 0.019 0.341 0.027 
346    C3424    (9)    6 :  0.015 0.029 0.023 0.338 0.043 0.015 0.043 0.447 0.048 
347    C3958    (0)    6 :  0.013 0.014 0.008 0.040 0.882 0.006 0.012 0.014 0.011 
348    C3962    (0)    6 :  0.009 0.015 0.016 0.028 0.872 0.006 0.022 0.012 0.020 
349    C4019    (0)    6 :  0.032 0.016 0.136 0.012 0.079 0.021 0.423 0.009 0.272 
350    C3995   (18)    6 :  0.041 0.032 0.014 0.017 0.806 0.018 0.019 0.032 0.021 
351    C4000    (0)    6 :  0.069 0.062 0.037 0.019 0.603 0.014 0.061 0.073 0.061 
352    C4002    (0)    6 :  0.018 0.015 0.013 0.027 0.844 0.014 0.018 0.036 0.016 
353    C1692    (0)    7 :  0.025 0.067 0.103 0.018 0.109 0.042 0.249 0.022 0.365 
354    C1693    (0)    7 :  0.089 0.091 0.108 0.064 0.033 0.013 0.170 0.104 0.328 
355    C1694    (0)    7 :  0.232 0.063 0.134 0.125 0.018 0.103 0.135 0.033 0.158 
356    C1698    (0)    7 :  0.083 0.029 0.122 0.038 0.007 0.052 0.335 0.007 0.327 
357    C1699    (0)    7 :  0.050 0.065 0.058 0.022 0.015 0.323 0.145 0.019 0.302 
358    C1700    (0)    7 :  0.138 0.106 0.096 0.045 0.057 0.049 0.308 0.027 0.174 
359    C1701    (0)    7 :  0.025 0.051 0.075 0.025 0.010 0.312 0.196 0.012 0.293 
360    C1702    (0)    7 :  0.040 0.033 0.057 0.010 0.013 0.050 0.308 0.011 0.479 
361    C1703    (0)    7 :  0.246 0.051 0.214 0.016 0.022 0.044 0.228 0.008 0.171 
362    C1704    (0)    7 :  0.148 0.044 0.089 0.447 0.029 0.019 0.110 0.015 0.099 
363    C1705    (0)    7 :  0.414 0.091 0.111 0.012 0.217 0.015 0.089 0.008 0.044 
364    C1706    (0)    7 :  0.044 0.066 0.091 0.015 0.009 0.400 0.112 0.016 0.246 
365    C1707    (0)    7 :  0.033 0.113 0.203 0.263 0.017 0.120 0.109 0.091 0.050 
366    C1708    (0)    7 :  0.517 0.025 0.030 0.020 0.011 0.019 0.091 0.013 0.275 
367    C1709    (0)    7 :  0.677 0.016 0.029 0.019 0.074 0.023 0.062 0.019 0.083 
368    C1710    (0)    7 :  0.057 0.017 0.072 0.038 0.020 0.067 0.320 0.019 0.390 
369    C1712    (0)    7 :  0.465 0.035 0.087 0.009 0.030 0.011 0.164 0.009 0.191 
370    C1714    (0)    7 :  0.785 0.019 0.022 0.025 0.014 0.015 0.027 0.008 0.085 
371    C1715    (0)    7 :  0.018 0.018 0.296 0.023 0.013 0.078 0.338 0.015 0.202 
372    C1717    (0)    7 :  0.048 0.027 0.467 0.050 0.015 0.021 0.195 0.044 0.133 
373    C1718   (18)    7 :  0.030 0.028 0.245 0.100 0.013 0.041 0.323 0.011 0.209 
374    C1719    (0)    7 :  0.601 0.057 0.032 0.040 0.092 0.017 0.059 0.050 0.052 
375    C1656    (0)    8 :  0.043 0.061 0.027 0.007 0.032 0.356 0.228 0.011 0.234 
376    C1657   (18)    8 :  0.379 0.013 0.063 0.014 0.019 0.195 0.120 0.034 0.161 
377    C1658    (0)    8 :  0.024 0.031 0.166 0.008 0.009 0.074 0.486 0.007 0.195 
378    C1659    (0)    8 :  0.015 0.035 0.402 0.020 0.021 0.096 0.209 0.064 0.138 
379    C1661    (9)    8 :  0.053 0.242 0.165 0.056 0.019 0.042 0.212 0.029 0.182 
380    C1665    (0)    8 :  0.027 0.045 0.131 0.015 0.013 0.197 0.307 0.026 0.238 
381    C1667    (9)    8 :  0.854 0.009 0.030 0.007 0.005 0.015 0.023 0.008 0.049 
382    C1676    (9)    8 :  0.082 0.036 0.040 0.012 0.018 0.123 0.438 0.011 0.239 
383    C1681    (9)    8 :  0.086 0.067 0.170 0.050 0.014 0.177 0.297 0.012 0.127 
384    C1682    (0)    8 :  0.472 0.058 0.073 0.015 0.015 0.070 0.112 0.014 0.172 
385    C1685    (0)    8 :  0.020 0.015 0.022 0.012 0.023 0.048 0.502 0.030 0.327 
386    C4707    (0)    9 :  0.030 0.104 0.099 0.028 0.050 0.020 0.390 0.022 0.256 
387    C4747    (0)    9 :  0.398 0.038 0.083 0.039 0.154 0.015 0.074 0.090 0.108 
388    C4772    (0)    9 :  0.024 0.230 0.080 0.034 0.285 0.056 0.142 0.060 0.089 
389    C4781    (0)    9 :  0.650 0.172 0.019 0.055 0.027 0.012 0.026 0.007 0.031 
390    C4782    (0)    9 :  0.090 0.171 0.118 0.095 0.056 0.050 0.265 0.018 0.137 
391    C4787    (0)    9 :  0.036 0.041 0.405 0.025 0.102 0.022 0.241 0.011 0.116 
392    C4790    (0)    9 :  0.492 0.018 0.066 0.023 0.084 0.031 0.143 0.012 0.131 
393    C4803    (0)    9 :  0.050 0.281 0.184 0.020 0.071 0.021 0.184 0.042 0.147 
394    C4813    (0)    9 :  0.026 0.147 0.041 0.007 0.589 0.037 0.065 0.020 0.067 
395    C4837    (0)    9 :  0.021 0.143 0.075 0.016 0.072 0.017 0.423 0.029 0.206 
396    C4838    (0)    9 :  0.032 0.026 0.370 0.011 0.095 0.035 0.312 0.009 0.111 
397    C4843    (0)    9 :  0.024 0.028 0.022 0.012 0.049 0.050 0.344 0.042 0.429 
398    C4857    (0)    9 :  0.014 0.021 0.027 0.031 0.792 0.018 0.045 0.024 0.027 
399    C4828    (0)    9 :  0.036 0.365 0.059 0.035 0.025 0.086 0.112 0.133 0.150 
400    C4835    (0)    9 :  0.017 0.071 0.045 0.016 0.650 0.067 0.073 0.012 0.050 
401    C4836    (9)    9 :  0.092 0.101 0.132 0.035 0.220 0.033 0.190 0.018 0.180 
402    C4842    (0)    9 :  0.068 0.014 0.026 0.009 0.037 0.210 0.246 0.020 0.369 
403    C4863    (9)    9 :  0.097 0.404 0.112 0.022 0.018 0.017 0.173 0.015 0.142 
404    C4744    (0)    9 :  0.189 0.018 0.070 0.007 0.019 0.065 0.265 0.044 0.323 
405    C4745    (0)    9 :  0.024 0.060 0.109 0.023 0.073 0.081 0.245 0.011 0.374 
406    C4768    (0)    9 :  0.223 0.069 0.094 0.069 0.140 0.045 0.161 0.023 0.178 
407    C4769    (0)    9 :  0.050 0.032 0.089 0.010 0.126 0.394 0.169 0.012 0.117 
408    C4771    (0)    9 :  0.032 0.020 0.170 0.010 0.014 0.032 0.493 0.008 0.221 
409    C4784    (0)    9 :  0.372 0.224 0.033 0.040 0.131 0.047 0.046 0.015 0.092 
410    C4785    (0)    9 :  0.725 0.052 0.017 0.028 0.027 0.042 0.026 0.016 0.067 
411    C4795    (0)    9 :  0.664 0.076 0.037 0.048 0.071 0.020 0.028 0.020 0.036 
412    C4796    (0)    9 :  0.079 0.050 0.192 0.015 0.011 0.023 0.417 0.009 0.203 
413    C4800    (0)    9 :  0.014 0.091 0.149 0.014 0.280 0.017 0.268 0.008 0.159 
414    C4801    (0)    9 :  0.054 0.055 0.056 0.056 0.374 0.221 0.080 0.009 0.095 
415    C4802    (0)    9 :  0.016 0.037 0.043 0.657 0.028 0.097 0.052 0.015 0.057 
416    C4805    (0)    9 :  0.074 0.021 0.106 0.015 0.072 0.098 0.417 0.008 0.189 
417    C4806    (0)    9 :  0.012 0.040 0.177 0.010 0.033 0.086 0.415 0.007 0.218 
418    C4850    (0)    9 :  0.022 0.226 0.070 0.043 0.124 0.036 0.184 0.061 0.234 
419    C4748    (0)   10 :  0.070 0.022 0.034 0.009 0.138 0.564 0.051 0.008 0.105 
420    C4753    (0)   10 :  0.058 0.027 0.119 0.028 0.033 0.046 0.321 0.009 0.359 
421    C4754    (0)   10 :  0.046 0.076 0.103 0.030 0.083 0.037 0.400 0.010 0.215 
422    C4760    (0)   10 :  0.020 0.212 0.115 0.063 0.178 0.013 0.247 0.051 0.102 
