

----------------------------------------------------
STRUCTURE by Pritchard, Stephens and Donnelly (2000)
     and Falush, Stephens and Pritchard (2003)
       Code by Pritchard, Falush and Hubisz
             Version 2.3.4 (Jul 2012)
----------------------------------------------------



Command line arguments:   bin\structure -m C:\Users\eschumacher\Documents\Butternut\butternut_STRUCTURE_withQU\50-50\mainparams -e C:\Users\eschumacher\Documents\Butternut\butternut_STRUCTURE_withQU\50-50\extraparams 
Input File:    C:\Users\eschumacher\Documents\Butternut\butternut_STRUCTURE_withQU\project_data

Run parameters:
   1015 individuals
   11 loci
   7 populations assumed
   50000 Burn-in period
   50000 Reps


--------------------------------------------
Proportion of membership of each pre-defined
 population in each of the 7 clusters

Given    Inferred Clusters                                   Number of
 Pop       1      2      3      4      5      6      7      Individuals

  1:     0.471  0.044  0.226  0.117  0.042  0.053  0.047       40
  2:     0.310  0.038  0.226  0.312  0.046  0.042  0.027       46
  3:     0.237  0.043  0.502  0.118  0.028  0.047  0.026       63
  4:     0.153  0.029  0.344  0.333  0.039  0.056  0.047       48
  5:     0.373  0.042  0.223  0.223  0.042  0.041  0.056       85
  6:     0.410  0.035  0.254  0.164  0.043  0.061  0.031       70
  7:     0.070  0.292  0.033  0.052  0.236  0.203  0.114       22
  8:     0.024  0.254  0.026  0.025  0.312  0.163  0.196       11
  9:     0.059  0.189  0.039  0.189  0.268  0.163  0.092       33
 10:     0.042  0.114  0.055  0.182  0.247  0.186  0.173       48
 11:     0.048  0.167  0.032  0.325  0.220  0.123  0.084       48
 12:     0.030  0.032  0.015  0.675  0.096  0.074  0.079       13
 13:     0.030  0.023  0.039  0.692  0.024  0.063  0.128        9
 14:     0.052  0.190  0.049  0.033  0.266  0.264  0.147       90
 15:     0.026  0.572  0.031  0.023  0.137  0.157  0.055       63
 16:     0.084  0.149  0.068  0.036  0.256  0.273  0.135       16
 17:     0.102  0.100  0.065  0.088  0.125  0.332  0.187       31
 18:     0.019  0.034  0.012  0.069  0.074  0.026  0.765       16
 19:     0.104  0.452  0.085  0.024  0.159  0.121  0.055       24
 20:     0.085  0.123  0.043  0.035  0.413  0.150  0.150       12
 21:     0.066  0.221  0.038  0.033  0.250  0.210  0.182       54
 22:     0.067  0.082  0.040  0.048  0.206  0.237  0.320       96
 23:     0.080  0.181  0.026  0.020  0.144  0.182  0.367       22
 24:     0.082  0.031  0.052  0.089  0.093  0.073  0.581       23
 25:     0.030  0.089  0.031  0.026  0.228  0.218  0.379       13
 26:     0.058  0.204  0.092  0.041  0.268  0.223  0.113       19
--------------------------------------------

Allele-freq. divergence among pops (Net nucleotide distance),
computed using point estimates of P.

      1       2       3       4       5       6       7      
 1      -    0.0309  0.0218  0.0314  0.0294  0.0304  0.0373  
 2   0.0309     -    0.0334  0.0308  0.0080  0.0114  0.0197  
 3   0.0218  0.0334     -    0.0323  0.0305  0.0287  0.0384  
 4   0.0314  0.0308  0.0323     -    0.0288  0.0352  0.0413  
 5   0.0294  0.0080  0.0305  0.0288     -    0.0071  0.0120  
 6   0.0304  0.0114  0.0287  0.0352  0.0071     -    0.0139  
 7   0.0373  0.0197  0.0384  0.0413  0.0120  0.0139     -    

Average distances (expected heterozygosity) between individuals in same cluster:
cluster  1  : 0.8108 
cluster  2  : 0.8516 
cluster  3  : 0.8218 
cluster  4  : 0.8338 
cluster  5  : 0.8557 
cluster  6  : 0.8478 
cluster  7  : 0.8311 

--------------------------------------------
Estimated Ln Prob of Data   = -47687.8
Mean value of ln likelihood = -46333.6
Variance of ln likelihood   = 2708.4
Mean value of alpha         = 0.0540

Mean value of Fst_1         = 0.0595
Mean value of Fst_2         = 0.0267
Mean value of Fst_3         = 0.0630
Mean value of Fst_4         = 0.0546
Mean value of Fst_5         = 0.0181
Mean value of Fst_6         = 0.0236
Mean value of Fst_7         = 0.0371


Inferred ancestry of individuals:
        Label (%Miss) Pop:  Inferred clusters
  1    C3984    (0)    1 :  0.824 0.012 0.029 0.102 0.012 0.014 0.007 
  2    C3985    (0)    1 :  0.561 0.017 0.088 0.282 0.022 0.014 0.015 
  3    C3986    (0)    1 :  0.238 0.018 0.375 0.339 0.011 0.011 0.007 
  4    C4231    (0)    1 :  0.533 0.017 0.066 0.300 0.044 0.031 0.010 
  5    C4344    (0)    1 :  0.276 0.034 0.576 0.040 0.031 0.028 0.015 
  6    C4347   (18)    1 :  0.507 0.013 0.379 0.021 0.016 0.020 0.043 
  7    C4352   (18)    1 :  0.677 0.031 0.095 0.130 0.029 0.016 0.021 
  8    C4355    (9)    1 :  0.784 0.027 0.091 0.034 0.014 0.037 0.013 
  9    C4358   (18)    1 :  0.103 0.193 0.016 0.031 0.359 0.235 0.062 
 10    C4419    (9)    1 :  0.701 0.022 0.018 0.099 0.024 0.122 0.015 
 11    C4428    (9)    1 :  0.713 0.013 0.166 0.062 0.011 0.019 0.015 
 12    C4436    (0)    1 :  0.840 0.014 0.053 0.056 0.011 0.012 0.015 
 13    C4437   (18)    1 :  0.497 0.030 0.073 0.220 0.044 0.074 0.062 
 14    C4450    (0)    1 :  0.621 0.083 0.034 0.065 0.061 0.087 0.049 
 15    C4531    (0)    1 :  0.022 0.032 0.011 0.860 0.028 0.024 0.022 
 16    C1615    (0)    1 :  0.427 0.068 0.068 0.206 0.087 0.054 0.090 
 17    C1616    (0)    1 :  0.247 0.025 0.054 0.049 0.119 0.361 0.145 
 18    C1617    (9)    1 :  0.850 0.010 0.073 0.010 0.011 0.028 0.018 
 19    C1618    (0)    1 :  0.508 0.083 0.032 0.285 0.038 0.019 0.034 
 20    C1619    (0)    1 :  0.567 0.137 0.050 0.122 0.044 0.030 0.051 
 21    C1620    (9)    1 :  0.709 0.103 0.031 0.065 0.045 0.017 0.030 
 22    C1621    (0)    1 :  0.224 0.050 0.053 0.023 0.046 0.085 0.518 
 23    C1623    (9)    1 :  0.051 0.287 0.019 0.329 0.064 0.077 0.174 
 24    C1625    (0)    1 :  0.711 0.097 0.036 0.023 0.040 0.022 0.070 
 25    C1626    (0)    1 :  0.518 0.043 0.039 0.028 0.100 0.159 0.113 
 26    C1627    (9)    1 :  0.881 0.018 0.020 0.019 0.016 0.014 0.031 
 27    C1633    (0)    1 :  0.937 0.009 0.013 0.011 0.008 0.011 0.012 
 28    C1637    (0)    1 :  0.880 0.013 0.032 0.014 0.019 0.023 0.019 
 29    C1650    (0)    1 :  0.182 0.015 0.097 0.611 0.023 0.035 0.036 
 30    C3202    (0)    1 :  0.012 0.011 0.933 0.011 0.009 0.008 0.015 
 31    C3248    (0)    1 :  0.823 0.014 0.112 0.009 0.018 0.012 0.013 
 32    C3304    (9)    1 :  0.276 0.014 0.596 0.013 0.013 0.076 0.012 
 33    C3326    (0)    1 :  0.211 0.030 0.398 0.087 0.155 0.095 0.025 
 34    C3333    (0)    1 :  0.030 0.014 0.894 0.012 0.016 0.018 0.017 
 35    C3339   (18)    1 :  0.746 0.034 0.122 0.011 0.017 0.056 0.013 
 36    C3346    (0)    1 :  0.016 0.011 0.938 0.011 0.008 0.009 0.007 
 37    C3349    (0)    1 :  0.090 0.037 0.722 0.016 0.037 0.082 0.016 
 38    C3367   (18)    1 :  0.044 0.015 0.849 0.032 0.016 0.022 0.022 
 39    C3374    (0)    1 :  0.923 0.010 0.026 0.018 0.007 0.009 0.006 
 40    C3405    (0)    1 :  0.093 0.041 0.742 0.021 0.023 0.067 0.013 
 41    C4543    (0)    2 :  0.026 0.014 0.070 0.851 0.012 0.018 0.009 
 42    C4545    (9)    2 :  0.034 0.024 0.018 0.901 0.010 0.008 0.006 
 43    C4551    (9)    2 :  0.108 0.054 0.016 0.572 0.197 0.031 0.022 
 44    C4491    (0)    2 :  0.131 0.080 0.076 0.552 0.085 0.046 0.030 
 45    C4494    (0)    2 :  0.114 0.015 0.733 0.106 0.012 0.011 0.009 
 46    C4495    (0)    2 :  0.026 0.040 0.729 0.044 0.126 0.018 0.019 
 47    C4497    (9)    2 :  0.831 0.018 0.068 0.031 0.022 0.018 0.012 
 48    C4501    (0)    2 :  0.702 0.027 0.021 0.050 0.032 0.154 0.013 
 49    C4502    (0)    2 :  0.665 0.061 0.060 0.172 0.010 0.020 0.012 
 50    C4503    (0)    2 :  0.011 0.064 0.010 0.874 0.018 0.011 0.013 
 51    C4504    (0)    2 :  0.127 0.291 0.184 0.080 0.118 0.135 0.064 
 52    C4470    (0)    2 :  0.570 0.041 0.032 0.171 0.116 0.042 0.029 
 53    C4471    (0)    2 :  0.133 0.018 0.040 0.757 0.017 0.023 0.011 
 54    C4474    (9)    2 :  0.010 0.016 0.008 0.904 0.029 0.014 0.018 
 55    C4476    (0)    2 :  0.834 0.017 0.018 0.096 0.013 0.012 0.011 
 56    C4478    (0)    2 :  0.055 0.083 0.243 0.535 0.012 0.062 0.009 
 57    C4479    (0)    2 :  0.675 0.011 0.120 0.104 0.017 0.018 0.055 
 58    C4482    (0)    2 :  0.100 0.011 0.338 0.295 0.058 0.053 0.144 
 59    C4483    (0)    2 :  0.008 0.013 0.009 0.936 0.012 0.012 0.011 
 60    C4484    (0)    2 :  0.090 0.053 0.205 0.510 0.042 0.075 0.025 
 61    C4485    (0)    2 :  0.221 0.044 0.471 0.058 0.087 0.066 0.053 
 62    C4489    (0)    2 :  0.504 0.030 0.154 0.242 0.017 0.033 0.020 
 63    C4505    (0)    2 :  0.839 0.016 0.019 0.075 0.024 0.014 0.013 
 64    C4507    (0)    2 :  0.466 0.119 0.013 0.272 0.062 0.057 0.010 
 65    C4535    (0)    2 :  0.015 0.019 0.012 0.887 0.027 0.020 0.020 
 66    C4542    (0)    2 :  0.023 0.031 0.022 0.252 0.292 0.357 0.024 
 67    C4553    (9)    2 :  0.127 0.016 0.099 0.676 0.045 0.020 0.017 
 68    C4562   (18)    2 :  0.187 0.049 0.051 0.625 0.044 0.018 0.026 
 69    C4582   (18)    2 :  0.074 0.020 0.036 0.783 0.027 0.025 0.035 
 70    C4693    (0)    2 :  0.028 0.009 0.027 0.904 0.009 0.011 0.012 
 71    C4696    (0)    2 :  0.230 0.053 0.045 0.511 0.110 0.024 0.028 
 72    C3179    (0)    2 :  0.155 0.044 0.736 0.012 0.021 0.020 0.012 
 73    C3181    (0)    2 :  0.293 0.018 0.571 0.019 0.032 0.045 0.022 
 74    C3188    (0)    2 :  0.676 0.035 0.187 0.020 0.025 0.033 0.025 
 75    C3190    (0)    2 :  0.014 0.011 0.880 0.020 0.017 0.040 0.018 
 76    C3193    (0)    2 :  0.630 0.010 0.276 0.012 0.023 0.012 0.036 
 77    C3232    (0)    2 :  0.697 0.012 0.183 0.074 0.012 0.014 0.009 
 78    C3236    (0)    2 :  0.068 0.008 0.866 0.030 0.011 0.008 0.008 
 79    C3249    (0)    2 :  0.414 0.035 0.409 0.030 0.028 0.051 0.033 
 80    C3250    (0)    2 :  0.907 0.008 0.038 0.014 0.010 0.014 0.011 
 81    C3253    (0)    2 :  0.939 0.007 0.009 0.011 0.010 0.009 0.013 
 82    C3255    (0)    2 :  0.423 0.011 0.486 0.042 0.015 0.011 0.012 
 83    C3277    (0)    2 :  0.659 0.041 0.066 0.025 0.068 0.069 0.071 
 84    C3315    (0)    2 :  0.354 0.100 0.021 0.165 0.085 0.115 0.161 
 85    C3288    (0)    2 :  0.029 0.014 0.892 0.018 0.013 0.013 0.022 
 86    C3293    (0)    2 :  0.018 0.028 0.815 0.036 0.038 0.038 0.028 
 87    C4018    (0)    3 :  0.040 0.010 0.529 0.384 0.011 0.019 0.007 
 88    C3980    (0)    3 :  0.020 0.010 0.051 0.884 0.011 0.012 0.010 
 89    C3987    (0)    3 :  0.066 0.012 0.030 0.859 0.010 0.013 0.010 
 90    C3988    (0)    3 :  0.239 0.014 0.126 0.578 0.022 0.009 0.012 
 91    C3989    (0)    3 :  0.031 0.012 0.818 0.022 0.072 0.038 0.008 
 92    C4011    (0)    3 :  0.178 0.006 0.346 0.452 0.006 0.007 0.005 
 93    C4017    (0)    3 :  0.019 0.007 0.029 0.926 0.006 0.007 0.006 
 94    C4296    (0)    3 :  0.456 0.079 0.029 0.062 0.226 0.100 0.047 
 95    C4301    (9)    3 :  0.011 0.046 0.097 0.008 0.019 0.806 0.012 
 96    C4303    (0)    3 :  0.043 0.033 0.559 0.012 0.036 0.036 0.282 
 97    C4453    (0)    3 :  0.076 0.046 0.753 0.050 0.010 0.025 0.040 
 98    C4455    (9)    3 :  0.015 0.014 0.895 0.025 0.013 0.013 0.026 
 99    C4456   (18)    3 :  0.019 0.092 0.581 0.185 0.020 0.038 0.065 
100    C4457    (9)    3 :  0.086 0.024 0.687 0.023 0.037 0.069 0.072 
101    C4459    (9)    3 :  0.250 0.013 0.470 0.201 0.030 0.018 0.019 
102    C4464   (18)    3 :  0.254 0.010 0.675 0.031 0.012 0.010 0.008 
103    C4468    (9)    3 :  0.684 0.015 0.190 0.034 0.016 0.015 0.047 
104    C4783    (0)    3 :  0.008 0.010 0.673 0.254 0.029 0.011 0.014 
105    C4786    (0)    3 :  0.032 0.009 0.836 0.089 0.010 0.014 0.010 
106    C4789    (9)    3 :  0.100 0.010 0.624 0.191 0.015 0.049 0.011 
107    C4891    (0)    3 :  0.012 0.016 0.897 0.027 0.026 0.012 0.009 
108    C4896    (0)    3 :  0.014 0.017 0.666 0.212 0.022 0.036 0.033 
109    C4898    (0)    3 :  0.050 0.017 0.488 0.391 0.026 0.013 0.015 
110    C4901    (0)    3 :  0.014 0.006 0.862 0.085 0.010 0.013 0.009 
111    C4903    (9)    3 :  0.015 0.011 0.878 0.033 0.017 0.026 0.020 
112    C4904    (0)    3 :  0.018 0.011 0.603 0.312 0.032 0.015 0.009 
113    C3263    (0)    3 :  0.696 0.142 0.103 0.011 0.017 0.013 0.018 
114    C3271    (0)    3 :  0.884 0.019 0.036 0.010 0.020 0.021 0.010 
115    C3272    (0)    3 :  0.845 0.019 0.047 0.015 0.022 0.042 0.010 
116    C3276    (0)    3 :  0.030 0.091 0.479 0.023 0.042 0.307 0.028 
117    C3280    (9)    3 :  0.759 0.089 0.019 0.027 0.050 0.031 0.025 
118    C3305    (9)    3 :  0.945 0.009 0.008 0.010 0.009 0.011 0.008 
119    C3306    (0)    3 :  0.801 0.074 0.043 0.014 0.031 0.018 0.019 
120    C3324    (0)    3 :  0.716 0.157 0.018 0.015 0.055 0.023 0.016 
121    C3329    (0)    3 :  0.542 0.071 0.082 0.143 0.085 0.048 0.028 
122    C3336    (0)    3 :  0.818 0.015 0.063 0.021 0.030 0.039 0.014 
123    C3341   (18)    3 :  0.086 0.665 0.030 0.084 0.062 0.033 0.039 
124    C3409   (18)    3 :  0.462 0.070 0.146 0.093 0.074 0.109 0.046 
125    C3168    (9)    3 :  0.010 0.008 0.946 0.011 0.008 0.009 0.008 
126    C3170    (0)    3 :  0.048 0.013 0.889 0.011 0.012 0.018 0.009 
127    C3214   (18)    3 :  0.091 0.010 0.570 0.021 0.016 0.254 0.038 
128    C3227    (0)    3 :  0.010 0.006 0.939 0.010 0.007 0.017 0.010 
129    C3228    (0)    3 :  0.721 0.035 0.037 0.100 0.034 0.041 0.032 
130    C3278    (0)    3 :  0.009 0.010 0.935 0.006 0.013 0.016 0.010 
131    C3279    (0)    3 :  0.022 0.010 0.869 0.009 0.038 0.038 0.014 
132    C3321    (0)    3 :  0.012 0.006 0.950 0.014 0.006 0.006 0.006 
133    C3322    (0)    3 :  0.012 0.012 0.835 0.024 0.035 0.033 0.049 
134    C3303    (0)    3 :  0.039 0.037 0.814 0.016 0.034 0.046 0.014 
135    C3317    (0)    3 :  0.893 0.018 0.036 0.016 0.015 0.011 0.011 
136    C3355    (0)    3 :  0.318 0.019 0.587 0.036 0.016 0.011 0.012 
137    C3376    (9)    3 :  0.590 0.019 0.249 0.028 0.023 0.065 0.025 
138    C3401    (0)    3 :  0.836 0.019 0.051 0.020 0.025 0.025 0.023 
139    C3203    (9)    3 :  0.178 0.056 0.593 0.030 0.020 0.073 0.050 
140    C3245    (0)    3 :  0.062 0.011 0.862 0.009 0.015 0.020 0.022 
141    C3302    (0)    3 :  0.012 0.018 0.917 0.009 0.015 0.015 0.013 
142    C3307    (0)    3 :  0.066 0.123 0.559 0.116 0.032 0.013 0.089 
143    C3310    (0)    3 :  0.008 0.013 0.940 0.009 0.011 0.010 0.008 
144    C3312    (9)    3 :  0.389 0.022 0.432 0.047 0.055 0.021 0.034 
145    C3345    (0)    3 :  0.016 0.018 0.922 0.013 0.009 0.011 0.011 
146    C3371    (0)    3 :  0.018 0.031 0.914 0.008 0.011 0.009 0.010 
147    C3372    (0)    3 :  0.171 0.044 0.692 0.020 0.028 0.021 0.024 
148    C3380    (9)    3 :  0.013 0.006 0.946 0.014 0.006 0.008 0.007 
149    C3417    (0)    3 :  0.038 0.149 0.647 0.063 0.044 0.029 0.030 
150    C4569    (9)    4 :  0.052 0.111 0.015 0.586 0.073 0.125 0.039 
151    C4570    (9)    4 :  0.057 0.014 0.014 0.877 0.013 0.013 0.011 
152    C4571    (9)    4 :  0.316 0.015 0.037 0.573 0.016 0.019 0.024 
153    C4572    (9)    4 :  0.035 0.013 0.012 0.897 0.012 0.014 0.018 
154    C4573    (9)    4 :  0.139 0.043 0.014 0.175 0.077 0.119 0.433 
155    C4575    (9)    4 :  0.028 0.021 0.020 0.810 0.022 0.034 0.065 
156    C4577    (9)    4 :  0.026 0.009 0.016 0.917 0.015 0.009 0.008 
157    C4578    (9)    4 :  0.052 0.024 0.023 0.729 0.060 0.056 0.056 
158    C4600   (18)    4 :  0.063 0.030 0.044 0.433 0.324 0.071 0.035 
159    C4612    (9)    4 :  0.014 0.011 0.015 0.888 0.014 0.045 0.013 
160    C4621    (0)    4 :  0.050 0.006 0.129 0.770 0.012 0.015 0.017 
161    C4622    (9)    4 :  0.014 0.009 0.071 0.880 0.010 0.007 0.009 
162    C4623    (0)    4 :  0.140 0.257 0.135 0.314 0.046 0.060 0.047 
163    C4624    (0)    4 :  0.032 0.017 0.016 0.867 0.017 0.015 0.037 
164    C4625    (0)    4 :  0.169 0.017 0.017 0.121 0.087 0.068 0.522 
165    C4627    (0)    4 :  0.023 0.024 0.179 0.702 0.014 0.028 0.030 
166    C4631    (0)    4 :  0.010 0.067 0.008 0.874 0.016 0.011 0.014 
167    C4632    (0)    4 :  0.078 0.016 0.041 0.812 0.019 0.015 0.019 
168    C3939    (0)    4 :  0.024 0.010 0.124 0.798 0.015 0.021 0.008 
169    C3940    (0)    4 :  0.015 0.020 0.064 0.770 0.049 0.073 0.009 
170    C3945    (0)    4 :  0.058 0.011 0.126 0.770 0.019 0.010 0.007 
171    C4520    (0)    4 :  0.155 0.076 0.076 0.031 0.114 0.520 0.027 
172    C4522    (0)    4 :  0.039 0.012 0.551 0.362 0.013 0.013 0.010 
173    C3182    (0)    4 :  0.105 0.024 0.784 0.037 0.021 0.017 0.011 
174    C3189    (0)    4 :  0.576 0.029 0.074 0.026 0.072 0.070 0.153 
175    C3191    (9)    4 :  0.656 0.034 0.183 0.018 0.019 0.021 0.069 
176    C3196    (0)    4 :  0.132 0.015 0.762 0.014 0.022 0.027 0.028 
177    C3208    (0)    4 :  0.030 0.042 0.640 0.172 0.027 0.045 0.044 
178    C3211    (0)    4 :  0.016 0.011 0.925 0.013 0.012 0.015 0.008 
179    C3212    (0)    4 :  0.085 0.122 0.164 0.051 0.086 0.479 0.012 
180    C3213    (0)    4 :  0.015 0.018 0.914 0.007 0.017 0.019 0.009 
181    C3215    (0)    4 :  0.008 0.010 0.897 0.015 0.015 0.018 0.037 
182    C3217    (0)    4 :  0.358 0.041 0.501 0.023 0.029 0.030 0.018 
183    C3225    (9)    4 :  0.539 0.024 0.272 0.022 0.043 0.069 0.030 
184    C3226    (0)    4 :  0.131 0.011 0.769 0.061 0.009 0.009 0.010 
185    C3238    (9)    4 :  0.046 0.012 0.814 0.075 0.014 0.019 0.019 
186    C3239    (0)    4 :  0.723 0.027 0.170 0.022 0.014 0.030 0.014 
187    C3269   (18)    4 :  0.513 0.022 0.045 0.127 0.040 0.136 0.117 
188    C3273    (0)    4 :  0.512 0.010 0.370 0.021 0.016 0.030 0.042 
189    C3274    (0)    4 :  0.021 0.016 0.557 0.064 0.200 0.123 0.020 
190    C3354    (0)    4 :  0.135 0.013 0.768 0.020 0.027 0.019 0.018 
191    C3361    (0)    4 :  0.037 0.010 0.871 0.028 0.017 0.020 0.016 
192    C3289    (0)    4 :  0.013 0.010 0.931 0.010 0.011 0.013 0.013 
193    C3169    (0)    4 :  0.576 0.010 0.343 0.032 0.009 0.016 0.014 
194    C3199    (9)    4 :  0.102 0.015 0.738 0.073 0.015 0.024 0.033 
195    C3224    (0)    4 :  0.132 0.013 0.789 0.010 0.014 0.023 0.019 
196    C3261   (18)    4 :  0.127 0.013 0.792 0.026 0.019 0.014 0.009 
197    C3320    (0)    4 :  0.174 0.017 0.677 0.039 0.032 0.035 0.027 
198    C4151    (0)    5 :  0.029 0.007 0.027 0.911 0.009 0.008 0.009 
199    C4152    (0)    5 :  0.132 0.013 0.013 0.800 0.012 0.017 0.014 
200    C4153    (0)    5 :  0.133 0.014 0.470 0.281 0.024 0.054 0.024 
201    C4154   (18)    5 :  0.136 0.027 0.321 0.441 0.037 0.028 0.011 
202    C4157    (0)    5 :  0.763 0.019 0.029 0.073 0.078 0.019 0.018 
203    C4158    (0)    5 :  0.023 0.007 0.017 0.926 0.009 0.007 0.011 
204    C4163    (0)    5 :  0.025 0.007 0.019 0.928 0.007 0.007 0.007 
205    C4165    (0)    5 :  0.032 0.144 0.135 0.275 0.346 0.017 0.052 
206    C4248    (9)    5 :  0.598 0.016 0.295 0.022 0.028 0.020 0.021 
207    C4371    (9)    5 :  0.860 0.025 0.016 0.052 0.016 0.015 0.015 
208    C3936    (0)    5 :  0.043 0.018 0.036 0.861 0.016 0.013 0.012 
209    C3937    (0)    5 :  0.025 0.010 0.054 0.881 0.011 0.009 0.011 
210    C3944    (0)    5 :  0.194 0.011 0.102 0.668 0.009 0.008 0.007 
211    C3954    (0)    5 :  0.819 0.007 0.073 0.038 0.010 0.017 0.037 
212    C3955    (9)    5 :  0.223 0.009 0.426 0.276 0.018 0.026 0.023 
213    C3961    (0)    5 :  0.052 0.053 0.201 0.647 0.016 0.019 0.013 
214    C3974    (0)    5 :  0.052 0.019 0.041 0.809 0.022 0.037 0.020 
215    C4024    (0)    5 :  0.645 0.072 0.061 0.160 0.026 0.023 0.013 
216    C4025    (0)    5 :  0.051 0.020 0.010 0.882 0.011 0.013 0.014 
217    C4028    (0)    5 :  0.097 0.031 0.060 0.638 0.049 0.051 0.074 
218    C4032   (18)    5 :  0.900 0.009 0.022 0.038 0.008 0.012 0.012 
219    C4033   (18)    5 :  0.304 0.012 0.613 0.028 0.015 0.012 0.016 
220    C4034    (0)    5 :  0.467 0.096 0.260 0.039 0.065 0.051 0.022 
221    C4041    (9)    5 :  0.646 0.072 0.060 0.025 0.036 0.145 0.017 
222    C4043    (9)    5 :  0.621 0.019 0.110 0.193 0.023 0.016 0.018 
223    C4044    (9)    5 :  0.091 0.476 0.111 0.116 0.059 0.064 0.083 
224    C4045    (9)    5 :  0.573 0.013 0.210 0.107 0.032 0.020 0.045 
225    C4046    (9)    5 :  0.819 0.026 0.076 0.028 0.016 0.013 0.022 
226    C4047    (0)    5 :  0.026 0.018 0.841 0.015 0.039 0.027 0.034 
227    C4048    (9)    5 :  0.086 0.063 0.689 0.019 0.053 0.034 0.055 
228    C4055    (9)    5 :  0.792 0.020 0.042 0.052 0.031 0.026 0.036 
229    C4057   (18)    5 :  0.857 0.028 0.065 0.014 0.012 0.015 0.009 
230    C4059    (0)    5 :  0.722 0.013 0.166 0.038 0.011 0.024 0.025 
231    C4060    (9)    5 :  0.665 0.020 0.157 0.062 0.027 0.050 0.019 
232    C4064    (9)    5 :  0.514 0.023 0.032 0.041 0.134 0.036 0.220 
233    C4067    (0)    5 :  0.046 0.046 0.752 0.020 0.029 0.023 0.082 
234    C4068    (9)    5 :  0.062 0.016 0.812 0.029 0.023 0.027 0.031 
235    C4070    (9)    5 :  0.215 0.135 0.422 0.133 0.045 0.023 0.026 
236    C4075   (18)    5 :  0.045 0.023 0.860 0.019 0.016 0.022 0.015 
237    C4081    (9)    5 :  0.820 0.021 0.051 0.023 0.036 0.026 0.023 
238    C4082    (0)    5 :  0.055 0.015 0.794 0.057 0.016 0.030 0.034 
239    C4083    (0)    5 :  0.306 0.199 0.044 0.144 0.206 0.046 0.056 
240    C4086    (0)    5 :  0.645 0.012 0.112 0.026 0.023 0.025 0.157 
241    C4088    (9)    5 :  0.035 0.009 0.021 0.028 0.023 0.017 0.867 
242    C4092    (0)    5 :  0.776 0.051 0.034 0.091 0.017 0.021 0.009 
243    C4099    (9)    5 :  0.567 0.077 0.157 0.026 0.031 0.116 0.026 
244    C4104    (0)    5 :  0.147 0.070 0.479 0.226 0.030 0.021 0.026 
245    C4108   (18)    5 :  0.012 0.032 0.018 0.011 0.327 0.438 0.163 
246    C4118    (0)    5 :  0.787 0.018 0.011 0.020 0.089 0.044 0.033 
247    C4131    (0)    5 :  0.261 0.020 0.130 0.430 0.047 0.023 0.089 
248    C4133    (0)    5 :  0.906 0.010 0.033 0.013 0.014 0.014 0.010 
249    C4135    (0)    5 :  0.627 0.008 0.197 0.141 0.013 0.008 0.006 
250    C4136    (0)    5 :  0.026 0.026 0.047 0.636 0.070 0.063 0.133 
251    C4137    (9)    5 :  0.658 0.019 0.039 0.214 0.032 0.020 0.019 
252    C4139    (0)    5 :  0.069 0.010 0.069 0.819 0.012 0.013 0.007 
253    C4140    (9)    5 :  0.223 0.021 0.113 0.578 0.040 0.013 0.012 
254    C4167    (0)    5 :  0.144 0.029 0.016 0.738 0.035 0.013 0.024 
255    C4236    (0)    5 :  0.783 0.030 0.043 0.017 0.066 0.024 0.037 
256    C4237    (0)    5 :  0.100 0.028 0.012 0.057 0.065 0.105 0.634 
257    C4238    (0)    5 :  0.532 0.016 0.265 0.073 0.024 0.033 0.056 
258    C4241    (0)    5 :  0.512 0.024 0.334 0.048 0.037 0.027 0.018 
259    C4247    (9)    5 :  0.472 0.143 0.052 0.047 0.027 0.033 0.225 
260    C4257    (0)    5 :  0.191 0.018 0.645 0.045 0.017 0.055 0.028 
261    C4383    (0)    5 :  0.378 0.237 0.041 0.154 0.048 0.074 0.068 
262    C4397    (9)    5 :  0.929 0.007 0.010 0.023 0.014 0.008 0.009 
263    C4514    (0)    5 :  0.139 0.020 0.041 0.762 0.014 0.011 0.013 
264    C4519    (0)    5 :  0.033 0.015 0.422 0.363 0.019 0.140 0.008 
265    C4527    (0)    5 :  0.047 0.018 0.759 0.136 0.016 0.013 0.011 
266    C4534    (0)    5 :  0.096 0.059 0.627 0.100 0.035 0.066 0.018 
267    C4699    (0)    5 :  0.021 0.023 0.162 0.685 0.030 0.016 0.064 
268    C1541    (9)    5 :  0.152 0.011 0.788 0.014 0.013 0.009 0.013 
269    C1542    (9)    5 :  0.069 0.010 0.870 0.011 0.013 0.012 0.015 
270    C1544    (0)    5 :  0.542 0.018 0.300 0.028 0.023 0.032 0.057 
271    C1547    (9)    5 :  0.130 0.205 0.110 0.051 0.105 0.237 0.162 
272    C1553    (9)    5 :  0.079 0.128 0.077 0.223 0.235 0.177 0.081 
273    C1555    (9)    5 :  0.874 0.012 0.021 0.016 0.026 0.029 0.022 
274    C1557    (0)    5 :  0.887 0.015 0.021 0.025 0.017 0.014 0.021 
275    C1560    (0)    5 :  0.871 0.014 0.031 0.015 0.014 0.043 0.012 
276    C1565    (0)    5 :  0.276 0.073 0.500 0.042 0.065 0.029 0.016 
277    C1567    (0)    5 :  0.792 0.027 0.036 0.023 0.024 0.060 0.038 
278    C1569    (0)    5 :  0.805 0.022 0.088 0.035 0.016 0.016 0.018 
279    C1571    (0)    5 :  0.231 0.038 0.436 0.038 0.039 0.128 0.091 
280    C1576    (0)    5 :  0.649 0.023 0.077 0.121 0.022 0.032 0.077 
281    C1577    (9)    5 :  0.138 0.015 0.740 0.018 0.024 0.034 0.032 
282    C1579    (0)    5 :  0.522 0.014 0.377 0.018 0.033 0.018 0.019 
283    C3990    (0)    6 :  0.044 0.008 0.055 0.871 0.008 0.007 0.008 
284    C3991    (0)    6 :  0.038 0.032 0.041 0.796 0.020 0.024 0.049 
285    C3992    (0)    6 :  0.026 0.011 0.076 0.779 0.026 0.053 0.028 
286    C3994    (0)    6 :  0.357 0.117 0.239 0.143 0.037 0.056 0.051 
287    C4172    (0)    6 :  0.010 0.046 0.024 0.752 0.051 0.061 0.057 
288    C4173    (9)    6 :  0.013 0.119 0.032 0.800 0.012 0.013 0.011 
289    C4232    (9)    6 :  0.187 0.008 0.769 0.011 0.008 0.010 0.008 
290    C4234    (9)    6 :  0.533 0.010 0.411 0.013 0.011 0.011 0.011 
291    C4259    (0)    6 :  0.835 0.010 0.109 0.014 0.012 0.009 0.011 
292    C4260    (0)    6 :  0.026 0.007 0.920 0.020 0.008 0.011 0.008 
293    C4261    (9)    6 :  0.021 0.062 0.751 0.028 0.071 0.039 0.029 
294    C4262    (0)    6 :  0.554 0.059 0.076 0.229 0.040 0.030 0.012 
295    C4263    (0)    6 :  0.754 0.026 0.086 0.034 0.025 0.012 0.063 
296    C4267    (9)    6 :  0.499 0.015 0.160 0.248 0.023 0.017 0.039 
297    C4269    (0)    6 :  0.430 0.042 0.294 0.148 0.043 0.019 0.024 
298    C4272    (0)    6 :  0.932 0.013 0.014 0.010 0.012 0.011 0.008 
299    C4274    (0)    6 :  0.375 0.012 0.067 0.026 0.034 0.471 0.015 
300    C4276    (9)    6 :  0.043 0.018 0.028 0.010 0.017 0.836 0.047 
301    C4278    (0)    6 :  0.726 0.033 0.067 0.063 0.034 0.055 0.023 
302    C4280    (0)    6 :  0.113 0.019 0.677 0.095 0.044 0.038 0.014 
303    C4281    (0)    6 :  0.858 0.013 0.044 0.037 0.016 0.014 0.018 
304    C4282    (0)    6 :  0.157 0.366 0.188 0.014 0.176 0.030 0.068 
305    C4284    (9)    6 :  0.817 0.009 0.056 0.093 0.009 0.008 0.009 
306    C4286    (9)    6 :  0.136 0.027 0.445 0.240 0.045 0.082 0.025 
307    C4287    (0)    6 :  0.165 0.071 0.488 0.124 0.061 0.079 0.011 
308    C4290    (0)    6 :  0.133 0.107 0.014 0.101 0.053 0.391 0.201 
309    C4307   (18)    6 :  0.131 0.027 0.730 0.041 0.033 0.026 0.012 
310    C4310    (9)    6 :  0.627 0.014 0.183 0.040 0.019 0.058 0.059 
311    C4311   (18)    6 :  0.213 0.029 0.630 0.019 0.026 0.061 0.022 
312    C4312    (0)    6 :  0.429 0.016 0.502 0.012 0.012 0.015 0.015 
313    C4314    (0)    6 :  0.644 0.012 0.071 0.049 0.030 0.025 0.169 
314    C4318    (9)    6 :  0.823 0.037 0.033 0.040 0.026 0.032 0.010 
315    C4321    (9)    6 :  0.335 0.050 0.459 0.039 0.024 0.079 0.014 
316    C4324    (0)    6 :  0.664 0.038 0.092 0.139 0.020 0.038 0.011 
317    C4334    (0)    6 :  0.885 0.033 0.025 0.021 0.011 0.015 0.010 
318    C4529    (0)    6 :  0.427 0.036 0.391 0.039 0.028 0.025 0.054 
319    C1582    (9)    6 :  0.769 0.013 0.110 0.065 0.012 0.017 0.013 
320    C1583    (0)    6 :  0.724 0.018 0.122 0.028 0.023 0.031 0.054 
321    C1584    (9)    6 :  0.867 0.010 0.036 0.026 0.013 0.028 0.021 
322    C1585    (0)    6 :  0.921 0.006 0.022 0.021 0.006 0.010 0.014 
323    C1586    (0)    6 :  0.840 0.048 0.037 0.018 0.022 0.011 0.022 
324    C1589    (0)    6 :  0.774 0.012 0.056 0.127 0.010 0.011 0.011 
325    C1591    (0)    6 :  0.900 0.008 0.039 0.026 0.008 0.011 0.009 
326    C1592    (0)    6 :  0.862 0.024 0.036 0.019 0.021 0.020 0.017 
327    C1594    (0)    6 :  0.747 0.014 0.102 0.034 0.018 0.019 0.067 
328    C1597    (9)    6 :  0.217 0.034 0.588 0.028 0.045 0.057 0.030 
329    C1598    (9)    6 :  0.619 0.017 0.112 0.166 0.022 0.021 0.044 
330    C1599    (0)    6 :  0.702 0.012 0.225 0.010 0.016 0.026 0.009 
331    C1601    (0)    6 :  0.190 0.036 0.302 0.307 0.071 0.030 0.064 
332    C1605    (0)    6 :  0.160 0.046 0.103 0.079 0.138 0.370 0.104 
333    C1609    (0)    6 :  0.914 0.008 0.031 0.020 0.008 0.009 0.009 
334    C1610    (0)    6 :  0.291 0.019 0.316 0.015 0.132 0.121 0.106 
335    C1611    (0)    6 :  0.091 0.043 0.814 0.011 0.016 0.013 0.011 
336    C1612    (0)    6 :  0.096 0.007 0.861 0.009 0.008 0.010 0.009 
337    C1613    (0)    6 :  0.311 0.063 0.493 0.039 0.021 0.034 0.040 
338    C3173    (9)    6 :  0.502 0.060 0.244 0.028 0.070 0.059 0.036 
339    C3204    (0)    6 :  0.046 0.015 0.869 0.015 0.016 0.019 0.019 
340    C3223    (9)    6 :  0.027 0.078 0.553 0.018 0.038 0.268 0.017 
341    C3262    (0)    6 :  0.641 0.024 0.140 0.029 0.028 0.053 0.085 
342    C3270    (0)    6 :  0.298 0.015 0.586 0.042 0.022 0.021 0.015 
343    C3300    (0)    6 :  0.637 0.009 0.271 0.053 0.010 0.012 0.009 
344    C3330    (0)    6 :  0.532 0.031 0.178 0.157 0.050 0.038 0.015 
345    C3390    (9)    6 :  0.568 0.018 0.339 0.021 0.020 0.017 0.017 
346    C3424    (9)    6 :  0.293 0.017 0.549 0.031 0.054 0.041 0.016 
347    C3958    (0)    6 :  0.087 0.013 0.028 0.837 0.017 0.010 0.008 
348    C3962    (0)    6 :  0.039 0.012 0.023 0.894 0.018 0.008 0.006 
349    C4019    (0)    6 :  0.018 0.048 0.010 0.085 0.748 0.064 0.027 
350    C3995   (18)    6 :  0.023 0.035 0.060 0.831 0.019 0.014 0.018 
351    C4000    (0)    6 :  0.028 0.064 0.146 0.575 0.141 0.032 0.014 
352    C4002    (0)    6 :  0.039 0.026 0.165 0.712 0.028 0.013 0.017 
353    C1692    (0)    7 :  0.018 0.030 0.029 0.159 0.380 0.345 0.040 
354    C1693    (0)    7 :  0.101 0.157 0.193 0.054 0.079 0.398 0.019 
355    C1694    (0)    7 :  0.093 0.390 0.056 0.022 0.090 0.191 0.157 
356    C1698    (0)    7 :  0.043 0.283 0.007 0.010 0.329 0.241 0.087 
357    C1699    (0)    7 :  0.026 0.064 0.028 0.030 0.122 0.180 0.549 
358    C1700    (0)    7 :  0.063 0.241 0.040 0.107 0.369 0.113 0.067 
359    C1701    (0)    7 :  0.029 0.033 0.011 0.013 0.494 0.075 0.344 
360    C1702    (0)    7 :  0.013 0.088 0.014 0.019 0.509 0.248 0.109 
361    C1703    (0)    7 :  0.017 0.470 0.009 0.027 0.303 0.100 0.074 
362    C1704    (0)    7 :  0.497 0.233 0.019 0.029 0.100 0.094 0.028 
363    C1705    (0)    7 :  0.014 0.344 0.011 0.359 0.036 0.219 0.017 
364    C1706    (0)    7 :  0.018 0.068 0.015 0.011 0.146 0.220 0.522 
365    C1707    (0)    7 :  0.272 0.037 0.102 0.020 0.050 0.370 0.150 
366    C1708    (0)    7 :  0.021 0.816 0.015 0.012 0.085 0.030 0.021 
367    C1709    (0)    7 :  0.022 0.750 0.023 0.060 0.080 0.035 0.030 
368    C1710    (0)    7 :  0.044 0.108 0.018 0.020 0.630 0.106 0.075 
369    C1712    (0)    7 :  0.009 0.657 0.011 0.033 0.244 0.034 0.012 
370    C1714    (0)    7 :  0.023 0.876 0.009 0.012 0.037 0.026 0.018 
371    C1715    (0)    7 :  0.024 0.023 0.016 0.016 0.287 0.535 0.098 
372    C1717    (0)    7 :  0.048 0.068 0.032 0.016 0.143 0.670 0.023 
373    C1718   (18)    7 :  0.088 0.050 0.013 0.016 0.576 0.210 0.047 
374    C1719    (0)    7 :  0.049 0.633 0.065 0.105 0.104 0.022 0.021 
375    C1656    (0)    8 :  0.010 0.105 0.015 0.059 0.198 0.061 0.552 
376    C1657   (18)    8 :  0.015 0.510 0.037 0.019 0.091 0.069 0.259 
377    C1658    (0)    8 :  0.009 0.068 0.008 0.016 0.475 0.287 0.137 
378    C1659    (0)    8 :  0.024 0.018 0.064 0.019 0.076 0.663 0.136 
379    C1661    (9)    8 :  0.077 0.146 0.035 0.042 0.448 0.172 0.079 
380    C1665    (0)    8 :  0.017 0.058 0.028 0.015 0.480 0.132 0.270 
381    C1667    (9)    8 :  0.007 0.911 0.008 0.006 0.035 0.016 0.017 
382    C1676    (9)    8 :  0.015 0.142 0.014 0.034 0.569 0.030 0.196 
383    C1681    (9)    8 :  0.057 0.143 0.013 0.025 0.176 0.299 0.287 
384    C1682    (0)    8 :  0.016 0.642 0.017 0.019 0.138 0.048 0.121 
385    C1685    (0)    8 :  0.013 0.048 0.050 0.024 0.751 0.019 0.096 
386    C4707    (0)    9 :  0.028 0.030 0.026 0.096 0.778 0.017 0.024 
387    C4747    (0)    9 :  0.045 0.454 0.161 0.127 0.084 0.111 0.018 
388    C4772    (0)    9 :  0.039 0.026 0.050 0.580 0.187 0.053 0.066 
389    C4781    (0)    9 :  0.108 0.693 0.008 0.046 0.044 0.082 0.020 
390    C4782    (0)    9 :  0.136 0.215 0.025 0.116 0.231 0.191 0.085 
391    C4787    (0)    9 :  0.036 0.051 0.017 0.088 0.114 0.658 0.037 
392    C4790    (0)    9 :  0.026 0.652 0.016 0.070 0.180 0.021 0.034 
393    C4803    (0)    9 :  0.031 0.120 0.065 0.117 0.269 0.360 0.038 
394    C4813    (0)    9 :  0.007 0.026 0.024 0.832 0.045 0.038 0.028 
395    C4837    (0)    9 :  0.021 0.032 0.048 0.189 0.523 0.167 0.021 
396    C4838    (0)    9 :  0.014 0.047 0.013 0.098 0.170 0.598 0.059 
397    C4843    (0)    9 :  0.016 0.072 0.062 0.049 0.594 0.105 0.102 
398    C4857    (0)    9 :  0.110 0.022 0.051 0.694 0.038 0.054 0.031 
399    C4828    (0)    9 :  0.045 0.064 0.274 0.038 0.206 0.151 0.221 
400    C4835    (0)    9 :  0.024 0.023 0.020 0.620 0.063 0.176 0.075 
401    C4836    (9)    9 :  0.040 0.111 0.022 0.347 0.214 0.234 0.031 
402    C4842    (0)    9 :  0.010 0.136 0.029 0.035 0.429 0.094 0.267 
403    C4863    (9)    9 :  0.041 0.132 0.016 0.074 0.178 0.540 0.019 
404    C4744    (0)    9 :  0.010 0.345 0.065 0.022 0.325 0.111 0.122 
405    C4745    (0)    9 :  0.032 0.043 0.015 0.079 0.397 0.315 0.119 
406    C4768    (0)    9 :  0.088 0.292 0.029 0.182 0.317 0.032 0.061 
407    C4769    (0)    9 :  0.011 0.069 0.016 0.186 0.127 0.092 0.499 
408    C4771    (0)    9 :  0.011 0.070 0.011 0.023 0.766 0.060 0.058 
409    C4784    (0)    9 :  0.054 0.554 0.020 0.199 0.063 0.044 0.065 
410    C4785    (0)    9 :  0.030 0.830 0.019 0.030 0.025 0.019 0.046 
411    C4795    (0)    9 :  0.072 0.644 0.021 0.088 0.019 0.124 0.033 
412    C4796    (0)    9 :  0.018 0.152 0.012 0.023 0.620 0.138 0.037 
413    C4800    (0)    9 :  0.018 0.014 0.009 0.311 0.181 0.450 0.016 
414    C4801    (0)    9 :  0.066 0.065 0.010 0.482 0.064 0.054 0.259 
415    C4802    (0)    9 :  0.680 0.023 0.026 0.025 0.056 0.057 0.134 
416    C4805    (0)    9 :  0.021 0.192 0.010 0.097 0.496 0.035 0.149 
417    C4806    (0)    9 :  0.014 0.024 0.008 0.068 0.596 0.068 0.222 
418    C4850    (0)    9 :  0.051 0.032 0.086 0.215 0.447 0.121 0.049 
419    C4748    (0)   10 :  0.008 0.080 0.009 0.108 0.020 0.057 0.718 
420    C4753    (0)   10 :  0.038 0.179 0.012 0.037 0.539 0.121 0.074 
421    C4754    (0)   10 :  0.029 0.061 0.011 0.220 0.620 0.029 0.031 
422    C4760    (0)   10 :  0.078 0.029 0.077 0.357 0.241 0.201 0.016 
423    C4761    (0)   10 :  0.022 0.103 0.009 0.427 0.055 0.034 0.350 
424    C4762    (0)   10 :  0.011 0.452 0.034 0.301 0.043 0.109 0.050 
425    C4791    (0)   10 :  0.012 0.060 0.008 0.237 0.302 0.346 0.034 
426    C4810    (0)   10 :  0.079 0.017 0.039 0.031 0.029 0.062 0.744 
427    C4812    (0)   10 :  0.040 0.031 0.050 0.049 0.318 0.203 0.309 
428    C4821    (0)   10 :  0.030 0.061 0.110 0.152 0.493 0.128 0.025 
429    C4864    (0)   10 :  0.047 0.022 0.035 0.680 0.171 0.027 0.018 
430    C4866    (0)   10 :  0.009 0.026 0.071 0.026 0.066 0.088 0.713 
431    C1722    (0)   10 :  0.052 0.041 0.027 0.012 0.187 0.327 0.354 
432    C1724    (0)   10 :  0.007 0.012 0.011 0.017 0.059 0.152 0.743 
433    C1725    (0)   10 :  0.035 0.069 0.085 0.010 0.139 0.213 0.450 
434    C1726    (0)   10 :  0.013 0.110 0.012 0.015 0.522 0.261 0.066 
435    C1731    (0)   10 :  0.014 0.106 0.071 0.047 0.211 0.178 0.374 
436    C1733    (9)   10 :  0.022 0.017 0.025 0.029 0.076 0.593 0.237 
437    C1734    (0)   10 :  0.012 0.033 0.080 0.065 0.350 0.412 0.047 
438    C1735    (0)   10 :  0.008 0.035 0.017 0.008 0.157 0.602 0.172 
439    C1738    (0)   10 :  0.015 0.014 0.074 0.025 0.101 0.384 0.388 
440    C1740    (9)   10 :  0.045 0.050 0.214 0.032 0.314 0.191 0.154 
441    C1741    (0)   10 :  0.130 0.145 0.060 0.227 0.114 0.306 0.018 
442    C1742    (0)   10 :  0.016 0.016 0.019 0.018 0.843 0.040 0.048 
443    C1743    (0)   10 :  0.019 0.496 0.035 0.020 0.111 0.215 0.105 
444    C1745    (0)   10 :  0.029 0.031 0.023 0.043 0.410 0.409 0.055 
445    C1746    (0)   10 :  0.043 0.154 0.035 0.061 0.205 0.212 0.290 
446    C1747    (0)   10 :  0.223 0.161 0.020 0.019 0.052 0.222 0.303 
447    C4742    (9)   10 :  0.014 0.072 0.030 0.726 0.095 0.031 0.031 
448    C4752    (0)   10 :  0.023 0.023 0.074 0.748 0.020 0.036 0.076 
449    C4792    (0)   10 :  0.090 0.094 0.140 0.217 0.205 0.083 0.172 
450    C4811    (0)   10 :  0.037 0.018 0.051 0.818 0.026 0.035 0.015 
451    C4814    (0)   10 :  0.016 0.058 0.033 0.677 0.117 0.054 0.045 
452    C4815    (0)   10 :  0.059 0.043 0.030 0.071 0.074 0.697 0.026 
453    C4818    (0)   10 :  0.031 0.075 0.278 0.205 0.108 0.158 0.144 
454    C4819    (0)   10 :  0.032 0.091 0.087 0.280 0.224 0.068 0.218 
455    C4826    (0)   10 :  0.011 0.083 0.008 0.041 0.569 0.217 0.070 
456    C4829    (0)   10 :  0.105 0.379 0.025 0.019 0.261 0.143 0.068 
457    C4830    (0)   10 :  0.009 0.174 0.026 0.042 0.693 0.044 0.012 
458    C4831    (0)   10 :  0.119 0.055 0.037 0.649 0.072 0.019 0.049 
459    C4832    (0)   10 :  0.013 0.437 0.014 0.084 0.280 0.051 0.121 
460    C4858    (0)   10 :  0.032 0.465 0.008 0.359 0.062 0.056 0.017 
461    C4757    (0)   10 :  0.045 0.049 0.135 0.104 0.349 0.153 0.165 
462    C4770    (9)   10 :  0.216 0.052 0.323 0.052 0.043 0.298 0.018 
463    C4808    (0)   10 :  0.031 0.056 0.012 0.292 0.532 0.057 0.020 
464    C4809    (0)   10 :  0.011 0.011 0.009 0.015 0.885 0.024 0.045 
465    C4820    (0)   10 :  0.021 0.338 0.039 0.035 0.262 0.199 0.106 
466    C4824    (0)   10 :  0.016 0.310 0.008 0.049 0.215 0.389 0.014 
467    C4706    (0)   11 :  0.009 0.051 0.014 0.034 0.295 0.301 0.297 
468    C4708    (0)   11 :  0.027 0.009 0.028 0.908 0.011 0.008 0.010 
469    C4709    (0)   11 :  0.016 0.781 0.020 0.062 0.033 0.061 0.028 
470    C4714    (0)   11 :  0.064 0.409 0.035 0.334 0.083 0.045 0.030 
471    C4722    (0)   11 :  0.018 0.463 0.020 0.161 0.196 0.035 0.107 
472    C4726    (0)   11 :  0.076 0.027 0.081 0.153 0.135 0.281 0.247 
473    C4733    (0)   11 :  0.075 0.119 0.032 0.462 0.219 0.022 0.071 
474    C4734    (0)   11 :  0.020 0.054 0.020 0.231 0.346 0.087 0.242 
475    C4737    (0)   11 :  0.033 0.825 0.008 0.045 0.048 0.019 0.023 
476    C4882    (0)   11 :  0.009 0.067 0.018 0.015 0.721 0.090 0.080 
477    C4883    (0)   11 :  0.022 0.690 0.015 0.228 0.019 0.014 0.013 
478    C4702    (9)   11 :  0.106 0.181 0.080 0.149 0.269 0.148 0.066 
479    C4703    (0)   11 :  0.024 0.042 0.014 0.830 0.039 0.030 0.021 
480    C4727    (0)   11 :  0.010 0.181 0.018 0.088 0.243 0.085 0.375 
481    C4732    (0)   11 :  0.016 0.736 0.018 0.076 0.073 0.061 0.020 
482    C4735    (0)   11 :  0.027 0.041 0.014 0.096 0.186 0.618 0.018 
483    C4736    (0)   11 :  0.014 0.030 0.021 0.897 0.014 0.011 0.014 
484    C4746    (0)   11 :  0.010 0.245 0.024 0.495 0.117 0.073 0.036 
485    C4777    (0)   11 :  0.017 0.023 0.015 0.009 0.610 0.253 0.073 
486    C4846    (0)   11 :  0.185 0.093 0.099 0.361 0.165 0.035 0.063 
487    C4847    (0)   11 :  0.008 0.044 0.016 0.074 0.658 0.035 0.165 
488    C4884    (0)   11 :  0.021 0.173 0.013 0.196 0.364 0.210 0.023 
489    C4705    (0)   11 :  0.029 0.013 0.025 0.323 0.166 0.431 0.013 
490    C4711    (0)   11 :  0.020 0.142 0.016 0.161 0.064 0.032 0.564 
491    C4713    (9)   11 :  0.023 0.080 0.211 0.058 0.059 0.470 0.098 
492    C4716    (0)   11 :  0.033 0.129 0.017 0.266 0.298 0.195 0.062 
493    C4717    (0)   11 :  0.080 0.023 0.015 0.761 0.055 0.024 0.041 
494    C4719    (0)   11 :  0.015 0.031 0.010 0.015 0.891 0.014 0.025 
495    C4721    (0)   11 :  0.039 0.015 0.021 0.875 0.018 0.015 0.017 
496    C4729    (0)   11 :  0.011 0.023 0.015 0.223 0.531 0.173 0.023 
497    C4730    (0)   11 :  0.016 0.040 0.020 0.839 0.032 0.019 0.033 
498    C4773    (0)   11 :  0.048 0.009 0.017 0.859 0.015 0.008 0.044 
499    C4861    (0)   11 :  0.015 0.019 0.016 0.035 0.823 0.040 0.052 
500    C4890    (0)   11 :  0.021 0.047 0.009 0.736 0.128 0.044 0.016 
501    C4718    (0)   11 :  0.057 0.187 0.010 0.123 0.349 0.216 0.058 
502    C4724    (0)   11 :  0.010 0.026 0.031 0.627 0.119 0.140 0.046 
503    C4738    (0)   11 :  0.019 0.018 0.014 0.517 0.041 0.019 0.371 
504    C4739    (0)   11 :  0.039 0.034 0.033 0.047 0.667 0.063 0.117 
505    C4844    (0)   11 :  0.019 0.030 0.049 0.447 0.342 0.068 0.044 
