

----------------------------------------------------
STRUCTURE by Pritchard, Stephens and Donnelly (2000)
     and Falush, Stephens and Pritchard (2003)
       Code by Pritchard, Falush and Hubisz
             Version 2.3.4 (Jul 2012)
----------------------------------------------------



Command line arguments:   bin\structure -m C:\Users\eschumacher\Documents\Butternut\butternut_STRUCTURE_withQU\50-50\mainparams -e C:\Users\eschumacher\Documents\Butternut\butternut_STRUCTURE_withQU\50-50\extraparams 
Input File:    C:\Users\eschumacher\Documents\Butternut\butternut_STRUCTURE_withQU\project_data

Run parameters:
   1015 individuals
   11 loci
   10 populations assumed
   50000 Burn-in period
   50000 Reps


--------------------------------------------
Proportion of membership of each pre-defined
 population in each of the 10 clusters

Given    Inferred Clusters                                                        Number of
 Pop       1      2      3      4      5      6      7      8      9     10      Individuals

  1:     0.051  0.038  0.032  0.041  0.156  0.036  0.362  0.056  0.034  0.192       40
  2:     0.098  0.048  0.027  0.042  0.277  0.034  0.214  0.061  0.027  0.173       46
  3:     0.040  0.033  0.023  0.028  0.163  0.039  0.206  0.030  0.039  0.400       63
  4:     0.106  0.030  0.040  0.038  0.254  0.028  0.116  0.052  0.038  0.297       48
  5:     0.053  0.038  0.049  0.038  0.262  0.036  0.279  0.046  0.037  0.161       85
  6:     0.063  0.038  0.028  0.036  0.192  0.032  0.300  0.040  0.046  0.224       70
  7:     0.040  0.149  0.071  0.136  0.034  0.190  0.053  0.209  0.093  0.025       22
  8:     0.049  0.162  0.082  0.173  0.016  0.154  0.019  0.242  0.081  0.022       11
  9:     0.083  0.087  0.059  0.209  0.119  0.141  0.040  0.167  0.069  0.026       33
 10:     0.064  0.100  0.121  0.188  0.114  0.072  0.029  0.160  0.112  0.038       48
 11:     0.105  0.067  0.069  0.176  0.179  0.120  0.037  0.161  0.064  0.022       48
 12:     0.770  0.028  0.047  0.033  0.020  0.018  0.017  0.031  0.024  0.012       13
 13:     0.694  0.024  0.097  0.020  0.024  0.019  0.025  0.029  0.037  0.031        9
 14:     0.062  0.148  0.091  0.161  0.024  0.106  0.037  0.171  0.163  0.038       90
 15:     0.036  0.133  0.033  0.101  0.017  0.435  0.023  0.068  0.128  0.026       63
 16:     0.130  0.150  0.068  0.178  0.021  0.079  0.064  0.104  0.147  0.058       16
 17:     0.135  0.089  0.120  0.091  0.038  0.058  0.062  0.219  0.135  0.053       31
 18:     0.065  0.049  0.690  0.057  0.017  0.027  0.018  0.038  0.026  0.012       16
 19:     0.037  0.176  0.035  0.097  0.021  0.306  0.094  0.072  0.092  0.071       24
 20:     0.032  0.247  0.095  0.210  0.027  0.082  0.072  0.097  0.103  0.035       12
 21:     0.066  0.195  0.115  0.141  0.024  0.127  0.047  0.101  0.155  0.029       54
 22:     0.056  0.151  0.209  0.131  0.032  0.048  0.042  0.110  0.190  0.032       96
 23:     0.048  0.236  0.223  0.071  0.019  0.114  0.048  0.068  0.151  0.022       22
 24:     0.065  0.044  0.528  0.070  0.065  0.025  0.056  0.054  0.061  0.033       23
 25:     0.034  0.089  0.228  0.189  0.015  0.043  0.028  0.053  0.291  0.030       13
 26:     0.041  0.198  0.074  0.162  0.031  0.132  0.042  0.097  0.164  0.059       19
--------------------------------------------

Allele-freq. divergence among pops (Net nucleotide distance),
computed using point estimates of P.

      1       2       3       4       5       6       7       8       9      10      
 1      -    0.0164  0.0230  0.0145  0.0319  0.0227  0.0285  0.0140  0.0212  0.0344  
 2   0.0164     -    0.0154  0.0071  0.0466  0.0145  0.0314  0.0087  0.0100  0.0312  
 3   0.0230  0.0154     -    0.0167  0.0622  0.0309  0.0452  0.0190  0.0178  0.0453  
 4   0.0145  0.0071  0.0167     -    0.0426  0.0120  0.0349  0.0048  0.0087  0.0368  
 5   0.0319  0.0466  0.0622  0.0426     -    0.0460  0.0369  0.0393  0.0577  0.0387  
 6   0.0227  0.0145  0.0309  0.0120  0.0460     -    0.0392  0.0141  0.0192  0.0428  
 7   0.0285  0.0314  0.0452  0.0349  0.0369  0.0392     -    0.0304  0.0409  0.0266  
 8   0.0140  0.0087  0.0190  0.0048  0.0393  0.0141  0.0304     -    0.0100  0.0330  
 9   0.0212  0.0100  0.0178  0.0087  0.0577  0.0192  0.0409  0.0100     -    0.0363  
10   0.0344  0.0312  0.0453  0.0368  0.0387  0.0428  0.0266  0.0330  0.0363     -    

Average distances (expected heterozygosity) between individuals in same cluster:
cluster  1  : 0.8485 
cluster  2  : 0.8552 
cluster  3  : 0.8245 
cluster  4  : 0.8515 
cluster  5  : 0.8134 
cluster  6  : 0.8446 
cluster  7  : 0.8002 
cluster  8  : 0.8461 
cluster  9  : 0.8409 
cluster 10  : 0.8124 

--------------------------------------------
Estimated Ln Prob of Data   = -47955.3
Mean value of ln likelihood = -45762.3
Variance of ln likelihood   = 4385.9
Mean value of alpha         = 0.0546

Mean value of Fst_1         = 0.0399
Mean value of Fst_2         = 0.0249
Mean value of Fst_3         = 0.0550
Mean value of Fst_4         = 0.0293
Mean value of Fst_5         = 0.0938
Mean value of Fst_6         = 0.0408
Mean value of Fst_7         = 0.0745
Mean value of Fst_8         = 0.0374
Mean value of Fst_9         = 0.0374
Mean value of Fst_10         = 0.0812


Inferred ancestry of individuals:
        Label (%Miss) Pop:  Inferred clusters
  1    C3984    (0)    1 :  0.028 0.012 0.007 0.010 0.626 0.012 0.257 0.023 0.012 0.014 
  2    C3985    (0)    1 :  0.009 0.017 0.015 0.024 0.554 0.017 0.276 0.037 0.010 0.041 
  3    C3986    (0)    1 :  0.013 0.011 0.007 0.013 0.767 0.017 0.072 0.012 0.013 0.075 
  4    C4231    (0)    1 :  0.117 0.025 0.010 0.040 0.447 0.014 0.252 0.044 0.021 0.030 
  5    C4344    (0)    1 :  0.015 0.032 0.018 0.031 0.131 0.039 0.292 0.043 0.028 0.371 
  6    C4347   (18)    1 :  0.020 0.016 0.053 0.020 0.033 0.012 0.375 0.018 0.024 0.430 
  7    C4352   (18)    1 :  0.054 0.035 0.019 0.033 0.340 0.025 0.381 0.034 0.017 0.061 
  8    C4355    (9)    1 :  0.061 0.029 0.014 0.016 0.086 0.021 0.517 0.062 0.040 0.154 
  9    C4358   (18)    1 :  0.057 0.334 0.035 0.226 0.028 0.060 0.062 0.082 0.102 0.015 
 10    C4419    (9)    1 :  0.090 0.019 0.015 0.041 0.079 0.019 0.519 0.161 0.036 0.020 
 11    C4428    (9)    1 :  0.053 0.014 0.017 0.013 0.201 0.015 0.543 0.015 0.015 0.113 
 12    C4436    (0)    1 :  0.012 0.012 0.016 0.014 0.146 0.014 0.719 0.017 0.010 0.041 
 13    C4437   (18)    1 :  0.015 0.046 0.044 0.050 0.415 0.021 0.242 0.100 0.028 0.039 
 14    C4450    (0)    1 :  0.028 0.079 0.030 0.063 0.104 0.042 0.462 0.107 0.057 0.029 
 15    C4531    (0)    1 :  0.035 0.022 0.027 0.088 0.541 0.027 0.025 0.214 0.013 0.008 
 16    C1615    (0)    1 :  0.036 0.034 0.084 0.084 0.265 0.055 0.270 0.086 0.054 0.032 
 17    C1616    (0)    1 :  0.045 0.048 0.063 0.105 0.051 0.018 0.220 0.216 0.191 0.044 
 18    C1617    (9)    1 :  0.016 0.011 0.020 0.012 0.009 0.009 0.834 0.015 0.021 0.053 
 19    C1618    (0)    1 :  0.052 0.033 0.041 0.060 0.253 0.141 0.318 0.049 0.022 0.032 
 20    C1619    (0)    1 :  0.040 0.103 0.052 0.040 0.103 0.124 0.435 0.043 0.022 0.038 
 21    C1620    (9)    1 :  0.024 0.039 0.035 0.045 0.071 0.120 0.585 0.038 0.016 0.027 
 22    C1621    (0)    1 :  0.336 0.078 0.156 0.044 0.017 0.037 0.170 0.030 0.112 0.021 
 23    C1623    (9)    1 :  0.165 0.088 0.126 0.066 0.180 0.211 0.030 0.087 0.032 0.015 
 24    C1625    (0)    1 :  0.042 0.080 0.093 0.031 0.025 0.077 0.576 0.024 0.021 0.031 
 25    C1626    (0)    1 :  0.191 0.023 0.051 0.060 0.013 0.035 0.399 0.162 0.044 0.021 
 26    C1627    (9)    1 :  0.020 0.012 0.033 0.014 0.033 0.021 0.827 0.016 0.010 0.015 
 27    C1633    (0)    1 :  0.023 0.010 0.014 0.008 0.015 0.010 0.880 0.019 0.010 0.011 
 28    C1637    (0)    1 :  0.028 0.012 0.021 0.017 0.012 0.014 0.826 0.030 0.013 0.026 
 29    C1650    (0)    1 :  0.132 0.019 0.031 0.029 0.459 0.015 0.170 0.052 0.033 0.059 
 30    C3202    (0)    1 :  0.010 0.019 0.016 0.009 0.012 0.010 0.011 0.009 0.009 0.896 
 31    C3248    (0)    1 :  0.023 0.020 0.013 0.021 0.012 0.013 0.706 0.034 0.010 0.148 
 32    C3304    (9)    1 :  0.012 0.029 0.016 0.013 0.029 0.013 0.233 0.036 0.055 0.564 
 33    C3326    (0)    1 :  0.038 0.033 0.022 0.179 0.051 0.017 0.133 0.139 0.055 0.333 
 34    C3333    (0)    1 :  0.010 0.017 0.015 0.015 0.014 0.013 0.031 0.017 0.016 0.852 
 35    C3339   (18)    1 :  0.014 0.030 0.012 0.018 0.012 0.033 0.738 0.021 0.049 0.073 
 36    C3346    (0)    1 :  0.009 0.009 0.006 0.009 0.017 0.012 0.018 0.008 0.009 0.902 
 37    C3349    (0)    1 :  0.022 0.023 0.014 0.032 0.022 0.032 0.072 0.105 0.037 0.641 
 38    C3367   (18)    1 :  0.024 0.022 0.020 0.015 0.037 0.016 0.027 0.016 0.023 0.798 
 39    C3374    (0)    1 :  0.043 0.008 0.006 0.008 0.014 0.011 0.871 0.008 0.008 0.024 
 40    C3405    (0)    1 :  0.092 0.032 0.010 0.020 0.017 0.037 0.089 0.024 0.079 0.598 
 41    C4543    (0)    2 :  0.075 0.018 0.011 0.016 0.745 0.019 0.022 0.033 0.020 0.041 
 42    C4545    (9)    2 :  0.045 0.010 0.007 0.012 0.805 0.062 0.028 0.009 0.011 0.011 
 43    C4551    (9)    2 :  0.315 0.035 0.019 0.165 0.121 0.063 0.092 0.159 0.015 0.015 
 44    C4491    (0)    2 :  0.023 0.070 0.025 0.115 0.465 0.045 0.064 0.096 0.037 0.060 
 45    C4494    (0)    2 :  0.031 0.012 0.010 0.013 0.369 0.014 0.047 0.012 0.013 0.480 
 46    C4495    (0)    2 :  0.041 0.131 0.013 0.053 0.083 0.051 0.044 0.021 0.018 0.545 
 47    C4497    (9)    2 :  0.018 0.023 0.014 0.018 0.114 0.018 0.691 0.043 0.014 0.048 
 48    C4501    (0)    2 :  0.245 0.023 0.011 0.028 0.085 0.015 0.222 0.275 0.078 0.018 
 49    C4502    (0)    2 :  0.103 0.020 0.010 0.012 0.169 0.070 0.509 0.049 0.015 0.043 
 50    C4503    (0)    2 :  0.090 0.021 0.016 0.021 0.573 0.231 0.011 0.013 0.015 0.010 
 51    C4504    (0)    2 :  0.022 0.511 0.017 0.017 0.253 0.028 0.047 0.040 0.033 0.033 
 52    C4470    (0)    2 :  0.324 0.084 0.017 0.085 0.063 0.021 0.280 0.071 0.028 0.026 
 53    C4471    (0)    2 :  0.114 0.025 0.013 0.013 0.677 0.019 0.048 0.047 0.021 0.023 
 54    C4474    (9)    2 :  0.150 0.023 0.028 0.074 0.571 0.016 0.010 0.102 0.018 0.008 
 55    C4476    (0)    2 :  0.117 0.015 0.013 0.018 0.205 0.021 0.493 0.089 0.010 0.020 
 56    C4478    (0)    2 :  0.042 0.021 0.008 0.010 0.647 0.088 0.037 0.069 0.026 0.052 
 57    C4479    (0)    2 :  0.227 0.014 0.064 0.015 0.061 0.010 0.484 0.013 0.016 0.096 
 58    C4482    (0)    2 :  0.033 0.059 0.141 0.032 0.500 0.011 0.036 0.074 0.032 0.082 
 59    C4483    (0)    2 :  0.215 0.061 0.014 0.017 0.598 0.018 0.009 0.042 0.015 0.010 
 60    C4484    (0)    2 :  0.048 0.040 0.021 0.026 0.547 0.060 0.049 0.040 0.061 0.109 
 61    C4485    (0)    2 :  0.085 0.079 0.037 0.050 0.072 0.023 0.126 0.108 0.054 0.365 
 62    C4489    (0)    2 :  0.057 0.027 0.019 0.017 0.405 0.025 0.307 0.047 0.025 0.071 
 63    C4505    (0)    2 :  0.083 0.030 0.017 0.043 0.181 0.015 0.548 0.034 0.022 0.025 
 64    C4507    (0)    2 :  0.160 0.028 0.009 0.093 0.252 0.083 0.206 0.096 0.063 0.011 
 65    C4535    (0)    2 :  0.089 0.026 0.027 0.029 0.699 0.026 0.016 0.058 0.019 0.011 
 66    C4542    (0)    2 :  0.148 0.075 0.020 0.241 0.173 0.018 0.016 0.185 0.109 0.016 
 67    C4553    (9)    2 :  0.061 0.019 0.022 0.075 0.586 0.014 0.063 0.059 0.025 0.076 
 68    C4562   (18)    2 :  0.074 0.024 0.026 0.046 0.603 0.044 0.090 0.036 0.024 0.033 
 69    C4582   (18)    2 :  0.100 0.024 0.045 0.045 0.510 0.016 0.053 0.158 0.017 0.031 
 70    C4693    (0)    2 :  0.323 0.011 0.015 0.021 0.409 0.009 0.058 0.102 0.009 0.043 
 71    C4696    (0)    2 :  0.118 0.045 0.028 0.146 0.366 0.038 0.120 0.077 0.023 0.040 
 72    C3179    (0)    2 :  0.009 0.041 0.009 0.022 0.027 0.059 0.186 0.021 0.025 0.603 
 73    C3181    (0)    2 :  0.143 0.051 0.018 0.021 0.020 0.015 0.363 0.026 0.032 0.312 
 74    C3188    (0)    2 :  0.049 0.113 0.024 0.025 0.048 0.026 0.429 0.062 0.025 0.199 
 75    C3190    (0)    2 :  0.027 0.018 0.022 0.020 0.024 0.012 0.015 0.032 0.033 0.798 
 76    C3193    (0)    2 :  0.019 0.023 0.046 0.026 0.020 0.009 0.430 0.017 0.017 0.393 
 77    C3232    (0)    2 :  0.085 0.018 0.010 0.014 0.314 0.014 0.370 0.019 0.014 0.142 
 78    C3236    (0)    2 :  0.012 0.009 0.009 0.012 0.054 0.008 0.105 0.011 0.010 0.770 
 79    C3249    (0)    2 :  0.052 0.029 0.026 0.023 0.029 0.026 0.290 0.094 0.030 0.400 
 80    C3250    (0)    2 :  0.111 0.009 0.012 0.011 0.066 0.009 0.694 0.014 0.016 0.059 
 81    C3253    (0)    2 :  0.023 0.015 0.016 0.014 0.024 0.009 0.865 0.016 0.009 0.010 
 82    C3255    (0)    2 :  0.083 0.018 0.011 0.010 0.053 0.010 0.554 0.011 0.011 0.238 
 83    C3277    (0)    2 :  0.081 0.053 0.062 0.050 0.014 0.037 0.498 0.094 0.043 0.068 
 84    C3315    (0)    2 :  0.175 0.072 0.189 0.079 0.071 0.079 0.194 0.072 0.053 0.017 
 85    C3288    (0)    2 :  0.017 0.021 0.019 0.013 0.018 0.011 0.021 0.013 0.011 0.856 
 86    C3293    (0)    2 :  0.055 0.117 0.026 0.036 0.036 0.027 0.016 0.025 0.038 0.625 
 87    C4018    (0)    3 :  0.009 0.007 0.006 0.009 0.798 0.008 0.014 0.013 0.010 0.126 
 88    C3980    (0)    3 :  0.024 0.010 0.011 0.012 0.865 0.009 0.014 0.015 0.012 0.028 
 89    C3987    (0)    3 :  0.026 0.011 0.011 0.013 0.815 0.013 0.055 0.026 0.013 0.017 
 90    C3988    (0)    3 :  0.012 0.012 0.013 0.017 0.748 0.013 0.104 0.036 0.007 0.037 
 91    C3989    (0)    3 :  0.027 0.107 0.008 0.022 0.081 0.008 0.052 0.020 0.032 0.644 
 92    C4011    (0)    3 :  0.007 0.006 0.006 0.006 0.818 0.006 0.067 0.007 0.006 0.073 
 93    C4017    (0)    3 :  0.010 0.007 0.006 0.007 0.929 0.007 0.012 0.008 0.005 0.010 
 94    C4296    (0)    3 :  0.234 0.027 0.023 0.194 0.036 0.035 0.280 0.105 0.038 0.027 
 95    C4301    (9)    3 :  0.031 0.102 0.009 0.063 0.010 0.028 0.013 0.074 0.590 0.079 
 96    C4303    (0)    3 :  0.021 0.027 0.239 0.036 0.011 0.022 0.040 0.024 0.056 0.525 
 97    C4453    (0)    3 :  0.033 0.035 0.037 0.015 0.146 0.060 0.054 0.042 0.021 0.559 
 98    C4455    (9)    3 :  0.031 0.017 0.044 0.016 0.066 0.020 0.014 0.019 0.013 0.761 
 99    C4456   (18)    3 :  0.025 0.060 0.076 0.035 0.216 0.110 0.019 0.070 0.040 0.348 
100    C4457    (9)    3 :  0.028 0.118 0.055 0.036 0.040 0.018 0.055 0.030 0.064 0.556 
101    C4459    (9)    3 :  0.035 0.024 0.025 0.028 0.373 0.011 0.159 0.029 0.016 0.299 
102    C4464   (18)    3 :  0.013 0.010 0.009 0.013 0.133 0.011 0.235 0.013 0.009 0.554 
103    C4468    (9)    3 :  0.076 0.022 0.058 0.014 0.035 0.016 0.549 0.021 0.016 0.192 
104    C4783    (0)    3 :  0.027 0.024 0.014 0.055 0.482 0.011 0.008 0.031 0.010 0.339 
105    C4786    (0)    3 :  0.020 0.010 0.011 0.017 0.286 0.011 0.045 0.015 0.031 0.554 
106    C4789    (9)    3 :  0.039 0.016 0.013 0.017 0.352 0.008 0.094 0.045 0.037 0.379 
107    C4891    (0)    3 :  0.019 0.025 0.009 0.056 0.073 0.018 0.017 0.026 0.017 0.740 
108    C4896    (0)    3 :  0.069 0.037 0.030 0.032 0.285 0.014 0.013 0.069 0.028 0.423 
109    C4898    (0)    3 :  0.117 0.036 0.014 0.036 0.472 0.016 0.066 0.022 0.013 0.207 
110    C4901    (0)    3 :  0.022 0.014 0.012 0.020 0.343 0.007 0.015 0.018 0.015 0.535 
111    C4903    (9)    3 :  0.042 0.037 0.025 0.024 0.067 0.011 0.019 0.043 0.031 0.700 
112    C4904    (0)    3 :  0.020 0.040 0.008 0.019 0.647 0.009 0.013 0.024 0.015 0.205 
113    C3263    (0)    3 :  0.012 0.053 0.015 0.011 0.015 0.151 0.646 0.010 0.010 0.076 
114    C3271    (0)    3 :  0.007 0.020 0.009 0.016 0.022 0.017 0.839 0.016 0.026 0.028 
115    C3272    (0)    3 :  0.017 0.027 0.008 0.017 0.014 0.016 0.796 0.026 0.034 0.044 
116    C3276    (0)    3 :  0.036 0.054 0.018 0.043 0.011 0.065 0.026 0.038 0.287 0.422 
117    C3280    (9)    3 :  0.031 0.040 0.025 0.036 0.042 0.085 0.663 0.032 0.027 0.021 
118    C3305    (9)    3 :  0.012 0.010 0.008 0.008 0.012 0.009 0.908 0.015 0.010 0.008 
119    C3306    (0)    3 :  0.014 0.057 0.014 0.024 0.013 0.051 0.746 0.032 0.017 0.031 
120    C3324    (0)    3 :  0.016 0.033 0.016 0.038 0.022 0.192 0.631 0.019 0.017 0.016 
121    C3329    (0)    3 :  0.061 0.039 0.023 0.100 0.098 0.071 0.470 0.047 0.025 0.065 
122    C3336    (0)    3 :  0.023 0.020 0.012 0.028 0.025 0.017 0.737 0.025 0.048 0.065 
123    C3341   (18)    3 :  0.104 0.081 0.024 0.044 0.045 0.523 0.064 0.065 0.022 0.028 
124    C3409   (18)    3 :  0.198 0.059 0.024 0.044 0.028 0.039 0.353 0.104 0.047 0.104 
125    C3168    (9)    3 :  0.010 0.012 0.008 0.008 0.014 0.007 0.010 0.007 0.009 0.916 
126    C3170    (0)    3 :  0.009 0.017 0.007 0.012 0.025 0.011 0.045 0.018 0.019 0.836 
127    C3214   (18)    3 :  0.086 0.013 0.028 0.022 0.025 0.010 0.093 0.011 0.218 0.494 
128    C3227    (0)    3 :  0.008 0.008 0.011 0.010 0.017 0.006 0.013 0.012 0.027 0.889 
129    C3228    (0)    3 :  0.113 0.024 0.024 0.051 0.065 0.030 0.512 0.061 0.059 0.061 
130    C3278    (0)    3 :  0.007 0.011 0.009 0.011 0.006 0.008 0.008 0.011 0.016 0.913 
131    C3279    (0)    3 :  0.010 0.021 0.014 0.027 0.009 0.010 0.034 0.037 0.027 0.812 
132    C3321    (0)    3 :  0.007 0.007 0.005 0.007 0.024 0.005 0.011 0.007 0.006 0.921 
133    C3322    (0)    3 :  0.018 0.033 0.040 0.035 0.031 0.009 0.012 0.017 0.070 0.735 
134    C3303    (0)    3 :  0.016 0.015 0.014 0.047 0.013 0.032 0.055 0.034 0.046 0.726 
135    C3317    (0)    3 :  0.017 0.027 0.016 0.015 0.022 0.017 0.812 0.020 0.011 0.042 
136    C3355    (0)    3 :  0.018 0.014 0.010 0.012 0.025 0.020 0.379 0.014 0.009 0.498 
137    C3376    (9)    3 :  0.131 0.015 0.022 0.020 0.037 0.014 0.419 0.082 0.028 0.230 
138    C3401    (0)    3 :  0.019 0.023 0.027 0.028 0.026 0.019 0.744 0.019 0.024 0.071 
139    C3203    (9)    3 :  0.070 0.045 0.032 0.015 0.032 0.051 0.185 0.073 0.036 0.462 
140    C3245    (0)    3 :  0.010 0.026 0.020 0.014 0.010 0.010 0.061 0.016 0.016 0.817 
141    C3302    (0)    3 :  0.010 0.019 0.012 0.013 0.010 0.012 0.012 0.013 0.014 0.885 
142    C3307    (0)    3 :  0.193 0.103 0.076 0.032 0.111 0.138 0.044 0.017 0.014 0.272 
143    C3310    (0)    3 :  0.007 0.013 0.009 0.013 0.009 0.012 0.008 0.011 0.014 0.905 
144    C3312    (9)    3 :  0.036 0.069 0.032 0.044 0.110 0.018 0.361 0.031 0.021 0.277 
145    C3345    (0)    3 :  0.014 0.028 0.012 0.011 0.028 0.024 0.017 0.010 0.014 0.843 
146    C3371    (0)    3 :  0.011 0.032 0.009 0.010 0.008 0.042 0.022 0.011 0.009 0.846 
147    C3372    (0)    3 :  0.070 0.063 0.018 0.024 0.028 0.049 0.150 0.015 0.018 0.565 
148    C3380    (9)    3 :  0.013 0.006 0.007 0.006 0.016 0.006 0.012 0.007 0.007 0.919 
149    C3417    (0)    3 :  0.036 0.077 0.024 0.029 0.105 0.185 0.039 0.045 0.016 0.445 
150    C4569    (9)    4 :  0.069 0.032 0.033 0.203 0.153 0.070 0.045 0.339 0.041 0.014 
151    C4570    (9)    4 :  0.243 0.013 0.014 0.024 0.587 0.017 0.056 0.024 0.010 0.012 
152    C4571    (9)    4 :  0.484 0.013 0.020 0.016 0.185 0.017 0.205 0.027 0.011 0.022 
153    C4572    (9)    4 :  0.047 0.011 0.029 0.015 0.800 0.020 0.030 0.022 0.016 0.010 
154    C4573    (9)    4 :  0.411 0.054 0.265 0.047 0.039 0.019 0.064 0.043 0.049 0.009 
155    C4575    (9)    4 :  0.453 0.071 0.070 0.022 0.224 0.021 0.037 0.055 0.026 0.022 
156    C4577    (9)    4 :  0.157 0.017 0.009 0.024 0.685 0.023 0.032 0.021 0.013 0.019 
157    C4578    (9)    4 :  0.486 0.048 0.057 0.049 0.168 0.018 0.050 0.075 0.032 0.017 
158    C4600   (18)    4 :  0.031 0.082 0.025 0.169 0.429 0.020 0.032 0.154 0.033 0.024 
159    C4612    (9)    4 :  0.427 0.018 0.016 0.034 0.339 0.014 0.021 0.036 0.074 0.022 
160    C4621    (0)    4 :  0.022 0.011 0.017 0.009 0.838 0.006 0.033 0.018 0.011 0.036 
161    C4622    (9)    4 :  0.013 0.010 0.011 0.012 0.906 0.008 0.007 0.011 0.009 0.012 
162    C4623    (0)    4 :  0.305 0.072 0.036 0.053 0.132 0.151 0.092 0.055 0.037 0.067 
163    C4624    (0)    4 :  0.137 0.015 0.078 0.043 0.569 0.017 0.033 0.051 0.035 0.022 
164    C4625    (0)    4 :  0.047 0.025 0.305 0.046 0.114 0.012 0.090 0.326 0.022 0.012 
165    C4627    (0)    4 :  0.039 0.024 0.032 0.020 0.667 0.017 0.018 0.053 0.026 0.104 
166    C4631    (0)    4 :  0.090 0.021 0.017 0.018 0.572 0.234 0.012 0.013 0.014 0.009 
167    C4632    (0)    4 :  0.041 0.010 0.023 0.028 0.760 0.022 0.037 0.039 0.012 0.028 
168    C3939    (0)    4 :  0.021 0.011 0.009 0.019 0.779 0.013 0.017 0.050 0.021 0.061 
169    C3940    (0)    4 :  0.305 0.034 0.007 0.068 0.298 0.028 0.016 0.169 0.028 0.048 
170    C3945    (0)    4 :  0.006 0.010 0.005 0.011 0.917 0.007 0.011 0.012 0.007 0.014 
171    C4520    (0)    4 :  0.043 0.066 0.018 0.177 0.035 0.029 0.058 0.068 0.453 0.052 
172    C4522    (0)    4 :  0.022 0.012 0.010 0.012 0.601 0.011 0.027 0.015 0.010 0.278 
173    C3182    (0)    4 :  0.022 0.022 0.012 0.021 0.088 0.031 0.128 0.020 0.019 0.637 
174    C3189    (0)    4 :  0.056 0.137 0.140 0.048 0.040 0.023 0.359 0.094 0.042 0.061 
175    C3191    (9)    4 :  0.066 0.035 0.076 0.023 0.022 0.042 0.464 0.036 0.022 0.214 
176    C3196    (0)    4 :  0.027 0.031 0.017 0.019 0.017 0.014 0.108 0.030 0.024 0.714 
177    C3208    (0)    4 :  0.049 0.020 0.041 0.035 0.162 0.056 0.028 0.038 0.045 0.526 
178    C3211    (0)    4 :  0.011 0.011 0.007 0.013 0.024 0.012 0.017 0.016 0.015 0.874 
179    C3212    (0)    4 :  0.244 0.100 0.009 0.046 0.067 0.115 0.071 0.064 0.171 0.112 
180    C3213    (0)    4 :  0.008 0.020 0.009 0.015 0.007 0.014 0.013 0.020 0.012 0.881 
181    C3215    (0)    4 :  0.021 0.013 0.028 0.016 0.014 0.009 0.008 0.011 0.046 0.835 
182    C3217    (0)    4 :  0.042 0.030 0.012 0.018 0.020 0.031 0.338 0.039 0.018 0.452 
183    C3225    (9)    4 :  0.066 0.030 0.027 0.048 0.024 0.021 0.450 0.031 0.071 0.232 
184    C3226    (0)    4 :  0.030 0.013 0.011 0.010 0.211 0.013 0.170 0.012 0.009 0.520 
185    C3238    (9)    4 :  0.035 0.016 0.018 0.014 0.111 0.011 0.036 0.022 0.017 0.719 
186    C3239    (0)    4 :  0.169 0.023 0.019 0.018 0.072 0.036 0.422 0.037 0.029 0.176 
187    C3269   (18)    4 :  0.074 0.037 0.150 0.044 0.110 0.023 0.366 0.064 0.082 0.051 
188    C3273    (0)    4 :  0.015 0.023 0.049 0.017 0.032 0.008 0.452 0.025 0.034 0.345 
189    C3274    (0)    4 :  0.059 0.036 0.016 0.175 0.020 0.010 0.025 0.091 0.048 0.520 
190    C3354    (0)    4 :  0.027 0.040 0.021 0.019 0.016 0.011 0.094 0.020 0.014 0.738 
191    C3361    (0)    4 :  0.030 0.012 0.015 0.017 0.019 0.009 0.031 0.019 0.016 0.834 
192    C3289    (0)    4 :  0.010 0.013 0.015 0.011 0.016 0.009 0.011 0.012 0.013 0.888 
193    C3169    (0)    4 :  0.042 0.013 0.014 0.009 0.060 0.009 0.379 0.016 0.016 0.441 
194    C3199    (9)    4 :  0.037 0.012 0.049 0.020 0.098 0.020 0.147 0.018 0.022 0.577 
195    C3224    (0)    4 :  0.012 0.016 0.017 0.014 0.039 0.013 0.201 0.015 0.032 0.640 
196    C3261   (18)    4 :  0.014 0.023 0.009 0.015 0.065 0.016 0.123 0.022 0.010 0.702 
197    C3320    (0)    4 :  0.032 0.033 0.027 0.029 0.027 0.010 0.101 0.049 0.017 0.674 
198    C4151    (0)    5 :  0.036 0.009 0.010 0.009 0.876 0.009 0.018 0.015 0.006 0.012 
199    C4152    (0)    5 :  0.021 0.012 0.017 0.013 0.691 0.013 0.135 0.078 0.010 0.010 
200    C4153    (0)    5 :  0.072 0.027 0.023 0.032 0.440 0.014 0.075 0.043 0.045 0.231 
201    C4154   (18)    5 :  0.019 0.020 0.008 0.027 0.766 0.016 0.038 0.022 0.019 0.065 
202    C4157    (0)    5 :  0.013 0.017 0.014 0.177 0.104 0.014 0.494 0.135 0.011 0.020 
203    C4158    (0)    5 :  0.020 0.010 0.018 0.013 0.784 0.007 0.020 0.102 0.008 0.018 
204    C4163    (0)    5 :  0.011 0.006 0.007 0.007 0.917 0.006 0.012 0.017 0.006 0.011 
205    C4165    (0)    5 :  0.247 0.226 0.025 0.096 0.207 0.105 0.025 0.021 0.010 0.038 
206    C4248    (9)    5 :  0.014 0.034 0.020 0.025 0.104 0.012 0.382 0.052 0.019 0.339 
207    C4371    (9)    5 :  0.036 0.022 0.016 0.017 0.149 0.033 0.669 0.022 0.014 0.022 
208    C3936    (0)    5 :  0.015 0.012 0.012 0.016 0.848 0.014 0.013 0.039 0.013 0.017 
209    C3937    (0)    5 :  0.054 0.008 0.018 0.015 0.813 0.011 0.019 0.028 0.008 0.025 
210    C3944    (0)    5 :  0.016 0.008 0.007 0.009 0.806 0.013 0.094 0.011 0.007 0.029 
211    C3954    (0)    5 :  0.014 0.012 0.041 0.010 0.288 0.007 0.521 0.023 0.016 0.068 
212    C3955    (9)    5 :  0.012 0.014 0.025 0.014 0.626 0.006 0.064 0.033 0.023 0.183 
213    C3961    (0)    5 :  0.036 0.017 0.010 0.019 0.723 0.045 0.035 0.030 0.020 0.065 
214    C3974    (0)    5 :  0.070 0.014 0.020 0.027 0.678 0.014 0.019 0.103 0.025 0.030 
215    C4024    (0)    5 :  0.017 0.029 0.010 0.021 0.438 0.065 0.334 0.045 0.020 0.019 
216    C4025    (0)    5 :  0.077 0.018 0.022 0.014 0.728 0.038 0.058 0.019 0.018 0.010 
217    C4028    (0)    5 :  0.137 0.030 0.061 0.082 0.392 0.033 0.074 0.120 0.030 0.042 
218    C4032   (18)    5 :  0.059 0.012 0.011 0.010 0.166 0.008 0.660 0.013 0.013 0.047 
219    C4033   (18)    5 :  0.016 0.017 0.015 0.015 0.058 0.013 0.429 0.013 0.014 0.411 
220    C4034    (0)    5 :  0.023 0.051 0.019 0.080 0.052 0.065 0.276 0.033 0.121 0.281 
221    C4041    (9)    5 :  0.041 0.025 0.013 0.043 0.035 0.090 0.485 0.132 0.087 0.050 
222    C4043    (9)    5 :  0.089 0.018 0.020 0.019 0.254 0.017 0.454 0.022 0.016 0.089 
223    C4044    (9)    5 :  0.048 0.051 0.050 0.057 0.121 0.402 0.063 0.071 0.049 0.087 
224    C4045    (9)    5 :  0.096 0.034 0.045 0.035 0.128 0.012 0.434 0.025 0.024 0.165 
225    C4046    (9)    5 :  0.029 0.014 0.023 0.018 0.024 0.028 0.720 0.016 0.014 0.112 
226    C4047    (0)    5 :  0.018 0.031 0.045 0.055 0.039 0.020 0.046 0.029 0.044 0.673 
227    C4048    (9)    5 :  0.022 0.042 0.061 0.068 0.028 0.059 0.135 0.036 0.057 0.492 
228    C4055    (9)    5 :  0.061 0.027 0.036 0.031 0.170 0.018 0.579 0.028 0.026 0.025 
229    C4057   (18)    5 :  0.025 0.025 0.008 0.017 0.188 0.044 0.618 0.015 0.021 0.039 
230    C4059    (0)    5 :  0.020 0.019 0.022 0.011 0.047 0.011 0.761 0.021 0.020 0.068 
231    C4060    (9)    5 :  0.300 0.018 0.020 0.025 0.244 0.021 0.249 0.032 0.026 0.066 
232    C4064    (9)    5 :  0.053 0.060 0.186 0.112 0.030 0.015 0.443 0.051 0.023 0.028 
233    C4067    (0)    5 :  0.032 0.072 0.096 0.021 0.026 0.044 0.068 0.015 0.045 0.580 
234    C4068    (9)    5 :  0.043 0.026 0.027 0.026 0.038 0.021 0.048 0.025 0.030 0.717 
235    C4070    (9)    5 :  0.021 0.065 0.027 0.026 0.154 0.128 0.229 0.024 0.022 0.302 
236    C4075   (18)    5 :  0.043 0.034 0.016 0.017 0.045 0.022 0.066 0.021 0.028 0.708 
237    C4081    (9)    5 :  0.061 0.034 0.022 0.031 0.032 0.018 0.672 0.052 0.024 0.054 
238    C4082    (0)    5 :  0.032 0.031 0.034 0.029 0.229 0.016 0.083 0.027 0.036 0.481 
239    C4083    (0)    5 :  0.138 0.161 0.048 0.091 0.090 0.142 0.174 0.086 0.031 0.038 
240    C4086    (0)    5 :  0.042 0.038 0.239 0.024 0.071 0.011 0.347 0.091 0.019 0.118 
241    C4088    (9)    5 :  0.030 0.030 0.814 0.021 0.017 0.007 0.026 0.022 0.014 0.019 
242    C4092    (0)    5 :  0.031 0.056 0.010 0.022 0.357 0.055 0.379 0.030 0.018 0.042 
243    C4099    (9)    5 :  0.049 0.022 0.024 0.032 0.049 0.096 0.320 0.206 0.074 0.128 
244    C4104    (0)    5 :  0.016 0.021 0.018 0.021 0.708 0.037 0.033 0.020 0.014 0.111 
245    C4108   (18)    5 :  0.021 0.210 0.035 0.166 0.010 0.021 0.013 0.050 0.457 0.017 
246    C4118    (0)    5 :  0.100 0.183 0.045 0.101 0.029 0.012 0.362 0.032 0.124 0.011 
247    C4131    (0)    5 :  0.060 0.056 0.102 0.046 0.395 0.014 0.189 0.063 0.013 0.062 
248    C4133    (0)    5 :  0.020 0.031 0.010 0.012 0.034 0.008 0.812 0.011 0.013 0.049 
249    C4135    (0)    5 :  0.007 0.009 0.005 0.008 0.837 0.007 0.096 0.008 0.005 0.018 
250    C4136    (0)    5 :  0.159 0.018 0.066 0.063 0.404 0.023 0.019 0.183 0.042 0.024 
251    C4137    (9)    5 :  0.023 0.034 0.024 0.043 0.400 0.016 0.369 0.051 0.016 0.023 
252    C4139    (0)    5 :  0.021 0.014 0.007 0.016 0.836 0.010 0.040 0.027 0.011 0.018 
253    C4140    (9)    5 :  0.016 0.033 0.009 0.030 0.725 0.014 0.103 0.016 0.013 0.041 
254    C4167    (0)    5 :  0.081 0.021 0.046 0.142 0.246 0.049 0.203 0.185 0.012 0.015 
255    C4236    (0)    5 :  0.036 0.028 0.033 0.081 0.026 0.031 0.616 0.087 0.022 0.040 
256    C4237    (0)    5 :  0.056 0.063 0.513 0.077 0.037 0.017 0.058 0.092 0.076 0.011 
257    C4238    (0)    5 :  0.026 0.017 0.060 0.026 0.158 0.014 0.441 0.016 0.052 0.189 
258    C4241    (0)    5 :  0.032 0.029 0.016 0.036 0.077 0.024 0.462 0.024 0.036 0.263 
259    C4247    (9)    5 :  0.019 0.255 0.142 0.023 0.080 0.042 0.340 0.023 0.034 0.041 
260    C4257    (0)    5 :  0.093 0.013 0.024 0.017 0.033 0.019 0.119 0.033 0.034 0.615 
261    C4383    (0)    5 :  0.055 0.026 0.047 0.060 0.190 0.269 0.178 0.094 0.050 0.032 
262    C4397    (9)    5 :  0.009 0.011 0.009 0.019 0.071 0.008 0.835 0.020 0.009 0.010 
263    C4514    (0)    5 :  0.041 0.027 0.014 0.015 0.760 0.017 0.075 0.013 0.018 0.021 
264    C4519    (0)    5 :  0.199 0.018 0.007 0.024 0.448 0.017 0.028 0.035 0.058 0.167 
265    C4527    (0)    5 :  0.017 0.013 0.016 0.017 0.339 0.021 0.040 0.018 0.020 0.499 
266    C4534    (0)    5 :  0.097 0.051 0.013 0.030 0.127 0.058 0.063 0.069 0.052 0.441 
267    C4699    (0)    5 :  0.034 0.024 0.093 0.034 0.629 0.038 0.025 0.036 0.016 0.071 
268    C1541    (9)    5 :  0.028 0.011 0.011 0.013 0.039 0.013 0.154 0.011 0.009 0.710 
269    C1542    (9)    5 :  0.012 0.010 0.014 0.014 0.013 0.010 0.048 0.011 0.013 0.855 
270    C1544    (0)    5 :  0.032 0.028 0.044 0.030 0.027 0.015 0.528 0.030 0.026 0.240 
271    C1547    (9)    5 :  0.242 0.111 0.059 0.068 0.026 0.099 0.100 0.088 0.161 0.046 
272    C1553    (9)    5 :  0.025 0.104 0.053 0.167 0.168 0.081 0.059 0.166 0.140 0.037 
273    C1555    (9)    5 :  0.016 0.011 0.016 0.022 0.014 0.012 0.845 0.029 0.020 0.016 
274    C1557    (0)    5 :  0.013 0.011 0.018 0.018 0.023 0.015 0.857 0.017 0.012 0.015 
275    C1560    (0)    5 :  0.012 0.011 0.008 0.013 0.015 0.011 0.843 0.034 0.034 0.020 
276    C1565    (0)    5 :  0.054 0.042 0.012 0.054 0.033 0.060 0.229 0.059 0.021 0.437 
277    C1567    (0)    5 :  0.033 0.013 0.030 0.027 0.022 0.025 0.722 0.030 0.063 0.035 
278    C1569    (0)    5 :  0.029 0.011 0.016 0.022 0.031 0.025 0.744 0.016 0.015 0.090 
279    C1571    (0)    5 :  0.030 0.037 0.066 0.031 0.051 0.027 0.310 0.039 0.143 0.265 
280    C1576    (0)    5 :  0.331 0.021 0.073 0.025 0.080 0.021 0.328 0.031 0.030 0.060 
281    C1577    (9)    5 :  0.024 0.023 0.031 0.024 0.027 0.013 0.109 0.027 0.028 0.694 
282    C1579    (0)    5 :  0.050 0.028 0.018 0.032 0.017 0.013 0.481 0.025 0.017 0.320 
283    C3990    (0)    6 :  0.008 0.007 0.008 0.007 0.916 0.009 0.014 0.009 0.007 0.014 
284    C3991    (0)    6 :  0.327 0.033 0.043 0.017 0.460 0.037 0.017 0.021 0.015 0.031 
285    C3992    (0)    6 :  0.085 0.023 0.039 0.030 0.690 0.017 0.018 0.036 0.035 0.026 
286    C3994    (0)    6 :  0.197 0.069 0.037 0.027 0.161 0.114 0.154 0.040 0.031 0.170 
287    C4172    (0)    6 :  0.076 0.029 0.102 0.097 0.401 0.044 0.007 0.191 0.035 0.019 
288    C4173    (9)    6 :  0.063 0.024 0.011 0.013 0.492 0.328 0.013 0.011 0.018 0.027 
289    C4232    (9)    6 :  0.012 0.007 0.009 0.008 0.015 0.008 0.122 0.008 0.009 0.802 
290    C4234    (9)    6 :  0.012 0.015 0.013 0.011 0.024 0.009 0.353 0.013 0.010 0.541 
291    C4259    (0)    6 :  0.009 0.010 0.009 0.010 0.026 0.011 0.828 0.012 0.008 0.075 
292    C4260    (0)    6 :  0.012 0.008 0.007 0.008 0.059 0.008 0.018 0.012 0.008 0.860 
293    C4261    (9)    6 :  0.049 0.051 0.023 0.084 0.035 0.062 0.025 0.021 0.061 0.590 
294    C4262    (0)    6 :  0.101 0.020 0.010 0.033 0.133 0.077 0.541 0.024 0.020 0.040 
295    C4263    (0)    6 :  0.022 0.033 0.065 0.018 0.025 0.023 0.725 0.011 0.019 0.059 
296    C4267    (9)    6 :  0.217 0.019 0.045 0.019 0.168 0.014 0.301 0.018 0.017 0.181 
297    C4269    (0)    6 :  0.090 0.025 0.020 0.041 0.245 0.054 0.338 0.021 0.015 0.150 
298    C4272    (0)    6 :  0.013 0.021 0.008 0.015 0.024 0.014 0.859 0.016 0.015 0.016 
299    C4274    (0)    6 :  0.170 0.014 0.011 0.065 0.030 0.009 0.251 0.052 0.329 0.070 
300    C4276    (9)    6 :  0.044 0.026 0.033 0.070 0.009 0.016 0.032 0.019 0.724 0.028 
301    C4278    (0)    6 :  0.044 0.117 0.016 0.032 0.181 0.022 0.455 0.028 0.044 0.061 
302    C4280    (0)    6 :  0.072 0.032 0.012 0.037 0.138 0.018 0.086 0.045 0.026 0.533 
303    C4281    (0)    6 :  0.046 0.010 0.019 0.018 0.023 0.015 0.785 0.025 0.014 0.045 
304    C4282    (0)    6 :  0.014 0.207 0.042 0.096 0.022 0.186 0.135 0.095 0.050 0.152 
305    C4284    (9)    6 :  0.020 0.009 0.008 0.010 0.313 0.009 0.570 0.013 0.008 0.039 
306    C4286    (9)    6 :  0.266 0.032 0.017 0.045 0.100 0.024 0.088 0.062 0.050 0.317 
307    C4287    (0)    6 :  0.178 0.044 0.009 0.055 0.089 0.055 0.140 0.052 0.036 0.343 
308    C4290    (0)    6 :  0.325 0.031 0.103 0.064 0.015 0.041 0.074 0.089 0.243 0.015 
309    C4307   (18)    6 :  0.022 0.242 0.011 0.016 0.149 0.016 0.088 0.015 0.016 0.425 
310    C4310    (9)    6 :  0.029 0.014 0.068 0.022 0.111 0.012 0.501 0.034 0.050 0.158 
311    C4311   (18)    6 :  0.023 0.025 0.022 0.030 0.047 0.020 0.172 0.091 0.031 0.539 
312    C4312    (0)    6 :  0.008 0.019 0.013 0.013 0.049 0.010 0.340 0.013 0.013 0.522 
313    C4314    (0)    6 :  0.192 0.025 0.164 0.024 0.019 0.011 0.421 0.027 0.018 0.099 
314    C4318    (9)    6 :  0.089 0.072 0.011 0.023 0.073 0.034 0.519 0.106 0.028 0.045 
315    C4321    (9)    6 :  0.049 0.032 0.011 0.027 0.171 0.056 0.173 0.038 0.060 0.382 
316    C4324    (0)    6 :  0.049 0.038 0.009 0.022 0.199 0.040 0.479 0.024 0.039 0.102 
317    C4334    (0)    6 :  0.014 0.040 0.008 0.010 0.311 0.033 0.526 0.019 0.015 0.022 
318    C4529    (0)    6 :  0.072 0.072 0.045 0.029 0.075 0.025 0.247 0.046 0.028 0.360 
319    C1582    (9)    6 :  0.021 0.009 0.016 0.020 0.188 0.013 0.568 0.016 0.022 0.126 
320    C1583    (0)    6 :  0.046 0.037 0.058 0.023 0.024 0.017 0.513 0.024 0.026 0.233 
321    C1584    (9)    6 :  0.021 0.013 0.020 0.014 0.072 0.009 0.766 0.017 0.037 0.032 
322    C1585    (0)    6 :  0.016 0.012 0.013 0.008 0.257 0.006 0.649 0.008 0.014 0.018 
323    C1586    (0)    6 :  0.013 0.041 0.021 0.023 0.061 0.061 0.664 0.014 0.017 0.086 
324    C1589    (0)    6 :  0.055 0.009 0.010 0.011 0.251 0.011 0.565 0.017 0.011 0.059 
325    C1591    (0)    6 :  0.018 0.009 0.013 0.008 0.139 0.011 0.744 0.011 0.012 0.036 
326    C1592    (0)    6 :  0.105 0.025 0.018 0.018 0.025 0.026 0.640 0.016 0.026 0.101 
327    C1594    (0)    6 :  0.058 0.014 0.071 0.021 0.053 0.013 0.493 0.017 0.026 0.234 
328    C1597    (9)    6 :  0.017 0.021 0.028 0.052 0.096 0.030 0.199 0.040 0.097 0.421 
329    C1598    (9)    6 :  0.067 0.027 0.039 0.021 0.312 0.011 0.378 0.032 0.015 0.098 
330    C1599    (0)    6 :  0.026 0.020 0.009 0.018 0.023 0.011 0.453 0.022 0.033 0.384 
331    C1601    (0)    6 :  0.077 0.056 0.054 0.057 0.330 0.020 0.126 0.062 0.027 0.192 
332    C1605    (0)    6 :  0.252 0.238 0.078 0.040 0.073 0.029 0.050 0.089 0.105 0.047 
333    C1609    (0)    6 :  0.018 0.010 0.010 0.009 0.210 0.009 0.680 0.010 0.011 0.032 
334    C1610    (0)    6 :  0.035 0.056 0.061 0.072 0.018 0.012 0.200 0.075 0.090 0.381 
335    C1611    (0)    6 :  0.013 0.036 0.012 0.015 0.011 0.039 0.100 0.017 0.013 0.743 
336    C1612    (0)    6 :  0.008 0.014 0.009 0.008 0.012 0.006 0.156 0.009 0.009 0.770 
337    C1613    (0)    6 :  0.052 0.028 0.034 0.022 0.031 0.039 0.214 0.040 0.031 0.508 
338    C3173    (9)    6 :  0.021 0.067 0.034 0.050 0.050 0.040 0.446 0.049 0.035 0.206 
339    C3204    (0)    6 :  0.018 0.015 0.015 0.015 0.024 0.013 0.027 0.024 0.019 0.830 
340    C3223    (9)    6 :  0.023 0.103 0.013 0.022 0.017 0.051 0.020 0.223 0.077 0.451 
341    C3262    (0)    6 :  0.036 0.044 0.091 0.023 0.032 0.025 0.398 0.040 0.042 0.270 
342    C3270    (0)    6 :  0.023 0.031 0.015 0.024 0.244 0.016 0.217 0.017 0.024 0.390 
343    C3300    (0)    6 :  0.016 0.010 0.009 0.008 0.632 0.008 0.181 0.012 0.009 0.114 
344    C3330    (0)    6 :  0.131 0.048 0.012 0.040 0.190 0.013 0.339 0.041 0.025 0.161 
345    C3390    (9)    6 :  0.022 0.024 0.018 0.021 0.183 0.023 0.387 0.022 0.017 0.281 
346    C3424    (9)    6 :  0.025 0.028 0.014 0.063 0.044 0.015 0.308 0.051 0.027 0.425 
347    C3958    (0)    6 :  0.015 0.010 0.006 0.014 0.860 0.016 0.038 0.018 0.009 0.014 
348    C3962    (0)    6 :  0.013 0.015 0.006 0.025 0.868 0.009 0.017 0.022 0.014 0.012 
349    C4019    (0)    6 :  0.012 0.051 0.025 0.460 0.071 0.029 0.013 0.248 0.081 0.009 
350    C3995   (18)    6 :  0.048 0.024 0.019 0.023 0.763 0.038 0.013 0.027 0.014 0.031 
351    C4000    (0)    6 :  0.056 0.040 0.013 0.115 0.520 0.072 0.025 0.056 0.031 0.073 
352    C4002    (0)    6 :  0.018 0.017 0.016 0.025 0.771 0.017 0.025 0.042 0.011 0.059 
353    C1692    (0)    7 :  0.040 0.159 0.043 0.204 0.103 0.022 0.015 0.307 0.085 0.023 
354    C1693    (0)    7 :  0.078 0.257 0.011 0.024 0.034 0.046 0.034 0.300 0.130 0.084 
355    C1694    (0)    7 :  0.057 0.156 0.082 0.075 0.017 0.203 0.070 0.227 0.075 0.037 
356    C1698    (0)    7 :  0.022 0.112 0.032 0.081 0.007 0.050 0.025 0.565 0.098 0.008 
357    C1699    (0)    7 :  0.055 0.297 0.247 0.080 0.015 0.032 0.022 0.160 0.071 0.022 
358    C1700    (0)    7 :  0.067 0.072 0.046 0.306 0.050 0.120 0.035 0.241 0.040 0.025 
359    C1701    (0)    7 :  0.033 0.165 0.322 0.215 0.010 0.022 0.025 0.126 0.070 0.013 
360    C1702    (0)    7 :  0.023 0.220 0.039 0.219 0.012 0.037 0.011 0.358 0.069 0.011 
361    C1703    (0)    7 :  0.046 0.167 0.037 0.351 0.018 0.167 0.015 0.077 0.113 0.008 
362    C1704    (0)    7 :  0.054 0.060 0.021 0.087 0.034 0.161 0.234 0.276 0.054 0.020 
363    C1705    (0)    7 :  0.080 0.028 0.014 0.063 0.146 0.430 0.014 0.117 0.100 0.009 
364    C1706    (0)    7 :  0.044 0.241 0.311 0.045 0.008 0.028 0.012 0.204 0.087 0.018 
365    C1707    (0)    7 :  0.055 0.032 0.099 0.063 0.014 0.035 0.324 0.125 0.171 0.081 
366    C1708    (0)    7 :  0.025 0.332 0.017 0.056 0.012 0.392 0.020 0.096 0.035 0.016 
367    C1709    (0)    7 :  0.015 0.059 0.027 0.057 0.072 0.665 0.017 0.051 0.017 0.020 
368    C1710    (0)    7 :  0.017 0.210 0.065 0.237 0.020 0.065 0.043 0.244 0.078 0.019 
369    C1712    (0)    7 :  0.041 0.124 0.011 0.230 0.026 0.446 0.008 0.058 0.045 0.010 
370    C1714    (0)    7 :  0.015 0.277 0.014 0.031 0.014 0.579 0.020 0.020 0.022 0.008 
371    C1715    (0)    7 :  0.015 0.096 0.066 0.183 0.013 0.017 0.025 0.358 0.212 0.015 
372    C1717    (0)    7 :  0.020 0.055 0.020 0.085 0.013 0.034 0.046 0.434 0.262 0.031 
373    C1718   (18)    7 :  0.023 0.131 0.033 0.235 0.011 0.029 0.100 0.235 0.191 0.012 
374    C1719    (0)    7 :  0.051 0.031 0.016 0.067 0.088 0.607 0.044 0.024 0.019 0.052 
375    C1656    (0)    8 :  0.037 0.175 0.208 0.181 0.024 0.038 0.008 0.298 0.021 0.010 
376    C1657   (18)    8 :  0.017 0.288 0.108 0.094 0.020 0.262 0.012 0.100 0.066 0.033 
377    C1658    (0)    8 :  0.017 0.070 0.038 0.218 0.009 0.021 0.007 0.508 0.106 0.006 
378    C1659    (0)    8 :  0.028 0.073 0.112 0.125 0.022 0.020 0.022 0.142 0.385 0.070 
379    C1661    (9)    8 :  0.231 0.227 0.040 0.140 0.019 0.037 0.051 0.151 0.078 0.024 
380    C1665    (0)    8 :  0.044 0.128 0.134 0.281 0.013 0.025 0.015 0.275 0.060 0.026 
381    C1667    (9)    8 :  0.008 0.092 0.018 0.027 0.005 0.793 0.007 0.024 0.017 0.008 
382    C1676    (9)    8 :  0.032 0.170 0.070 0.274 0.018 0.090 0.013 0.297 0.025 0.011 
383    C1681    (9)    8 :  0.048 0.072 0.099 0.132 0.012 0.064 0.043 0.437 0.082 0.012 
384    C1682    (0)    8 :  0.067 0.269 0.045 0.107 0.014 0.301 0.015 0.128 0.040 0.014 
385    C1685    (0)    8 :  0.013 0.215 0.033 0.321 0.024 0.039 0.012 0.300 0.011 0.032 
386    C4707    (0)    9 :  0.081 0.110 0.015 0.562 0.036 0.022 0.031 0.111 0.015 0.018 
387    C4747    (0)    9 :  0.039 0.130 0.016 0.043 0.121 0.410 0.044 0.057 0.054 0.087 
388    C4772    (0)    9 :  0.237 0.031 0.050 0.239 0.176 0.024 0.037 0.124 0.030 0.052 
389    C4781    (0)    9 :  0.094 0.032 0.012 0.030 0.020 0.699 0.062 0.025 0.020 0.007 
