

----------------------------------------------------
STRUCTURE by Pritchard, Stephens and Donnelly (2000)
     and Falush, Stephens and Pritchard (2003)
       Code by Pritchard, Falush and Hubisz
             Version 2.3.4 (Jul 2012)
----------------------------------------------------



Command line arguments:   bin\structure -m C:\Users\eschumacher\Documents\Butternut\butternut_STRUCTURE_withQU\50-50\mainparams -e C:\Users\eschumacher\Documents\Butternut\butternut_STRUCTURE_withQU\50-50\extraparams 
Input File:    C:\Users\eschumacher\Documents\Butternut\butternut_STRUCTURE_withQU\project_data

Run parameters:
   1015 individuals
   11 loci
   5 populations assumed
   50000 Burn-in period
   50000 Reps


--------------------------------------------
Proportion of membership of each pre-defined
 population in each of the 5 clusters

Given    Inferred Clusters                     Number of
 Pop       1      2      3      4      5      Individuals

  1:     0.057  0.077  0.060  0.214  0.592       40
  2:     0.064  0.071  0.035  0.398  0.433       46
  3:     0.068  0.065  0.043  0.228  0.595       63
  4:     0.037  0.069  0.064  0.390  0.440       48
  5:     0.059  0.051  0.076  0.306  0.508       85
  6:     0.046  0.070  0.042  0.217  0.625       70
  7:     0.374  0.330  0.173  0.068  0.056       22
  8:     0.309  0.268  0.370  0.027  0.026       11
  9:     0.249  0.266  0.199  0.235  0.051       33
 10:     0.168  0.278  0.271  0.236  0.047       48
 11:     0.203  0.208  0.172  0.373  0.044       48
 12:     0.046  0.130  0.082  0.720  0.022       13
 13:     0.027  0.059  0.135  0.743  0.037        9
 14:     0.302  0.369  0.223  0.042  0.064       90
 15:     0.654  0.192  0.090  0.028  0.035       63
 16:     0.249  0.391  0.201  0.050  0.110       16
 17:     0.143  0.413  0.208  0.113  0.124       31
 18:     0.063  0.047  0.804  0.069  0.017       16
 19:     0.562  0.173  0.100  0.030  0.135       24
 20:     0.231  0.429  0.209  0.040  0.092       12
 21:     0.337  0.287  0.266  0.042  0.069       54
 22:     0.134  0.285  0.449  0.059  0.073       96
 23:     0.236  0.221  0.451  0.025  0.067       22
 24:     0.041  0.087  0.668  0.122  0.082       23
 25:     0.159  0.218  0.551  0.032  0.040       13
 26:     0.329  0.356  0.187  0.052  0.076       19
--------------------------------------------

Allele-freq. divergence among pops (Net nucleotide distance),
computed using point estimates of P.

      1       2       3       4       5      
 1      -    0.0069  0.0121  0.0272  0.0269  
 2   0.0069     -    0.0086  0.0278  0.0234  
 3   0.0121  0.0086     -    0.0337  0.0301  
 4   0.0272  0.0278  0.0337     -    0.0250  
 5   0.0269  0.0234  0.0301  0.0250     -    

Average distances (expected heterozygosity) between individuals in same cluster:
cluster  1  : 0.8542 
cluster  2  : 0.8551 
cluster  3  : 0.8393 
cluster  4  : 0.8389 
cluster  5  : 0.8204 

--------------------------------------------
Estimated Ln Prob of Data   = -47961.3
Mean value of ln likelihood = -46918.6
Variance of ln likelihood   = 2085.4
Mean value of alpha         = 0.0576

Mean value of Fst_1         = 0.0196
Mean value of Fst_2         = 0.0126
Mean value of Fst_3         = 0.0252
Mean value of Fst_4         = 0.0472
Mean value of Fst_5         = 0.0474


Inferred ancestry of individuals:
        Label (%Miss) Pop:  Inferred clusters
  1    C3984    (0)    1 :  0.017 0.023 0.008 0.304 0.648 
  2    C3985    (0)    1 :  0.020 0.016 0.019 0.472 0.474 
  3    C3986    (0)    1 :  0.015 0.011 0.009 0.830 0.135 
  4    C4231    (0)    1 :  0.022 0.048 0.024 0.599 0.308 
  5    C4344    (0)    1 :  0.028 0.022 0.013 0.038 0.897 
  6    C4347   (18)    1 :  0.011 0.016 0.035 0.022 0.915 
  7    C4352   (18)    1 :  0.038 0.022 0.023 0.407 0.510 
  8    C4355    (9)    1 :  0.022 0.028 0.018 0.048 0.884 
  9    C4358   (18)    1 :  0.383 0.462 0.074 0.047 0.033 
 10    C4419    (9)    1 :  0.031 0.217 0.027 0.375 0.349 
 11    C4428    (9)    1 :  0.013 0.017 0.014 0.127 0.829 
 12    C4436    (0)    1 :  0.015 0.012 0.018 0.228 0.727 
 13    C4437   (18)    1 :  0.031 0.084 0.069 0.387 0.429 
 14    C4450    (0)    1 :  0.114 0.159 0.075 0.159 0.493 
 15    C4531    (0)    1 :  0.030 0.024 0.029 0.903 0.014 
 16    C1615    (0)    1 :  0.099 0.075 0.163 0.422 0.240 
 17    C1616    (0)    1 :  0.027 0.468 0.230 0.078 0.196 
 18    C1617    (9)    1 :  0.010 0.017 0.016 0.011 0.945 
 19    C1618    (0)    1 :  0.080 0.021 0.053 0.701 0.144 
 20    C1619    (0)    1 :  0.231 0.078 0.068 0.254 0.369 
 21    C1620    (9)    1 :  0.157 0.053 0.081 0.274 0.434 
 22    C1621    (0)    1 :  0.057 0.171 0.504 0.042 0.226 
 23    C1623    (9)    1 :  0.258 0.105 0.178 0.428 0.031 
 24    C1625    (0)    1 :  0.175 0.053 0.120 0.070 0.582 
 25    C1626    (0)    1 :  0.046 0.370 0.178 0.029 0.378 
 26    C1627    (9)    1 :  0.036 0.031 0.053 0.084 0.796 
 27    C1633    (0)    1 :  0.017 0.021 0.028 0.031 0.904 
 28    C1637    (0)    1 :  0.015 0.021 0.027 0.017 0.920 
 29    C1650    (0)    1 :  0.019 0.039 0.038 0.650 0.253 
 30    C3202    (0)    1 :  0.015 0.012 0.025 0.022 0.926 
 31    C3248    (0)    1 :  0.020 0.021 0.013 0.012 0.933 
 32    C3304    (9)    1 :  0.014 0.052 0.013 0.012 0.909 
 33    C3326    (0)    1 :  0.033 0.105 0.046 0.076 0.739 
 34    C3333    (0)    1 :  0.018 0.025 0.025 0.013 0.920 
 35    C3339   (18)    1 :  0.034 0.041 0.019 0.015 0.891 
 36    C3346    (0)    1 :  0.012 0.009 0.007 0.015 0.956 
 37    C3349    (0)    1 :  0.037 0.037 0.018 0.018 0.890 
 38    C3367   (18)    1 :  0.026 0.027 0.032 0.264 0.650 
 39    C3374    (0)    1 :  0.011 0.011 0.007 0.026 0.945 
 40    C3405    (0)    1 :  0.041 0.057 0.020 0.036 0.845 
 41    C4543    (0)    2 :  0.013 0.015 0.009 0.935 0.028 
 42    C4545    (9)    2 :  0.020 0.009 0.007 0.944 0.020 
 43    C4551    (9)    2 :  0.130 0.055 0.033 0.730 0.052 
 44    C4491    (0)    2 :  0.108 0.083 0.039 0.624 0.146 
 45    C4494    (0)    2 :  0.013 0.011 0.008 0.134 0.833 
 46    C4495    (0)    2 :  0.210 0.051 0.052 0.141 0.545 
 47    C4497    (9)    2 :  0.019 0.023 0.015 0.045 0.898 
 48    C4501    (0)    2 :  0.076 0.446 0.021 0.114 0.343 
 49    C4502    (0)    2 :  0.044 0.021 0.013 0.622 0.301 
 50    C4503    (0)    2 :  0.074 0.016 0.016 0.884 0.010 
 51    C4504    (0)    2 :  0.541 0.144 0.062 0.126 0.129 
 52    C4470    (0)    2 :  0.118 0.179 0.059 0.250 0.395 
 53    C4471    (0)    2 :  0.022 0.029 0.011 0.870 0.068 
 54    C4474    (9)    2 :  0.023 0.016 0.025 0.928 0.008 
 55    C4476    (0)    2 :  0.035 0.035 0.019 0.396 0.515 
 56    C4478    (0)    2 :  0.032 0.024 0.008 0.895 0.041 
 57    C4479    (0)    2 :  0.012 0.015 0.033 0.078 0.862 
 58    C4482    (0)    2 :  0.018 0.091 0.116 0.570 0.204 
 59    C4483    (0)    2 :  0.013 0.019 0.010 0.950 0.008 
 60    C4484    (0)    2 :  0.079 0.077 0.027 0.658 0.160 
 61    C4485    (0)    2 :  0.082 0.172 0.067 0.170 0.509 
 62    C4489    (0)    2 :  0.024 0.042 0.018 0.264 0.651 
 63    C4505    (0)    2 :  0.032 0.059 0.033 0.313 0.563 
 64    C4507    (0)    2 :  0.243 0.119 0.023 0.526 0.090 
 65    C4535    (0)    2 :  0.026 0.023 0.019 0.919 0.013 
 66    C4542    (0)    2 :  0.053 0.481 0.032 0.417 0.017 
 67    C4553    (9)    2 :  0.020 0.022 0.022 0.811 0.125 
 68    C4562   (18)    2 :  0.060 0.023 0.034 0.667 0.216 
 69    C4582   (18)    2 :  0.020 0.024 0.032 0.878 0.046 
 70    C4693    (0)    2 :  0.009 0.010 0.012 0.943 0.027 
 71    C4696    (0)    2 :  0.093 0.050 0.055 0.638 0.164 
 72    C3179    (0)    2 :  0.101 0.030 0.017 0.023 0.829 
 73    C3181    (0)    2 :  0.024 0.072 0.023 0.027 0.854 
 74    C3188    (0)    2 :  0.038 0.050 0.027 0.025 0.861 
 75    C3190    (0)    2 :  0.019 0.071 0.029 0.031 0.849 
 76    C3193    (0)    2 :  0.013 0.017 0.027 0.016 0.927 
 77    C3232    (0)    2 :  0.014 0.013 0.010 0.087 0.876 
 78    C3236    (0)    2 :  0.009 0.008 0.008 0.023 0.952 
 79    C3249    (0)    2 :  0.033 0.033 0.030 0.027 0.877 
 80    C3250    (0)    2 :  0.011 0.016 0.014 0.026 0.933 
 81    C3253    (0)    2 :  0.015 0.027 0.023 0.045 0.891 
 82    C3255    (0)    2 :  0.014 0.014 0.012 0.060 0.901 
 83    C3277    (0)    2 :  0.049 0.121 0.080 0.029 0.721 
 84    C3315    (0)    2 :  0.224 0.189 0.256 0.217 0.115 
 85    C3288    (0)    2 :  0.023 0.016 0.032 0.052 0.877 
 86    C3293    (0)    2 :  0.082 0.187 0.080 0.180 0.471 
 87    C4018    (0)    3 :  0.008 0.012 0.008 0.814 0.158 
 88    C3980    (0)    3 :  0.012 0.017 0.015 0.918 0.039 
 89    C3987    (0)    3 :  0.012 0.013 0.012 0.914 0.048 
 90    C3988    (0)    3 :  0.014 0.014 0.014 0.762 0.196 
 91    C3989    (0)    3 :  0.016 0.212 0.014 0.080 0.677 
 92    C4011    (0)    3 :  0.007 0.008 0.006 0.665 0.314 
 93    C4017    (0)    3 :  0.009 0.008 0.006 0.961 0.017 
 94    C4296    (0)    3 :  0.217 0.260 0.103 0.144 0.276 
 95    C4301    (9)    3 :  0.109 0.809 0.036 0.016 0.030 
 96    C4303    (0)    3 :  0.053 0.046 0.452 0.026 0.422 
 97    C4453    (0)    3 :  0.079 0.046 0.056 0.253 0.566 
 98    C4455    (9)    3 :  0.028 0.039 0.067 0.129 0.736 
 99    C4456   (18)    3 :  0.119 0.064 0.159 0.579 0.078 
100    C4457    (9)    3 :  0.038 0.114 0.104 0.038 0.706 
101    C4459    (9)    3 :  0.015 0.020 0.023 0.298 0.644 
102    C4464   (18)    3 :  0.011 0.011 0.009 0.085 0.884 
103    C4468    (9)    3 :  0.018 0.021 0.042 0.040 0.880 
104    C4783    (0)    3 :  0.021 0.025 0.019 0.869 0.065 
105    C4786    (0)    3 :  0.014 0.024 0.018 0.525 0.420 
106    C4789    (9)    3 :  0.011 0.041 0.014 0.406 0.527 
107    C4891    (0)    3 :  0.061 0.078 0.047 0.327 0.486 
108    C4896    (0)    3 :  0.038 0.062 0.056 0.754 0.091 
109    C4898    (0)    3 :  0.019 0.016 0.017 0.896 0.053 
110    C4901    (0)    3 :  0.011 0.025 0.018 0.667 0.279 
111    C4903    (9)    3 :  0.026 0.120 0.088 0.294 0.472 
112    C4904    (0)    3 :  0.018 0.038 0.009 0.854 0.082 
113    C3263    (0)    3 :  0.083 0.014 0.018 0.012 0.874 
114    C3271    (0)    3 :  0.017 0.018 0.012 0.013 0.940 
115    C3272    (0)    3 :  0.031 0.060 0.013 0.015 0.881 
116    C3276    (0)    3 :  0.069 0.314 0.051 0.028 0.538 
117    C3280    (9)    3 :  0.354 0.073 0.043 0.074 0.457 
118    C3305    (9)    3 :  0.022 0.032 0.012 0.025 0.909 
119    C3306    (0)    3 :  0.056 0.043 0.043 0.024 0.834 
120    C3324    (0)    3 :  0.590 0.072 0.018 0.029 0.292 
121    C3329    (0)    3 :  0.125 0.109 0.057 0.361 0.348 
122    C3336    (0)    3 :  0.026 0.051 0.023 0.025 0.876 
123    C3341   (18)    3 :  0.689 0.078 0.061 0.104 0.067 
124    C3409   (18)    3 :  0.074 0.161 0.052 0.092 0.621 
125    C3168    (9)    3 :  0.014 0.013 0.011 0.026 0.936 
126    C3170    (0)    3 :  0.021 0.029 0.012 0.026 0.911 
127    C3214   (18)    3 :  0.012 0.120 0.045 0.018 0.804 
128    C3227    (0)    3 :  0.012 0.023 0.022 0.025 0.917 
129    C3228    (0)    3 :  0.046 0.037 0.054 0.108 0.754 
130    C3278    (0)    3 :  0.021 0.033 0.015 0.010 0.921 
131    C3279    (0)    3 :  0.019 0.069 0.019 0.013 0.879 
132    C3321    (0)    3 :  0.008 0.008 0.008 0.027 0.948 
133    C3322    (0)    3 :  0.042 0.113 0.260 0.084 0.500 
134    C3303    (0)    3 :  0.045 0.050 0.024 0.016 0.866 
135    C3317    (0)    3 :  0.027 0.017 0.015 0.026 0.915 
136    C3355    (0)    3 :  0.015 0.010 0.010 0.019 0.946 
137    C3376    (9)    3 :  0.018 0.045 0.020 0.030 0.887 
138    C3401    (0)    3 :  0.035 0.032 0.033 0.032 0.868 
139    C3203    (9)    3 :  0.045 0.058 0.035 0.034 0.826 
140    C3245    (0)    3 :  0.019 0.028 0.024 0.011 0.918 
141    C3302    (0)    3 :  0.050 0.032 0.030 0.022 0.866 
142    C3307    (0)    3 :  0.228 0.030 0.098 0.253 0.391 
143    C3310    (0)    3 :  0.029 0.019 0.018 0.012 0.922 
144    C3312    (9)    3 :  0.033 0.031 0.074 0.082 0.780 
145    C3345    (0)    3 :  0.031 0.015 0.012 0.021 0.921 
146    C3371    (0)    3 :  0.087 0.020 0.015 0.016 0.862 
147    C3372    (0)    3 :  0.035 0.021 0.018 0.020 0.906 
148    C3380    (9)    3 :  0.007 0.009 0.008 0.038 0.938 
149    C3417    (0)    3 :  0.246 0.080 0.038 0.291 0.345 
150    C4569    (9)    4 :  0.100 0.161 0.042 0.674 0.022 
151    C4570    (9)    4 :  0.013 0.013 0.012 0.942 0.020 
152    C4571    (9)    4 :  0.014 0.020 0.027 0.801 0.138 
153    C4572    (9)    4 :  0.013 0.013 0.022 0.936 0.016 
154    C4573    (9)    4 :  0.056 0.189 0.489 0.212 0.055 
155    C4575    (9)    4 :  0.026 0.042 0.051 0.856 0.025 
156    C4577    (9)    4 :  0.012 0.014 0.010 0.942 0.023 
157    C4578    (9)    4 :  0.031 0.105 0.058 0.765 0.041 
158    C4600   (18)    4 :  0.057 0.157 0.096 0.625 0.064 
159    C4612    (9)    4 :  0.014 0.056 0.019 0.893 0.018 
160    C4621    (0)    4 :  0.007 0.012 0.017 0.899 0.065 
161    C4622    (9)    4 :  0.010 0.008 0.010 0.952 0.019 
162    C4623    (0)    4 :  0.298 0.069 0.065 0.375 0.193 
163    C4624    (0)    4 :  0.015 0.013 0.040 0.912 0.019 
164    C4625    (0)    4 :  0.022 0.118 0.655 0.152 0.053 
165    C4627    (0)    4 :  0.016 0.022 0.023 0.905 0.034 
166    C4631    (0)    4 :  0.069 0.015 0.017 0.888 0.011 
167    C4632    (0)    4 :  0.016 0.015 0.020 0.894 0.056 
168    C3939    (0)    4 :  0.012 0.022 0.010 0.911 0.045 
169    C3940    (0)    4 :  0.023 0.074 0.011 0.867 0.026 
170    C3945    (0)    4 :  0.011 0.011 0.007 0.943 0.027 
171    C4520    (0)    4 :  0.133 0.420 0.094 0.057 0.296 
172    C4522    (0)    4 :  0.011 0.014 0.012 0.850 0.114 
173    C3182    (0)    4 :  0.022 0.016 0.014 0.030 0.917 
174    C3189    (0)    4 :  0.053 0.183 0.167 0.046 0.550 
175    C3191    (9)    4 :  0.029 0.037 0.043 0.021 0.870 
176    C3196    (0)    4 :  0.017 0.029 0.027 0.014 0.914 
177    C3208    (0)    4 :  0.044 0.048 0.044 0.210 0.654 
178    C3211    (0)    4 :  0.030 0.037 0.019 0.025 0.889 
179    C3212    (0)    4 :  0.200 0.548 0.013 0.083 0.156 
180    C3213    (0)    4 :  0.036 0.036 0.015 0.010 0.903 
181    C3215    (0)    4 :  0.053 0.061 0.372 0.160 0.354 
182    C3217    (0)    4 :  0.033 0.026 0.019 0.019 0.904 
183    C3225    (9)    4 :  0.033 0.053 0.036 0.024 0.854 
184    C3226    (0)    4 :  0.013 0.011 0.012 0.085 0.879 
185    C3238    (9)    4 :  0.012 0.018 0.021 0.087 0.862 
186    C3239    (0)    4 :  0.021 0.031 0.014 0.027 0.907 
187    C3269   (18)    4 :  0.031 0.126 0.241 0.159 0.444 
188    C3273    (0)    4 :  0.009 0.021 0.024 0.015 0.931 
189    C3274    (0)    4 :  0.026 0.244 0.037 0.083 0.609 
190    C3354    (0)    4 :  0.019 0.036 0.018 0.028 0.898 
191    C3361    (0)    4 :  0.013 0.024 0.020 0.026 0.918 
192    C3289    (0)    4 :  0.015 0.029 0.017 0.027 0.913 
193    C3169    (0)    4 :  0.009 0.013 0.012 0.027 0.939 
194    C3199    (9)    4 :  0.018 0.030 0.038 0.174 0.739 
195    C3224    (0)    4 :  0.014 0.019 0.027 0.014 0.926 
196    C3261   (18)    4 :  0.016 0.018 0.009 0.043 0.914 
197    C3320    (0)    4 :  0.020 0.030 0.027 0.031 0.893 
198    C4151    (0)    5 :  0.008 0.009 0.008 0.954 0.021 
199    C4152    (0)    5 :  0.012 0.018 0.013 0.928 0.029 
200    C4153    (0)    5 :  0.014 0.044 0.027 0.536 0.379 
201    C4154   (18)    5 :  0.036 0.039 0.014 0.638 0.273 
202    C4157    (0)    5 :  0.026 0.071 0.044 0.257 0.602 
203    C4158    (0)    5 :  0.008 0.010 0.012 0.951 0.019 
204    C4163    (0)    5 :  0.007 0.007 0.007 0.960 0.019 
205    C4165    (0)    5 :  0.422 0.055 0.074 0.397 0.053 
206    C4248    (9)    5 :  0.024 0.031 0.027 0.025 0.893 
207    C4371    (9)    5 :  0.069 0.042 0.021 0.232 0.636 
208    C3936    (0)    5 :  0.017 0.013 0.013 0.932 0.025 
209    C3937    (0)    5 :  0.010 0.010 0.011 0.945 0.025 
210    C3944    (0)    5 :  0.010 0.008 0.007 0.842 0.132 
211    C3954    (0)    5 :  0.008 0.015 0.028 0.071 0.878 
212    C3955    (9)    5 :  0.010 0.033 0.033 0.370 0.555 
213    C3961    (0)    5 :  0.044 0.016 0.012 0.886 0.043 
214    C3974    (0)    5 :  0.017 0.026 0.021 0.901 0.034 
215    C4024    (0)    5 :  0.069 0.029 0.016 0.614 0.272 
216    C4025    (0)    5 :  0.019 0.014 0.015 0.925 0.026 
217    C4028    (0)    5 :  0.025 0.046 0.081 0.772 0.075 
218    C4032   (18)    5 :  0.013 0.014 0.014 0.075 0.883 
219    C4033   (18)    5 :  0.014 0.013 0.015 0.036 0.921 
220    C4034    (0)    5 :  0.164 0.035 0.029 0.043 0.728 
221    C4041    (9)    5 :  0.189 0.218 0.027 0.060 0.507 
222    C4043    (9)    5 :  0.021 0.021 0.017 0.238 0.702 
223    C4044    (9)    5 :  0.531 0.103 0.089 0.127 0.150 
224    C4045    (9)    5 :  0.016 0.023 0.041 0.104 0.816 
225    C4046    (9)    5 :  0.048 0.017 0.032 0.058 0.844 
226    C4047    (0)    5 :  0.028 0.079 0.134 0.036 0.723 
227    C4048    (9)    5 :  0.071 0.134 0.119 0.048 0.629 
228    C4055    (9)    5 :  0.041 0.041 0.057 0.166 0.695 
229    C4057   (18)    5 :  0.036 0.017 0.012 0.030 0.905 
230    C4059    (0)    5 :  0.014 0.022 0.021 0.065 0.878 
231    C4060    (9)    5 :  0.021 0.055 0.024 0.159 0.742 
232    C4064    (9)    5 :  0.050 0.094 0.345 0.129 0.382 
233    C4067    (0)    5 :  0.070 0.045 0.118 0.035 0.732 
234    C4068    (9)    5 :  0.018 0.022 0.024 0.021 0.915 
235    C4070    (9)    5 :  0.189 0.033 0.035 0.267 0.476 
236    C4075   (18)    5 :  0.024 0.031 0.019 0.059 0.867 
237    C4081    (9)    5 :  0.033 0.033 0.036 0.032 0.867 
238    C4082    (0)    5 :  0.030 0.048 0.064 0.194 0.664 
239    C4083    (0)    5 :  0.339 0.108 0.089 0.161 0.303 
240    C4086    (0)    5 :  0.022 0.052 0.198 0.062 0.665 
241    C4088    (9)    5 :  0.015 0.035 0.856 0.050 0.045 
242    C4092    (0)    5 :  0.080 0.041 0.014 0.349 0.516 
243    C4099    (9)    5 :  0.071 0.082 0.042 0.040 0.764 
244    C4104    (0)    5 :  0.056 0.023 0.026 0.459 0.436 
245    C4108   (18)    5 :  0.122 0.368 0.484 0.012 0.014 
246    C4118    (0)    5 :  0.114 0.226 0.275 0.066 0.319 
247    C4131    (0)    5 :  0.023 0.040 0.072 0.735 0.130 
248    C4133    (0)    5 :  0.015 0.021 0.016 0.022 0.926 
249    C4135    (0)    5 :  0.011 0.014 0.007 0.333 0.635 
250    C4136    (0)    5 :  0.045 0.118 0.179 0.620 0.039 
251    C4137    (9)    5 :  0.026 0.030 0.034 0.596 0.313 
252    C4139    (0)    5 :  0.013 0.013 0.008 0.895 0.071 
253    C4140    (9)    5 :  0.023 0.021 0.016 0.640 0.299 
254    C4167    (0)    5 :  0.026 0.021 0.048 0.860 0.045 
255    C4236    (0)    5 :  0.029 0.052 0.043 0.034 0.842 
256    C4237    (0)    5 :  0.030 0.094 0.795 0.045 0.036 
257    C4238    (0)    5 :  0.020 0.038 0.067 0.149 0.727 
258    C4241    (0)    5 :  0.018 0.026 0.016 0.041 0.899 
259    C4247    (9)    5 :  0.215 0.044 0.185 0.083 0.472 
260    C4257    (0)    5 :  0.017 0.037 0.027 0.049 0.870 
261    C4383    (0)    5 :  0.278 0.110 0.091 0.282 0.240 
262    C4397    (9)    5 :  0.014 0.016 0.020 0.133 0.818 
263    C4514    (0)    5 :  0.022 0.013 0.013 0.858 0.094 
264    C4519    (0)    5 :  0.015 0.071 0.010 0.857 0.047 
265    C4527    (0)    5 :  0.022 0.020 0.020 0.360 0.579 
266    C4534    (0)    5 :  0.084 0.124 0.022 0.343 0.427 
267    C4699    (0)    5 :  0.020 0.014 0.058 0.882 0.027 
268    C1541    (9)    5 :  0.011 0.012 0.012 0.015 0.951 
269    C1542    (9)    5 :  0.015 0.015 0.017 0.016 0.937 
270    C1544    (0)    5 :  0.018 0.025 0.032 0.037 0.889 
271    C1547    (9)    5 :  0.244 0.213 0.259 0.066 0.218 
272    C1553    (9)    5 :  0.203 0.247 0.220 0.230 0.100 
273    C1555    (9)    5 :  0.026 0.054 0.044 0.048 0.829 
274    C1557    (0)    5 :  0.023 0.021 0.031 0.072 0.852 
275    C1560    (0)    5 :  0.018 0.031 0.018 0.016 0.917 
276    C1565    (0)    5 :  0.052 0.028 0.015 0.025 0.881 
277    C1567    (0)    5 :  0.031 0.037 0.059 0.038 0.836 
278    C1569    (0)    5 :  0.018 0.015 0.017 0.041 0.909 
279    C1571    (0)    5 :  0.036 0.090 0.096 0.050 0.728 
280    C1576    (0)    5 :  0.025 0.034 0.080 0.169 0.692 
281    C1577    (9)    5 :  0.017 0.034 0.045 0.022 0.882 
282    C1579    (0)    5 :  0.016 0.019 0.018 0.017 0.930 
283    C3990    (0)    6 :  0.009 0.008 0.009 0.935 0.039 
284    C3991    (0)    6 :  0.034 0.028 0.036 0.865 0.038 
285    C3992    (0)    6 :  0.012 0.038 0.025 0.906 0.019 
286    C3994    (0)    6 :  0.121 0.078 0.043 0.399 0.359 
287    C4172    (0)    6 :  0.041 0.064 0.083 0.801 0.011 
288    C4173    (9)    6 :  0.078 0.015 0.012 0.879 0.016 
289    C4232    (9)    6 :  0.008 0.009 0.008 0.012 0.963 
290    C4234    (9)    6 :  0.009 0.011 0.011 0.015 0.954 
291    C4259    (0)    6 :  0.012 0.010 0.012 0.017 0.949 
292    C4260    (0)    6 :  0.008 0.012 0.008 0.042 0.930 
293    C4261    (9)    6 :  0.207 0.130 0.170 0.155 0.337 
294    C4262    (0)    6 :  0.058 0.028 0.017 0.517 0.380 
295    C4263    (0)    6 :  0.035 0.013 0.051 0.044 0.857 
296    C4267    (9)    6 :  0.018 0.020 0.037 0.226 0.699 
297    C4269    (0)    6 :  0.045 0.027 0.033 0.350 0.545 
298    C4272    (0)    6 :  0.024 0.025 0.012 0.025 0.914 
299    C4274    (0)    6 :  0.021 0.337 0.037 0.035 0.570 
300    C4276    (9)    6 :  0.035 0.677 0.165 0.011 0.112 
301    C4278    (0)    6 :  0.054 0.048 0.029 0.078 0.790 
302    C4280    (0)    6 :  0.025 0.050 0.019 0.134 0.773 
303    C4281    (0)    6 :  0.020 0.018 0.028 0.060 0.874 
304    C4282    (0)    6 :  0.402 0.061 0.090 0.015 0.431 
305    C4284    (9)    6 :  0.010 0.009 0.010 0.186 0.784 
306    C4286    (9)    6 :  0.037 0.082 0.033 0.391 0.458 
307    C4287    (0)    6 :  0.071 0.107 0.019 0.180 0.623 
308    C4290    (0)    6 :  0.154 0.326 0.312 0.102 0.105 
309    C4307   (18)    6 :  0.073 0.087 0.019 0.215 0.606 
310    C4310    (9)    6 :  0.013 0.033 0.055 0.051 0.848 
311    C4311   (18)    6 :  0.024 0.047 0.022 0.033 0.874 
312    C4312    (0)    6 :  0.014 0.015 0.018 0.012 0.941 
313    C4314    (0)    6 :  0.018 0.029 0.108 0.050 0.794 
314    C4318    (9)    6 :  0.059 0.117 0.012 0.056 0.757 
315    C4321    (9)    6 :  0.050 0.067 0.016 0.148 0.719 
316    C4324    (0)    6 :  0.051 0.031 0.017 0.239 0.662 
317    C4334    (0)    6 :  0.059 0.024 0.012 0.120 0.785 
318    C4529    (0)    6 :  0.032 0.033 0.052 0.058 0.825 
319    C1582    (9)    6 :  0.015 0.016 0.018 0.108 0.844 
320    C1583    (0)    6 :  0.026 0.035 0.048 0.026 0.865 
321    C1584    (9)    6 :  0.014 0.025 0.032 0.036 0.894 
322    C1585    (0)    6 :  0.010 0.013 0.013 0.055 0.908 
323    C1586    (0)    6 :  0.100 0.020 0.025 0.033 0.821 
324    C1589    (0)    6 :  0.013 0.012 0.012 0.222 0.741 
325    C1591    (0)    6 :  0.010 0.013 0.012 0.038 0.927 
326    C1592    (0)    6 :  0.038 0.033 0.022 0.028 0.878 
327    C1594    (0)    6 :  0.014 0.016 0.039 0.030 0.901 
328    C1597    (9)    6 :  0.031 0.037 0.033 0.035 0.863 
329    C1598    (9)    6 :  0.019 0.021 0.044 0.287 0.628 
330    C1599    (0)    6 :  0.011 0.025 0.010 0.011 0.943 
331    C1601    (0)    6 :  0.056 0.041 0.092 0.486 0.325 
332    C1605    (0)    6 :  0.063 0.525 0.122 0.129 0.160 
333    C1609    (0)    6 :  0.012 0.012 0.013 0.038 0.926 
334    C1610    (0)    6 :  0.024 0.153 0.095 0.016 0.713 
335    C1611    (0)    6 :  0.061 0.022 0.013 0.015 0.889 
336    C1612    (0)    6 :  0.009 0.010 0.011 0.010 0.960 
337    C1613    (0)    6 :  0.034 0.019 0.023 0.024 0.900 
338    C3173    (9)    6 :  0.076 0.057 0.055 0.030 0.782 
339    C3204    (0)    6 :  0.017 0.018 0.022 0.028 0.914 
340    C3223    (9)    6 :  0.134 0.521 0.023 0.020 0.303 
341    C3262    (0)    6 :  0.031 0.041 0.053 0.027 0.848 
342    C3270    (0)    6 :  0.022 0.024 0.018 0.070 0.867 
343    C3300    (0)    6 :  0.010 0.015 0.010 0.150 0.816 
344    C3330    (0)    6 :  0.022 0.049 0.016 0.113 0.800 
345    C3390    (9)    6 :  0.020 0.018 0.015 0.030 0.917 
346    C3424    (9)    6 :  0.019 0.048 0.020 0.059 0.854 
347    C3958    (0)    6 :  0.013 0.011 0.009 0.925 0.042 
348    C3962    (0)    6 :  0.015 0.012 0.009 0.939 0.025 
349    C4019    (0)    6 :  0.206 0.273 0.302 0.197 0.022 
350    C3995   (18)    6 :  0.035 0.018 0.018 0.900 0.029 
351    C4000    (0)    6 :  0.069 0.031 0.020 0.850 0.030 
352    C4002    (0)    6 :  0.026 0.016 0.015 0.886 0.056 
353    C1692    (0)    7 :  0.051 0.666 0.057 0.208 0.018 
354    C1693    (0)    7 :  0.162 0.582 0.017 0.058 0.180 
355    C1694    (0)    7 :  0.421 0.376 0.106 0.030 0.067 
356    C1698    (0)    7 :  0.316 0.545 0.110 0.011 0.018 
357    C1699    (0)    7 :  0.082 0.371 0.477 0.040 0.029 
358    C1700    (0)    7 :  0.371 0.223 0.200 0.126 0.079 
359    C1701    (0)    7 :  0.109 0.302 0.552 0.014 0.023 
360    C1702    (0)    7 :  0.112 0.666 0.189 0.020 0.012 
361    C1703    (0)    7 :  0.687 0.134 0.138 0.028 0.012 
362    C1704    (0)    7 :  0.536 0.233 0.073 0.055 0.103 
363    C1705    (0)    7 :  0.274 0.193 0.022 0.500 0.011 
364    C1706    (0)    7 :  0.130 0.440 0.397 0.014 0.019 
365    C1707    (0)    7 :  0.039 0.374 0.206 0.032 0.349 
366    C1708    (0)    7 :  0.871 0.073 0.021 0.017 0.018 
367    C1709    (0)    7 :  0.814 0.067 0.026 0.070 0.023 
368    C1710    (0)    7 :  0.336 0.376 0.219 0.032 0.037 
369    C1712    (0)    7 :  0.882 0.061 0.017 0.031 0.008 
370    C1714    (0)    7 :  0.923 0.030 0.019 0.014 0.013 
371    C1715    (0)    7 :  0.037 0.571 0.350 0.017 0.025 
372    C1717    (0)    7 :  0.162 0.664 0.084 0.015 0.074 
373    C1718   (18)    7 :  0.189 0.256 0.486 0.020 0.049 
374    C1719    (0)    7 :  0.721 0.050 0.029 0.134 0.066 
375    C1656    (0)    8 :  0.084 0.106 0.752 0.049 0.009 
376    C1657   (18)    8 :  0.526 0.119 0.307 0.024 0.024 
377    C1658    (0)    8 :  0.126 0.520 0.330 0.015 0.009 
378    C1659    (0)    8 :  0.023 0.679 0.222 0.020 0.056 
379    C1661    (9)    8 :  0.235 0.474 0.180 0.047 0.064 
380    C1665    (0)    8 :  0.120 0.400 0.437 0.017 0.025 
381    C1667    (9)    8 :  0.947 0.024 0.016 0.006 0.007 
382    C1676    (9)    8 :  0.266 0.113 0.568 0.038 0.015 
383    C1681    (9)    8 :  0.157 0.291 0.500 0.024 0.029 
384    C1682    (0)    8 :  0.767 0.072 0.124 0.023 0.015 
385    C1685    (0)    8 :  0.149 0.148 0.632 0.040 0.031 
386    C4707    (0)    9 :  0.246 0.114 0.416 0.198 0.026 
387    C4747    (0)    9 :  0.449 0.194 0.029 0.214 0.115 
388    C4772    (0)    9 :  0.042 0.085 0.110 0.701 0.062 
389    C4781    (0)    9 :  0.690 0.176 0.033 0.079 0.023 
390    C4782    (0)    9 :  0.331 0.241 0.178 0.153 0.097 
391    C4787    (0)    9 :  0.074 0.677 0.091 0.133 0.025 
392    C4790    (0)    9 :  0.710 0.066 0.098 0.105 0.021 
393    C4803    (0)    9 :  0.211 0.507 0.068 0.167 0.047 
394    C4813    (0)    9 :  0.028 0.068 0.040 0.850 0.013 
395    C4837    (0)    9 :  0.091 0.458 0.089 0.323 0.039 
396    C4838    (0)    9 :  0.067 0.606 0.207 0.107 0.013 
397    C4843    (0)    9 :  0.130 0.476 0.259 0.099 0.036 
398    C4857    (0)    9 :  0.023 0.043 0.043 0.806 0.086 
399    C4828    (0)    9 :  0.114 0.338 0.285 0.060 0.202 
400    C4835    (0)    9 :  0.020 0.137 0.054 0.773 0.015 
401    C4836    (9)    9 :  0.159 0.347 0.066 0.399 0.030 
402    C4842    (0)    9 :  0.140 0.334 0.474 0.038 0.015 
403    C4863    (9)    9 :  0.137 0.730 0.029 0.080 0.024 
404    C4744    (0)    9 :  0.437 0.230 0.287 0.024 0.022 
405    C4745    (0)    9 :  0.052 0.667 0.180 0.082 0.019 
406    C4768    (0)    9 :  0.507 0.073 0.090 0.288 0.043 
407    C4769    (0)    9 :  0.077 0.086 0.613 0.211 0.012 
408    C4771    (0)    9 :  0.289 0.151 0.498 0.048 0.014 
409    C4784    (0)    9 :  0.623 0.058 0.070 0.218 0.031 
410    C4785    (0)    9 :  0.873 0.026 0.042 0.033 0.025 
411    C4795    (0)    9 :  0.581 0.169 0.047 0.153 0.050 
412    C4796    (0)    9 :  0.546 0.256 0.150 0.029 0.019 
413    C4800    (0)    9 :  0.015 0.631 0.025 0.319 0.011 
414    C4801    (0)    9 :  0.091 0.086 0.330 0.466 0.027 
415    C4802    (0)    9 :  0.049 0.201 0.259 0.062 0.429 
416    C4805    (0)    9 :  0.273 0.068 0.545 0.098 0.016 
417    C4806    (0)    9 :  0.052 0.148 0.727 0.061 0.012 
418    C4850    (0)    9 :  0.081 0.342 0.143 0.361 0.073 
419    C4748    (0)   10 :  0.068 0.120 0.563 0.239 0.010 
420    C4753    (0)   10 :  0.294 0.382 0.239 0.058 0.027 
421    C4754    (0)   10 :  0.343 0.092 0.220 0.327 0.018 
422    C4760    (0)   10 :  0.068 0.195 0.052 0.595 0.089 
423    C4761    (0)   10 :  0.097 0.036 0.505 0.345 0.016 
424    C4762    (0)   10 :  0.294 0.099 0.084 0.511 0.012 
425    C4791    (0)   10 :  0.129 0.480 0.094 0.287 0.009 
426    C4810    (0)   10 :  0.030 0.121 0.718 0.056 0.075 
427    C4812    (0)   10 :  0.043 0.274 0.574 0.064 0.044 
428    C4821    (0)   10 :  0.191 0.406 0.105 0.207 0.092 
429    C4864    (0)   10 :  0.037 0.043 0.058 0.814 0.047 
430    C4866    (0)   10 :  0.026 0.098 0.827 0.036 0.012 
431    C1722    (0)   10 :  0.064 0.198 0.680 0.014 0.044 
432    C1724    (0)   10 :  0.017 0.227 0.730 0.020 0.007 
433    C1725    (0)   10 :  0.107 0.345 0.492 0.012 0.043 
434    C1726    (0)   10 :  0.200 0.468 0.295 0.023 0.014 
435    C1731    (0)   10 :  0.132 0.246 0.551 0.046 0.025 
436    C1733    (9)   10 :  0.018 0.716 0.211 0.029 0.026 
437    C1734    (0)   10 :  0.078 0.627 0.155 0.111 0.028 
438    C1735    (0)   10 :  0.045 0.784 0.153 0.008 0.011 
439    C1738    (0)   10 :  0.018 0.438 0.480 0.039 0.024 
440    C1740    (9)   10 :  0.097 0.405 0.304 0.038 0.155 
441    C1741    (0)   10 :  0.156 0.433 0.027 0.290 0.094 
442    C1742    (0)   10 :  0.220 0.278 0.434 0.036 0.031 
443    C1743    (0)   10 :  0.630 0.199 0.123 0.025 0.024 
444    C1745    (0)   10 :  0.043 0.825 0.055 0.050 0.027 
445    C1746    (0)   10 :  0.179 0.206 0.468 0.113 0.033 
446    C1747    (0)   10 :  0.246 0.254 0.414 0.028 0.058 
447    C4742    (9)   10 :  0.094 0.048 0.053 0.784 0.020 
448    C4752    (0)   10 :  0.027 0.038 0.050 0.856 0.028 
449    C4792    (0)   10 :  0.091 0.146 0.269 0.360 0.134 
450    C4811    (0)   10 :  0.016 0.032 0.013 0.916 0.023 
451    C4814    (0)   10 :  0.063 0.107 0.060 0.745 0.024 
452    C4815    (0)   10 :  0.043 0.762 0.038 0.112 0.045 
453    C4818    (0)   10 :  0.091 0.166 0.332 0.317 0.094 
454    C4819    (0)   10 :  0.168 0.153 0.259 0.363 0.057 
455    C4826    (0)   10 :  0.203 0.565 0.167 0.054 0.011 
456    C4829    (0)   10 :  0.557 0.237 0.114 0.028 0.064 
457    C4830    (0)   10 :  0.708 0.141 0.062 0.071 0.018 
458    C4831    (0)   10 :  0.053 0.025 0.062 0.808 0.052 
459    C4832    (0)   10 :  0.566 0.110 0.198 0.112 0.014 
460    C4858    (0)   10 :  0.512 0.088 0.030 0.354 0.016 
461    C4757    (0)   10 :  0.055 0.336 0.404 0.157 0.048 
462    C4770    (9)   10 :  0.060 0.281 0.027 0.189 0.443 
463    C4808    (0)   10 :  0.172 0.150 0.110 0.548 0.020 
464    C4809    (0)   10 :  0.075 0.188 0.697 0.029 0.010 
465    C4820    (0)   10 :  0.322 0.167 0.444 0.044 0.022 
466    C4824    (0)   10 :  0.334 0.590 0.020 0.046 0.010 
467    C4706    (0)   11 :  0.087 0.432 0.437 0.032 0.011 
468    C4708    (0)   11 :  0.011 0.011 0.009 0.931 0.037 
469    C4709    (0)   11 :  0.747 0.085 0.027 0.125 0.016 
470    C4714    (0)   11 :  0.435 0.071 0.068 0.381 0.046 
471    C4722    (0)   11 :  0.541 0.075 0.198 0.165 0.022 
472    C4726    (0)   11 :  0.044 0.255 0.379 0.240 0.082 
473    C4733    (0)   11 :  0.116 0.048 0.161 0.629 0.047 
474    C4734    (0)   11 :  0.087 0.115 0.580 0.201 0.017 
475    C4737    (0)   11 :  0.842 0.050 0.023 0.071 0.014 
476    C4882    (0)   11 :  0.221 0.311 0.433 0.020 0.015 
477    C4883    (0)   11 :  0.556 0.026 0.014 0.384 0.020 
478    C4702    (9)   11 :  0.226 0.337 0.121 0.194 0.122 
479    C4703    (0)   11 :  0.051 0.052 0.023 0.850 0.024 
480    C4727    (0)   11 :  0.201 0.121 0.577 0.089 0.011 
481    C4732    (0)   11 :  0.741 0.106 0.032 0.104 0.017 
482    C4735    (0)   11 :  0.060 0.786 0.021 0.115 0.017 
483    C4736    (0)   11 :  0.030 0.013 0.020 0.920 0.017 
484    C4746    (0)   11 :  0.278 0.128 0.049 0.531 0.014 
485    C4777    (0)   11 :  0.034 0.657 0.277 0.009 0.023 
486    C4846    (0)   11 :  0.139 0.121 0.069 0.453 0.218 
487    C4847    (0)   11 :  0.147 0.199 0.517 0.125 0.011 
488    C4884    (0)   11 :  0.357 0.394 0.047 0.185 0.017 
489    C4705    (0)   11 :  0.018 0.583 0.027 0.340 0.032 
490    C4711    (0)   11 :  0.227 0.069 0.507 0.179 0.018 
491    C4713    (9)   11 :  0.097 0.390 0.252 0.194 0.067 
492    C4716    (0)   11 :  0.155 0.323 0.149 0.348 0.024 
493    C4717    (0)   11 :  0.028 0.020 0.075 0.850 0.027 
494    C4719    (0)   11 :  0.286 0.247 0.411 0.041 0.015 
495    C4721    (0)   11 :  0.017 0.017 0.020 0.909 0.036 
496    C4729    (0)   11 :  0.047 0.497 0.071 0.374 0.012 
497    C4730    (0)   11 :  0.040 0.028 0.034 0.880 0.018 
498    C4773    (0)   11 :  0.011 0.011 0.033 0.916 0.028 
499    C4861    (0)   11 :  0.122 0.407 0.408 0.041 0.022 
500    C4890    (0)   11 :  0.045 0.058 0.033 0.850 0.014 
501    C4718    (0)   11 :  0.317 0.356 0.162 0.140 0.025 
502    C4724    (0)   11 :  0.050 0.207 0.070 0.656 0.016 
503    C4738    (0)   11 :  0.018 0.021 0.453 0.491 0.017 
504    C4739    (0)   11 :  0.112 0.121 0.650 0.077 0.040 
505    C4844    (0)   11 :  0.065 0.175 0.101 0.617 0.041 
506    C4845    (0)   11 :  0.759 0.087 0.033 0.099 0.022 
507    C4681    (0)   11 :  0.017 0.017 0.026 0.713 0.228 
508    C4682    (0)   11 :  0.288 0.241 0.182 0.143 0.146 
509    C4683    (0)   11 :  0.052 0.047 0.039 0.760 0.102 
510    C4685    (0)   11 :  0.322 0.236 0.053 0.357 0.032 
511    C4715    (0)   11 :  0.165 0.681 0.029 0.086 0.039 
512    C4725    (0)   11 :  0.412 0.336 0.220 0.019 0.013 
513    C4799    (0)   11 :  0.102 0.409 0.036 0.226 0.227 
514    C4889    (9)   11 :  0.040 0.025 0.078 0.845 0.013 
515    C4641    (0)   12 :  0.015 0.016 0.016 0.946 0.008 
516    C4651    (0)   12 :  0.029 0.033 0.448 0.466 0.025 
517    C4657    (0)   12 :  0.010 0.006 0.009 0.967 0.008 
518    C4658    (0)   12 :  0.038 0.028 0.032 0.886 0.017 
519    C4660    (0)   12 :  0.128 0.065 0.099 0.688 0.021 
520    C4665    (0)   12 :  0.011 0.014 0.013 0.953 0.009 
521    C4666    (0)   12 :  0.021 0.834 0.017 0.117 0.012 
522    C4667    (0)   12 :  0.019 0.016 0.016 0.940 0.009 
523    C4668    (0)   12 :  0.013 0.056 0.077 0.821 0.032 
524    C4669    (0)   12 :  0.016 0.014 0.013 0.949 0.008 
525    C4670    (0)   12 :  0.154 0.131 0.069 0.639 0.007 
526    C4671    (0)   12 :  0.075 0.318 0.015 0.551 0.041 
527    C4672    (0)   12 :  0.075 0.153 0.245 0.434 0.093 
528    C4633    (0)   13 :  0.013 0.015 0.013 0.939 0.021 
529    C4635    (0)   13 :  0.019 0.018 0.057 0.896 0.010 
530    C4653    (0)   13 :  0.031 0.165 0.069 0.647 0.087 
531    C4654    (0)   13 :  0.027 0.012 0.018 0.926 0.017 
532    C4675    (0)   13 :  0.044 0.162 0.135 0.635 0.025 
533    C4679    (0)   13 :  0.056 0.046 0.876 0.011 0.010 
534    C4684    (0)   13 :  0.014 0.059 0.019 0.831 0.077 
535    C4686    (0)   13 :  0.019 0.034 0.015 0.911 0.021 
536    C4687    (0)   13 :  0.015 0.020 0.015 0.888 0.062 
537    U1941    (0)   14 :  0.015 0.893 0.042 0.010 0.040 
538    U1942    (0)   14 :  0.078 0.574 0.058 0.174 0.116 
539    U1957    (9)   14 :  0.077 0.183 0.103 0.049 0.587 
540    U2016    (0)   14 :  0.157 0.347 0.478 0.007 0.011 
541    U2021    (9)   14 :  0.672 0.200 0.063 0.031 0.033 
542    U2022    (0)   14 :  0.798 0.135 0.033 0.011 0.023 
543    U2023    (0)   14 :  0.314 0.472 0.183 0.019 0.012 
544    U2024    (0)   14 :  0.709 0.121 0.098 0.037 0.035 
545    U2025    (9)   14 :  0.394 0.493 0.043 0.018 0.052 
546    U2026    (0)   14 :  0.270 0.417 0.027 0.024 0.261 
547    U2027    (0)   14 :  0.128 0.135 0.680 0.032 0.027 
548    U2028    (0)   14 :  0.550 0.241 0.190 0.009 0.010 
549    U2029    (0)   14 :  0.822 0.043 0.084 0.040 0.012 
550    U2030    (0)   14 :  0.392 0.184 0.399 0.012 0.013 
551    U2031    (0)   14 :  0.199 0.277 0.494 0.016 0.012 
552    U1943    (0)   14 :  0.870 0.053 0.020 0.035 0.022 
553    U1944    (0)   14 :  0.581 0.114 0.258 0.030 0.018 
554    U1945    (0)   14 :  0.570 0.233 0.164 0.014 0.018 
555    U1946    (0)   14 :  0.101 0.171 0.683 0.021 0.023 
556    U1947    (0)   14 :  0.470 0.430 0.062 0.017 0.021 
557    U1948    (0)   14 :  0.098 0.730 0.059 0.041 0.072 
558    U1949    (0)   14 :  0.309 0.389 0.262 0.018 0.022 
559    U1955    (0)   14 :  0.039 0.408 0.352 0.046 0.155 
560    U2005    (0)   14 :  0.194 0.667 0.015 0.008 0.116 
561    U2006    (0)   14 :  0.028 0.878 0.071 0.009 0.014 
562    U2007    (0)   14 :  0.046 0.884 0.025 0.011 0.033 
563    U2008    (0)   14 :  0.026 0.950 0.011 0.006 0.007 
564    U2010    (9)   14 :  0.175 0.677 0.021 0.023 0.103 
565    U2011    (0)   14 :  0.039 0.604 0.319 0.011 0.027 
566    U2012    (0)   14 :  0.287 0.625 0.061 0.012 0.015 
567    U2014    (0)   14 :  0.237 0.616 0.060 0.068 0.019 
568    U2702    (0)   14 :  0.915 0.015 0.023 0.022 0.025 
569    U2703    (0)   14 :  0.771 0.065 0.029 0.114 0.021 
570    U2704    (0)   14 :  0.284 0.575 0.047 0.029 0.064 
571    U2706   (18)   14 :  0.130 0.648 0.167 0.039 0.016 
572    U2707    (0)   14 :  0.150 0.138 0.674 0.024 0.015 
573    U2708    (0)   14 :  0.726 0.137 0.085 0.039 0.014 
574    U2698    (0)   14 :  0.131 0.228 0.398 0.085 0.157 
575    U2700    (0)   14 :  0.240 0.435 0.253 0.021 0.050 
576    U1924    (0)   14 :  0.246 0.497 0.199 0.036 0.023 
577    U1930    (0)   14 :  0.037 0.195 0.728 0.020 0.020 
578    U1931    (0)   14 :  0.194 0.469 0.133 0.174 0.030 
579    U1933    (0)   14 :  0.153 0.605 0.190 0.041 0.012 
580    U1934    (0)   14 :  0.057 0.632 0.028 0.035 0.248 
581    U1935    (0)   14 :  0.082 0.592 0.036 0.047 0.243 
582    U1936    (9)   14 :  0.575 0.327 0.066 0.022 0.010 
583    U1938    (0)   14 :  0.117 0.551 0.240 0.068 0.025 
584    U1939    (0)   14 :  0.044 0.181 0.538 0.120 0.118 
585    U1950    (0)   14 :  0.044 0.542 0.378 0.020 0.015 
586    U1951    (0)   14 :  0.603 0.192 0.094 0.072 0.040 
587    U1953    (0)   14 :  0.074 0.047 0.854 0.008 0.016 
588    U1954    (0)   14 :  0.175 0.663 0.144 0.010 0.008 
589    U2044    (0)   14 :  0.774 0.143 0.014 0.012 0.057 
590    U2045    (0)   14 :  0.098 0.562 0.318 0.012 0.010 
591    U2046    (9)   14 :  0.495 0.384 0.073 0.022 0.026 
592    U2047    (0)   14 :  0.922 0.028 0.016 0.010 0.024 
593    U2048    (0)   14 :  0.503 0.255 0.193 0.016 0.033 
594    U2050    (0)   14 :  0.678 0.166 0.111 0.020 0.025 
595    U2051    (0)   14 :  0.477 0.415 0.082 0.012 0.013 
596    U2056    (0)   14 :  0.036 0.151 0.793 0.009 0.011 
597    U2057    (0)   14 :  0.041 0.783 0.109 0.015 0.051 
598    U2058    (0)   14 :  0.236 0.593 0.103 0.032 0.036 
599    U2059    (9)   14 :  0.029 0.476 0.301 0.123 0.071 
600    U2060    (0)   14 :  0.031 0.468 0.478 0.014 0.009 
601    U2061    (0)   14 :  0.089 0.093 0.796 0.009 0.013 
602    U2062    (9)   14 :  0.055 0.045 0.882 0.008 0.011 
603    U2063    (9)   14 :  0.034 0.182 0.750 0.013 0.021 
604    U2065    (0)   14 :  0.803 0.092 0.071 0.023 0.012 
605    U2067    (0)   14 :  0.202 0.258 0.460 0.046 0.033 
606    U2068    (0)   14 :  0.515 0.185 0.145 0.027 0.127 
607    U2069    (0)   14 :  0.141 0.665 0.171 0.012 0.011 
608    U2070    (0)   14 :  0.070 0.466 0.412 0.023 0.030 
609    U2071    (0)   14 :  0.757 0.168 0.044 0.011 0.020 
610    U2076    (0)   14 :  0.126 0.176 0.651 0.025 0.021 
611    U2077    (0)   14 :  0.217 0.132 0.340 0.136 0.175 
612    U2082    (0)   14 :  0.055 0.812 0.058 0.026 0.049 
613    U2084    (0)   14 :  0.068 0.696 0.055 0.023 0.159 
614    U2089    (0)   14 :  0.193 0.488 0.182 0.078 0.058 
615    U2090    (0)   14 :  0.059 0.356 0.199 0.350 0.037 
616    U2098    (0)   14 :  0.282 0.430 0.260 0.010 0.018 
617    U2108    (0)   14 :  0.657 0.025 0.016 0.129 0.173 
618    U2111    (0)   14 :  0.756 0.102 0.068 0.045 0.027 
619    U2113    (0)   14 :  0.651 0.178 0.088 0.040 0.042 
620    U2114    (0)   14 :  0.128 0.718 0.109 0.015 0.030 
