

----------------------------------------------------
STRUCTURE by Pritchard, Stephens and Donnelly (2000)
     and Falush, Stephens and Pritchard (2003)
       Code by Pritchard, Falush and Hubisz
             Version 2.3.4 (Jul 2012)
----------------------------------------------------



Command line arguments:   bin\structure -m C:\Users\eschumacher\Documents\Butternut\butternut_STRUCTURE_withQU\50-50\mainparams -e C:\Users\eschumacher\Documents\Butternut\butternut_STRUCTURE_withQU\50-50\extraparams 
Input File:    C:\Users\eschumacher\Documents\Butternut\butternut_STRUCTURE_withQU\project_data

Run parameters:
   1015 individuals
   11 loci
   4 populations assumed
   50000 Burn-in period
   50000 Reps


--------------------------------------------
Proportion of membership of each pre-defined
 population in each of the 4 clusters

Given    Inferred Clusters              Number of
 Pop       1      2      3      4      Individuals

  1:     0.626  0.235  0.066  0.074       40
  2:     0.488  0.408  0.067  0.038       46
  3:     0.643  0.230  0.067  0.060       63
  4:     0.468  0.416  0.043  0.073       48
  5:     0.567  0.293  0.060  0.080       85
  6:     0.672  0.214  0.054  0.061       70
  7:     0.082  0.116  0.516  0.286       22
  8:     0.034  0.042  0.444  0.480       11
  9:     0.068  0.378  0.319  0.234       33
 10:     0.056  0.351  0.230  0.363       48
 11:     0.057  0.507  0.256  0.179       48
 12:     0.028  0.819  0.066  0.088       13
 13:     0.044  0.784  0.031  0.141        9
 14:     0.090  0.065  0.486  0.358       90
 15:     0.044  0.046  0.706  0.204       63
 16:     0.153  0.090  0.422  0.335       16
 17:     0.163  0.161  0.217  0.459       31
 18:     0.020  0.083  0.101  0.796       16
 19:     0.161  0.045  0.632  0.163       24
 20:     0.114  0.058  0.568  0.259       12
 21:     0.090  0.071  0.460  0.379       54
 22:     0.089  0.076  0.245  0.589       96
 23:     0.089  0.034  0.317  0.560       22
 24:     0.100  0.158  0.072  0.670       23
 25:     0.039  0.065  0.274  0.622       13
 26:     0.104  0.099  0.502  0.295       19
--------------------------------------------

Allele-freq. divergence among pops (Net nucleotide distance),
computed using point estimates of P.

      1       2       3       4      
 1      -    0.0232  0.0239  0.0270  
 2   0.0232     -    0.0224  0.0283  
 3   0.0239  0.0224     -    0.0084  
 4   0.0270  0.0283  0.0084     -    

Average distances (expected heterozygosity) between individuals in same cluster:
cluster  1  : 0.8237 
cluster  2  : 0.8456 
cluster  3  : 0.8567 
cluster  4  : 0.8431 

--------------------------------------------
Estimated Ln Prob of Data   = -47971.4
Mean value of ln likelihood = -47197.4
Variance of ln likelihood   = 1548.0
Mean value of alpha         = 0.0639

Mean value of Fst_1         = 0.0438
Mean value of Fst_2         = 0.0351
Mean value of Fst_3         = 0.0141
Mean value of Fst_4         = 0.0217


Inferred ancestry of individuals:
        Label (%Miss) Pop:  Inferred clusters
  1    C3984    (0)    1 :  0.829 0.142 0.019 0.010 
  2    C3985    (0)    1 :  0.605 0.363 0.016 0.016 
  3    C3986    (0)    1 :  0.222 0.754 0.014 0.010 
  4    C4231    (0)    1 :  0.335 0.620 0.024 0.022 
  5    C4344    (0)    1 :  0.913 0.038 0.031 0.018 
  6    C4347   (18)    1 :  0.919 0.028 0.013 0.039 
  7    C4352   (18)    1 :  0.593 0.344 0.041 0.022 
  8    C4355    (9)    1 :  0.898 0.053 0.025 0.024 
  9    C4358   (18)    1 :  0.045 0.063 0.778 0.114 
 10    C4419    (9)    1 :  0.270 0.662 0.033 0.036 
 11    C4428    (9)    1 :  0.899 0.072 0.013 0.016 
 12    C4436    (0)    1 :  0.794 0.177 0.013 0.016 
 13    C4437   (18)    1 :  0.447 0.449 0.031 0.072 
 14    C4450    (0)    1 :  0.583 0.191 0.124 0.103 
 15    C4531    (0)    1 :  0.020 0.937 0.022 0.021 
 16    C1615    (0)    1 :  0.307 0.483 0.101 0.109 
 17    C1616    (0)    1 :  0.280 0.109 0.060 0.552 
 18    C1617    (9)    1 :  0.953 0.013 0.012 0.022 
 19    C1618    (0)    1 :  0.159 0.738 0.065 0.039 
 20    C1619    (0)    1 :  0.350 0.417 0.170 0.064 
 21    C1620    (9)    1 :  0.380 0.461 0.115 0.043 
 22    C1621    (0)    1 :  0.284 0.056 0.105 0.555 
 23    C1623    (9)    1 :  0.040 0.594 0.179 0.188 
 24    C1625    (0)    1 :  0.554 0.204 0.149 0.093 
 25    C1626    (0)    1 :  0.534 0.065 0.103 0.299 
 26    C1627    (9)    1 :  0.774 0.145 0.038 0.043 
 27    C1633    (0)    1 :  0.912 0.046 0.017 0.025 
 28    C1637    (0)    1 :  0.932 0.024 0.016 0.028 
 29    C1650    (0)    1 :  0.355 0.569 0.022 0.054 
 30    C3202    (0)    1 :  0.940 0.020 0.016 0.024 
 31    C3248    (0)    1 :  0.952 0.013 0.019 0.015 
 32    C3304    (9)    1 :  0.940 0.014 0.017 0.029 
 33    C3326    (0)    1 :  0.761 0.130 0.058 0.051 
 34    C3333    (0)    1 :  0.934 0.014 0.020 0.032 
 35    C3339   (18)    1 :  0.923 0.019 0.030 0.028 
 36    C3346    (0)    1 :  0.964 0.015 0.012 0.009 
 37    C3349    (0)    1 :  0.923 0.018 0.037 0.022 
 38    C3367   (18)    1 :  0.673 0.265 0.024 0.038 
 39    C3374    (0)    1 :  0.955 0.025 0.012 0.008 
 40    C3405    (0)    1 :  0.885 0.043 0.039 0.032 
 41    C4543    (0)    2 :  0.041 0.933 0.013 0.012 
 42    C4545    (9)    2 :  0.030 0.946 0.016 0.008 
 43    C4551    (9)    2 :  0.057 0.801 0.115 0.027 
 44    C4491    (0)    2 :  0.232 0.618 0.110 0.040 
 45    C4494    (0)    2 :  0.912 0.067 0.011 0.009 
 46    C4495    (0)    2 :  0.558 0.187 0.222 0.033 
 47    C4497    (9)    2 :  0.928 0.034 0.023 0.016 
 48    C4501    (0)    2 :  0.648 0.120 0.170 0.062 
 49    C4502    (0)    2 :  0.387 0.561 0.037 0.015 
 50    C4503    (0)    2 :  0.011 0.931 0.041 0.017 
 51    C4504    (0)    2 :  0.188 0.133 0.599 0.080 
 52    C4470    (0)    2 :  0.523 0.250 0.162 0.065 
 53    C4471    (0)    2 :  0.132 0.827 0.025 0.015 
 54    C4474    (9)    2 :  0.011 0.947 0.024 0.018 
 55    C4476    (0)    2 :  0.670 0.284 0.027 0.019 
 56    C4478    (0)    2 :  0.076 0.885 0.024 0.015 
 57    C4479    (0)    2 :  0.891 0.067 0.013 0.029 
 58    C4482    (0)    2 :  0.291 0.582 0.026 0.101 
 59    C4483    (0)    2 :  0.011 0.964 0.014 0.012 
 60    C4484    (0)    2 :  0.238 0.660 0.064 0.038 
 61    C4485    (0)    2 :  0.698 0.109 0.121 0.073 
 62    C4489    (0)    2 :  0.765 0.186 0.028 0.021 
 63    C4505    (0)    2 :  0.739 0.189 0.039 0.033 
 64    C4507    (0)    2 :  0.115 0.731 0.126 0.029 
 65    C4535    (0)    2 :  0.014 0.951 0.019 0.017 
 66    C4542    (0)    2 :  0.014 0.888 0.052 0.047 
 67    C4553    (9)    2 :  0.186 0.770 0.024 0.020 
 68    C4562   (18)    2 :  0.261 0.671 0.042 0.026 
 69    C4582   (18)    2 :  0.057 0.893 0.024 0.026 
 70    C4693    (0)    2 :  0.033 0.946 0.009 0.012 
 71    C4696    (0)    2 :  0.164 0.725 0.079 0.033 
 72    C3179    (0)    2 :  0.869 0.021 0.091 0.019 
 73    C3181    (0)    2 :  0.904 0.026 0.038 0.033 
 74    C3188    (0)    2 :  0.908 0.020 0.044 0.028 
 75    C3190    (0)    2 :  0.886 0.042 0.023 0.050 
 76    C3193    (0)    2 :  0.947 0.018 0.015 0.021 
 77    C3232    (0)    2 :  0.919 0.057 0.013 0.011 
 78    C3236    (0)    2 :  0.960 0.022 0.010 0.009 
 79    C3249    (0)    2 :  0.902 0.030 0.036 0.033 
 80    C3250    (0)    2 :  0.951 0.021 0.012 0.016 
 81    C3253    (0)    2 :  0.916 0.040 0.022 0.022 
 82    C3255    (0)    2 :  0.936 0.038 0.014 0.012 
 83    C3277    (0)    2 :  0.790 0.042 0.073 0.095 
 84    C3315    (0)    2 :  0.179 0.290 0.257 0.273 
 85    C3288    (0)    2 :  0.882 0.069 0.020 0.029 
 86    C3293    (0)    2 :  0.603 0.177 0.112 0.108 
 87    C4018    (0)    3 :  0.300 0.678 0.010 0.012 
 88    C3980    (0)    3 :  0.057 0.917 0.012 0.014 
 89    C3987    (0)    3 :  0.071 0.907 0.010 0.012 
 90    C3988    (0)    3 :  0.228 0.745 0.015 0.012 
 91    C3989    (0)    3 :  0.843 0.092 0.047 0.017 
 92    C4011    (0)    3 :  0.526 0.459 0.008 0.007 
 93    C4017    (0)    3 :  0.041 0.943 0.008 0.007 
 94    C4296    (0)    3 :  0.366 0.186 0.262 0.187 
 95    C4301    (9)    3 :  0.061 0.024 0.295 0.621 
 96    C4303    (0)    3 :  0.483 0.029 0.061 0.427 
 97    C4453    (0)    3 :  0.680 0.202 0.059 0.060 
 98    C4455    (9)    3 :  0.773 0.146 0.027 0.054 
 99    C4456   (18)    3 :  0.087 0.669 0.070 0.174 
100    C4457    (9)    3 :  0.715 0.049 0.052 0.183 
101    C4459    (9)    3 :  0.792 0.169 0.018 0.022 
102    C4464   (18)    3 :  0.926 0.051 0.012 0.010 
103    C4468    (9)    3 :  0.903 0.039 0.021 0.038 
104    C4783    (0)    3 :  0.075 0.876 0.033 0.015 
105    C4786    (0)    3 :  0.533 0.429 0.016 0.022 
106    C4789    (9)    3 :  0.613 0.351 0.015 0.021 
107    C4891    (0)    3 :  0.532 0.352 0.078 0.038 
108    C4896    (0)    3 :  0.099 0.817 0.043 0.040 
109    C4898    (0)    3 :  0.080 0.886 0.019 0.015 
110    C4901    (0)    3 :  0.288 0.680 0.011 0.021 
111    C4903    (9)    3 :  0.512 0.336 0.038 0.115 
112    C4904    (0)    3 :  0.133 0.818 0.037 0.012 
113    C3263    (0)    3 :  0.910 0.017 0.055 0.018 
114    C3271    (0)    3 :  0.950 0.018 0.016 0.016 
115    C3272    (0)    3 :  0.923 0.016 0.040 0.020 
116    C3276    (0)    3 :  0.656 0.045 0.118 0.182 
117    C3280    (9)    3 :  0.619 0.086 0.228 0.066 
118    C3305    (9)    3 :  0.939 0.022 0.023 0.015 
119    C3306    (0)    3 :  0.870 0.039 0.052 0.038 
120    C3324    (0)    3 :  0.418 0.039 0.523 0.021 
121    C3329    (0)    3 :  0.379 0.484 0.083 0.054 
122    C3336    (0)    3 :  0.912 0.026 0.034 0.028 
123    C3341   (18)    3 :  0.098 0.227 0.576 0.099 
124    C3409   (18)    3 :  0.685 0.130 0.112 0.073 
125    C3168    (9)    3 :  0.950 0.022 0.015 0.013 
126    C3170    (0)    3 :  0.935 0.024 0.025 0.016 
127    C3214   (18)    3 :  0.828 0.026 0.013 0.132 
128    C3227    (0)    3 :  0.924 0.026 0.014 0.036 
129    C3228    (0)    3 :  0.770 0.122 0.054 0.053 
130    C3278    (0)    3 :  0.939 0.009 0.029 0.023 
131    C3279    (0)    3 :  0.913 0.021 0.035 0.031 
132    C3321    (0)    3 :  0.959 0.022 0.010 0.009 
133    C3322    (0)    3 :  0.580 0.109 0.071 0.241 
134    C3303    (0)    3 :  0.903 0.020 0.048 0.029 
135    C3317    (0)    3 :  0.928 0.029 0.026 0.017 
136    C3355    (0)    3 :  0.954 0.021 0.014 0.011 
137    C3376    (9)    3 :  0.926 0.028 0.018 0.029 
138    C3401    (0)    3 :  0.905 0.028 0.032 0.035 
139    C3203    (9)    3 :  0.870 0.037 0.042 0.051 
140    C3245    (0)    3 :  0.932 0.015 0.023 0.030 
141    C3302    (0)    3 :  0.898 0.028 0.044 0.030 
142    C3307    (0)    3 :  0.431 0.399 0.129 0.042 
143    C3310    (0)    3 :  0.944 0.014 0.023 0.018 
144    C3312    (9)    3 :  0.826 0.073 0.048 0.052 
145    C3345    (0)    3 :  0.939 0.024 0.023 0.015 
146    C3371    (0)    3 :  0.891 0.021 0.073 0.014 
147    C3372    (0)    3 :  0.912 0.032 0.036 0.020 
148    C3380    (9)    3 :  0.951 0.030 0.008 0.011 
149    C3417    (0)    3 :  0.402 0.315 0.239 0.044 
150    C4569    (9)    4 :  0.022 0.857 0.068 0.053 
151    C4570    (9)    4 :  0.028 0.946 0.014 0.011 
152    C4571    (9)    4 :  0.191 0.763 0.018 0.027 
153    C4572    (9)    4 :  0.021 0.948 0.014 0.017 
154    C4573    (9)    4 :  0.062 0.322 0.072 0.544 
155    C4575    (9)    4 :  0.033 0.875 0.027 0.064 
156    C4577    (9)    4 :  0.029 0.948 0.013 0.010 
157    C4578    (9)    4 :  0.052 0.834 0.052 0.062 
158    C4600   (18)    4 :  0.078 0.741 0.127 0.053 
159    C4612    (9)    4 :  0.023 0.919 0.019 0.040 
160    C4621    (0)    4 :  0.110 0.863 0.009 0.018 
161    C4622    (9)    4 :  0.036 0.941 0.012 0.011 
162    C4623    (0)    4 :  0.177 0.651 0.128 0.045 
163    C4624    (0)    4 :  0.022 0.938 0.016 0.024 
164    C4625    (0)    4 :  0.075 0.245 0.034 0.645 
165    C4627    (0)    4 :  0.047 0.909 0.017 0.026 
166    C4631    (0)    4 :  0.012 0.935 0.036 0.016 
167    C4632    (0)    4 :  0.094 0.868 0.020 0.019 
168    C3939    (0)    4 :  0.060 0.914 0.013 0.013 
169    C3940    (0)    4 :  0.028 0.929 0.029 0.014 
170    C3945    (0)    4 :  0.054 0.923 0.014 0.009 
171    C4520    (0)    4 :  0.448 0.099 0.182 0.272 
172    C4522    (0)    4 :  0.222 0.753 0.012 0.013 
173    C3182    (0)    4 :  0.934 0.031 0.020 0.015 
174    C3189    (0)    4 :  0.683 0.050 0.070 0.197 
175    C3191    (9)    4 :  0.917 0.018 0.027 0.037 
176    C3196    (0)    4 :  0.930 0.015 0.023 0.032 
177    C3208    (0)    4 :  0.658 0.240 0.043 0.058 
178    C3211    (0)    4 :  0.908 0.029 0.035 0.028 
179    C3212    (0)    4 :  0.307 0.146 0.434 0.113 
180    C3213    (0)    4 :  0.938 0.011 0.035 0.015 
181    C3215    (0)    4 :  0.408 0.176 0.056 0.359 
182    C3217    (0)    4 :  0.926 0.018 0.036 0.021 
183    C3225    (9)    4 :  0.894 0.024 0.036 0.046 
184    C3226    (0)    4 :  0.920 0.055 0.014 0.012 
185    C3238    (9)    4 :  0.882 0.081 0.013 0.025 
186    C3239    (0)    4 :  0.938 0.025 0.021 0.015 
187    C3269   (18)    4 :  0.488 0.224 0.037 0.251 
188    C3273    (0)    4 :  0.941 0.018 0.011 0.029 
189    C3274    (0)    4 :  0.581 0.309 0.048 0.061 
190    C3354    (0)    4 :  0.925 0.026 0.028 0.021 
191    C3361    (0)    4 :  0.936 0.028 0.014 0.021 
192    C3289    (0)    4 :  0.936 0.023 0.019 0.021 
193    C3169    (0)    4 :  0.956 0.022 0.010 0.012 
194    C3199    (9)    4 :  0.754 0.184 0.018 0.044 
195    C3224    (0)    4 :  0.933 0.018 0.017 0.032 
196    C3261   (18)    4 :  0.926 0.041 0.023 0.011 
197    C3320    (0)    4 :  0.912 0.034 0.026 0.028 
198    C4151    (0)    5 :  0.031 0.950 0.009 0.010 
199    C4152    (0)    5 :  0.036 0.940 0.011 0.014 
200    C4153    (0)    5 :  0.452 0.496 0.020 0.032 
201    C4154   (18)    5 :  0.366 0.568 0.049 0.017 
202    C4157    (0)    5 :  0.602 0.329 0.042 0.028 
203    C4158    (0)    5 :  0.022 0.959 0.009 0.010 
204    C4163    (0)    5 :  0.025 0.959 0.008 0.008 
205    C4165    (0)    5 :  0.056 0.597 0.321 0.026 
206    C4248    (9)    5 :  0.916 0.023 0.034 0.027 
207    C4371    (9)    5 :  0.734 0.186 0.058 0.021 
208    C3936    (0)    5 :  0.059 0.906 0.020 0.015 
209    C3937    (0)    5 :  0.035 0.943 0.010 0.012 
210    C3944    (0)    5 :  0.216 0.766 0.011 0.008 
211    C3954    (0)    5 :  0.916 0.049 0.009 0.026 
212    C3955    (9)    5 :  0.718 0.233 0.014 0.034 
213    C3961    (0)    5 :  0.090 0.854 0.042 0.014 
214    C3974    (0)    5 :  0.054 0.896 0.023 0.028 
215    C4024    (0)    5 :  0.427 0.503 0.054 0.016 
216    C4025    (0)    5 :  0.037 0.934 0.015 0.014 
217    C4028    (0)    5 :  0.103 0.779 0.024 0.094 
218    C4032   (18)    5 :  0.911 0.060 0.013 0.016 
219    C4033   (18)    5 :  0.935 0.033 0.017 0.016 
220    C4034    (0)    5 :  0.794 0.058 0.113 0.035 
221    C4041    (9)    5 :  0.712 0.072 0.143 0.073 
222    C4043    (9)    5 :  0.772 0.187 0.024 0.017 
223    C4044    (9)    5 :  0.192 0.122 0.562 0.125 
224    C4045    (9)    5 :  0.852 0.096 0.018 0.034 
225    C4046    (9)    5 :  0.892 0.048 0.036 0.024 
226    C4047    (0)    5 :  0.824 0.035 0.042 0.100 
227    C4048    (9)    5 :  0.765 0.031 0.085 0.119 
228    C4055    (9)    5 :  0.786 0.114 0.040 0.060 
229    C4057   (18)    5 :  0.938 0.021 0.028 0.012 
230    C4059    (0)    5 :  0.908 0.052 0.013 0.027 
231    C4060    (9)    5 :  0.848 0.101 0.026 0.025 
232    C4064    (9)    5 :  0.406 0.264 0.068 0.261 
233    C4067    (0)    5 :  0.818 0.034 0.072 0.076 
234    C4068    (9)    5 :  0.924 0.028 0.018 0.029 
235    C4070    (9)    5 :  0.547 0.305 0.116 0.032 
236    C4075   (18)    5 :  0.888 0.061 0.026 0.025 
237    C4081    (9)    5 :  0.887 0.041 0.032 0.040 
238    C4082    (0)    5 :  0.784 0.123 0.031 0.063 
239    C4083    (0)    5 :  0.329 0.185 0.416 0.070 
240    C4086    (0)    5 :  0.817 0.042 0.027 0.114 
241    C4088    (9)    5 :  0.082 0.095 0.025 0.798 
242    C4092    (0)    5 :  0.716 0.205 0.062 0.016 
243    C4099    (9)    5 :  0.837 0.050 0.050 0.063 
244    C4104    (0)    5 :  0.615 0.299 0.061 0.025 
245    C4108   (18)    5 :  0.015 0.017 0.158 0.810 
246    C4118    (0)    5 :  0.495 0.084 0.145 0.277 
247    C4131    (0)    5 :  0.238 0.673 0.030 0.059 
248    C4133    (0)    5 :  0.939 0.024 0.018 0.019 
249    C4135    (0)    5 :  0.817 0.163 0.013 0.007 
250    C4136    (0)    5 :  0.036 0.712 0.052 0.200 
251    C4137    (9)    5 :  0.474 0.463 0.030 0.032 
252    C4139    (0)    5 :  0.139 0.837 0.015 0.010 
253    C4140    (9)    5 :  0.380 0.572 0.034 0.014 
254    C4167    (0)    5 :  0.037 0.918 0.020 0.024 
255    C4236    (0)    5 :  0.880 0.036 0.032 0.051 
256    C4237    (0)    5 :  0.048 0.071 0.041 0.840 
257    C4238    (0)    5 :  0.829 0.090 0.022 0.059 
258    C4241    (0)    5 :  0.925 0.039 0.020 0.015 
259    C4247    (9)    5 :  0.562 0.106 0.156 0.176 
260    C4257    (0)    5 :  0.888 0.057 0.021 0.034 
261    C4383    (0)    5 :  0.330 0.322 0.245 0.104 
262    C4397    (9)    5 :  0.875 0.093 0.015 0.017 
263    C4514    (0)    5 :  0.174 0.792 0.021 0.014 
264    C4519    (0)    5 :  0.059 0.908 0.016 0.017 
265    C4527    (0)    5 :  0.789 0.176 0.019 0.016 
266    C4534    (0)    5 :  0.603 0.248 0.116 0.034 
267    C4699    (0)    5 :  0.029 0.918 0.017 0.036 
268    C1541    (9)    5 :  0.961 0.014 0.013 0.012 
269    C1542    (9)    5 :  0.950 0.016 0.015 0.019 
270    C1544    (0)    5 :  0.922 0.023 0.022 0.033 
271    C1547    (9)    5 :  0.287 0.072 0.251 0.389 
272    C1553    (9)    5 :  0.148 0.307 0.282 0.263 
273    C1555    (9)    5 :  0.865 0.065 0.026 0.044 
274    C1557    (0)    5 :  0.880 0.067 0.025 0.028 
275    C1560    (0)    5 :  0.937 0.018 0.020 0.026 
276    C1565    (0)    5 :  0.892 0.033 0.058 0.017 
277    C1567    (0)    5 :  0.868 0.038 0.029 0.065 
278    C1569    (0)    5 :  0.919 0.046 0.018 0.017 
279    C1571    (0)    5 :  0.767 0.038 0.044 0.151 
280    C1576    (0)    5 :  0.707 0.195 0.023 0.074 
281    C1577    (9)    5 :  0.902 0.026 0.023 0.049 
282    C1579    (0)    5 :  0.944 0.019 0.020 0.018 
283    C3990    (0)    6 :  0.083 0.896 0.011 0.010 
284    C3991    (0)    6 :  0.051 0.893 0.027 0.029 
285    C3992    (0)    6 :  0.028 0.935 0.013 0.024 
286    C3994    (0)    6 :  0.545 0.290 0.116 0.048 
287    C4172    (0)    6 :  0.011 0.918 0.025 0.045 
288    C4173    (9)    6 :  0.022 0.903 0.057 0.018 
289    C4232    (9)    6 :  0.969 0.013 0.009 0.010 
290    C4234    (9)    6 :  0.965 0.013 0.011 0.011 
291    C4259    (0)    6 :  0.956 0.021 0.012 0.011 
292    C4260    (0)    6 :  0.956 0.025 0.009 0.010 
293    C4261    (9)    6 :  0.427 0.219 0.212 0.141 
294    C4262    (0)    6 :  0.500 0.426 0.055 0.019 
295    C4263    (0)    6 :  0.892 0.035 0.037 0.036 
296    C4267    (9)    6 :  0.783 0.164 0.019 0.035 
297    C4269    (0)    6 :  0.647 0.287 0.041 0.026 
298    C4272    (0)    6 :  0.936 0.024 0.025 0.014 
299    C4274    (0)    6 :  0.743 0.065 0.026 0.165 
300    C4276    (9)    6 :  0.085 0.017 0.026 0.872 
301    C4278    (0)    6 :  0.854 0.060 0.052 0.035 
302    C4280    (0)    6 :  0.839 0.108 0.032 0.021 
303    C4281    (0)    6 :  0.878 0.080 0.019 0.023 
304    C4282    (0)    6 :  0.527 0.020 0.392 0.061 
305    C4284    (9)    6 :  0.849 0.129 0.011 0.011 
306    C4286    (9)    6 :  0.427 0.488 0.034 0.051 
307    C4287    (0)    6 :  0.678 0.224 0.071 0.026 
308    C4290    (0)    6 :  0.097 0.122 0.097 0.683 
309    C4307   (18)    6 :  0.707 0.168 0.104 0.021 
310    C4310    (9)    6 :  0.868 0.050 0.017 0.066 
311    C4311   (18)    6 :  0.901 0.032 0.034 0.034 
312    C4312    (0)    6 :  0.948 0.016 0.015 0.021 
313    C4314    (0)    6 :  0.829 0.051 0.021 0.099 
314    C4318    (9)    6 :  0.820 0.074 0.090 0.017 
315    C4321    (9)    6 :  0.818 0.113 0.047 0.022 
316    C4324    (0)    6 :  0.771 0.166 0.043 0.020 
317    C4334    (0)    6 :  0.895 0.048 0.043 0.014 
318    C4529    (0)    6 :  0.883 0.046 0.032 0.039 
319    C1582    (9)    6 :  0.876 0.090 0.014 0.020 
320    C1583    (0)    6 :  0.880 0.030 0.030 0.059 
321    C1584    (9)    6 :  0.915 0.033 0.015 0.038 
322    C1585    (0)    6 :  0.947 0.026 0.010 0.017 
323    C1586    (0)    6 :  0.875 0.029 0.070 0.026 
324    C1589    (0)    6 :  0.805 0.166 0.014 0.015 
325    C1591    (0)    6 :  0.947 0.029 0.011 0.013 
326    C1592    (0)    6 :  0.909 0.027 0.039 0.025 
327    C1594    (0)    6 :  0.909 0.035 0.015 0.041 
328    C1597    (9)    6 :  0.904 0.026 0.031 0.039 
329    C1598    (9)    6 :  0.728 0.212 0.021 0.039 
330    C1599    (0)    6 :  0.961 0.012 0.014 0.013 
331    C1601    (0)    6 :  0.413 0.450 0.072 0.064 
332    C1605    (0)    6 :  0.300 0.252 0.126 0.321 
333    C1609    (0)    6 :  0.951 0.024 0.012 0.012 
334    C1610    (0)    6 :  0.780 0.022 0.054 0.144 
335    C1611    (0)    6 :  0.918 0.018 0.050 0.014 
336    C1612    (0)    6 :  0.966 0.011 0.010 0.013 
337    C1613    (0)    6 :  0.907 0.032 0.035 0.026 
338    C3173    (9)    6 :  0.838 0.032 0.086 0.044 
339    C3204    (0)    6 :  0.930 0.026 0.021 0.024 
340    C3223    (9)    6 :  0.514 0.028 0.383 0.075 
341    C3262    (0)    6 :  0.868 0.031 0.034 0.066 
342    C3270    (0)    6 :  0.903 0.057 0.022 0.017 
343    C3300    (0)    6 :  0.921 0.058 0.011 0.010 
344    C3330    (0)    6 :  0.853 0.095 0.033 0.019 
345    C3390    (9)    6 :  0.936 0.025 0.023 0.016 
346    C3424    (9)    6 :  0.868 0.085 0.026 0.021 
347    C3958    (0)    6 :  0.085 0.890 0.016 0.010 
348    C3962    (0)    6 :  0.038 0.940 0.014 0.008 
349    C4019    (0)    6 :  0.030 0.360 0.458 0.152 
350    C3995   (18)    6 :  0.050 0.898 0.035 0.018 
351    C4000    (0)    6 :  0.026 0.908 0.050 0.015 
352    C4002    (0)    6 :  0.081 0.877 0.027 0.015 
353    C1692    (0)    7 :  0.027 0.624 0.189 0.160 
354    C1693    (0)    7 :  0.415 0.099 0.406 0.080 
355    C1694    (0)    7 :  0.106 0.035 0.510 0.349 
356    C1698    (0)    7 :  0.020 0.012 0.817 0.151 
357    C1699    (0)    7 :  0.028 0.039 0.138 0.795 
358    C1700    (0)    7 :  0.126 0.207 0.498 0.169 
359    C1701    (0)    7 :  0.026 0.023 0.377 0.574 
360    C1702    (0)    7 :  0.017 0.043 0.569 0.371 
361    C1703    (0)    7 :  0.013 0.044 0.725 0.217 
362    C1704    (0)    7 :  0.181 0.073 0.645 0.101 
363    C1705    (0)    7 :  0.014 0.792 0.129 0.066 
364    C1706    (0)    7 :  0.022 0.019 0.309 0.651 
365    C1707    (0)    7 :  0.394 0.077 0.054 0.475 
366    C1708    (0)    7 :  0.018 0.020 0.945 0.018 
367    C1709    (0)    7 :  0.025 0.093 0.844 0.039 
368    C1710    (0)    7 :  0.039 0.049 0.728 0.183 
369    C1712    (0)    7 :  0.011 0.055 0.908 0.026 
370    C1714    (0)    7 :  0.018 0.022 0.927 0.033 
371    C1715    (0)    7 :  0.025 0.019 0.068 0.888 
372    C1717    (0)    7 :  0.128 0.029 0.494 0.350 
373    C1718   (18)    7 :  0.053 0.023 0.370 0.554 
374    C1719    (0)    7 :  0.101 0.153 0.701 0.044 
375    C1656    (0)    8 :  0.013 0.116 0.173 0.698 
376    C1657   (18)    8 :  0.026 0.032 0.508 0.434 
377    C1658    (0)    8 :  0.011 0.022 0.302 0.665 
378    C1659    (0)    8 :  0.066 0.027 0.034 0.873 
379    C1661    (9)    8 :  0.090 0.057 0.539 0.313 
380    C1665    (0)    8 :  0.032 0.024 0.367 0.576 
381    C1667    (9)    8 :  0.009 0.008 0.961 0.023 
382    C1676    (9)    8 :  0.022 0.057 0.502 0.420 
383    C1681    (9)    8 :  0.037 0.035 0.204 0.725 
384    C1682    (0)    8 :  0.019 0.030 0.800 0.150 
385    C1685    (0)    8 :  0.046 0.057 0.495 0.402 
386    C4707    (0)    9 :  0.028 0.434 0.423 0.115 
387    C4747    (0)    9 :  0.162 0.419 0.351 0.068 
388    C4772    (0)    9 :  0.064 0.797 0.073 0.067 
389    C4781    (0)    9 :  0.026 0.438 0.492 0.044 
390    C4782    (0)    9 :  0.139 0.268 0.383 0.209 
391    C4787    (0)    9 :  0.047 0.267 0.227 0.459 
392    C4790    (0)    9 :  0.022 0.124 0.786 0.067 
393    C4803    (0)    9 :  0.060 0.276 0.472 0.192 
394    C4813    (0)    9 :  0.013 0.934 0.026 0.027 
395    C4837    (0)    9 :  0.040 0.697 0.196 0.066 
396    C4838    (0)    9 :  0.018 0.218 0.118 0.646 
397    C4843    (0)    9 :  0.037 0.319 0.392 0.252 
398    C4857    (0)    9 :  0.118 0.814 0.025 0.043 
399    C4828    (0)    9 :  0.291 0.142 0.145 0.422 
400    C4835    (0)    9 :  0.017 0.910 0.019 0.053 
401    C4836    (9)    9 :  0.042 0.642 0.201 0.116 
402    C4842    (0)    9 :  0.016 0.083 0.402 0.499 
403    C4863    (9)    9 :  0.043 0.246 0.555 0.157 
404    C4744    (0)    9 :  0.029 0.034 0.636 0.301 
405    C4745    (0)    9 :  0.028 0.192 0.255 0.525 
406    C4768    (0)    9 :  0.047 0.401 0.494 0.058 
407    C4769    (0)    9 :  0.013 0.291 0.051 0.646 
408    C4771    (0)    9 :  0.016 0.114 0.328 0.542 
409    C4784    (0)    9 :  0.044 0.424 0.456 0.076 
410    C4785    (0)    9 :  0.033 0.045 0.875 0.046 
411    C4795    (0)    9 :  0.081 0.378 0.447 0.094 
412    C4796    (0)    9 :  0.019 0.065 0.769 0.147 
413    C4800    (0)    9 :  0.016 0.832 0.049 0.103 
414    C4801    (0)    9 :  0.028 0.599 0.080 0.293 
415    C4802    (0)    9 :  0.600 0.060 0.090 0.250 
416    C4805    (0)    9 :  0.023 0.227 0.418 0.331 
417    C4806    (0)    9 :  0.016 0.194 0.133 0.658 
418    C4850    (0)    9 :  0.072 0.596 0.168 0.165 
419    C4748    (0)   10 :  0.012 0.378 0.044 0.567 
420    C4753    (0)   10 :  0.035 0.080 0.667 0.218 
421    C4754    (0)   10 :  0.016 0.698 0.220 0.066 
422    C4760    (0)   10 :  0.074 0.831 0.047 0.048 
423    C4761    (0)   10 :  0.017 0.597 0.089 0.297 
424    C4762    (0)   10 :  0.014 0.681 0.193 0.111 
425    C4791    (0)   10 :  0.012 0.519 0.263 0.206 
426    C4810    (0)   10 :  0.102 0.104 0.044 0.750 
427    C4812    (0)   10 :  0.047 0.080 0.052 0.821 
428    C4821    (0)   10 :  0.116 0.564 0.194 0.126 
429    C4864    (0)   10 :  0.051 0.889 0.026 0.034 
430    C4866    (0)   10 :  0.013 0.041 0.020 0.926 
431    C1722    (0)   10 :  0.042 0.018 0.056 0.884 
432    C1724    (0)   10 :  0.008 0.024 0.019 0.949 
433    C1725    (0)   10 :  0.045 0.013 0.141 0.801 
434    C1726    (0)   10 :  0.014 0.032 0.398 0.556 
435    C1731    (0)   10 :  0.026 0.075 0.139 0.761 
436    C1733    (9)   10 :  0.030 0.052 0.032 0.887 
437    C1734    (0)   10 :  0.033 0.286 0.239 0.443 
438    C1735    (0)   10 :  0.016 0.012 0.195 0.777 
439    C1738    (0)   10 :  0.029 0.058 0.028 0.885 
440    C1740    (9)   10 :  0.180 0.067 0.228 0.525 
441    C1741    (0)   10 :  0.117 0.650 0.181 0.053 
442    C1742    (0)   10 :  0.039 0.053 0.647 0.261 
443    C1743    (0)   10 :  0.032 0.033 0.699 0.236 
444    C1745    (0)   10 :  0.039 0.256 0.437 0.269 
445    C1746    (0)   10 :  0.042 0.190 0.152 0.617 
446    C1747    (0)   10 :  0.089 0.033 0.171 0.706 
447    C4742    (9)   10 :  0.021 0.870 0.076 0.033 
448    C4752    (0)   10 :  0.030 0.888 0.024 0.058 
449    C4792    (0)   10 :  0.116 0.690 0.077 0.116 
450    C4811    (0)   10 :  0.029 0.936 0.018 0.017 
451    C4814    (0)   10 :  0.025 0.881 0.055 0.039 
452    C4815    (0)   10 :  0.142 0.435 0.173 0.250 
453    C4818    (0)   10 :  0.118 0.348 0.075 0.459 
454    C4819    (0)   10 :  0.053 0.606 0.193 0.148 
455    C4826    (0)   10 :  0.014 0.154 0.561 0.271 
456    C4829    (0)   10 :  0.072 0.062 0.724 0.142 
457    C4830    (0)   10 :  0.023 0.146 0.770 0.061 
458    C4831    (0)   10 :  0.053 0.879 0.040 0.028 
459    C4832    (0)   10 :  0.016 0.343 0.462 0.179 
460    C4858    (0)   10 :  0.020 0.592 0.346 0.043 
461    C4757    (0)   10 :  0.104 0.335 0.150 0.411 
462    C4770    (9)   10 :  0.496 0.354 0.074 0.075 
463    C4808    (0)   10 :  0.019 0.799 0.126 0.055 
464    C4809    (0)   10 :  0.013 0.067 0.304 0.616 
465    C4820    (0)   10 :  0.027 0.065 0.353 0.555 
466    C4824    (0)   10 :  0.014 0.105 0.803 0.078 
467    C4706    (0)   11 :  0.013 0.068 0.141 0.777 
468    C4708    (0)   11 :  0.055 0.923 0.012 0.010 
469    C4709    (0)   11 :  0.021 0.191 0.725 0.063 
470    C4714    (0)   11 :  0.043 0.647 0.265 0.045 
471    C4722    (0)   11 :  0.023 0.264 0.589 0.124 
472    C4726    (0)   11 :  0.099 0.429 0.061 0.412 
473    C4733    (0)   11 :  0.043 0.836 0.066 0.056 
474    C4734    (0)   11 :  0.020 0.430 0.125 0.425 
475    C4737    (0)   11 :  0.020 0.094 0.862 0.024 
476    C4882    (0)   11 :  0.019 0.059 0.332 0.590 
477    C4883    (0)   11 :  0.022 0.708 0.257 0.013 
478    C4702    (9)   11 :  0.168 0.304 0.399 0.129 
479    C4703    (0)   11 :  0.031 0.868 0.068 0.032 
480    C4727    (0)   11 :  0.013 0.215 0.258 0.513 
481    C4732    (0)   11 :  0.018 0.212 0.717 0.053 
482    C4735    (0)   11 :  0.021 0.621 0.270 0.088 
483    C4736    (0)   11 :  0.022 0.939 0.021 0.017 
484    C4746    (0)   11 :  0.015 0.758 0.190 0.038 
485    C4777    (0)   11 :  0.035 0.014 0.251 0.701 
486    C4846    (0)   11 :  0.244 0.510 0.200 0.046 
487    C4847    (0)   11 :  0.012 0.275 0.326 0.386 
488    C4884    (0)   11 :  0.024 0.277 0.598 0.101 
489    C4705    (0)   11 :  0.043 0.796 0.039 0.121 
490    C4711    (0)   11 :  0.018 0.303 0.328 0.351 
491    C4713    (9)   11 :  0.074 0.331 0.088 0.507 
492    C4716    (0)   11 :  0.029 0.684 0.155 0.132 
493    C4717    (0)   11 :  0.039 0.892 0.025 0.044 
494    C4719    (0)   11 :  0.016 0.069 0.819 0.096 
495    C4721    (0)   11 :  0.041 0.921 0.018 0.020 
496    C4729    (0)   11 :  0.011 0.860 0.073 0.056 
497    C4730    (0)   11 :  0.022 0.910 0.040 0.028 
498    C4773    (0)   11 :  0.031 0.935 0.011 0.022 
499    C4861    (0)   11 :  0.029 0.092 0.595 0.284 
500    C4890    (0)   11 :  0.016 0.903 0.051 0.030 
501    C4718    (0)   11 :  0.029 0.364 0.365 0.242 
502    C4724    (0)   11 :  0.019 0.821 0.053 0.107 
503    C4738    (0)   11 :  0.019 0.768 0.024 0.189 
504    C4739    (0)   11 :  0.054 0.150 0.200 0.596 
505    C4844    (0)   11 :  0.047 0.712 0.117 0.124 
506    C4845    (0)   11 :  0.026 0.278 0.644 0.052 
507    C4681    (0)   11 :  0.292 0.659 0.028 0.021 
508    C4682    (0)   11 :  0.183 0.418 0.130 0.269 
509    C4683    (0)   11 :  0.159 0.728 0.072 0.041 
510    C4685    (0)   11 :  0.029 0.478 0.447 0.046 
511    C4715    (0)   11 :  0.077 0.451 0.326 0.146 
512    C4725    (0)   11 :  0.016 0.024 0.649 0.310 
513    C4799    (0)   11 :  0.435 0.267 0.229 0.069 
514    C4889    (9)   11 :  0.016 0.903 0.031 0.050 
515    C4641    (0)   12 :  0.008 0.963 0.014 0.014 
516    C4651    (0)   12 :  0.031 0.513 0.030 0.427 
517    C4657    (0)   12 :  0.011 0.971 0.010 0.008 
518    C4658    (0)   12 :  0.019 0.916 0.035 0.030 
519    C4660    (0)   12 :  0.025 0.775 0.118 0.082 
520    C4665    (0)   12 :  0.012 0.955 0.016 0.017 
521    C4666    (0)   12 :  0.023 0.552 0.298 0.127 
522    C4667    (0)   12 :  0.010 0.956 0.019 0.015 
523    C4668    (0)   12 :  0.031 0.888 0.017 0.064 
524    C4669    (0)   12 :  0.009 0.960 0.014 0.018 
525    C4670    (0)   12 :  0.008 0.838 0.116 0.038 
526    C4671    (0)   12 :  0.043 0.857 0.081 0.019 
527    C4672    (0)   12 :  0.130 0.500 0.090 0.279 
528    C4633    (0)   13 :  0.023 0.953 0.013 0.012 
529    C4635    (0)   13 :  0.011 0.932 0.022 0.035 
530    C4653    (0)   13 :  0.106 0.736 0.041 0.116 
531    C4654    (0)   13 :  0.018 0.949 0.020 0.014 
532    C4675    (0)   13 :  0.025 0.793 0.038 0.144 
533    C4679    (0)   13 :  0.012 0.016 0.093 0.880 
534    C4684    (0)   13 :  0.087 0.863 0.020 0.030 
535    C4686    (0)   13 :  0.024 0.942 0.018 0.016 
536    C4687    (0)   13 :  0.088 0.873 0.015 0.023 
537    U1941    (0)   14 :  0.091 0.019 0.035 0.855 
538    U1942    (0)   14 :  0.162 0.441 0.272 0.125 
539    U1957    (9)   14 :  0.673 0.042 0.120 0.165 
540    U2016    (0)   14 :  0.014 0.007 0.330 0.649 
541    U2021    (9)   14 :  0.045 0.039 0.773 0.143 
542    U2022    (0)   14 :  0.026 0.013 0.928 0.033 
543    U2023    (0)   14 :  0.014 0.033 0.767 0.186 
544    U2024    (0)   14 :  0.037 0.044 0.867 0.051 
545    U2025    (9)   14 :  0.053 0.020 0.895 0.032 
546    U2026    (0)   14 :  0.317 0.023 0.630 0.030 
547    U2027    (0)   14 :  0.044 0.087 0.308 0.561 
548    U2028    (0)   14 :  0.010 0.009 0.953 0.028 
549    U2029    (0)   14 :  0.011 0.037 0.910 0.042 
550    U2030    (0)   14 :  0.013 0.015 0.623 0.349 
551    U2031    (0)   14 :  0.014 0.020 0.405 0.561 
552    U1943    (0)   14 :  0.030 0.054 0.884 0.033 
553    U1944    (0)   14 :  0.024 0.046 0.528 0.402 
554    U1945    (0)   14 :  0.020 0.015 0.782 0.183 
555    U1946    (0)   14 :  0.025 0.028 0.111 0.835 
556    U1947    (0)   14 :  0.024 0.019 0.849 0.108 
557    U1948    (0)   14 :  0.184 0.077 0.492 0.247 
558    U1949    (0)   14 :  0.024 0.023 0.546 0.408 
559    U1955    (0)   14 :  0.196 0.052 0.100 0.653 
560    U2005    (0)   14 :  0.259 0.010 0.677 0.054 
561    U2006    (0)   14 :  0.019 0.012 0.273 0.695 
562    U2007    (0)   14 :  0.105 0.018 0.598 0.279 
563    U2008    (0)   14 :  0.014 0.011 0.797 0.179 
564    U2010    (9)   14 :  0.250 0.047 0.604 0.099 
565    U2011    (0)   14 :  0.026 0.013 0.073 0.889 
566    U2012    (0)   14 :  0.017 0.017 0.704 0.262 
567    U2014    (0)   14 :  0.024 0.201 0.631 0.144 
568    U2702    (0)   14 :  0.032 0.034 0.902 0.032 
569    U2703    (0)   14 :  0.029 0.163 0.770 0.038 
570    U2704    (0)   14 :  0.112 0.039 0.717 0.131 
571    U2706   (18)   14 :  0.025 0.087 0.497 0.391 
572    U2707    (0)   14 :  0.018 0.031 0.133 0.818 
573    U2708    (0)   14 :  0.015 0.064 0.863 0.059 
574    U2698    (0)   14 :  0.167 0.137 0.171 0.525 
575    U2700    (0)   14 :  0.049 0.026 0.649 0.276 
576    U1924    (0)   14 :  0.028 0.132 0.573 0.268 
577    U1930    (0)   14 :  0.021 0.020 0.044 0.915 
578    U1931    (0)   14 :  0.043 0.308 0.428 0.221 
579    U1933    (0)   14 :  0.021 0.054 0.408 0.518 
580    U1934    (0)   14 :  0.468 0.042 0.338 0.152 
581    U1935    (0)   14 :  0.474 0.090 0.248 0.188 
582    U1936    (9)   14 :  0.012 0.027 0.867 0.094 
583    U1938    (0)   14 :  0.035 0.150 0.510 0.305 
584    U1939    (0)   14 :  0.171 0.241 0.297 0.290 
585    U1950    (0)   14 :  0.017 0.040 0.112 0.831 
586    U1951    (0)   14 :  0.040 0.142 0.760 0.058 
587    U1953    (0)   14 :  0.018 0.010 0.097 0.875 
588    U1954    (0)   14 :  0.010 0.014 0.325 0.651 
589    U2044    (0)   14 :  0.064 0.013 0.907 0.016 
590    U2045    (0)   14 :  0.012 0.018 0.422 0.548 
591    U2046    (9)   14 :  0.034 0.025 0.845 0.096 
592    U2047    (0)   14 :  0.028 0.012 0.940 0.019 
593    U2048    (0)   14 :  0.037 0.018 0.775 0.170 
594    U2050    (0)   14 :  0.024 0.023 0.850 0.103 
595    U2051    (0)   14 :  0.016 0.016 0.856 0.113 
596    U2056    (0)   14 :  0.014 0.011 0.065 0.910 
597    U2057    (0)   14 :  0.096 0.030 0.192 0.681 
598    U2058    (0)   14 :  0.051 0.065 0.515 0.369 
599    U2059    (9)   14 :  0.089 0.178 0.045 0.688 
600    U2060    (0)   14 :  0.011 0.018 0.154 0.818 
601    U2061    (0)   14 :  0.017 0.011 0.237 0.735 
602    U2062    (9)   14 :  0.011 0.010 0.086 0.893 
603    U2063    (9)   14 :  0.022 0.016 0.065 0.897 
604    U2065    (0)   14 :  0.018 0.035 0.831 0.116 
605    U2067    (0)   14 :  0.034 0.064 0.230 0.672 
606    U2068    (0)   14 :  0.160 0.048 0.507 0.285 
607    U2069    (0)   14 :  0.015 0.017 0.342 0.627 
608    U2070    (0)   14 :  0.035 0.024 0.101 0.840 
609    U2071    (0)   14 :  0.021 0.014 0.902 0.063 
610    U2076    (0)   14 :  0.025 0.037 0.373 0.565 
611    U2077    (0)   14 :  0.224 0.189 0.320 0.266 
612    U2082    (0)   14 :  0.111 0.054 0.217 0.618 
613    U2084    (0)   14 :  0.326 0.035 0.389 0.251 
614    U2089    (0)   14 :  0.099 0.122 0.209 0.570 
615    U2090    (0)   14 :  0.046 0.650 0.087 0.217 
616    U2098    (0)   14 :  0.020 0.012 0.345 0.623 
617    U2108    (0)   14 :  0.208 0.127 0.646 0.018 
618    U2111    (0)   14 :  0.033 0.048 0.826 0.093 
619    U2113    (0)   14 :  0.046 0.050 0.831 0.073 
620    U2114    (0)   14 :  0.042 0.019 0.387 0.552 
621    U2115    (0)   14 :  0.014 0.016 0.929 0.041 
622    U2116    (9)   14 :  0.009 0.035 0.085 0.871 
623    U2117    (0)   14 :  0.622 0.237 0.089 0.051 
624    U2119    (0)   14 :  0.026 0.184 0.772 0.019 
625    U2120    (0)   14 :  0.085 0.023 0.134 0.758 
626    U2664    (0)   14 :  0.799 0.033 0.100 0.068 
627    U1198    (9)   15 :  0.064 0.373 0.294 0.270 
628    U1199    (0)   15 :  0.026 0.141 0.730 0.103 
629    U1200    (0)   15 :  0.013 0.013 0.950 0.023 
630    U1201    (0)   15 :  0.014 0.015 0.950 0.021 
631    U1202    (0)   15 :  0.018 0.018 0.915 0.049 
632    U1203    (0)   15 :  0.017 0.021 0.936 0.026 
633    U1205    (0)   15 :  0.028 0.015 0.880 0.077 
634    U1206    (0)   15 :  0.036 0.141 0.692 0.130 
635    U1207    (0)   15 :  0.020 0.036 0.911 0.033 
636    U1208    (0)   15 :  0.025 0.092 0.797 0.086 
637    U1209    (0)   15 :  0.041 0.014 0.904 0.040 
638    U1210    (0)   15 :  0.024 0.016 0.884 0.076 
639    U1211    (0)   15 :  0.069 0.020 0.889 0.021 
640    U1212    (0)   15 :  0.053 0.023 0.675 0.248 
641    U1213    (0)   15 :  0.050 0.024 0.731 0.195 
642    U1214    (9)   15 :  0.025 0.021 0.944 0.010 
643    U1215    (0)   15 :  0.015 0.089 0.881 0.015 
644    U1220    (0)   15 :  0.047 0.017 0.922 0.014 
645    U1224    (0)   15 :  0.017 0.018 0.870 0.095 
646    U1227    (0)   15 :  0.014 0.080 0.093 0.813 
647    U1229    (0)   15 :  0.010 0.038 0.926 0.026 
648    U1230    (0)   15 :  0.011 0.014 0.382 0.594 
649    U1231    (0)   15 :  0.017 0.017 0.591 0.375 
650    U1232    (0)   15 :  0.008 0.010 0.963 0.020 
651    U1233    (9)   15 :  0.028 0.323 0.542 0.108 
652    U1234    (0)   15 :  0.022 0.011 0.833 0.134 
653    U1235    (0)   15 :  0.007 0.010 0.963 0.020 
654    U1236    (0)   15 :  0.073 0.040 0.740 0.146 
655    U1238    (0)   15 :  0.017 0.016 0.935 0.032 
656    U1239    (0)   15 :  0.053 0.031 0.868 0.048 
657    U1240    (0)   15 :  0.022 0.026 0.909 0.042 
658    U1242    (0)   15 :  0.131 0.048 0.781 0.041 
659    U1243    (0)   15 :  0.014 0.015 0.910 0.060 
660    U1245    (0)   15 :  0.024 0.024 0.834 0.117 
661    U1246    (0)   15 :  0.024 0.032 0.913 0.031 
662    U1251    (0)   15 :  0.008 0.008 0.949 0.034 
663    U1273   (18)   15 :  0.016 0.051 0.078 0.855 
664    U1274    (0)   15 :  0.012 0.069 0.246 0.673 
665    U1294    (0)   15 :  0.011 0.029 0.933 0.027 
666    U1304   (18)   15 :  0.018 0.147 0.711 0.124 
667    U1307    (9)   15 :  0.059 0.015 0.885 0.041 
668    U1314    (9)   15 :  0.051 0.052 0.795 0.102 
669    U1315    (0)   15 :  0.018 0.026 0.672 0.285 
670    U1319    (0)   15 :  0.089 0.039 0.130 0.742 
671    U1320    (0)   15 :  0.015 0.019 0.310 0.655 
672    U1324    (0)   15 :  0.012 0.018 0.932 0.039 
673    U1331    (9)   15 :  0.015 0.023 0.828 0.134 
674    U1333    (9)   15 :  0.174 0.051 0.557 0.218 
675    U1340    (0)   15 :  0.024 0.013 0.764 0.198 
676    U1341    (9)   15 :  0.030 0.036 0.792 0.141 
677    U1344    (9)   15 :  0.120 0.019 0.471 0.390 
678    U1345    (0)   15 :  0.023 0.058 0.375 0.544 
679    U1346    (0)   15 :  0.009 0.012 0.928 0.052 
680    U1347    (0)   15 :  0.008 0.010 0.057 0.924 
681    U1348    (0)   15 :  0.014 0.019 0.955 0.012 
682    U1349    (0)   15 :  0.011 0.016 0.932 0.041 
683    U1354    (0)   15 :  0.009 0.017 0.954 0.020 
684    U1375    (0)   15 :  0.018 0.024 0.049 0.909 
685    U1383    (9)   15 :  0.015 0.019 0.394 0.572 
686    U1385    (0)   15 :  0.828 0.042 0.077 0.053 
687    U1386    (0)   15 :  0.025 0.014 0.358 0.603 
688    U1413    (9)   15 :  0.014 0.077 0.803 0.105 
689    U1417    (9)   15 :  0.066 0.111 0.601 0.222 
690    U1852    (0)   16 :  0.025 0.027 0.890 0.059 
691    U1853    (0)   16 :  0.059 0.093 0.601 0.247 
692    U1854    (0)   16 :  0.131 0.149 0.076 0.644 
693    U1855    (0)   16 :  0.084 0.107 0.240 0.569 
694    U1856    (0)   16 :  0.009 0.025 0.333 0.633 
695    U1858    (0)   16 :  0.027 0.014 0.896 0.063 
696    U1859    (0)   16 :  0.020 0.017 0.928 0.035 
697    U1860    (0)   16 :  0.018 0.035 0.114 0.833 
