

----------------------------------------------------
STRUCTURE by Pritchard, Stephens and Donnelly (2000)
     and Falush, Stephens and Pritchard (2003)
       Code by Pritchard, Falush and Hubisz
             Version 2.3.4 (Jul 2012)
----------------------------------------------------



Command line arguments:   bin\structure -m C:\Users\eschumacher\Documents\Butternut\butternut_STRUCTURE_withQU\50-50\mainparams -e C:\Users\eschumacher\Documents\Butternut\butternut_STRUCTURE_withQU\50-50\extraparams 
Input File:    C:\Users\eschumacher\Documents\Butternut\butternut_STRUCTURE_withQU\project_data

Run parameters:
   1015 individuals
   11 loci
   3 populations assumed
   50000 Burn-in period
   50000 Reps


--------------------------------------------
Proportion of membership of each pre-defined
 population in each of the 3 clusters

Given    Inferred Clusters       Number of
 Pop       1      2      3      Individuals

  1:     0.076  0.150  0.775       40
  2:     0.086  0.138  0.776       46
  3:     0.079  0.082  0.839       63
  4:     0.062  0.196  0.742       48
  5:     0.081  0.111  0.808       85
  6:     0.076  0.113  0.811       70
  7:     0.579  0.347  0.074       22
  8:     0.532  0.438  0.030       11
  9:     0.344  0.496  0.160       33
 10:     0.324  0.518  0.157       48
 11:     0.320  0.444  0.235       48
 12:     0.033  0.926  0.041       13
 13:     0.034  0.898  0.068        9
 14:     0.608  0.310  0.082       90
 15:     0.771  0.183  0.046       63
 16:     0.468  0.389  0.144       16
 17:     0.282  0.549  0.168       31
 18:     0.175  0.793  0.032       16
 19:     0.696  0.159  0.144       24
 20:     0.658  0.237  0.105       12
 21:     0.583  0.335  0.082       54
 22:     0.469  0.433  0.099       96
 23:     0.537  0.378  0.084       22
 24:     0.154  0.651  0.195       23
 25:     0.505  0.451  0.045       13
 26:     0.623  0.274  0.103       19
--------------------------------------------

Allele-freq. divergence among pops (Net nucleotide distance),
computed using point estimates of P.

      1       2       3      
 1      -    0.0056  0.0235  
 2   0.0056     -    0.0196  
 3   0.0235  0.0196     -    

Average distances (expected heterozygosity) between individuals in same cluster:
cluster  1  : 0.8549 
cluster  2  : 0.8549 
cluster  3  : 0.8341 

--------------------------------------------
Estimated Ln Prob of Data   = -48311.3
Mean value of ln likelihood = -47728.6
Variance of ln likelihood   = 1165.4
Mean value of alpha         = 0.0690

Mean value of Fst_1         = 0.0130
Mean value of Fst_2         = 0.0110
Mean value of Fst_3         = 0.0390


Inferred ancestry of individuals:
        Label (%Miss) Pop:  Inferred clusters
  1    C3984    (0)    1 :  0.015 0.015 0.970 
  2    C3985    (0)    1 :  0.016 0.024 0.960 
  3    C3986    (0)    1 :  0.012 0.012 0.976 
  4    C4231    (0)    1 :  0.028 0.090 0.882 
  5    C4344    (0)    1 :  0.051 0.023 0.926 
  6    C4347   (18)    1 :  0.020 0.047 0.933 
  7    C4352   (18)    1 :  0.034 0.033 0.933 
  8    C4355    (9)    1 :  0.024 0.039 0.937 
  9    C4358   (18)    1 :  0.794 0.158 0.048 
 10    C4419    (9)    1 :  0.032 0.428 0.540 
 11    C4428    (9)    1 :  0.013 0.023 0.964 
 12    C4436    (0)    1 :  0.014 0.026 0.960 
 13    C4437   (18)    1 :  0.029 0.193 0.778 
 14    C4450    (0)    1 :  0.117 0.227 0.656 
 15    C4531    (0)    1 :  0.044 0.577 0.379 
 16    C1615    (0)    1 :  0.089 0.229 0.683 
 17    C1616    (0)    1 :  0.243 0.527 0.230 
 18    C1617    (9)    1 :  0.018 0.034 0.949 
 19    C1618    (0)    1 :  0.067 0.109 0.824 
 20    C1619    (0)    1 :  0.115 0.101 0.784 
 21    C1620    (9)    1 :  0.118 0.151 0.731 
 22    C1621    (0)    1 :  0.263 0.616 0.122 
 23    C1623    (9)    1 :  0.158 0.721 0.121 
 24    C1625    (0)    1 :  0.131 0.212 0.657 
 25    C1626    (0)    1 :  0.074 0.731 0.195 
 26    C1627    (9)    1 :  0.042 0.091 0.867 
 27    C1633    (0)    1 :  0.024 0.065 0.911 
 28    C1637    (0)    1 :  0.025 0.049 0.926 
 29    C1650    (0)    1 :  0.032 0.067 0.901 
 30    C3202    (0)    1 :  0.019 0.021 0.960 
 31    C3248    (0)    1 :  0.035 0.025 0.939 
 32    C3304    (9)    1 :  0.027 0.038 0.935 
 33    C3326    (0)    1 :  0.061 0.079 0.860 
 34    C3333    (0)    1 :  0.054 0.031 0.915 
 35    C3339   (18)    1 :  0.042 0.029 0.929 
 36    C3346    (0)    1 :  0.014 0.010 0.976 
 37    C3349    (0)    1 :  0.045 0.031 0.924 
 38    C3367   (18)    1 :  0.023 0.039 0.939 
 39    C3374    (0)    1 :  0.014 0.012 0.973 
 40    C3405    (0)    1 :  0.054 0.055 0.890 
 41    C4543    (0)    2 :  0.019 0.032 0.949 
 42    C4545    (9)    2 :  0.024 0.023 0.953 
 43    C4551    (9)    2 :  0.225 0.308 0.467 
 44    C4491    (0)    2 :  0.131 0.109 0.760 
 45    C4494    (0)    2 :  0.012 0.011 0.977 
 46    C4495    (0)    2 :  0.210 0.041 0.749 
 47    C4497    (9)    2 :  0.023 0.019 0.958 
 48    C4501    (0)    2 :  0.109 0.247 0.644 
 49    C4502    (0)    2 :  0.023 0.027 0.951 
 50    C4503    (0)    2 :  0.261 0.185 0.554 
 51    C4504    (0)    2 :  0.571 0.053 0.376 
 52    C4470    (0)    2 :  0.142 0.149 0.709 
 53    C4471    (0)    2 :  0.039 0.049 0.913 
 54    C4474    (9)    2 :  0.146 0.665 0.189 
 55    C4476    (0)    2 :  0.027 0.031 0.942 
 56    C4478    (0)    2 :  0.030 0.034 0.936 
 57    C4479    (0)    2 :  0.017 0.066 0.917 
 58    C4482    (0)    2 :  0.036 0.122 0.841 
 59    C4483    (0)    2 :  0.060 0.553 0.387 
 60    C4484    (0)    2 :  0.071 0.064 0.865 
 61    C4485    (0)    2 :  0.160 0.099 0.741 
 62    C4489    (0)    2 :  0.021 0.024 0.955 
 63    C4505    (0)    2 :  0.044 0.034 0.922 
 64    C4507    (0)    2 :  0.158 0.123 0.720 
 65    C4535    (0)    2 :  0.111 0.400 0.489 
 66    C4542    (0)    2 :  0.096 0.831 0.073 
 67    C4553    (9)    2 :  0.037 0.065 0.898 
 68    C4562   (18)    2 :  0.049 0.063 0.888 
 69    C4582   (18)    2 :  0.049 0.320 0.631 
 70    C4693    (0)    2 :  0.013 0.139 0.847 
 71    C4696    (0)    2 :  0.102 0.155 0.744 
 72    C3179    (0)    2 :  0.095 0.016 0.889 
 73    C3181    (0)    2 :  0.059 0.062 0.879 
 74    C3188    (0)    2 :  0.063 0.042 0.895 
 75    C3190    (0)    2 :  0.027 0.044 0.929 
 76    C3193    (0)    2 :  0.019 0.021 0.960 
 77    C3232    (0)    2 :  0.014 0.016 0.970 
 78    C3236    (0)    2 :  0.011 0.011 0.979 
 79    C3249    (0)    2 :  0.053 0.075 0.872 
 80    C3250    (0)    2 :  0.015 0.021 0.965 
 81    C3253    (0)    2 :  0.023 0.028 0.949 
 82    C3255    (0)    2 :  0.016 0.017 0.967 
 83    C3277    (0)    2 :  0.137 0.210 0.653 
 84    C3315    (0)    2 :  0.201 0.599 0.201 
 85    C3288    (0)    2 :  0.025 0.038 0.938 
 86    C3293    (0)    2 :  0.166 0.127 0.706 
 87    C4018    (0)    3 :  0.010 0.014 0.976 
 88    C3980    (0)    3 :  0.018 0.054 0.928 
 89    C3987    (0)    3 :  0.016 0.042 0.942 
 90    C3988    (0)    3 :  0.014 0.017 0.969 
 91    C3989    (0)    3 :  0.048 0.039 0.912 
 92    C4011    (0)    3 :  0.007 0.008 0.985 
 93    C4017    (0)    3 :  0.010 0.016 0.974 
 94    C4296    (0)    3 :  0.235 0.414 0.350 
 95    C4301    (9)    3 :  0.604 0.345 0.051 
 96    C4303    (0)    3 :  0.162 0.387 0.451 
 97    C4453    (0)    3 :  0.041 0.050 0.908 
 98    C4455    (9)    3 :  0.022 0.040 0.937 
 99    C4456   (18)    3 :  0.126 0.291 0.583 
100    C4457    (9)    3 :  0.119 0.186 0.695 
101    C4459    (9)    3 :  0.016 0.021 0.963 
102    C4464   (18)    3 :  0.014 0.012 0.974 
103    C4468    (9)    3 :  0.026 0.057 0.917 
104    C4783    (0)    3 :  0.025 0.024 0.951 
105    C4786    (0)    3 :  0.014 0.021 0.965 
106    C4789    (9)    3 :  0.017 0.032 0.951 
107    C4891    (0)    3 :  0.039 0.038 0.923 
108    C4896    (0)    3 :  0.046 0.189 0.765 
109    C4898    (0)    3 :  0.024 0.034 0.942 
110    C4901    (0)    3 :  0.012 0.042 0.946 
111    C4903    (9)    3 :  0.041 0.165 0.794 
112    C4904    (0)    3 :  0.032 0.021 0.947 
113    C3263    (0)    3 :  0.096 0.023 0.881 
114    C3271    (0)    3 :  0.025 0.017 0.958 
115    C3272    (0)    3 :  0.069 0.024 0.907 
116    C3276    (0)    3 :  0.227 0.201 0.572 
117    C3280    (9)    3 :  0.260 0.067 0.672 
118    C3305    (9)    3 :  0.035 0.028 0.938 
119    C3306    (0)    3 :  0.071 0.090 0.839 
120    C3324    (0)    3 :  0.497 0.036 0.467 
121    C3329    (0)    3 :  0.092 0.111 0.796 
122    C3336    (0)    3 :  0.064 0.034 0.902 
123    C3341   (18)    3 :  0.549 0.259 0.192 
124    C3409   (18)    3 :  0.146 0.286 0.568 
125    C3168    (9)    3 :  0.024 0.017 0.958 
126    C3170    (0)    3 :  0.033 0.021 0.946 
127    C3214   (18)    3 :  0.016 0.242 0.742 
128    C3227    (0)    3 :  0.023 0.040 0.937 
129    C3228    (0)    3 :  0.058 0.118 0.824 
130    C3278    (0)    3 :  0.057 0.029 0.915 
131    C3279    (0)    3 :  0.060 0.050 0.889 
132    C3321    (0)    3 :  0.010 0.011 0.979 
133    C3322    (0)    3 :  0.074 0.226 0.701 
134    C3303    (0)    3 :  0.071 0.049 0.880 
135    C3317    (0)    3 :  0.027 0.023 0.950 
136    C3355    (0)    3 :  0.016 0.014 0.970 
137    C3376    (9)    3 :  0.022 0.099 0.879 
138    C3401    (0)    3 :  0.047 0.059 0.894 
139    C3203    (9)    3 :  0.045 0.059 0.896 
140    C3245    (0)    3 :  0.043 0.051 0.906 
141    C3302    (0)    3 :  0.054 0.045 0.902 
142    C3307    (0)    3 :  0.073 0.050 0.877 
143    C3310    (0)    3 :  0.039 0.018 0.942 
144    C3312    (9)    3 :  0.053 0.060 0.887 
145    C3345    (0)    3 :  0.027 0.015 0.958 
146    C3371    (0)    3 :  0.056 0.017 0.927 
147    C3372    (0)    3 :  0.051 0.033 0.916 
148    C3380    (9)    3 :  0.009 0.014 0.977 
149    C3417    (0)    3 :  0.126 0.060 0.814 
150    C4569    (9)    4 :  0.200 0.619 0.182 
151    C4570    (9)    4 :  0.027 0.082 0.891 
152    C4571    (9)    4 :  0.019 0.125 0.855 
153    C4572    (9)    4 :  0.025 0.235 0.741 
154    C4573    (9)    4 :  0.073 0.850 0.077 
155    C4575    (9)    4 :  0.048 0.635 0.317 
156    C4577    (9)    4 :  0.025 0.097 0.878 
157    C4578    (9)    4 :  0.082 0.651 0.268 
158    C4600   (18)    4 :  0.191 0.255 0.554 
159    C4612    (9)    4 :  0.041 0.740 0.220 
160    C4621    (0)    4 :  0.012 0.046 0.942 
161    C4622    (9)    4 :  0.021 0.029 0.951 
162    C4623    (0)    4 :  0.186 0.219 0.595 
163    C4624    (0)    4 :  0.048 0.395 0.557 
164    C4625    (0)    4 :  0.051 0.845 0.104 
165    C4627    (0)    4 :  0.047 0.121 0.832 
166    C4631    (0)    4 :  0.268 0.180 0.552 
167    C4632    (0)    4 :  0.025 0.049 0.926 
168    C3939    (0)    4 :  0.023 0.033 0.943 
169    C3940    (0)    4 :  0.071 0.304 0.625 
170    C3945    (0)    4 :  0.016 0.015 0.969 
171    C4520    (0)    4 :  0.252 0.262 0.487 
172    C4522    (0)    4 :  0.012 0.017 0.971 
173    C3182    (0)    4 :  0.022 0.016 0.962 
174    C3189    (0)    4 :  0.148 0.215 0.638 
175    C3191    (9)    4 :  0.073 0.062 0.865 
176    C3196    (0)    4 :  0.051 0.036 0.914 
177    C3208    (0)    4 :  0.050 0.070 0.880 
178    C3211    (0)    4 :  0.036 0.024 0.940 
179    C3212    (0)    4 :  0.231 0.436 0.333 
180    C3213    (0)    4 :  0.056 0.027 0.917 
181    C3215    (0)    4 :  0.066 0.626 0.308 
182    C3217    (0)    4 :  0.044 0.025 0.931 
183    C3225    (9)    4 :  0.047 0.040 0.913 
184    C3226    (0)    4 :  0.012 0.012 0.976 
185    C3238    (9)    4 :  0.017 0.030 0.953 
186    C3239    (0)    4 :  0.026 0.034 0.940 
187    C3269   (18)    4 :  0.046 0.407 0.548 
188    C3273    (0)    4 :  0.021 0.037 0.941 
189    C3274    (0)    4 :  0.053 0.276 0.670 
190    C3354    (0)    4 :  0.038 0.051 0.911 
191    C3361    (0)    4 :  0.020 0.034 0.946 
192    C3289    (0)    4 :  0.019 0.022 0.959 
193    C3169    (0)    4 :  0.013 0.016 0.972 
194    C3199    (9)    4 :  0.016 0.035 0.949 
195    C3224    (0)    4 :  0.036 0.025 0.939 
196    C3261   (18)    4 :  0.028 0.014 0.959 
197    C3320    (0)    4 :  0.030 0.039 0.932 
198    C4151    (0)    5 :  0.013 0.035 0.952 
199    C4152    (0)    5 :  0.019 0.123 0.858 
200    C4153    (0)    5 :  0.027 0.053 0.920 
201    C4154   (18)    5 :  0.031 0.016 0.953 
202    C4157    (0)    5 :  0.035 0.033 0.933 
203    C4158    (0)    5 :  0.017 0.125 0.858 
204    C4163    (0)    5 :  0.011 0.031 0.958 
205    C4165    (0)    5 :  0.432 0.139 0.429 
206    C4248    (9)    5 :  0.034 0.028 0.938 
207    C4371    (9)    5 :  0.042 0.037 0.921 
208    C3936    (0)    5 :  0.034 0.047 0.920 
209    C3937    (0)    5 :  0.015 0.067 0.919 
210    C3944    (0)    5 :  0.010 0.013 0.977 
211    C3954    (0)    5 :  0.011 0.022 0.967 
212    C3955    (9)    5 :  0.014 0.040 0.946 
213    C3961    (0)    5 :  0.025 0.023 0.951 
214    C3974    (0)    5 :  0.030 0.165 0.806 
215    C4024    (0)    5 :  0.033 0.021 0.946 
216    C4025    (0)    5 :  0.030 0.078 0.892 
217    C4028    (0)    5 :  0.037 0.259 0.704 
218    C4032   (18)    5 :  0.015 0.025 0.960 
219    C4033   (18)    5 :  0.021 0.019 0.960 
220    C4034    (0)    5 :  0.156 0.049 0.795 
221    C4041    (9)    5 :  0.212 0.114 0.675 
222    C4043    (9)    5 :  0.026 0.032 0.943 
223    C4044    (9)    5 :  0.646 0.123 0.231 
224    C4045    (9)    5 :  0.021 0.047 0.932 
225    C4046    (9)    5 :  0.036 0.048 0.916 
226    C4047    (0)    5 :  0.103 0.095 0.802 
227    C4048    (9)    5 :  0.226 0.122 0.652 
228    C4055    (9)    5 :  0.042 0.077 0.881 
229    C4057   (18)    5 :  0.038 0.016 0.947 
230    C4059    (0)    5 :  0.017 0.029 0.954 
231    C4060    (9)    5 :  0.023 0.055 0.922 
232    C4064    (9)    5 :  0.072 0.556 0.372 
233    C4067    (0)    5 :  0.172 0.078 0.750 
234    C4068    (9)    5 :  0.027 0.034 0.939 
235    C4070    (9)    5 :  0.121 0.048 0.831 
236    C4075   (18)    5 :  0.025 0.038 0.937 
237    C4081    (9)    5 :  0.046 0.060 0.894 
238    C4082    (0)    5 :  0.028 0.041 0.931 
239    C4083    (0)    5 :  0.435 0.170 0.395 
240    C4086    (0)    5 :  0.050 0.090 0.860 
241    C4088    (9)    5 :  0.042 0.841 0.118 
242    C4092    (0)    5 :  0.045 0.019 0.936 
243    C4099    (9)    5 :  0.076 0.104 0.820 
244    C4104    (0)    5 :  0.041 0.027 0.932 
245    C4108   (18)    5 :  0.684 0.298 0.018 
246    C4118    (0)    5 :  0.249 0.245 0.506 
247    C4131    (0)    5 :  0.027 0.087 0.886 
248    C4133    (0)    5 :  0.017 0.022 0.961 
249    C4135    (0)    5 :  0.010 0.009 0.980 
250    C4136    (0)    5 :  0.079 0.686 0.235 
251    C4137    (9)    5 :  0.027 0.044 0.929 
252    C4139    (0)    5 :  0.017 0.018 0.965 
253    C4140    (9)    5 :  0.020 0.015 0.965 
254    C4167    (0)    5 :  0.042 0.493 0.465 
255    C4236    (0)    5 :  0.046 0.133 0.820 
256    C4237    (0)    5 :  0.075 0.861 0.064 
257    C4238    (0)    5 :  0.027 0.064 0.910 
258    C4241    (0)    5 :  0.028 0.025 0.947 
259    C4247    (9)    5 :  0.226 0.119 0.655 
260    C4257    (0)    5 :  0.028 0.084 0.889 
261    C4383    (0)    5 :  0.256 0.206 0.538 
262    C4397    (9)    5 :  0.015 0.020 0.965 
263    C4514    (0)    5 :  0.018 0.018 0.963 
264    C4519    (0)    5 :  0.028 0.133 0.839 
265    C4527    (0)    5 :  0.019 0.015 0.966 
266    C4534    (0)    5 :  0.102 0.031 0.866 
267    C4699    (0)    5 :  0.070 0.166 0.763 
268    C1541    (9)    5 :  0.015 0.017 0.968 
269    C1542    (9)    5 :  0.023 0.024 0.954 
270    C1544    (0)    5 :  0.022 0.027 0.951 
271    C1547    (9)    5 :  0.358 0.347 0.294 
272    C1553    (9)    5 :  0.275 0.333 0.392 
273    C1555    (9)    5 :  0.036 0.092 0.872 
274    C1557    (0)    5 :  0.027 0.031 0.942 
275    C1560    (0)    5 :  0.031 0.032 0.937 
276    C1565    (0)    5 :  0.072 0.025 0.904 
277    C1567    (0)    5 :  0.040 0.088 0.872 
278    C1569    (0)    5 :  0.022 0.029 0.949 
279    C1571    (0)    5 :  0.082 0.081 0.836 
280    C1576    (0)    5 :  0.031 0.138 0.831 
281    C1577    (9)    5 :  0.043 0.051 0.906 
282    C1579    (0)    5 :  0.035 0.032 0.933 
283    C3990    (0)    6 :  0.011 0.018 0.971 
284    C3991    (0)    6 :  0.061 0.247 0.692 
285    C3992    (0)    6 :  0.029 0.353 0.618 
286    C3994    (0)    6 :  0.087 0.117 0.796 
287    C4172    (0)    6 :  0.059 0.895 0.046 
288    C4173    (9)    6 :  0.426 0.144 0.430 
289    C4232    (9)    6 :  0.011 0.012 0.977 
290    C4234    (9)    6 :  0.015 0.015 0.970 
291    C4259    (0)    6 :  0.016 0.014 0.970 
292    C4260    (0)    6 :  0.011 0.013 0.976 
293    C4261    (9)    6 :  0.219 0.136 0.644 
294    C4262    (0)    6 :  0.050 0.042 0.908 
295    C4263    (0)    6 :  0.044 0.039 0.917 
296    C4267    (9)    6 :  0.022 0.044 0.934 
297    C4269    (0)    6 :  0.037 0.038 0.925 
298    C4272    (0)    6 :  0.025 0.016 0.959 
299    C4274    (0)    6 :  0.030 0.519 0.451 
300    C4276    (9)    6 :  0.056 0.907 0.037 
301    C4278    (0)    6 :  0.066 0.043 0.891 
302    C4280    (0)    6 :  0.031 0.032 0.937 
303    C4281    (0)    6 :  0.021 0.066 0.914 
304    C4282    (0)    6 :  0.698 0.044 0.258 
305    C4284    (9)    6 :  0.011 0.013 0.975 
306    C4286    (9)    6 :  0.040 0.206 0.754 
307    C4287    (0)    6 :  0.059 0.058 0.884 
308    C4290    (0)    6 :  0.068 0.888 0.044 
309    C4307   (18)    6 :  0.048 0.029 0.923 
310    C4310    (9)    6 :  0.021 0.061 0.918 
311    C4311   (18)    6 :  0.041 0.039 0.920 
312    C4312    (0)    6 :  0.018 0.024 0.958 
313    C4314    (0)    6 :  0.029 0.359 0.613 
314    C4318    (9)    6 :  0.089 0.051 0.861 
315    C4321    (9)    6 :  0.030 0.027 0.942 
316    C4324    (0)    6 :  0.063 0.038 0.899 
317    C4334    (0)    6 :  0.026 0.013 0.961 
318    C4529    (0)    6 :  0.048 0.074 0.878 
319    C1582    (9)    6 :  0.016 0.028 0.956 
320    C1583    (0)    6 :  0.041 0.064 0.895 
321    C1584    (9)    6 :  0.023 0.037 0.940 
322    C1585    (0)    6 :  0.013 0.015 0.972 
323    C1586    (0)    6 :  0.074 0.024 0.902 
324    C1589    (0)    6 :  0.013 0.018 0.968 
325    C1591    (0)    6 :  0.013 0.015 0.972 
326    C1592    (0)    6 :  0.037 0.046 0.917 
327    C1594    (0)    6 :  0.023 0.069 0.908 
328    C1597    (9)    6 :  0.049 0.032 0.920 
329    C1598    (9)    6 :  0.019 0.044 0.938 
330    C1599    (0)    6 :  0.021 0.017 0.962 
331    C1601    (0)    6 :  0.059 0.104 0.837 
332    C1605    (0)    6 :  0.194 0.607 0.199 
333    C1609    (0)    6 :  0.014 0.012 0.975 
334    C1610    (0)    6 :  0.119 0.147 0.735 
335    C1611    (0)    6 :  0.101 0.029 0.870 
336    C1612    (0)    6 :  0.014 0.013 0.973 
337    C1613    (0)    6 :  0.042 0.031 0.927 
338    C3173    (9)    6 :  0.115 0.089 0.795 
339    C3204    (0)    6 :  0.032 0.034 0.934 
340    C3223    (9)    6 :  0.612 0.085 0.303 
341    C3262    (0)    6 :  0.035 0.096 0.869 
342    C3270    (0)    6 :  0.022 0.021 0.956 
343    C3300    (0)    6 :  0.010 0.011 0.979 
344    C3330    (0)    6 :  0.031 0.034 0.935 
345    C3390    (9)    6 :  0.020 0.019 0.962 
346    C3424    (9)    6 :  0.023 0.031 0.946 
347    C3958    (0)    6 :  0.021 0.025 0.954 
348    C3962    (0)    6 :  0.014 0.013 0.973 
349    C4019    (0)    6 :  0.652 0.294 0.053 
350    C3995   (18)    6 :  0.086 0.064 0.850 
351    C4000    (0)    6 :  0.117 0.108 0.775 
352    C4002    (0)    6 :  0.027 0.033 0.941 
353    C1692    (0)    7 :  0.270 0.678 0.052 
354    C1693    (0)    7 :  0.402 0.278 0.320 
355    C1694    (0)    7 :  0.767 0.151 0.082 
356    C1698    (0)    7 :  0.890 0.096 0.014 
357    C1699    (0)    7 :  0.519 0.445 0.036 
358    C1700    (0)    7 :  0.344 0.498 0.159 
359    C1701    (0)    7 :  0.280 0.700 0.020 
360    C1702    (0)    7 :  0.469 0.514 0.017 
361    C1703    (0)    7 :  0.702 0.281 0.018 
362    C1704    (0)    7 :  0.715 0.146 0.140 
363    C1705    (0)    7 :  0.351 0.598 0.051 
364    C1706    (0)    7 :  0.410 0.570 0.019 
365    C1707    (0)    7 :  0.070 0.644 0.285 
366    C1708    (0)    7 :  0.943 0.037 0.020 
367    C1709    (0)    7 :  0.876 0.080 0.043 
368    C1710    (0)    7 :  0.674 0.288 0.038 
369    C1712    (0)    7 :  0.925 0.057 0.018 
370    C1714    (0)    7 :  0.928 0.051 0.022 
371    C1715    (0)    7 :  0.217 0.758 0.025 
372    C1717    (0)    7 :  0.489 0.451 0.060 
373    C1718   (18)    7 :  0.707 0.251 0.042 
374    C1719    (0)    7 :  0.788 0.065 0.147 
375    C1656    (0)    8 :  0.145 0.838 0.017 
376    C1657   (18)    8 :  0.825 0.147 0.029 
377    C1658    (0)    8 :  0.403 0.587 0.011 
378    C1659    (0)    8 :  0.070 0.884 0.046 
379    C1661    (9)    8 :  0.230 0.719 0.051 
380    C1665    (0)    8 :  0.649 0.324 0.027 
381    C1667    (9)    8 :  0.972 0.020 0.008 
382    C1676    (9)    8 :  0.617 0.354 0.029 
383    C1681    (9)    8 :  0.311 0.657 0.032 
384    C1682    (0)    8 :  0.863 0.115 0.022 
385    C1685    (0)    8 :  0.770 0.175 0.055 
386    C4707    (0)    9 :  0.344 0.610 0.046 
387    C4747    (0)    9 :  0.466 0.142 0.392 
388    C4772    (0)    9 :  0.185 0.349 0.466 
389    C4781    (0)    9 :  0.365 0.567 0.068 
390    C4782    (0)    9 :  0.322 0.509 0.169 
391    C4787    (0)    9 :  0.443 0.460 0.097 
392    C4790    (0)    9 :  0.904 0.055 0.041 
393    C4803    (0)    9 :  0.396 0.491 0.113 
394    C4813    (0)    9 :  0.106 0.633 0.261 
395    C4837    (0)    9 :  0.277 0.591 0.132 
396    C4838    (0)    9 :  0.175 0.793 0.032 
397    C4843    (0)    9 :  0.216 0.717 0.067 
398    C4857    (0)    9 :  0.035 0.164 0.800 
399    C4828    (0)    9 :  0.194 0.476 0.330 
400    C4835    (0)    9 :  0.056 0.738 0.206 
401    C4836    (9)    9 :  0.356 0.500 0.143 
402    C4842    (0)    9 :  0.441 0.534 0.025 
403    C4863    (9)    9 :  0.513 0.435 0.052 
404    C4744    (0)    9 :  0.862 0.107 0.031 
405    C4745    (0)    9 :  0.246 0.701 0.053 
406    C4768    (0)    9 :  0.521 0.310 0.168 
407    C4769    (0)    9 :  0.127 0.848 0.025 
408    C4771    (0)    9 :  0.366 0.614 0.020 
409    C4784    (0)    9 :  0.437 0.350 0.213 
410    C4785    (0)    9 :  0.874 0.087 0.039 
411    C4795    (0)    9 :  0.231 0.548 0.221 
412    C4796    (0)    9 :  0.711 0.267 0.022 
413    C4800    (0)    9 :  0.042 0.899 0.058 
414    C4801    (0)    9 :  0.164 0.712 0.124 
415    C4802    (0)    9 :  0.134 0.301 0.565 
416    C4805    (0)    9 :  0.508 0.449 0.043 
417    C4806    (0)    9 :  0.208 0.767 0.024 
418    C4850    (0)    9 :  0.121 0.635 0.243 
419    C4748    (0)   10 :  0.049 0.925 0.026 
420    C4753    (0)   10 :  0.760 0.197 0.043 
421    C4754    (0)   10 :  0.309 0.651 0.040 
422    C4760    (0)   10 :  0.109 0.576 0.315 
423    C4761    (0)   10 :  0.108 0.840 0.051 
424    C4762    (0)   10 :  0.645 0.283 0.071 
425    C4791    (0)   10 :  0.481 0.490 0.029 
426    C4810    (0)   10 :  0.061 0.837 0.101 
427    C4812    (0)   10 :  0.164 0.764 0.072 
428    C4821    (0)   10 :  0.132 0.657 0.211 
429    C4864    (0)   10 :  0.066 0.509 0.425 
430    C4866    (0)   10 :  0.082 0.898 0.020 
431    C1722    (0)   10 :  0.215 0.744 0.041 
432    C1724    (0)   10 :  0.215 0.771 0.014 
433    C1725    (0)   10 :  0.674 0.289 0.037 
434    C1726    (0)   10 :  0.621 0.362 0.018 
435    C1731    (0)   10 :  0.362 0.597 0.041 
436    C1733    (9)   10 :  0.031 0.943 0.026 
437    C1734    (0)   10 :  0.300 0.652 0.048 
438    C1735    (0)   10 :  0.750 0.239 0.011 
439    C1738    (0)   10 :  0.073 0.893 0.034 
440    C1740    (9)   10 :  0.191 0.718 0.091 
441    C1741    (0)   10 :  0.265 0.218 0.517 
442    C1742    (0)   10 :  0.826 0.133 0.040 
443    C1743    (0)   10 :  0.875 0.095 0.029 
444    C1745    (0)   10 :  0.280 0.671 0.049 
445    C1746    (0)   10 :  0.296 0.627 0.078 
446    C1747    (0)   10 :  0.405 0.534 0.061 
447    C4742    (9)   10 :  0.331 0.481 0.187 
448    C4752    (0)   10 :  0.041 0.336 0.623 
449    C4792    (0)   10 :  0.087 0.555 0.359 
450    C4811    (0)   10 :  0.037 0.191 0.772 
451    C4814    (0)   10 :  0.094 0.733 0.173 
452    C4815    (0)   10 :  0.142 0.665 0.193 
453    C4818    (0)   10 :  0.125 0.482 0.393 
454    C4819    (0)   10 :  0.240 0.567 0.193 
455    C4826    (0)   10 :  0.513 0.470 0.017 
456    C4829    (0)   10 :  0.729 0.209 0.062 
457    C4830    (0)   10 :  0.764 0.204 0.033 
458    C4831    (0)   10 :  0.072 0.188 0.740 
459    C4832    (0)   10 :  0.411 0.567 0.022 
460    C4858    (0)   10 :  0.534 0.360 0.106 
461    C4757    (0)   10 :  0.113 0.662 0.225 
462    C4770    (9)   10 :  0.070 0.155 0.775 
463    C4808    (0)   10 :  0.118 0.833 0.049 
464    C4809    (0)   10 :  0.263 0.724 0.013 
465    C4820    (0)   10 :  0.685 0.257 0.057 
466    C4824    (0)   10 :  0.844 0.135 0.021 
467    C4706    (0)   11 :  0.175 0.811 0.013 
468    C4708    (0)   11 :  0.016 0.054 0.930 
469    C4709    (0)   11 :  0.790 0.162 0.048 
470    C4714    (0)   11 :  0.350 0.383 0.267 
471    C4722    (0)   11 :  0.661 0.297 0.042 
472    C4726    (0)   11 :  0.117 0.669 0.215 
473    C4733    (0)   11 :  0.138 0.533 0.329 
474    C4734    (0)   11 :  0.186 0.769 0.045 
475    C4737    (0)   11 :  0.895 0.070 0.035 
476    C4882    (0)   11 :  0.341 0.639 0.020 
477    C4883    (0)   11 :  0.543 0.104 0.353 
478    C4702    (9)   11 :  0.307 0.482 0.211 
479    C4703    (0)   11 :  0.135 0.632 0.234 
480    C4727    (0)   11 :  0.412 0.566 0.023 
481    C4732    (0)   11 :  0.846 0.111 0.043 
482    C4735    (0)   11 :  0.215 0.752 0.034 
483    C4736    (0)   11 :  0.086 0.268 0.646 
484    C4746    (0)   11 :  0.380 0.542 0.078 
485    C4777    (0)   11 :  0.787 0.191 0.022 
486    C4846    (0)   11 :  0.140 0.083 0.777 
487    C4847    (0)   11 :  0.359 0.621 0.020 
488    C4884    (0)   11 :  0.632 0.318 0.050 
489    C4705    (0)   11 :  0.075 0.813 0.111 
490    C4711    (0)   11 :  0.105 0.858 0.037 
491    C4713    (9)   11 :  0.122 0.764 0.115 
492    C4716    (0)   11 :  0.192 0.739 0.069 
493    C4717    (0)   11 :  0.065 0.448 0.487 
494    C4719    (0)   11 :  0.772 0.204 0.025 
495    C4721    (0)   11 :  0.021 0.124 0.855 
496    C4729    (0)   11 :  0.116 0.850 0.034 
497    C4730    (0)   11 :  0.152 0.491 0.358 
498    C4773    (0)   11 :  0.027 0.259 0.715 
499    C4861    (0)   11 :  0.586 0.371 0.043 
500    C4890    (0)   11 :  0.271 0.579 0.150 
501    C4718    (0)   11 :  0.384 0.569 0.047 
502    C4724    (0)   11 :  0.139 0.712 0.149 
503    C4738    (0)   11 :  0.055 0.852 0.093 
504    C4739    (0)   11 :  0.369 0.541 0.091 
505    C4844    (0)   11 :  0.228 0.529 0.243 
506    C4845    (0)   11 :  0.644 0.296 0.060 
507    C4681    (0)   11 :  0.030 0.060 0.910 
508    C4682    (0)   11 :  0.194 0.460 0.346 
509    C4683    (0)   11 :  0.095 0.228 0.677 
510    C4685    (0)   11 :  0.710 0.177 0.113 
511    C4715    (0)   11 :  0.362 0.407 0.230 
512    C4725    (0)   11 :  0.856 0.126 0.019 
513    C4799    (0)   11 :  0.216 0.116 0.668 
514    C4889    (9)   11 :  0.068 0.706 0.226 
515    C4641    (0)   12 :  0.015 0.965 0.021 
516    C4651    (0)   12 :  0.021 0.948 0.031 
517    C4657    (0)   12 :  0.020 0.801 0.179 
518    C4658    (0)   12 :  0.037 0.914 0.049 
519    C4660    (0)   12 :  0.061 0.891 0.047 
520    C4665    (0)   12 :  0.014 0.971 0.014 
521    C4666    (0)   12 :  0.071 0.906 0.023 
522    C4667    (0)   12 :  0.023 0.957 0.020 
523    C4668    (0)   12 :  0.011 0.970 0.019 
524    C4669    (0)   12 :  0.016 0.964 0.020 
525    C4670    (0)   12 :  0.055 0.934 0.010 
526    C4671    (0)   12 :  0.050 0.877 0.074 
527    C4672    (0)   12 :  0.037 0.936 0.027 
528    C4633    (0)   13 :  0.012 0.965 0.023 
529    C4635    (0)   13 :  0.016 0.965 0.019 
530    C4653    (0)   13 :  0.032 0.835 0.133 
531    C4654    (0)   13 :  0.018 0.961 0.021 
532    C4675    (0)   13 :  0.016 0.972 0.012 
533    C4679    (0)   13 :  0.151 0.836 0.014 
534    C4684    (0)   13 :  0.016 0.915 0.069 
535    C4686    (0)   13 :  0.025 0.901 0.074 
536    C4687    (0)   13 :  0.020 0.735 0.246 
537    U1941    (0)   14 :  0.091 0.865 0.044 
538    U1942    (0)   14 :  0.255 0.401 0.344 
539    U1957    (9)   14 :  0.260 0.296 0.444 
540    U2016    (0)   14 :  0.915 0.075 0.011 
541    U2021    (9)   14 :  0.813 0.141 0.046 
542    U2022    (0)   14 :  0.958 0.020 0.022 
543    U2023    (0)   14 :  0.803 0.180 0.018 
544    U2024    (0)   14 :  0.902 0.040 0.059 
545    U2025    (9)   14 :  0.908 0.048 0.044 
546    U2026    (0)   14 :  0.696 0.052 0.251 
547    U2027    (0)   14 :  0.225 0.738 0.037 
548    U2028    (0)   14 :  0.968 0.022 0.010 
549    U2029    (0)   14 :  0.911 0.074 0.015 
550    U2030    (0)   14 :  0.890 0.097 0.013 
551    U2031    (0)   14 :  0.679 0.308 0.014 
552    U1943    (0)   14 :  0.901 0.052 0.046 
553    U1944    (0)   14 :  0.704 0.270 0.027 
554    U1945    (0)   14 :  0.888 0.093 0.019 
555    U1946    (0)   14 :  0.279 0.696 0.025 
556    U1947    (0)   14 :  0.957 0.020 0.023 
557    U1948    (0)   14 :  0.577 0.309 0.114 
558    U1949    (0)   14 :  0.640 0.338 0.022 
559    U1955    (0)   14 :  0.314 0.456 0.230 
560    U2005    (0)   14 :  0.910 0.040 0.049 
561    U2006    (0)   14 :  0.687 0.297 0.016 
562    U2007    (0)   14 :  0.811 0.144 0.044 
563    U2008    (0)   14 :  0.856 0.133 0.011 
564    U2010    (9)   14 :  0.688 0.170 0.142 
565    U2011    (0)   14 :  0.411 0.562 0.027 
566    U2012    (0)   14 :  0.899 0.086 0.015 
567    U2014    (0)   14 :  0.292 0.679 0.029 
568    U2702    (0)   14 :  0.901 0.061 0.039 
569    U2703    (0)   14 :  0.806 0.139 0.055 
570    U2704    (0)   14 :  0.832 0.098 0.070 
571    U2706   (18)   14 :  0.255 0.725 0.020 
572    U2707    (0)   14 :  0.485 0.496 0.020 
573    U2708    (0)   14 :  0.855 0.121 0.025 
574    U2698    (0)   14 :  0.202 0.652 0.146 
575    U2700    (0)   14 :  0.900 0.073 0.027 
576    U1924    (0)   14 :  0.244 0.729 0.026 
577    U1930    (0)   14 :  0.073 0.907 0.021 
578    U1931    (0)   14 :  0.274 0.649 0.076 
579    U1933    (0)   14 :  0.492 0.480 0.028 
580    U1934    (0)   14 :  0.426 0.176 0.398 
581    U1935    (0)   14 :  0.322 0.373 0.305 
582    U1936    (9)   14 :  0.827 0.158 0.015 
583    U1938    (0)   14 :  0.518 0.429 0.053 
584    U1939    (0)   14 :  0.378 0.368 0.255 
585    U1950    (0)   14 :  0.585 0.396 0.020 
586    U1951    (0)   14 :  0.807 0.099 0.094 
587    U1953    (0)   14 :  0.542 0.440 0.018 
588    U1954    (0)   14 :  0.649 0.342 0.010 
589    U2044    (0)   14 :  0.910 0.024 0.066 
590    U2045    (0)   14 :  0.636 0.350 0.014 
591    U2046    (9)   14 :  0.886 0.071 0.043 
592    U2047    (0)   14 :  0.949 0.030 0.021 
593    U2048    (0)   14 :  0.842 0.128 0.031 
594    U2050    (0)   14 :  0.902 0.074 0.024 
595    U2051    (0)   14 :  0.908 0.076 0.017 
596    U2056    (0)   14 :  0.732 0.254 0.013 
597    U2057    (0)   14 :  0.540 0.401 0.060 
598    U2058    (0)   14 :  0.390 0.574 0.036 
599    U2059    (9)   14 :  0.076 0.824 0.100 
600    U2060    (0)   14 :  0.342 0.646 0.013 
601    U2061    (0)   14 :  0.863 0.124 0.013 
602    U2062    (9)   14 :  0.688 0.298 0.014 
603    U2063    (9)   14 :  0.538 0.437 0.025 
604    U2065    (0)   14 :  0.823 0.159 0.018 
605    U2067    (0)   14 :  0.333 0.634 0.032 
606    U2068    (0)   14 :  0.592 0.322 0.086 
607    U2069    (0)   14 :  0.714 0.273 0.013 
608    U2070    (0)   14 :  0.329 0.638 0.033 
609    U2071    (0)   14 :  0.919 0.061 0.020 
610    U2076    (0)   14 :  0.676 0.295 0.029 
611    U2077    (0)   14 :  0.381 0.273 0.346 
612    U2082    (0)   14 :  0.375 0.511 0.114 
613    U2084    (0)   14 :  0.457 0.332 0.212 
614    U2089    (0)   14 :  0.152 0.779 0.070 
615    U2090    (0)   14 :  0.104 0.785 0.110 
616    U2098    (0)   14 :  0.821 0.161 0.017 
617    U2108    (0)   14 :  0.664 0.024 0.312 
618    U2111    (0)   14 :  0.895 0.066 0.040 
619    U2113    (0)   14 :  0.806 0.076 0.118 
620    U2114    (0)   14 :  0.619 0.352 0.029 
621    U2115    (0)   14 :  0.939 0.047 0.014 
622    U2116    (9)   14 :  0.292 0.693 0.015 
623    U2117    (0)   14 :  0.081 0.444 0.475 
624    U2119    (0)   14 :  0.773 0.089 0.139 
625    U2120    (0)   14 :  0.182 0.762 0.055 
626    U2664    (0)   14 :  0.160 0.180 0.660 
627    U1198    (9)   15 :  0.322 0.576 0.102 
628    U1199    (0)   15 :  0.778 0.183 0.039 
629    U1200    (0)   15 :  0.960 0.025 0.014 
630    U1201    (0)   15 :  0.959 0.026 0.015 
631    U1202    (0)   15 :  0.948 0.033 0.019 
632    U1203    (0)   15 :  0.944 0.038 0.018 
633    U1205    (0)   15 :  0.931 0.047 0.022 
634    U1206    (0)   15 :  0.711 0.228 0.061 
635    U1207    (0)   15 :  0.898 0.070 0.032 
636    U1208    (0)   15 :  0.856 0.105 0.039 
637    U1209    (0)   15 :  0.943 0.030 0.027 
638    U1210    (0)   15 :  0.940 0.036 0.024 
639    U1211    (0)   15 :  0.898 0.033 0.069 
640    U1212    (0)   15 :  0.850 0.111 0.039 
641    U1213    (0)   15 :  0.885 0.077 0.039 
642    U1214    (9)   15 :  0.945 0.016 0.039 
643    U1215    (0)   15 :  0.932 0.031 0.037 
644    U1220    (0)   15 :  0.916 0.014 0.070 
645    U1224    (0)   15 :  0.911 0.071 0.017 
646    U1227    (0)   15 :  0.114 0.868 0.018 
647    U1229    (0)   15 :  0.917 0.068 0.015 
648    U1230    (0)   15 :  0.529 0.461 0.011 
649    U1231    (0)   15 :  0.715 0.269 0.016 
650    U1232    (0)   15 :  0.968 0.024 0.008 
651    U1233    (9)   15 :  0.604 0.325 0.071 
652    U1234    (0)   15 :  0.916 0.068 0.016 
653    U1235    (0)   15 :  0.974 0.019 0.007 
654    U1236    (0)   15 :  0.799 0.131 0.071 
655    U1238    (0)   15 :  0.951 0.033 0.017 
656    U1239    (0)   15 :  0.898 0.047 0.055 
657    U1240    (0)   15 :  0.860 0.119 0.022 
658    U1242    (0)   15 :  0.775 0.095 0.130 
659    U1243    (0)   15 :  0.805 0.180 0.015 
660    U1245    (0)   15 :  0.772 0.212 0.016 
661    U1246    (0)   15 :  0.933 0.042 0.026 
662    U1251    (0)   15 :  0.965 0.027 0.008 
663    U1273   (18)   15 :  0.105 0.879 0.015 
664    U1274    (0)   15 :  0.301 0.684 0.015 
665    U1294    (0)   15 :  0.945 0.041 0.014 
666    U1304   (18)   15 :  0.704 0.260 0.036 
667    U1307    (9)   15 :  0.902 0.053 0.045 
668    U1314    (9)   15 :  0.866 0.075 0.058 
669    U1315    (0)   15 :  0.833 0.148 0.020 
670    U1319    (0)   15 :  0.432 0.505 0.063 
671    U1320    (0)   15 :  0.630 0.354 0.015 
672    U1324    (0)   15 :  0.948 0.039 0.013 
673    U1331    (9)   15 :  0.895 0.088 0.018 
674    U1333    (9)   15 :  0.674 0.212 0.114 
675    U1340    (0)   15 :  0.914 0.067 0.019 
676    U1341    (9)   15 :  0.831 0.140 0.029 
677    U1344    (9)   15 :  0.733 0.211 0.056 
678    U1345    (0)   15 :  0.684 0.286 0.029 
679    U1346    (0)   15 :  0.959 0.031 0.009 
680    U1347    (0)   15 :  0.217 0.773 0.009 
681    U1348    (0)   15 :  0.946 0.034 0.019 
682    U1349    (0)   15 :  0.934 0.053 0.013 
683    U1354    (0)   15 :  0.961 0.028 0.011 
684    U1375    (0)   15 :  0.186 0.788 0.026 
685    U1383    (9)   15 :  0.594 0.390 0.016 
686    U1385    (0)   15 :  0.099 0.042 0.860 
687    U1386    (0)   15 :  0.690 0.292 0.019 
688    U1413    (9)   15 :  0.862 0.113 0.025 
689    U1417    (9)   15 :  0.728 0.193 0.079 
690    U1852    (0)   16 :  0.924 0.051 0.025 
691    U1853    (0)   16 :  0.759 0.188 0.053 
692    U1854    (0)   16 :  0.049 0.866 0.085 
693    U1855    (0)   16 :  0.178 0.760 0.062 
694    U1856    (0)   16 :  0.373 0.615 0.012 
695    U1858    (0)   16 :  0.946 0.029 0.025 
696    U1859    (0)   16 :  0.882 0.100 0.018 
697    U1860    (0)   16 :  0.510 0.470 0.020 
698    U1861    (0)   16 :  0.425 0.554 0.021 
699    U1862    (0)   16 :  0.328 0.636 0.036 
700    U1863    (0)   16 :  0.251 0.503 0.247 
701    U1865    (0)   16 :  0.344 0.076 0.580 
702    U1871    (0)   16 :  0.302 0.598 0.100 
703    U1873    (0)   16 :  0.720 0.236 0.044 
704    U1875    (0)   16 :  0.235 0.251 0.514 
705    U1876    (0)   16 :  0.253 0.286 0.461 
706    U2448    (0)   17 :  0.596 0.107 0.296 
707    U2449    (0)   17 :  0.201 0.308 0.491 
708    U2450    (0)   17 :  0.635 0.311 0.054 
709    U2451   (18)   17 :  0.192 0.476 0.332 
710    U2453    (0)   17 :  0.054 0.358 0.588 
711    U2454    (0)   17 :  0.572 0.226 0.202 
712    U2455    (0)   17 :  0.129 0.451 0.420 
713    U2456    (9)   17 :  0.692 0.218 0.090 
714    U2457    (0)   17 :  0.505 0.110 0.386 
715    U2458    (0)   17 :  0.844 0.135 0.021 
716    U2459    (0)   17 :  0.162 0.476 0.362 
717    U2460    (0)   17 :  0.607 0.336 0.058 
718    U2461    (0)   17 :  0.178 0.807 0.015 
719    U1826    (0)   17 :  0.084 0.793 0.123 
720    U1827    (0)   17 :  0.256 0.663 0.080 
721    U1828    (0)   17 :  0.560 0.386 0.054 
722    U1829    (0)   17 :  0.049 0.845 0.106 
723    U1830    (0)   17 :  0.028 0.624 0.348 
724    U1831    (0)   17 :  0.320 0.660 0.020 
725    U1833    (0)   17 :  0.174 0.811 0.015 
726    U1834    (9)   17 :  0.049 0.937 0.014 
727    U1835    (0)   17 :  0.110 0.869 0.021 
728    U1836    (9)   17 :  0.364 0.521 0.115 
729    U1837    (0)   17 :  0.387 0.505 0.108 
730    U1838    (0)   17 :  0.066 0.870 0.064 
731    U1839    (0)   17 :  0.089 0.831 0.080 
732    U1840    (9)   17 :  0.217 0.704 0.079 
733    U1842    (0)   17 :  0.071 0.495 0.433 
734    U1844   (18)   17 :  0.380 0.445 0.175 
735    U1845    (0)   17 :  0.127 0.831 0.042 
736    U1846    (0)   17 :  0.050 0.924 0.026 
737    U1762    (0)   18 :  0.064 0.727 0.209 
738    U1763    (0)   18 :  0.144 0.847 0.009 
739    U1766    (9)   18 :  0.050 0.929 0.021 
740    U1767    (0)   18 :  0.785 0.198 0.017 
741    U1770    (0)   18 :  0.298 0.679 0.023 
742    U1771    (0)   18 :  0.365 0.620 0.015 
743    U1772    (0)   18 :  0.037 0.931 0.032 
744    U1773    (9)   18 :  0.045 0.933 0.022 
745    U1777    (0)   18 :  0.035 0.953 0.012 
746    U1778    (0)   18 :  0.206 0.770 0.023 
747    U1779    (0)   18 :  0.302 0.687 0.011 
748    U1780    (0)   18 :  0.087 0.896 0.016 
749    U1781    (0)   18 :  0.043 0.904 0.053 
750    U1786    (0)   18 :  0.070 0.918 0.012 
751    U1789    (0)   18 :  0.238 0.743 0.019 
752    U1790    (0)   18 :  0.027 0.958 0.015 
753    U2467    (0)   19 :  0.765 0.074 0.160 
754    U2468    (0)   19 :  0.817 0.120 0.063 
755    U2469    (0)   19 :  0.172 0.721 0.107 
756    U2470    (0)   19 :  0.228 0.742 0.030 
757    U2472    (9)   19 :  0.798 0.082 0.120 
758    U2473    (0)   19 :  0.513 0.250 0.236 
759    U2475    (0)   19 :  0.531 0.101 0.369 
760    U2477    (0)   19 :  0.753 0.220 0.027 
761    U2478    (0)   19 :  0.250 0.055 0.695 
762    U2482    (0)   19 :  0.900 0.064 0.036 
763    U2483    (0)   19 :  0.832 0.144 0.024 
764    U2484    (0)   19 :  0.770 0.206 0.024 
765    U2485    (0)   19 :  0.964 0.027 0.009 
766    U2487    (9)   19 :  0.828 0.131 0.041 
767    U2490    (0)   19 :  0.815 0.051 0.134 
768    U2491    (0)   19 :  0.842 0.134 0.025 
769    U2493   (18)   19 :  0.881 0.099 0.020 
770    U2495    (0)   19 :  0.892 0.034 0.074 
771    U2496    (0)   19 :  0.910 0.077 0.013 
772    U2497    (0)   19 :  0.140 0.063 0.797 
773    U2498    (0)   19 :  0.717 0.116 0.167 
774    U2499    (0)   19 :  0.709 0.078 0.213 
775    U2502    (0)   19 :  0.862 0.108 0.031 
776    U2503    (0)   19 :  0.825 0.125 0.050 
777    U2202    (0)   20 :  0.331 0.644 0.025 
778    U2203    (0)   20 :  0.580 0.371 0.048 
779    U2205    (0)   20 :  0.199 0.651 0.151 
780    U2206    (9)   20 :  0.902 0.077 0.021 
781    U2207    (0)   20 :  0.861 0.088 0.051 
782    U2212   (18)   20 :  0.313 0.062 0.625 
783    U2215    (0)   20 :  0.415 0.409 0.176 
784    U2216    (9)   20 :  0.775 0.194 0.031 
785    U2217    (0)   20 :  0.963 0.028 0.009 
786    U2221    (0)   20 :  0.954 0.030 0.016 
787    U2222    (0)   20 :  0.876 0.063 0.061 
788    U2225    (9)   20 :  0.721 0.227 0.051 
789    U1120    (9)   21 :  0.656 0.262 0.083 
790    U1122    (9)   21 :  0.523 0.426 0.051 
791    U1125    (0)   21 :  0.819 0.156 0.025 
792    U1126    (0)   21 :  0.670 0.314 0.016 
