

----------------------------------------------------
STRUCTURE by Pritchard, Stephens and Donnelly (2000)
     and Falush, Stephens and Pritchard (2003)
       Code by Pritchard, Falush and Hubisz
             Version 2.3.4 (Jul 2012)
----------------------------------------------------



Command line arguments:   bin\structure -m C:\Users\eschumacher\Documents\Butternut\butternut_STRUCTURE_withQU\50-50\mainparams -e C:\Users\eschumacher\Documents\Butternut\butternut_STRUCTURE_withQU\50-50\extraparams 
Input File:    C:\Users\eschumacher\Documents\Butternut\butternut_STRUCTURE_withQU\project_data

Run parameters:
   1015 individuals
   11 loci
   6 populations assumed
   50000 Burn-in period
   50000 Reps


--------------------------------------------
Proportion of membership of each pre-defined
 population in each of the 6 clusters

Given    Inferred Clusters                            Number of
 Pop       1      2      3      4      5      6      Individuals

  1:     0.552  0.057  0.056  0.206  0.068  0.061       40
  2:     0.382  0.057  0.057  0.397  0.071  0.035       46
  3:     0.558  0.062  0.069  0.216  0.055  0.040       63
  4:     0.416  0.063  0.039  0.364  0.055  0.062       48
  5:     0.435  0.056  0.053  0.329  0.058  0.069       85
  6:     0.559  0.070  0.044  0.236  0.056  0.036       70
  7:     0.053  0.206  0.314  0.050  0.256  0.121       22
  8:     0.024  0.165  0.234  0.025  0.305  0.247       11
  9:     0.046  0.153  0.197  0.177  0.309  0.118       33
 10:     0.045  0.184  0.120  0.168  0.288  0.195       48
 11:     0.040  0.127  0.178  0.293  0.254  0.108       48
 12:     0.021  0.070  0.040  0.665  0.116  0.088       13
 13:     0.028  0.069  0.025  0.710  0.030  0.137        9
 14:     0.056  0.281  0.204  0.036  0.263  0.160       90
 15:     0.034  0.168  0.584  0.025  0.128  0.062       63
 16:     0.091  0.288  0.170  0.046  0.260  0.145       16
 17:     0.101  0.335  0.116  0.100  0.156  0.192       31
 18:     0.018  0.029  0.044  0.059  0.075  0.776       16
 19:     0.128  0.147  0.482  0.029  0.154  0.061       24
 20:     0.078  0.161  0.139  0.032  0.423  0.167       12
 21:     0.056  0.227  0.240  0.035  0.241  0.201       54
 22:     0.061  0.256  0.089  0.050  0.202  0.342       96
 23:     0.054  0.209  0.191  0.024  0.141  0.381       22
 24:     0.060  0.088  0.033  0.108  0.087  0.624       23
 25:     0.039  0.237  0.092  0.024  0.224  0.385       13
 26:     0.065  0.266  0.231  0.036  0.276  0.127       19
--------------------------------------------

Allele-freq. divergence among pops (Net nucleotide distance),
computed using point estimates of P.

      1       2       3       4       5       6      
 1      -    0.0268  0.0294  0.0254  0.0256  0.0335  
 2   0.0268     -    0.0109  0.0351  0.0064  0.0118  
 3   0.0294  0.0109     -    0.0303  0.0069  0.0176  
 4   0.0254  0.0351  0.0303     -    0.0262  0.0394  
 5   0.0256  0.0064  0.0069  0.0262     -    0.0104  
 6   0.0335  0.0118  0.0176  0.0394  0.0104     -    

Average distances (expected heterozygosity) between individuals in same cluster:
cluster  1  : 0.8170 
cluster  2  : 0.8469 
cluster  3  : 0.8523 
cluster  4  : 0.8354 
cluster  5  : 0.8580 
cluster  6  : 0.8338 

--------------------------------------------
Estimated Ln Prob of Data   = -47934.7
Mean value of ln likelihood = -46673.4
Variance of ln likelihood   = 2522.7
Mean value of alpha         = 0.0605

Mean value of Fst_1         = 0.0535
Mean value of Fst_2         = 0.0228
Mean value of Fst_3         = 0.0251
Mean value of Fst_4         = 0.0562
Mean value of Fst_5         = 0.0143
Mean value of Fst_6         = 0.0331


Inferred ancestry of individuals:
        Label (%Miss) Pop:  Inferred clusters
  1    C3984    (0)    1 :  0.359 0.019 0.016 0.581 0.016 0.008 
  2    C3985    (0)    1 :  0.446 0.014 0.020 0.472 0.028 0.020 
  3    C3986    (0)    1 :  0.104 0.012 0.016 0.848 0.011 0.009 
  4    C4231    (0)    1 :  0.224 0.035 0.023 0.651 0.053 0.015 
  5    C4344    (0)    1 :  0.849 0.028 0.033 0.044 0.030 0.017 
  6    C4347   (18)    1 :  0.901 0.019 0.012 0.020 0.015 0.033 
  7    C4352   (18)    1 :  0.396 0.020 0.038 0.488 0.037 0.021 
  8    C4355    (9)    1 :  0.832 0.048 0.024 0.068 0.014 0.015 
  9    C4358   (18)    1 :  0.029 0.179 0.178 0.037 0.516 0.061 
 10    C4419    (9)    1 :  0.252 0.250 0.036 0.365 0.072 0.026 
 11    C4428    (9)    1 :  0.759 0.017 0.016 0.174 0.014 0.019 
 12    C4436    (0)    1 :  0.792 0.011 0.016 0.146 0.016 0.018 
 13    C4437   (18)    1 :  0.437 0.067 0.031 0.310 0.082 0.074 
 14    C4450    (0)    1 :  0.402 0.130 0.120 0.158 0.125 0.064 
 15    C4531    (0)    1 :  0.019 0.032 0.039 0.797 0.069 0.044 
 16    C1615    (0)    1 :  0.234 0.068 0.104 0.328 0.130 0.137 
 17    C1616    (0)    1 :  0.202 0.295 0.026 0.080 0.215 0.183 
 18    C1617    (9)    1 :  0.925 0.020 0.011 0.013 0.013 0.018 
 19    C1618    (0)    1 :  0.163 0.021 0.113 0.592 0.055 0.057 
 20    C1619    (0)    1 :  0.297 0.051 0.255 0.200 0.097 0.099 
 21    C1620    (9)    1 :  0.401 0.027 0.191 0.159 0.148 0.073 
 22    C1621    (0)    1 :  0.170 0.088 0.069 0.039 0.085 0.550 
 23    C1623    (9)    1 :  0.028 0.079 0.294 0.299 0.124 0.175 
 24    C1625    (0)    1 :  0.513 0.036 0.158 0.050 0.096 0.147 
 25    C1626    (0)    1 :  0.363 0.175 0.044 0.028 0.209 0.181 
 26    C1627    (9)    1 :  0.750 0.019 0.038 0.091 0.037 0.065 
 27    C1633    (0)    1 :  0.858 0.023 0.023 0.042 0.020 0.035 
 28    C1637    (0)    1 :  0.891 0.021 0.016 0.018 0.021 0.033 
 29    C1650    (0)    1 :  0.170 0.043 0.017 0.703 0.028 0.040 
 30    C3202    (0)    1 :  0.903 0.012 0.016 0.022 0.018 0.029 
 31    C3248    (0)    1 :  0.911 0.016 0.018 0.014 0.026 0.016 
 32    C3304    (9)    1 :  0.860 0.078 0.015 0.017 0.016 0.015 
 33    C3326    (0)    1 :  0.693 0.068 0.025 0.057 0.125 0.033 
 34    C3333    (0)    1 :  0.907 0.022 0.016 0.014 0.020 0.022 
 35    C3339   (18)    1 :  0.868 0.042 0.038 0.014 0.020 0.017 
 36    C3346    (0)    1 :  0.946 0.010 0.012 0.015 0.010 0.007 
 37    C3349    (0)    1 :  0.846 0.048 0.039 0.019 0.031 0.017 
 38    C3367   (18)    1 :  0.691 0.032 0.031 0.183 0.029 0.034 
 39    C3374    (0)    1 :  0.923 0.012 0.014 0.031 0.013 0.008 
 40    C3405    (0)    1 :  0.754 0.105 0.052 0.042 0.031 0.016 
 41    C4543    (0)    2 :  0.027 0.022 0.017 0.912 0.012 0.011 
 42    C4545    (9)    2 :  0.020 0.009 0.029 0.922 0.012 0.008 
 43    C4551    (9)    2 :  0.061 0.032 0.097 0.549 0.232 0.029 
 44    C4491    (0)    2 :  0.132 0.060 0.093 0.553 0.126 0.036 
 45    C4494    (0)    2 :  0.672 0.013 0.015 0.277 0.014 0.009 
 46    C4495    (0)    2 :  0.424 0.032 0.115 0.108 0.292 0.029 
 47    C4497    (9)    2 :  0.788 0.024 0.022 0.123 0.024 0.018 
 48    C4501    (0)    2 :  0.296 0.314 0.073 0.161 0.131 0.024 
 49    C4502    (0)    2 :  0.259 0.023 0.070 0.619 0.016 0.014 
 50    C4503    (0)    2 :  0.010 0.015 0.112 0.822 0.022 0.018 
 51    C4504    (0)    2 :  0.097 0.190 0.329 0.220 0.112 0.053 
 52    C4470    (0)    2 :  0.265 0.099 0.080 0.292 0.216 0.047 
 53    C4471    (0)    2 :  0.047 0.025 0.020 0.876 0.020 0.012 
 54    C4474    (9)    2 :  0.008 0.018 0.021 0.884 0.045 0.024 
 55    C4476    (0)    2 :  0.361 0.032 0.051 0.504 0.029 0.022 
 56    C4478    (0)    2 :  0.037 0.031 0.058 0.853 0.012 0.009 
 57    C4479    (0)    2 :  0.814 0.018 0.012 0.101 0.016 0.039 
 58    C4482    (0)    2 :  0.145 0.043 0.015 0.579 0.073 0.144 
 59    C4483    (0)    2 :  0.008 0.014 0.015 0.929 0.021 0.013 
 60    C4484    (0)    2 :  0.113 0.083 0.065 0.678 0.035 0.026 
 61    C4485    (0)    2 :  0.384 0.119 0.060 0.231 0.141 0.065 
 62    C4489    (0)    2 :  0.520 0.042 0.028 0.367 0.021 0.022 
 63    C4505    (0)    2 :  0.427 0.048 0.033 0.368 0.094 0.029 
 64    C4507    (0)    2 :  0.057 0.114 0.288 0.440 0.087 0.014 
 65    C4535    (0)    2 :  0.012 0.021 0.027 0.885 0.031 0.026 
 66    C4542    (0)    2 :  0.019 0.287 0.042 0.234 0.391 0.028 
 67    C4553    (9)    2 :  0.101 0.022 0.016 0.785 0.054 0.022 
 68    C4562   (18)    2 :  0.210 0.026 0.067 0.615 0.047 0.036 
 69    C4582   (18)    2 :  0.046 0.026 0.021 0.812 0.049 0.046 
 70    C4693    (0)    2 :  0.035 0.011 0.010 0.919 0.013 0.013 
 71    C4696    (0)    2 :  0.211 0.028 0.085 0.466 0.165 0.044 
 72    C3179    (0)    2 :  0.795 0.031 0.107 0.025 0.027 0.015 
 73    C3181    (0)    2 :  0.802 0.060 0.026 0.045 0.043 0.024 
 74    C3188    (0)    2 :  0.748 0.065 0.046 0.065 0.043 0.033 
 75    C3190    (0)    2 :  0.811 0.083 0.018 0.030 0.031 0.029 
 76    C3193    (0)    2 :  0.889 0.016 0.013 0.021 0.025 0.035 
 77    C3232    (0)    2 :  0.758 0.018 0.016 0.182 0.015 0.011 
 78    C3236    (0)    2 :  0.931 0.010 0.008 0.032 0.010 0.009 
 79    C3249    (0)    2 :  0.840 0.038 0.030 0.035 0.027 0.029 
 80    C3250    (0)    2 :  0.895 0.020 0.011 0.046 0.014 0.014 
 81    C3253    (0)    2 :  0.750 0.021 0.021 0.128 0.048 0.031 
 82    C3255    (0)    2 :  0.825 0.013 0.014 0.114 0.019 0.014 
 83    C3277    (0)    2 :  0.633 0.085 0.054 0.030 0.102 0.097 
 84    C3315    (0)    2 :  0.070 0.155 0.183 0.206 0.133 0.252 
 85    C3288    (0)    2 :  0.870 0.014 0.020 0.043 0.021 0.031 
 86    C3293    (0)    2 :  0.342 0.151 0.070 0.194 0.174 0.069 
 87    C4018    (0)    3 :  0.100 0.013 0.009 0.860 0.011 0.007 
 88    C3980    (0)    3 :  0.029 0.015 0.011 0.916 0.016 0.014 
 89    C3987    (0)    3 :  0.052 0.016 0.015 0.889 0.015 0.013 
 90    C3988    (0)    3 :  0.230 0.011 0.015 0.702 0.027 0.015 
 91    C3989    (0)    3 :  0.451 0.095 0.012 0.089 0.342 0.011 
 92    C4011    (0)    3 :  0.231 0.008 0.007 0.740 0.008 0.007 
 93    C4017    (0)    3 :  0.017 0.008 0.008 0.954 0.007 0.007 
 94    C4296    (0)    3 :  0.241 0.136 0.164 0.112 0.280 0.067 
 95    C4301    (9)    3 :  0.021 0.884 0.038 0.011 0.031 0.015 
 96    C4303    (0)    3 :  0.434 0.062 0.033 0.022 0.046 0.403 
 97    C4453    (0)    3 :  0.467 0.049 0.112 0.263 0.025 0.084 
 98    C4455    (9)    3 :  0.612 0.029 0.034 0.181 0.054 0.091 
 99    C4456   (18)    3 :  0.102 0.067 0.186 0.404 0.050 0.192 
100    C4457    (9)    3 :  0.595 0.136 0.038 0.042 0.073 0.115 
101    C4459    (9)    3 :  0.452 0.018 0.013 0.466 0.031 0.022 
102    C4464   (18)    3 :  0.852 0.011 0.013 0.101 0.013 0.009 
103    C4468    (9)    3 :  0.807 0.022 0.020 0.067 0.022 0.063 
104    C4783    (0)    3 :  0.081 0.015 0.018 0.738 0.130 0.018 
105    C4786    (0)    3 :  0.400 0.031 0.013 0.519 0.019 0.018 
106    C4789    (9)    3 :  0.435 0.068 0.012 0.451 0.020 0.015 
107    C4891    (0)    3 :  0.438 0.041 0.044 0.204 0.250 0.023 
108    C4896    (0)    3 :  0.115 0.065 0.040 0.581 0.124 0.074 
109    C4898    (0)    3 :  0.076 0.017 0.022 0.817 0.048 0.020 
110    C4901    (0)    3 :  0.300 0.023 0.012 0.621 0.025 0.019 
111    C4903    (9)    3 :  0.481 0.106 0.021 0.242 0.078 0.070 
112    C4904    (0)    3 :  0.067 0.022 0.012 0.837 0.053 0.009 
113    C3263    (0)    3 :  0.810 0.012 0.130 0.012 0.017 0.018 
114    C3271    (0)    3 :  0.921 0.019 0.018 0.015 0.017 0.010 
115    C3272    (0)    3 :  0.830 0.073 0.031 0.022 0.033 0.012 
116    C3276    (0)    3 :  0.472 0.347 0.063 0.024 0.059 0.035 
117    C3280    (9)    3 :  0.397 0.056 0.331 0.083 0.093 0.040 
118    C3305    (9)    3 :  0.862 0.036 0.025 0.043 0.023 0.012 
119    C3306    (0)    3 :  0.806 0.030 0.062 0.021 0.049 0.032 
120    C3324    (0)    3 :  0.290 0.044 0.498 0.030 0.120 0.019 
121    C3329    (0)    3 :  0.395 0.064 0.168 0.189 0.143 0.041 
122    C3336    (0)    3 :  0.829 0.060 0.026 0.027 0.037 0.021 
123    C3341   (18)    3 :  0.058 0.040 0.715 0.064 0.077 0.046 
124    C3409   (18)    3 :  0.630 0.117 0.065 0.068 0.079 0.041 
125    C3168    (9)    3 :  0.928 0.014 0.014 0.023 0.012 0.010 
126    C3170    (0)    3 :  0.882 0.038 0.021 0.029 0.018 0.011 
127    C3214   (18)    3 :  0.695 0.216 0.013 0.024 0.015 0.036 
128    C3227    (0)    3 :  0.891 0.037 0.013 0.025 0.013 0.021 
129    C3228    (0)    3 :  0.656 0.057 0.048 0.135 0.057 0.047 
130    C3278    (0)    3 :  0.900 0.034 0.019 0.009 0.024 0.014 
131    C3279    (0)    3 :  0.855 0.043 0.016 0.012 0.055 0.018 
132    C3321    (0)    3 :  0.936 0.009 0.007 0.029 0.011 0.008 
133    C3322    (0)    3 :  0.454 0.149 0.026 0.060 0.182 0.129 
134    C3303    (0)    3 :  0.838 0.056 0.039 0.014 0.034 0.018 
135    C3317    (0)    3 :  0.887 0.017 0.028 0.029 0.022 0.017 
136    C3355    (0)    3 :  0.929 0.010 0.015 0.024 0.012 0.010 
137    C3376    (9)    3 :  0.835 0.057 0.018 0.040 0.026 0.024 
138    C3401    (0)    3 :  0.848 0.034 0.033 0.021 0.034 0.030 
139    C3203    (9)    3 :  0.773 0.061 0.062 0.031 0.028 0.044 
140    C3245    (0)    3 :  0.904 0.024 0.015 0.011 0.023 0.023 
141    C3302    (0)    3 :  0.847 0.026 0.042 0.017 0.045 0.023 
142    C3307    (0)    3 :  0.334 0.015 0.265 0.183 0.072 0.131 
143    C3310    (0)    3 :  0.891 0.020 0.031 0.013 0.028 0.018 
144    C3312    (9)    3 :  0.719 0.024 0.032 0.107 0.068 0.049 
145    C3345    (0)    3 :  0.884 0.017 0.042 0.025 0.017 0.015 
146    C3371    (0)    3 :  0.812 0.015 0.111 0.014 0.028 0.019 
147    C3372    (0)    3 :  0.828 0.020 0.064 0.026 0.037 0.024 
148    C3380    (9)    3 :  0.926 0.009 0.008 0.039 0.008 0.009 
149    C3417    (0)    3 :  0.330 0.041 0.281 0.237 0.067 0.044 
150    C4569    (9)    4 :  0.028 0.139 0.156 0.437 0.189 0.051 
151    C4570    (9)    4 :  0.021 0.012 0.016 0.921 0.018 0.013 
152    C4571    (9)    4 :  0.141 0.020 0.018 0.767 0.021 0.033 
153    C4572    (9)    4 :  0.016 0.014 0.015 0.917 0.015 0.023 
154    C4573    (9)    4 :  0.047 0.126 0.044 0.156 0.093 0.534 
155    C4575    (9)    4 :  0.029 0.051 0.030 0.783 0.035 0.072 
156    C4577    (9)    4 :  0.025 0.014 0.017 0.909 0.025 0.010 
157    C4578    (9)    4 :  0.039 0.078 0.028 0.695 0.084 0.075 
158    C4600   (18)    4 :  0.052 0.061 0.037 0.366 0.433 0.051 
159    C4612    (9)    4 :  0.017 0.076 0.017 0.840 0.029 0.021 
160    C4621    (0)    4 :  0.047 0.012 0.007 0.905 0.012 0.018 
161    C4622    (9)    4 :  0.019 0.009 0.010 0.937 0.012 0.011 
162    C4623    (0)    4 :  0.173 0.068 0.383 0.223 0.083 0.071 
163    C4624    (0)    4 :  0.021 0.018 0.017 0.876 0.020 0.048 
164    C4625    (0)    4 :  0.049 0.063 0.020 0.176 0.099 0.593 
165    C4627    (0)    4 :  0.030 0.027 0.022 0.876 0.017 0.028 
166    C4631    (0)    4 :  0.011 0.014 0.119 0.814 0.024 0.017 
167    C4632    (0)    4 :  0.045 0.016 0.019 0.881 0.019 0.021 
168    C3939    (0)    4 :  0.053 0.024 0.013 0.878 0.021 0.011 
169    C3940    (0)    4 :  0.026 0.063 0.022 0.757 0.122 0.010 
170    C3945    (0)    4 :  0.022 0.010 0.010 0.934 0.018 0.007 
171    C4520    (0)    4 :  0.168 0.484 0.090 0.047 0.176 0.036 
172    C4522    (0)    4 :  0.095 0.015 0.011 0.855 0.015 0.010 
173    C3182    (0)    4 :  0.911 0.015 0.021 0.024 0.014 0.014 
174    C3189    (0)    4 :  0.400 0.128 0.043 0.060 0.129 0.240 
175    C3191    (9)    4 :  0.832 0.027 0.035 0.022 0.022 0.063 
176    C3196    (0)    4 :  0.889 0.033 0.016 0.015 0.021 0.025 
177    C3208    (0)    4 :  0.607 0.051 0.052 0.200 0.036 0.053 
178    C3211    (0)    4 :  0.863 0.040 0.026 0.027 0.027 0.016 
179    C3212    (0)    4 :  0.145 0.420 0.186 0.094 0.143 0.012 
180    C3213    (0)    4 :  0.884 0.033 0.027 0.009 0.031 0.015 
181    C3215    (0)    4 :  0.404 0.129 0.045 0.125 0.076 0.221 
182    C3217    (0)    4 :  0.883 0.022 0.031 0.018 0.029 0.017 
183    C3225    (9)    4 :  0.812 0.068 0.028 0.025 0.033 0.035 
184    C3226    (0)    4 :  0.807 0.012 0.014 0.142 0.011 0.014 
185    C3238    (9)    4 :  0.800 0.025 0.013 0.121 0.015 0.026 
186    C3239    (0)    4 :  0.824 0.041 0.044 0.050 0.025 0.016 
187    C3269   (18)    4 :  0.327 0.208 0.030 0.158 0.057 0.219 
188    C3273    (0)    4 :  0.895 0.030 0.010 0.018 0.017 0.031 
189    C3274    (0)    4 :  0.582 0.123 0.016 0.040 0.211 0.027 
190    C3354    (0)    4 :  0.899 0.022 0.014 0.020 0.029 0.017 
191    C3361    (0)    4 :  0.897 0.027 0.011 0.027 0.020 0.019 
192    C3289    (0)    4 :  0.877 0.030 0.014 0.035 0.023 0.020 
193    C3169    (0)    4 :  0.902 0.015 0.010 0.051 0.009 0.012 
194    C3199    (9)    4 :  0.718 0.034 0.019 0.156 0.022 0.050 
195    C3224    (0)    4 :  0.895 0.031 0.016 0.019 0.014 0.024 
196    C3261   (18)    4 :  0.886 0.016 0.016 0.049 0.024 0.008 
197    C3320    (0)    4 :  0.856 0.030 0.016 0.035 0.033 0.030 
198    C4151    (0)    5 :  0.018 0.008 0.008 0.946 0.010 0.010 
199    C4152    (0)    5 :  0.025 0.019 0.013 0.912 0.015 0.017 
200    C4153    (0)    5 :  0.227 0.048 0.015 0.651 0.031 0.028 
201    C4154   (18)    5 :  0.207 0.028 0.027 0.666 0.059 0.013 
202    C4157    (0)    5 :  0.517 0.026 0.022 0.146 0.268 0.020 
203    C4158    (0)    5 :  0.020 0.009 0.009 0.934 0.013 0.015 
204    C4163    (0)    5 :  0.015 0.008 0.007 0.954 0.008 0.008 
205    C4165    (0)    5 :  0.044 0.023 0.274 0.243 0.376 0.039 
206    C4248    (9)    5 :  0.859 0.025 0.021 0.032 0.035 0.028 
207    C4371    (9)    5 :  0.382 0.031 0.075 0.442 0.046 0.024 
208    C3936    (0)    5 :  0.020 0.013 0.016 0.916 0.021 0.014 
209    C3937    (0)    5 :  0.020 0.010 0.012 0.934 0.012 0.013 
210    C3944    (0)    5 :  0.121 0.009 0.012 0.839 0.011 0.008 
211    C3954    (0)    5 :  0.707 0.023 0.008 0.213 0.013 0.037 
212    C3955    (9)    5 :  0.369 0.030 0.008 0.536 0.022 0.035 
213    C3961    (0)    5 :  0.037 0.019 0.040 0.878 0.014 0.011 
214    C3974    (0)    5 :  0.029 0.035 0.017 0.873 0.023 0.022 
215    C4024    (0)    5 :  0.203 0.028 0.072 0.652 0.030 0.015 
216    C4025    (0)    5 :  0.030 0.018 0.032 0.883 0.017 0.020 
217    C4028    (0)    5 :  0.058 0.048 0.027 0.762 0.040 0.065 
218    C4032   (18)    5 :  0.754 0.017 0.014 0.186 0.013 0.017 
219    C4033   (18)    5 :  0.898 0.014 0.013 0.043 0.017 0.015 
220    C4034    (0)    5 :  0.660 0.053 0.139 0.044 0.078 0.026 
221    C4041    (9)    5 :  0.378 0.289 0.197 0.056 0.059 0.020 
222    C4043    (9)    5 :  0.546 0.019 0.024 0.367 0.024 0.020 
223    C4044    (9)    5 :  0.120 0.072 0.505 0.128 0.088 0.086 
224    C4045    (9)    5 :  0.722 0.024 0.016 0.154 0.038 0.046 
225    C4046    (9)    5 :  0.804 0.020 0.051 0.060 0.025 0.040 
226    C4047    (0)    5 :  0.618 0.092 0.024 0.040 0.135 0.090 
227    C4048    (9)    5 :  0.519 0.095 0.069 0.059 0.123 0.134 
228    C4055    (9)    5 :  0.477 0.043 0.033 0.341 0.052 0.054 
229    C4057   (18)    5 :  0.648 0.024 0.062 0.230 0.023 0.012 
230    C4059    (0)    5 :  0.848 0.027 0.014 0.067 0.017 0.027 
231    C4060    (9)    5 :  0.508 0.041 0.024 0.356 0.047 0.024 
232    C4064    (9)    5 :  0.328 0.056 0.031 0.111 0.196 0.278 
233    C4067    (0)    5 :  0.672 0.038 0.081 0.037 0.041 0.132 
234    C4068    (9)    5 :  0.889 0.023 0.017 0.025 0.019 0.027 
235    C4070    (9)    5 :  0.489 0.028 0.192 0.197 0.063 0.031 
236    C4075   (18)    5 :  0.785 0.032 0.024 0.103 0.032 0.024 
237    C4081    (9)    5 :  0.799 0.048 0.036 0.040 0.043 0.034 
238    C4082    (0)    5 :  0.491 0.077 0.027 0.308 0.046 0.051 
239    C4083    (0)    5 :  0.211 0.059 0.271 0.162 0.225 0.073 
240    C4086    (0)    5 :  0.445 0.053 0.021 0.117 0.050 0.313 
241    C4088    (9)    5 :  0.042 0.024 0.012 0.031 0.033 0.858 
242    C4092    (0)    5 :  0.271 0.028 0.090 0.558 0.038 0.015 
243    C4099    (9)    5 :  0.598 0.200 0.080 0.051 0.036 0.036 
244    C4104    (0)    5 :  0.241 0.020 0.041 0.639 0.034 0.025 
245    C4108   (18)    5 :  0.014 0.566 0.035 0.011 0.225 0.149 
246    C4118    (0)    5 :  0.181 0.247 0.072 0.071 0.255 0.174 
247    C4131    (0)    5 :  0.111 0.026 0.020 0.699 0.054 0.090 
248    C4133    (0)    5 :  0.862 0.025 0.018 0.056 0.021 0.018 
249    C4135    (0)    5 :  0.378 0.008 0.009 0.582 0.016 0.007 
250    C4136    (0)    5 :  0.039 0.076 0.031 0.540 0.140 0.174 
251    C4137    (9)    5 :  0.228 0.024 0.024 0.634 0.057 0.033 
252    C4139    (0)    5 :  0.065 0.013 0.013 0.883 0.017 0.008 
253    C4140    (9)    5 :  0.189 0.014 0.018 0.713 0.053 0.012 
254    C4167    (0)    5 :  0.060 0.020 0.037 0.711 0.112 0.060 
255    C4236    (0)    5 :  0.772 0.043 0.028 0.044 0.068 0.044 
256    C4237    (0)    5 :  0.027 0.116 0.029 0.041 0.079 0.708 
257    C4238    (0)    5 :  0.683 0.043 0.021 0.153 0.026 0.074 
258    C4241    (0)    5 :  0.863 0.024 0.019 0.045 0.033 0.016 
259    C4247    (9)    5 :  0.335 0.060 0.195 0.109 0.046 0.255 
260    C4257    (0)    5 :  0.823 0.057 0.019 0.054 0.020 0.027 
261    C4383    (0)    5 :  0.168 0.108 0.252 0.319 0.068 0.085 
262    C4397    (9)    5 :  0.751 0.015 0.011 0.163 0.041 0.019 
263    C4514    (0)    5 :  0.070 0.011 0.018 0.872 0.014 0.014 
264    C4519    (0)    5 :  0.060 0.106 0.019 0.778 0.028 0.010 
265    C4527    (0)    5 :  0.474 0.024 0.026 0.423 0.027 0.025 
266    C4534    (0)    5 :  0.278 0.115 0.082 0.450 0.055 0.021 
267    C4699    (0)    5 :  0.029 0.014 0.027 0.820 0.033 0.077 
268    C1541    (9)    5 :  0.926 0.010 0.013 0.019 0.016 0.016 
269    C1542    (9)    5 :  0.911 0.019 0.015 0.019 0.017 0.020 
270    C1544    (0)    5 :  0.852 0.032 0.016 0.036 0.022 0.042 
271    C1547    (9)    5 :  0.168 0.278 0.207 0.065 0.091 0.191 
272    C1553    (9)    5 :  0.088 0.173 0.153 0.157 0.318 0.112 
273    C1555    (9)    5 :  0.779 0.061 0.022 0.048 0.045 0.045 
274    C1557    (0)    5 :  0.814 0.022 0.028 0.070 0.028 0.038 
275    C1560    (0)    5 :  0.873 0.057 0.018 0.021 0.019 0.013 
276    C1565    (0)    5 :  0.853 0.024 0.046 0.027 0.037 0.013 
277    C1567    (0)    5 :  0.778 0.077 0.031 0.047 0.025 0.042 
278    C1569    (0)    5 :  0.894 0.015 0.021 0.032 0.020 0.018 
279    C1571    (0)    5 :  0.614 0.137 0.035 0.077 0.042 0.095 
280    C1576    (0)    5 :  0.564 0.049 0.029 0.202 0.038 0.118 
281    C1577    (9)    5 :  0.862 0.034 0.016 0.024 0.027 0.036 
282    C1579    (0)    5 :  0.914 0.016 0.014 0.016 0.023 0.017 
283    C3990    (0)    6 :  0.033 0.008 0.010 0.932 0.009 0.009 
284    C3991    (0)    6 :  0.031 0.026 0.038 0.829 0.026 0.050 
285    C3992    (0)    6 :  0.025 0.046 0.014 0.851 0.031 0.033 
286    C3994    (0)    6 :  0.291 0.057 0.141 0.391 0.070 0.050 
287    C4172    (0)    6 :  0.012 0.074 0.052 0.639 0.112 0.110 
288    C4173    (9)    6 :  0.021 0.018 0.201 0.730 0.017 0.013 
289    C4232    (9)    6 :  0.951 0.009 0.009 0.014 0.008 0.009 
290    C4234    (9)    6 :  0.932 0.012 0.009 0.022 0.012 0.012 
291    C4259    (0)    6 :  0.937 0.010 0.014 0.017 0.011 0.012 
292    C4260    (0)    6 :  0.877 0.014 0.008 0.082 0.011 0.008 
293    C4261    (9)    6 :  0.262 0.129 0.159 0.123 0.260 0.067 
294    C4262    (0)    6 :  0.353 0.027 0.065 0.512 0.029 0.013 
295    C4263    (0)    6 :  0.822 0.013 0.032 0.045 0.023 0.064 
296    C4267    (9)    6 :  0.544 0.020 0.018 0.347 0.026 0.045 
297    C4269    (0)    6 :  0.498 0.020 0.055 0.328 0.069 0.031 
298    C4272    (0)    6 :  0.850 0.033 0.028 0.049 0.027 0.014 
299    C4274    (0)    6 :  0.350 0.523 0.018 0.042 0.046 0.020 
300    C4276    (9)    6 :  0.051 0.807 0.027 0.010 0.022 0.082 
301    C4278    (0)    6 :  0.581 0.056 0.057 0.221 0.056 0.028 
302    C4280    (0)    6 :  0.687 0.040 0.023 0.160 0.073 0.016 
303    C4281    (0)    6 :  0.849 0.018 0.023 0.054 0.029 0.028 
304    C4282    (0)    6 :  0.379 0.035 0.325 0.015 0.174 0.071 
305    C4284    (9)    6 :  0.694 0.009 0.011 0.262 0.013 0.011 
306    C4286    (9)    6 :  0.492 0.079 0.031 0.299 0.068 0.031 
307    C4287    (0)    6 :  0.576 0.063 0.071 0.163 0.111 0.016 
308    C4290    (0)    6 :  0.056 0.456 0.121 0.074 0.086 0.208 
309    C4307   (18)    6 :  0.492 0.042 0.053 0.299 0.092 0.021 
310    C4310    (9)    6 :  0.820 0.052 0.012 0.047 0.018 0.051 
311    C4311   (18)    6 :  0.842 0.042 0.025 0.034 0.036 0.021 
312    C4312    (0)    6 :  0.923 0.014 0.013 0.016 0.014 0.019 
313    C4314    (0)    6 :  0.710 0.028 0.014 0.048 0.033 0.168 
314    C4318    (9)    6 :  0.663 0.074 0.080 0.064 0.106 0.014 
315    C4321    (9)    6 :  0.600 0.079 0.062 0.206 0.037 0.016 
316    C4324    (0)    6 :  0.555 0.047 0.057 0.302 0.025 0.013 
317    C4334    (0)    6 :  0.502 0.024 0.063 0.383 0.016 0.012 
318    C4529    (0)    6 :  0.694 0.044 0.042 0.108 0.046 0.066 
319    C1582    (9)    6 :  0.794 0.023 0.016 0.133 0.015 0.018 
320    C1583    (0)    6 :  0.826 0.033 0.022 0.027 0.031 0.060 
321    C1584    (9)    6 :  0.825 0.051 0.014 0.067 0.015 0.028 
322    C1585    (0)    6 :  0.648 0.016 0.010 0.297 0.009 0.019 
323    C1586    (0)    6 :  0.751 0.021 0.117 0.051 0.033 0.028 
324    C1589    (0)    6 :  0.664 0.012 0.013 0.284 0.014 0.014 
325    C1591    (0)    6 :  0.824 0.016 0.014 0.118 0.012 0.015 
326    C1592    (0)    6 :  0.843 0.029 0.041 0.029 0.034 0.024 
327    C1594    (0)    6 :  0.855 0.018 0.015 0.036 0.021 0.054 
328    C1597    (9)    6 :  0.798 0.066 0.030 0.042 0.034 0.031 
329    C1598    (9)    6 :  0.463 0.023 0.017 0.433 0.022 0.042 
330    C1599    (0)    6 :  0.902 0.038 0.013 0.016 0.019 0.011 
331    C1601    (0)    6 :  0.295 0.033 0.045 0.474 0.076 0.077 
332    C1605    (0)    6 :  0.110 0.365 0.058 0.126 0.209 0.132 
333    C1609    (0)    6 :  0.693 0.014 0.015 0.252 0.012 0.015 
334    C1610    (0)    6 :  0.660 0.111 0.016 0.019 0.111 0.083 
335    C1611    (0)    6 :  0.871 0.019 0.060 0.014 0.024 0.013 
336    C1612    (0)    6 :  0.952 0.010 0.007 0.010 0.010 0.011 
337    C1613    (0)    6 :  0.864 0.027 0.038 0.031 0.015 0.025 
338    C3173    (9)    6 :  0.730 0.059 0.062 0.037 0.066 0.046 
339    C3204    (0)    6 :  0.887 0.017 0.017 0.033 0.018 0.027 
340    C3223    (9)    6 :  0.257 0.525 0.094 0.022 0.081 0.021 
341    C3262    (0)    6 :  0.812 0.050 0.029 0.024 0.029 0.057 
342    C3270    (0)    6 :  0.800 0.022 0.020 0.110 0.029 0.018 
343    C3300    (0)    6 :  0.544 0.013 0.011 0.409 0.011 0.012 
344    C3330    (0)    6 :  0.670 0.038 0.026 0.183 0.067 0.017 
345    C3390    (9)    6 :  0.804 0.020 0.026 0.112 0.020 0.017 
346    C3424    (9)    6 :  0.810 0.031 0.016 0.047 0.081 0.015 
347    C3958    (0)    6 :  0.042 0.011 0.016 0.902 0.021 0.008 
348    C3962    (0)    6 :  0.024 0.011 0.016 0.918 0.022 0.008 
349    C4019    (0)    6 :  0.015 0.059 0.071 0.063 0.720 0.072 
350    C3995   (18)    6 :  0.025 0.015 0.035 0.883 0.023 0.019 
351    C4000    (0)    6 :  0.040 0.033 0.083 0.715 0.111 0.018 
352    C4002    (0)    6 :  0.055 0.013 0.024 0.858 0.032 0.018 
353    C1692    (0)    7 :  0.017 0.287 0.034 0.133 0.478 0.050 
354    C1693    (0)    7 :  0.174 0.430 0.161 0.063 0.155 0.018 
355    C1694    (0)    7 :  0.061 0.228 0.379 0.034 0.165 0.134 
356    C1698    (0)    7 :  0.017 0.171 0.250 0.010 0.457 0.095 
357    C1699    (0)    7 :  0.029 0.170 0.063 0.032 0.194 0.512 
358    C1700    (0)    7 :  0.060 0.114 0.240 0.086 0.396 0.103 
359    C1701    (0)    7 :  0.020 0.107 0.044 0.012 0.457 0.360 
360    C1702    (0)    7 :  0.013 0.193 0.079 0.015 0.595 0.105 
361    C1703    (0)    7 :  0.012 0.123 0.513 0.025 0.241 0.087 
362    C1704    (0)    7 :  0.071 0.186 0.470 0.054 0.175 0.044 
363    C1705    (0)    7 :  0.012 0.195 0.434 0.285 0.051 0.023 
364    C1706    (0)    7 :  0.019 0.243 0.084 0.013 0.213 0.428 
365    C1707    (0)    7 :  0.373 0.320 0.039 0.023 0.072 0.173 
366    C1708    (0)    7 :  0.016 0.031 0.757 0.014 0.162 0.020 
367    C1709    (0)    7 :  0.021 0.036 0.742 0.060 0.110 0.030 
368    C1710    (0)    7 :  0.029 0.085 0.135 0.024 0.627 0.100 
369    C1712    (0)    7 :  0.010 0.040 0.719 0.028 0.186 0.017 
370    C1714    (0)    7 :  0.013 0.026 0.887 0.013 0.040 0.020 
371    C1715    (0)    7 :  0.027 0.510 0.030 0.015 0.277 0.140 
372    C1717    (0)    7 :  0.063 0.673 0.098 0.014 0.123 0.027 
373    C1718   (18)    7 :  0.042 0.336 0.075 0.017 0.384 0.146 
374    C1719    (0)    7 :  0.065 0.028 0.676 0.133 0.072 0.025 
375    C1656    (0)    8 :  0.011 0.052 0.051 0.046 0.256 0.585 
376    C1657   (18)    8 :  0.023 0.079 0.463 0.023 0.113 0.300 
377    C1658    (0)    8 :  0.008 0.271 0.063 0.013 0.382 0.262 
378    C1659    (0)    8 :  0.050 0.629 0.020 0.020 0.117 0.163 
379    C1661    (9)    8 :  0.058 0.232 0.135 0.051 0.424 0.101 
380    C1665    (0)    8 :  0.022 0.121 0.069 0.015 0.459 0.314 
381    C1667    (9)    8 :  0.008 0.017 0.921 0.006 0.032 0.015 
382    C1676    (9)    8 :  0.015 0.031 0.118 0.027 0.510 0.299 
383    C1681    (9)    8 :  0.030 0.297 0.111 0.021 0.164 0.377 
384    C1682    (0)    8 :  0.015 0.066 0.584 0.025 0.199 0.111 
385    C1685    (0)    8 :  0.024 0.022 0.036 0.029 0.697 0.192 
386    C4707    (0)    9 :  0.029 0.021 0.067 0.075 0.733 0.075 
387    C4747    (0)    9 :  0.104 0.136 0.485 0.148 0.102 0.024 
388    C4772    (0)    9 :  0.069 0.060 0.033 0.507 0.243 0.088 
389    C4781    (0)    9 :  0.022 0.059 0.722 0.045 0.130 0.022 
390    C4782    (0)    9 :  0.078 0.207 0.226 0.117 0.266 0.106 
391    C4787    (0)    9 :  0.023 0.635 0.063 0.115 0.117 0.046 
392    C4790    (0)    9 :  0.019 0.027 0.585 0.077 0.235 0.056 
393    C4803    (0)    9 :  0.047 0.357 0.153 0.120 0.278 0.045 
394    C4813    (0)    9 :  0.015 0.063 0.033 0.738 0.095 0.057 
395    C4837    (0)    9 :  0.029 0.070 0.035 0.097 0.742 0.026 
396    C4838    (0)    9 :  0.014 0.521 0.051 0.084 0.237 0.093 
397    C4843    (0)    9 :  0.030 0.087 0.038 0.051 0.709 0.085 
398    C4857    (0)    9 :  0.083 0.047 0.026 0.747 0.055 0.042 
399    C4828    (0)    9 :  0.186 0.163 0.091 0.053 0.305 0.201 
400    C4835    (0)    9 :  0.014 0.106 0.021 0.722 0.070 0.068 
401    C4836    (9)    9 :  0.035 0.208 0.151 0.225 0.335 0.046 
402    C4842    (0)    9 :  0.014 0.087 0.092 0.028 0.501 0.278 
403    C4863    (9)    9 :  0.026 0.362 0.169 0.072 0.342 0.030 
404    C4744    (0)    9 :  0.022 0.102 0.229 0.021 0.484 0.143 
405    C4745    (0)    9 :  0.023 0.231 0.043 0.061 0.490 0.152 
406    C4768    (0)    9 :  0.038 0.025 0.330 0.195 0.351 0.060 
407    C4769    (0)    9 :  0.011 0.112 0.065 0.142 0.124 0.545 
408    C4771    (0)    9 :  0.014 0.108 0.106 0.028 0.597 0.146 
409    C4784    (0)    9 :  0.027 0.043 0.607 0.158 0.090 0.075 
410    C4785    (0)    9 :  0.027 0.028 0.821 0.033 0.042 0.049 
411    C4795    (0)    9 :  0.048 0.070 0.685 0.083 0.080 0.034 
412    C4796    (0)    9 :  0.017 0.187 0.196 0.019 0.516 0.066 
413    C4800    (0)    9 :  0.012 0.420 0.017 0.257 0.270 0.024 
414    C4801    (0)    9 :  0.026 0.058 0.067 0.398 0.117 0.333 
415    C4802    (0)    9 :  0.307 0.160 0.031 0.112 0.139 0.251 
416    C4805    (0)    9 :  0.016 0.052 0.196 0.071 0.378 0.287 
417    C4806    (0)    9 :  0.012 0.120 0.032 0.038 0.513 0.285 
418    C4850    (0)    9 :  0.070 0.100 0.041 0.219 0.508 0.063 
419    C4748    (0)   10 :  0.009 0.061 0.091 0.098 0.056 0.687 
420    C4753    (0)   10 :  0.019 0.157 0.133 0.041 0.551 0.099 
421    C4754    (0)   10 :  0.018 0.032 0.093 0.103 0.663 0.091 
422    C4760    (0)   10 :  0.097 0.176 0.043 0.318 0.337 0.029 
423    C4761    (0)   10 :  0.015 0.038 0.096 0.268 0.091 0.491 
424    C4762    (0)   10 :  0.011 0.120 0.437 0.303 0.067 0.062 
425    C4791    (0)   10 :  0.009 0.333 0.094 0.207 0.309 0.048 
426    C4810    (0)   10 :  0.060 0.069 0.024 0.042 0.043 0.763 
427    C4812    (0)   10 :  0.043 0.253 0.034 0.047 0.280 0.344 
428    C4821    (0)   10 :  0.081 0.123 0.095 0.084 0.568 0.049 
429    C4864    (0)   10 :  0.073 0.032 0.030 0.580 0.241 0.045 
430    C4866    (0)   10 :  0.013 0.133 0.028 0.033 0.088 0.704 
431    C1722    (0)   10 :  0.050 0.347 0.046 0.013 0.151 0.392 
432    C1724    (0)   10 :  0.008 0.158 0.015 0.017 0.071 0.732 
433    C1725    (0)   10 :  0.046 0.341 0.062 0.012 0.160 0.379 
434    C1726    (0)   10 :  0.013 0.234 0.104 0.018 0.517 0.116 
435    C1731    (0)   10 :  0.027 0.151 0.110 0.037 0.270 0.404 
436    C1733    (9)   10 :  0.024 0.512 0.022 0.027 0.130 0.286 
437    C1734    (0)   10 :  0.026 0.380 0.043 0.066 0.408 0.077 
438    C1735    (0)   10 :  0.012 0.556 0.034 0.009 0.221 0.169 
439    C1738    (0)   10 :  0.032 0.330 0.016 0.038 0.112 0.472 
440    C1740    (9)   10 :  0.132 0.170 0.063 0.034 0.439 0.161 
441    C1741    (0)   10 :  0.086 0.277 0.153 0.240 0.225 0.019 
442    C1742    (0)   10 :  0.022 0.051 0.030 0.021 0.771 0.105 
443    C1743    (0)   10 :  0.022 0.231 0.513 0.022 0.113 0.099 
444    C1745    (0)   10 :  0.022 0.308 0.035 0.042 0.540 0.052 
445    C1746    (0)   10 :  0.035 0.196 0.140 0.064 0.244 0.321 
446    C1747    (0)   10 :  0.043 0.383 0.221 0.024 0.061 0.268 
447    C4742    (9)   10 :  0.025 0.038 0.133 0.507 0.239 0.058 
448    C4752    (0)   10 :  0.028 0.037 0.031 0.786 0.037 0.082 
449    C4792    (0)   10 :  0.134 0.049 0.101 0.190 0.340 0.185 
450    C4811    (0)   10 :  0.027 0.032 0.017 0.876 0.032 0.016 
451    C4814    (0)   10 :  0.024 0.052 0.073 0.543 0.255 0.052 
452    C4815    (0)   10 :  0.030 0.656 0.036 0.113 0.135 0.029 
453    C4818    (0)   10 :  0.105 0.165 0.078 0.247 0.204 0.201 
454    C4819    (0)   10 :  0.055 0.052 0.089 0.198 0.396 0.211 
455    C4826    (0)   10 :  0.010 0.152 0.079 0.033 0.619 0.107 
456    C4829    (0)   10 :  0.054 0.091 0.400 0.022 0.366 0.067 
457    C4830    (0)   10 :  0.016 0.042 0.217 0.030 0.674 0.020 
458    C4831    (0)   10 :  0.085 0.021 0.067 0.627 0.124 0.075 
459    C4832    (0)   10 :  0.015 0.066 0.438 0.051 0.289 0.141 
460    C4858    (0)   10 :  0.014 0.066 0.485 0.347 0.070 0.019 
461    C4757    (0)   10 :  0.061 0.141 0.040 0.125 0.430 0.202 
462    C4770    (9)   10 :  0.387 0.289 0.063 0.184 0.057 0.020 
463    C4808    (0)   10 :  0.020 0.068 0.072 0.253 0.549 0.039 
464    C4809    (0)   10 :  0.010 0.040 0.021 0.015 0.757 0.157 
465    C4820    (0)   10 :  0.020 0.288 0.226 0.049 0.222 0.195 
466    C4824    (0)   10 :  0.011 0.335 0.270 0.043 0.323 0.019 
467    C4706    (0)   11 :  0.012 0.246 0.062 0.024 0.294 0.362 
468    C4708    (0)   11 :  0.043 0.009 0.012 0.906 0.018 0.012 
469    C4709    (0)   11 :  0.014 0.064 0.751 0.094 0.051 0.026 
470    C4714    (0)   11 :  0.035 0.052 0.491 0.240 0.137 0.044 
471    C4722    (0)   11 :  0.021 0.041 0.457 0.106 0.233 0.142 
472    C4726    (0)   11 :  0.067 0.306 0.029 0.187 0.120 0.291 
473    C4733    (0)   11 :  0.062 0.025 0.154 0.285 0.370 0.105 
474    C4734    (0)   11 :  0.018 0.116 0.076 0.123 0.342 0.326 
475    C4737    (0)   11 :  0.013 0.021 0.824 0.050 0.065 0.027 
476    C4882    (0)   11 :  0.013 0.105 0.070 0.016 0.625 0.171 
477    C4883    (0)   11 :  0.016 0.015 0.784 0.144 0.027 0.014 
478    C4702    (9)   11 :  0.100 0.140 0.140 0.138 0.393 0.089 
479    C4703    (0)   11 :  0.028 0.049 0.055 0.763 0.075 0.029 
480    C4727    (0)   11 :  0.011 0.087 0.126 0.063 0.279 0.434 
481    C4732    (0)   11 :  0.017 0.071 0.734 0.065 0.086 0.027 
482    C4735    (0)   11 :  0.016 0.601 0.045 0.064 0.253 0.020 
483    C4736    (0)   11 :  0.019 0.017 0.049 0.872 0.018 0.025 
484    C4746    (0)   11 :  0.015 0.068 0.285 0.362 0.222 0.049 
485    C4777    (0)   11 :  0.020 0.339 0.027 0.010 0.504 0.101 
486    C4846    (0)   11 :  0.137 0.038 0.096 0.440 0.230 0.059 
487    C4847    (0)   11 :  0.009 0.040 0.043 0.051 0.662 0.195 
488    C4884    (0)   11 :  0.016 0.252 0.195 0.194 0.311 0.032 
489    C4705    (0)   11 :  0.033 0.402 0.017 0.256 0.271 0.022 
490    C4711    (0)   11 :  0.020 0.028 0.191 0.111 0.123 0.527 
491    C4713    (9)   11 :  0.051 0.520 0.074 0.087 0.100 0.168 
492    C4716    (0)   11 :  0.020 0.165 0.138 0.185 0.401 0.091 
493    C4717    (0)   11 :  0.026 0.030 0.031 0.769 0.082 0.062 
494    C4719    (0)   11 :  0.012 0.014 0.040 0.016 0.865 0.054 
495    C4721    (0)   11 :  0.034 0.020 0.017 0.874 0.030 0.024 
496    C4729    (0)   11 :  0.013 0.106 0.026 0.113 0.714 0.028 
497    C4730    (0)   11 :  0.021 0.026 0.062 0.782 0.064 0.046 
498    C4773    (0)   11 :  0.029 0.011 0.011 0.870 0.022 0.056 
499    C4861    (0)   11 :  0.019 0.039 0.023 0.025 0.804 0.090 
500    C4890    (0)   11 :  0.016 0.049 0.067 0.634 0.202 0.031 
501    C4718    (0)   11 :  0.024 0.253 0.235 0.076 0.332 0.079 
502    C4724    (0)   11 :  0.013 0.170 0.035 0.572 0.156 0.052 
503    C4738    (0)   11 :  0.015 0.021 0.018 0.415 0.076 0.454 
504    C4739    (0)   11 :  0.046 0.076 0.044 0.054 0.543 0.237 
505    C4844    (0)   11 :  0.034 0.079 0.040 0.348 0.438 0.060 
506    C4845    (0)   11 :  0.017 0.037 0.791 0.047 0.084 0.025 
507    C4681    (0)   11 :  0.343 0.016 0.020 0.548 0.047 0.025 
508    C4682    (0)   11 :  0.142 0.216 0.329 0.072 0.100 0.141 
509    C4683    (0)   11 :  0.073 0.030 0.040 0.725 0.095 0.036 
510    C4685    (0)   11 :  0.027 0.108 0.262 0.210 0.363 0.030 
511    C4715    (0)   11 :  0.032 0.527 0.172 0.049 0.201 0.019 
512    C4725    (0)   11 :  0.013 0.154 0.215 0.017 0.507 0.093 
513    C4799    (0)   11 :  0.147 0.243 0.104 0.250 0.226 0.030 
514    C4889    (9)   11 :  0.015 0.033 0.043 0.751 0.032 0.126 
515    C4641    (0)   12 :  0.008 0.020 0.016 0.910 0.026 0.021 
516    C4651    (0)   12 :  0.022 0.024 0.026 0.422 0.033 0.473 
517    C4657    (0)   12 :  0.009 0.007 0.015 0.952 0.008 0.009 
518    C4658    (0)   12 :  0.016 0.041 0.048 0.829 0.031 0.035 
519    C4660    (0)   12 :  0.021 0.073 0.078 0.597 0.138 0.092 
520    C4665    (0)   12 :  0.009 0.011 0.011 0.944 0.011 0.013 
521    C4666    (0)   12 :  0.012 0.338 0.020 0.107 0.508 0.014 
522    C4667    (0)   12 :  0.010 0.017 0.025 0.900 0.026 0.022 
523    C4668    (0)   12 :  0.031 0.050 0.011 0.794 0.034 0.080 
524    C4669    (0)   12 :  0.008 0.026 0.023 0.916 0.013 0.013 
525    C4670    (0)   12 :  0.007 0.051 0.131 0.403 0.377 0.031 
526    C4671    (0)   12 :  0.043 0.148 0.067 0.509 0.219 0.014 
527    C4672    (0)   12 :  0.074 0.109 0.051 0.361 0.084 0.321 
528    C4633    (0)   13 :  0.018 0.013 0.015 0.925 0.013 0.015 
529    C4635    (0)   13 :  0.011 0.031 0.023 0.826 0.032 0.077 
530    C4653    (0)   13 :  0.051 0.171 0.025 0.641 0.044 0.068 
531    C4654    (0)   13 :  0.021 0.013 0.046 0.874 0.019 0.027 
532    C4675    (0)   13 :  0.019 0.222 0.026 0.539 0.061 0.132 
533    C4679    (0)   13 :  0.010 0.048 0.035 0.010 0.029 0.868 
534    C4684    (0)   13 :  0.050 0.059 0.012 0.844 0.016 0.018 
535    C4686    (0)   13 :  0.023 0.036 0.022 0.874 0.031 0.015 
536    C4687    (0)   13 :  0.052 0.031 0.024 0.857 0.020 0.017 
537    U1941    (0)   14 :  0.030 0.903 0.012 0.011 0.021 0.023 
538    U1942    (0)   14 :  0.095 0.203 0.077 0.151 0.429 0.046 
539    U1957    (9)   14 :  0.497 0.198 0.065 0.064 0.077 0.098 
540    U2016    (0)   14 :  0.012 0.267 0.080 0.006 0.490 0.145 
541    U2021    (9)   14 :  0.028 0.244 0.404 0.023 0.264 0.037 
542    U2022    (0)   14 :  0.023 0.082 0.415 0.010 0.448 0.022 
543    U2023    (0)   14 :  0.012 0.158 0.152 0.018 0.561 0.099 
544    U2024    (0)   14 :  0.031 0.024 0.160 0.029 0.704 0.051 
545    U2025    (9)   14 :  0.042 0.129 0.147 0.017 0.643 0.022 
546    U2026    (0)   14 :  0.148 0.137 0.128 0.022 0.542 0.023 
547    U2027    (0)   14 :  0.027 0.062 0.084 0.028 0.500 0.298 
548    U2028    (0)   14 :  0.009 0.021 0.060 0.007 0.863 0.041 
549    U2029    (0)   14 :  0.012 0.030 0.403 0.029 0.431 0.094 
550    U2030    (0)   14 :  0.013 0.139 0.219 0.012 0.425 0.192 
551    U2031    (0)   14 :  0.013 0.196 0.107 0.015 0.398 0.270 
552    U1943    (0)   14 :  0.020 0.051 0.823 0.038 0.048 0.020 
553    U1944    (0)   14 :  0.017 0.098 0.539 0.029 0.072 0.246 
554    U1945    (0)   14 :  0.015 0.117 0.403 0.015 0.348 0.101 
555    U1946    (0)   14 :  0.024 0.176 0.072 0.020 0.171 0.536 
556    U1947    (0)   14 :  0.020 0.397 0.138 0.014 0.415 0.016 
557    U1948    (0)   14 :  0.063 0.428 0.070 0.041 0.346 0.052 
