

----------------------------------------------------
STRUCTURE by Pritchard, Stephens and Donnelly (2000)
     and Falush, Stephens and Pritchard (2003)
       Code by Pritchard, Falush and Hubisz
             Version 2.3.4 (Jul 2012)
----------------------------------------------------



Command line arguments:   bin\structure -m C:\Users\eschumacher\Documents\Butternut\butternut_STRUCTURE_withQU\50-50\mainparams -e C:\Users\eschumacher\Documents\Butternut\butternut_STRUCTURE_withQU\50-50\extraparams 
Input File:    C:\Users\eschumacher\Documents\Butternut\butternut_STRUCTURE_withQU\project_data

Run parameters:
   1015 individuals
   11 loci
   4 populations assumed
   50000 Burn-in period
   50000 Reps


--------------------------------------------
Proportion of membership of each pre-defined
 population in each of the 4 clusters

Given    Inferred Clusters              Number of
 Pop       1      2      3      4      Individuals

  1:     0.239  0.065  0.622  0.074       40
  2:     0.407  0.065  0.489  0.038       46
  3:     0.231  0.066  0.644  0.059       63
  4:     0.416  0.042  0.469  0.074       48
  5:     0.294  0.059  0.566  0.081       85
  6:     0.215  0.053  0.672  0.061       70
  7:     0.116  0.517  0.084  0.283       22
  8:     0.043  0.486  0.032  0.438       11
  9:     0.385  0.320  0.068  0.226       33
 10:     0.355  0.236  0.055  0.354       48
 11:     0.511  0.257  0.057  0.175       48
 12:     0.817  0.068  0.028  0.086       13
 13:     0.780  0.034  0.043  0.144        9
 14:     0.065  0.481  0.092  0.363       90
 15:     0.046  0.710  0.045  0.200       63
 16:     0.088  0.419  0.155  0.338       16
 17:     0.159  0.216  0.163  0.462       31
 18:     0.083  0.103  0.019  0.794       16
 19:     0.046  0.623  0.163  0.168       24
 20:     0.056  0.559  0.114  0.271       12
 21:     0.072  0.462  0.089  0.377       54
 22:     0.077  0.251  0.088  0.584       96
 23:     0.035  0.322  0.087  0.555       22
 24:     0.156  0.072  0.097  0.674       23
 25:     0.063  0.257  0.037  0.643       13
 26:     0.102  0.491  0.107  0.300       19
--------------------------------------------

Allele-freq. divergence among pops (Net nucleotide distance),
computed using point estimates of P.

      1       2       3       4      
 1      -    0.0226  0.0235  0.0284  
 2   0.0226     -    0.0241  0.0084  
 3   0.0235  0.0241     -    0.0269  
 4   0.0284  0.0084  0.0269     -    

Average distances (expected heterozygosity) between individuals in same cluster:
cluster  1  : 0.8458 
cluster  2  : 0.8567 
cluster  3  : 0.8236 
cluster  4  : 0.8428 

--------------------------------------------
Estimated Ln Prob of Data   = -47926.4
Mean value of ln likelihood = -47192.6
Variance of ln likelihood   = 1467.7
Mean value of alpha         = 0.0637

Mean value of Fst_1         = 0.0354
Mean value of Fst_2         = 0.0148
Mean value of Fst_3         = 0.0433
Mean value of Fst_4         = 0.0221


Inferred ancestry of individuals:
        Label (%Miss) Pop:  Inferred clusters
  1    C3984    (0)    1 :  0.147 0.019 0.823 0.011 
  2    C3985    (0)    1 :  0.390 0.018 0.575 0.017 
  3    C3986    (0)    1 :  0.766 0.013 0.211 0.010 
  4    C4231    (0)    1 :  0.671 0.024 0.289 0.017 
  5    C4344    (0)    1 :  0.035 0.032 0.915 0.018 
  6    C4347   (18)    1 :  0.026 0.013 0.926 0.035 
  7    C4352   (18)    1 :  0.357 0.042 0.579 0.022 
  8    C4355    (9)    1 :  0.049 0.022 0.909 0.020 
  9    C4358   (18)    1 :  0.068 0.744 0.054 0.135 
 10    C4419    (9)    1 :  0.617 0.031 0.312 0.041 
 11    C4428    (9)    1 :  0.076 0.013 0.895 0.016 
 12    C4436    (0)    1 :  0.194 0.017 0.773 0.016 
 13    C4437   (18)    1 :  0.458 0.028 0.434 0.080 
 14    C4450    (0)    1 :  0.182 0.142 0.576 0.100 
 15    C4531    (0)    1 :  0.940 0.022 0.018 0.021 
 16    C1615    (0)    1 :  0.523 0.089 0.278 0.110 
 17    C1616    (0)    1 :  0.106 0.064 0.273 0.557 
 18    C1617    (9)    1 :  0.013 0.012 0.954 0.021 
 19    C1618    (0)    1 :  0.749 0.059 0.155 0.037 
 20    C1619    (0)    1 :  0.434 0.159 0.351 0.056 
 21    C1620    (9)    1 :  0.450 0.120 0.386 0.044 
 22    C1621    (0)    1 :  0.059 0.116 0.261 0.564 
 23    C1623    (9)    1 :  0.617 0.177 0.039 0.168 
 24    C1625    (0)    1 :  0.211 0.145 0.553 0.091 
 25    C1626    (0)    1 :  0.078 0.101 0.500 0.321 
 26    C1627    (9)    1 :  0.143 0.035 0.781 0.041 
 27    C1633    (0)    1 :  0.048 0.018 0.908 0.026 
 28    C1637    (0)    1 :  0.030 0.017 0.928 0.026 
 29    C1650    (0)    1 :  0.560 0.022 0.364 0.054 
 30    C3202    (0)    1 :  0.020 0.016 0.942 0.023 
 31    C3248    (0)    1 :  0.012 0.019 0.955 0.014 
 32    C3304    (9)    1 :  0.014 0.016 0.942 0.028 
 33    C3326    (0)    1 :  0.136 0.054 0.762 0.049 
 34    C3333    (0)    1 :  0.016 0.024 0.929 0.032 
 35    C3339   (18)    1 :  0.022 0.033 0.916 0.029 
 36    C3346    (0)    1 :  0.015 0.012 0.965 0.009 
 37    C3349    (0)    1 :  0.018 0.040 0.918 0.024 
 38    C3367   (18)    1 :  0.254 0.025 0.683 0.038 
 39    C3374    (0)    1 :  0.031 0.011 0.949 0.009 
 40    C3405    (0)    1 :  0.041 0.042 0.885 0.032 
 41    C4543    (0)    2 :  0.930 0.014 0.043 0.013 
 42    C4545    (9)    2 :  0.949 0.016 0.027 0.008 
 43    C4551    (9)    2 :  0.805 0.116 0.052 0.027 
 44    C4491    (0)    2 :  0.632 0.105 0.225 0.038 
 45    C4494    (0)    2 :  0.058 0.012 0.921 0.009 
 46    C4495    (0)    2 :  0.167 0.220 0.578 0.036 
 47    C4497    (9)    2 :  0.034 0.021 0.929 0.016 
 48    C4501    (0)    2 :  0.126 0.166 0.638 0.069 
 49    C4502    (0)    2 :  0.559 0.032 0.391 0.018 
 50    C4503    (0)    2 :  0.935 0.036 0.012 0.016 
 51    C4504    (0)    2 :  0.129 0.563 0.220 0.088 
 52    C4470    (0)    2 :  0.256 0.176 0.509 0.059 
 53    C4471    (0)    2 :  0.815 0.026 0.145 0.015 
 54    C4474    (9)    2 :  0.948 0.023 0.010 0.019 
 55    C4476    (0)    2 :  0.276 0.025 0.679 0.019 
 56    C4478    (0)    2 :  0.884 0.026 0.075 0.015 
 57    C4479    (0)    2 :  0.070 0.013 0.886 0.030 
 58    C4482    (0)    2 :  0.577 0.028 0.295 0.100 
 59    C4483    (0)    2 :  0.964 0.014 0.010 0.012 
 60    C4484    (0)    2 :  0.650 0.059 0.254 0.037 
 61    C4485    (0)    2 :  0.110 0.116 0.701 0.073 
 62    C4489    (0)    2 :  0.179 0.026 0.775 0.021 
 63    C4505    (0)    2 :  0.197 0.039 0.732 0.031 
 64    C4507    (0)    2 :  0.725 0.134 0.112 0.028 
 65    C4535    (0)    2 :  0.943 0.023 0.014 0.019 
 66    C4542    (0)    2 :  0.887 0.047 0.015 0.052 
 67    C4553    (9)    2 :  0.786 0.024 0.171 0.018 
 68    C4562   (18)    2 :  0.681 0.041 0.252 0.025 
 69    C4582   (18)    2 :  0.891 0.025 0.056 0.028 
 70    C4693    (0)    2 :  0.950 0.010 0.027 0.013 
 71    C4696    (0)    2 :  0.749 0.075 0.146 0.031 
 72    C3179    (0)    2 :  0.019 0.082 0.880 0.019 
 73    C3181    (0)    2 :  0.019 0.035 0.916 0.030 
 74    C3188    (0)    2 :  0.019 0.041 0.909 0.031 
 75    C3190    (0)    2 :  0.039 0.024 0.891 0.046 
 76    C3193    (0)    2 :  0.017 0.015 0.948 0.021 
 77    C3232    (0)    2 :  0.058 0.012 0.918 0.012 
 78    C3236    (0)    2 :  0.022 0.009 0.959 0.009 
 79    C3249    (0)    2 :  0.030 0.031 0.907 0.031 
 80    C3250    (0)    2 :  0.024 0.011 0.950 0.015 
 81    C3253    (0)    2 :  0.040 0.020 0.919 0.021 
 82    C3255    (0)    2 :  0.033 0.014 0.943 0.010 
 83    C3277    (0)    2 :  0.040 0.064 0.801 0.095 
 84    C3315    (0)    2 :  0.277 0.240 0.177 0.306 
 85    C3288    (0)    2 :  0.068 0.020 0.885 0.028 
 86    C3293    (0)    2 :  0.168 0.117 0.606 0.108 
 87    C4018    (0)    3 :  0.682 0.010 0.296 0.012 
 88    C3980    (0)    3 :  0.913 0.011 0.063 0.013 
 89    C3987    (0)    3 :  0.907 0.011 0.071 0.012 
 90    C3988    (0)    3 :  0.721 0.015 0.254 0.011 
 91    C3989    (0)    3 :  0.082 0.051 0.851 0.016 
 92    C4011    (0)    3 :  0.448 0.008 0.536 0.007 
 93    C4017    (0)    3 :  0.946 0.009 0.038 0.007 
 94    C4296    (0)    3 :  0.182 0.264 0.378 0.176 
 95    C4301    (9)    3 :  0.025 0.272 0.056 0.646 
 96    C4303    (0)    3 :  0.036 0.059 0.497 0.408 
 97    C4453    (0)    3 :  0.200 0.059 0.675 0.066 
 98    C4455    (9)    3 :  0.147 0.029 0.771 0.053 
 99    C4456   (18)    3 :  0.683 0.062 0.081 0.174 
100    C4457    (9)    3 :  0.047 0.049 0.736 0.168 
101    C4459    (9)    3 :  0.156 0.018 0.805 0.021 
102    C4464   (18)    3 :  0.047 0.012 0.931 0.010 
103    C4468    (9)    3 :  0.039 0.019 0.903 0.038 
104    C4783    (0)    3 :  0.880 0.029 0.075 0.015 
105    C4786    (0)    3 :  0.443 0.015 0.518 0.023 
106    C4789    (9)    3 :  0.361 0.014 0.605 0.021 
107    C4891    (0)    3 :  0.354 0.071 0.539 0.037 
108    C4896    (0)    3 :  0.843 0.036 0.087 0.034 
109    C4898    (0)    3 :  0.894 0.019 0.073 0.013 
110    C4901    (0)    3 :  0.681 0.011 0.287 0.021 
111    C4903    (9)    3 :  0.347 0.040 0.507 0.107 
112    C4904    (0)    3 :  0.836 0.032 0.121 0.011 
113    C3263    (0)    3 :  0.019 0.053 0.909 0.018 
114    C3271    (0)    3 :  0.014 0.017 0.953 0.015 
115    C3272    (0)    3 :  0.017 0.034 0.928 0.021 
116    C3276    (0)    3 :  0.049 0.115 0.644 0.193 
117    C3280    (9)    3 :  0.078 0.232 0.627 0.062 
118    C3305    (9)    3 :  0.023 0.021 0.942 0.015 
119    C3306    (0)    3 :  0.040 0.059 0.869 0.031 
120    C3324    (0)    3 :  0.035 0.495 0.447 0.023 
121    C3329    (0)    3 :  0.461 0.089 0.391 0.059 
122    C3336    (0)    3 :  0.026 0.036 0.907 0.031 
123    C3341   (18)    3 :  0.226 0.587 0.095 0.092 
124    C3409   (18)    3 :  0.142 0.094 0.687 0.078 
125    C3168    (9)    3 :  0.022 0.017 0.947 0.013 
126    C3170    (0)    3 :  0.025 0.026 0.933 0.015 
127    C3214   (18)    3 :  0.025 0.013 0.845 0.117 
128    C3227    (0)    3 :  0.025 0.013 0.932 0.030 
129    C3228    (0)    3 :  0.114 0.047 0.781 0.058 
130    C3278    (0)    3 :  0.010 0.026 0.943 0.020 
131    C3279    (0)    3 :  0.020 0.032 0.916 0.032 
132    C3321    (0)    3 :  0.024 0.009 0.958 0.010 
133    C3322    (0)    3 :  0.115 0.075 0.561 0.248 
134    C3303    (0)    3 :  0.020 0.043 0.903 0.033 
135    C3317    (0)    3 :  0.024 0.025 0.935 0.016 
136    C3355    (0)    3 :  0.022 0.015 0.953 0.011 
137    C3376    (9)    3 :  0.032 0.016 0.919 0.034 
138    C3401    (0)    3 :  0.030 0.029 0.906 0.035 
139    C3203    (9)    3 :  0.037 0.038 0.872 0.053 
140    C3245    (0)    3 :  0.012 0.020 0.942 0.026 
141    C3302    (0)    3 :  0.038 0.044 0.887 0.030 
142    C3307    (0)    3 :  0.416 0.146 0.395 0.043 
143    C3310    (0)    3 :  0.016 0.025 0.942 0.017 
144    C3312    (9)    3 :  0.068 0.051 0.843 0.038 
145    C3345    (0)    3 :  0.022 0.026 0.937 0.015 
146    C3371    (0)    3 :  0.027 0.076 0.882 0.015 
147    C3372    (0)    3 :  0.034 0.035 0.911 0.020 
148    C3380    (9)    3 :  0.029 0.008 0.952 0.011 
149    C3417    (0)    3 :  0.330 0.225 0.395 0.050 
150    C4569    (9)    4 :  0.861 0.064 0.025 0.050 
151    C4570    (9)    4 :  0.948 0.014 0.028 0.011 
152    C4571    (9)    4 :  0.779 0.019 0.175 0.027 
153    C4572    (9)    4 :  0.947 0.013 0.022 0.018 
154    C4573    (9)    4 :  0.312 0.064 0.061 0.563 
155    C4575    (9)    4 :  0.877 0.028 0.034 0.061 
156    C4577    (9)    4 :  0.950 0.012 0.027 0.010 
157    C4578    (9)    4 :  0.813 0.051 0.055 0.081 
158    C4600   (18)    4 :  0.762 0.108 0.079 0.051 
159    C4612    (9)    4 :  0.918 0.017 0.021 0.043 
160    C4621    (0)    4 :  0.859 0.009 0.116 0.016 
161    C4622    (9)    4 :  0.941 0.012 0.037 0.009 
162    C4623    (0)    4 :  0.679 0.122 0.148 0.050 
163    C4624    (0)    4 :  0.937 0.014 0.023 0.026 
164    C4625    (0)    4 :  0.235 0.046 0.074 0.645 
165    C4627    (0)    4 :  0.917 0.017 0.044 0.022 
166    C4631    (0)    4 :  0.935 0.035 0.013 0.017 
167    C4632    (0)    4 :  0.858 0.019 0.104 0.019 
168    C3939    (0)    4 :  0.916 0.012 0.060 0.013 
169    C3940    (0)    4 :  0.934 0.025 0.026 0.015 
170    C3945    (0)    4 :  0.916 0.015 0.060 0.009 
171    C4520    (0)    4 :  0.102 0.189 0.449 0.259 
172    C4522    (0)    4 :  0.783 0.014 0.190 0.013 
173    C3182    (0)    4 :  0.030 0.021 0.933 0.015 
174    C3189    (0)    4 :  0.043 0.067 0.711 0.179 
175    C3191    (9)    4 :  0.020 0.028 0.907 0.045 
176    C3196    (0)    4 :  0.015 0.024 0.927 0.034 
177    C3208    (0)    4 :  0.218 0.041 0.683 0.058 
178    C3211    (0)    4 :  0.027 0.034 0.910 0.029 
179    C3212    (0)    4 :  0.164 0.398 0.321 0.118 
180    C3213    (0)    4 :  0.012 0.035 0.936 0.016 
181    C3215    (0)    4 :  0.190 0.061 0.380 0.369 
182    C3217    (0)    4 :  0.017 0.035 0.928 0.019 
183    C3225    (9)    4 :  0.023 0.036 0.896 0.045 
184    C3226    (0)    4 :  0.053 0.014 0.921 0.012 
185    C3238    (9)    4 :  0.077 0.015 0.885 0.023 
186    C3239    (0)    4 :  0.020 0.021 0.942 0.017 
187    C3269   (18)    4 :  0.215 0.040 0.494 0.250 
188    C3273    (0)    4 :  0.017 0.012 0.940 0.032 
189    C3274    (0)    4 :  0.276 0.046 0.613 0.065 
190    C3354    (0)    4 :  0.026 0.022 0.934 0.018 
191    C3361    (0)    4 :  0.028 0.015 0.936 0.020 
192    C3289    (0)    4 :  0.025 0.017 0.938 0.020 
193    C3169    (0)    4 :  0.020 0.010 0.957 0.012 
194    C3199    (9)    4 :  0.191 0.019 0.747 0.044 
195    C3224    (0)    4 :  0.016 0.017 0.934 0.033 
196    C3261   (18)    4 :  0.034 0.020 0.936 0.010 
197    C3320    (0)    4 :  0.034 0.025 0.913 0.028 
198    C4151    (0)    5 :  0.946 0.009 0.035 0.009 
199    C4152    (0)    5 :  0.937 0.012 0.037 0.015 
200    C4153    (0)    5 :  0.514 0.019 0.436 0.031 
201    C4154   (18)    5 :  0.582 0.051 0.351 0.017 
202    C4157    (0)    5 :  0.345 0.045 0.581 0.028 
203    C4158    (0)    5 :  0.956 0.009 0.025 0.010 
204    C4163    (0)    5 :  0.960 0.008 0.025 0.008 
205    C4165    (0)    5 :  0.596 0.307 0.068 0.029 
206    C4248    (9)    5 :  0.021 0.032 0.918 0.029 
207    C4371    (9)    5 :  0.169 0.055 0.756 0.020 
208    C3936    (0)    5 :  0.918 0.020 0.049 0.013 
209    C3937    (0)    5 :  0.945 0.010 0.032 0.013 
210    C3944    (0)    5 :  0.768 0.010 0.214 0.008 
211    C3954    (0)    5 :  0.044 0.009 0.919 0.028 
212    C3955    (9)    5 :  0.252 0.015 0.699 0.034 
213    C3961    (0)    5 :  0.875 0.038 0.071 0.015 
214    C3974    (0)    5 :  0.908 0.022 0.046 0.024 
215    C4024    (0)    5 :  0.519 0.053 0.410 0.018 
216    C4025    (0)    5 :  0.941 0.015 0.030 0.014 
217    C4028    (0)    5 :  0.790 0.027 0.093 0.089 
218    C4032   (18)    5 :  0.053 0.014 0.919 0.014 
219    C4033   (18)    5 :  0.033 0.016 0.936 0.015 
220    C4034    (0)    5 :  0.054 0.111 0.804 0.032 
221    C4041    (9)    5 :  0.073 0.141 0.718 0.068 
222    C4043    (9)    5 :  0.160 0.022 0.801 0.017 
223    C4044    (9)    5 :  0.108 0.588 0.190 0.115 
224    C4045    (9)    5 :  0.082 0.018 0.864 0.037 
225    C4046    (9)    5 :  0.047 0.036 0.891 0.026 
226    C4047    (0)    5 :  0.029 0.043 0.829 0.099 
227    C4048    (9)    5 :  0.039 0.087 0.762 0.112 
228    C4055    (9)    5 :  0.105 0.036 0.797 0.061 
229    C4057   (18)    5 :  0.023 0.028 0.937 0.013 
230    C4059    (0)    5 :  0.050 0.013 0.908 0.030 
231    C4060    (9)    5 :  0.101 0.030 0.841 0.028 
232    C4064    (9)    5 :  0.240 0.072 0.420 0.267 
233    C4067    (0)    5 :  0.035 0.074 0.804 0.087 
234    C4068    (9)    5 :  0.028 0.018 0.926 0.028 
235    C4070    (9)    5 :  0.275 0.113 0.578 0.033 
236    C4075   (18)    5 :  0.074 0.025 0.877 0.023 
237    C4081    (9)    5 :  0.032 0.034 0.898 0.035 
238    C4082    (0)    5 :  0.118 0.028 0.795 0.058 
239    C4083    (0)    5 :  0.172 0.422 0.327 0.079 
240    C4086    (0)    5 :  0.041 0.026 0.817 0.117 
241    C4088    (9)    5 :  0.093 0.025 0.084 0.798 
242    C4092    (0)    5 :  0.199 0.067 0.717 0.017 
243    C4099    (9)    5 :  0.047 0.046 0.849 0.058 
244    C4104    (0)    5 :  0.300 0.059 0.615 0.026 
245    C4108   (18)    5 :  0.016 0.146 0.014 0.824 
246    C4118    (0)    5 :  0.074 0.131 0.514 0.281 
247    C4131    (0)    5 :  0.676 0.033 0.223 0.068 
248    C4133    (0)    5 :  0.025 0.016 0.940 0.019 
249    C4135    (0)    5 :  0.156 0.012 0.824 0.008 
250    C4136    (0)    5 :  0.710 0.050 0.033 0.207 
251    C4137    (9)    5 :  0.471 0.029 0.472 0.028 
252    C4139    (0)    5 :  0.847 0.013 0.131 0.009 
253    C4140    (9)    5 :  0.581 0.031 0.374 0.013 
254    C4167    (0)    5 :  0.925 0.018 0.035 0.023 
255    C4236    (0)    5 :  0.038 0.037 0.874 0.051 
256    C4237    (0)    5 :  0.066 0.035 0.048 0.851 
257    C4238    (0)    5 :  0.112 0.021 0.807 0.061 
258    C4241    (0)    5 :  0.039 0.022 0.921 0.018 
259    C4247    (9)    5 :  0.095 0.169 0.542 0.194 
260    C4257    (0)    5 :  0.048 0.019 0.897 0.036 
261    C4383    (0)    5 :  0.319 0.227 0.341 0.112 
262    C4397    (9)    5 :  0.104 0.016 0.863 0.017 
263    C4514    (0)    5 :  0.797 0.021 0.169 0.013 
264    C4519    (0)    5 :  0.908 0.016 0.059 0.017 
265    C4527    (0)    5 :  0.180 0.021 0.784 0.015 
266    C4534    (0)    5 :  0.295 0.107 0.562 0.037 
267    C4699    (0)    5 :  0.922 0.018 0.028 0.032 
268    C1541    (9)    5 :  0.015 0.013 0.960 0.012 
269    C1542    (9)    5 :  0.016 0.016 0.950 0.018 
270    C1544    (0)    5 :  0.024 0.019 0.923 0.034 
271    C1547    (9)    5 :  0.076 0.243 0.269 0.412 
272    C1553    (9)    5 :  0.334 0.269 0.147 0.250 
273    C1555    (9)    5 :  0.054 0.028 0.875 0.044 
274    C1557    (0)    5 :  0.068 0.024 0.880 0.028 
275    C1560    (0)    5 :  0.016 0.019 0.940 0.025 
276    C1565    (0)    5 :  0.031 0.052 0.902 0.016 
277    C1567    (0)    5 :  0.038 0.031 0.863 0.068 
278    C1569    (0)    5 :  0.048 0.017 0.919 0.016 
279    C1571    (0)    5 :  0.039 0.042 0.779 0.140 
280    C1576    (0)    5 :  0.191 0.027 0.702 0.079 
281    C1577    (9)    5 :  0.024 0.021 0.900 0.055 
282    C1579    (0)    5 :  0.018 0.020 0.943 0.019 
283    C3990    (0)    6 :  0.901 0.009 0.080 0.010 
284    C3991    (0)    6 :  0.895 0.026 0.048 0.031 
285    C3992    (0)    6 :  0.936 0.012 0.026 0.026 
286    C3994    (0)    6 :  0.279 0.118 0.554 0.049 
287    C4172    (0)    6 :  0.920 0.026 0.012 0.042 
288    C4173    (9)    6 :  0.920 0.045 0.019 0.015 
289    C4232    (9)    6 :  0.013 0.008 0.970 0.009 
290    C4234    (9)    6 :  0.013 0.010 0.965 0.012 
291    C4259    (0)    6 :  0.019 0.013 0.956 0.012 
292    C4260    (0)    6 :  0.024 0.010 0.957 0.009 
293    C4261    (9)    6 :  0.211 0.207 0.425 0.157 
294    C4262    (0)    6 :  0.451 0.050 0.478 0.021 
295    C4263    (0)    6 :  0.033 0.035 0.893 0.039 
296    C4267    (9)    6 :  0.166 0.022 0.777 0.035 
297    C4269    (0)    6 :  0.281 0.044 0.651 0.024 
298    C4272    (0)    6 :  0.022 0.022 0.941 0.015 
299    C4274    (0)    6 :  0.060 0.021 0.767 0.151 
300    C4276    (9)    6 :  0.015 0.028 0.080 0.877 
301    C4278    (0)    6 :  0.065 0.057 0.842 0.036 
302    C4280    (0)    6 :  0.098 0.031 0.850 0.020 
303    C4281    (0)    6 :  0.078 0.018 0.879 0.024 
304    C4282    (0)    6 :  0.019 0.428 0.495 0.058 
305    C4284    (9)    6 :  0.121 0.013 0.856 0.010 
306    C4286    (9)    6 :  0.474 0.035 0.439 0.052 
307    C4287    (0)    6 :  0.225 0.080 0.669 0.025 
308    C4290    (0)    6 :  0.122 0.091 0.104 0.683 
309    C4307   (18)    6 :  0.172 0.098 0.707 0.023 
310    C4310    (9)    6 :  0.048 0.015 0.867 0.070 
311    C4311   (18)    6 :  0.033 0.031 0.907 0.029 
312    C4312    (0)    6 :  0.018 0.014 0.948 0.020 
313    C4314    (0)    6 :  0.049 0.020 0.840 0.091 
314    C4318    (9)    6 :  0.072 0.108 0.805 0.015 
315    C4321    (9)    6 :  0.126 0.047 0.801 0.026 
316    C4324    (0)    6 :  0.151 0.044 0.782 0.022 
317    C4334    (0)    6 :  0.059 0.047 0.879 0.014 
318    C4529    (0)    6 :  0.048 0.033 0.881 0.038 
319    C1582    (9)    6 :  0.096 0.013 0.872 0.019 
320    C1583    (0)    6 :  0.029 0.031 0.883 0.057 
321    C1584    (9)    6 :  0.034 0.016 0.914 0.036 
322    C1585    (0)    6 :  0.027 0.010 0.946 0.017 
323    C1586    (0)    6 :  0.028 0.074 0.873 0.024 
324    C1589    (0)    6 :  0.181 0.014 0.791 0.014 
325    C1591    (0)    6 :  0.030 0.011 0.948 0.011 
326    C1592    (0)    6 :  0.028 0.043 0.902 0.027 
327    C1594    (0)    6 :  0.038 0.017 0.904 0.042 
328    C1597    (9)    6 :  0.030 0.031 0.896 0.042 
329    C1598    (9)    6 :  0.217 0.024 0.719 0.040 
330    C1599    (0)    6 :  0.013 0.015 0.958 0.014 
331    C1601    (0)    6 :  0.462 0.065 0.411 0.063 
332    C1605    (0)    6 :  0.259 0.118 0.306 0.317 
333    C1609    (0)    6 :  0.022 0.012 0.955 0.012 
334    C1610    (0)    6 :  0.021 0.050 0.775 0.155 
335    C1611    (0)    6 :  0.018 0.040 0.926 0.015 
336    C1612    (0)    6 :  0.010 0.009 0.969 0.011 
337    C1613    (0)    6 :  0.033 0.028 0.908 0.030 
338    C3173    (9)    6 :  0.024 0.076 0.853 0.047 
339    C3204    (0)    6 :  0.029 0.018 0.930 0.023 
340    C3223    (9)    6 :  0.030 0.343 0.551 0.077 
341    C3262    (0)    6 :  0.031 0.030 0.877 0.062 
342    C3270    (0)    6 :  0.051 0.022 0.909 0.018 
343    C3300    (0)    6 :  0.067 0.011 0.912 0.011 
344    C3330    (0)    6 :  0.069 0.034 0.878 0.019 
345    C3390    (9)    6 :  0.025 0.020 0.938 0.016 
346    C3424    (9)    6 :  0.081 0.028 0.871 0.020 
347    C3958    (0)    6 :  0.903 0.015 0.074 0.009 
348    C3962    (0)    6 :  0.938 0.014 0.041 0.008 
349    C4019    (0)    6 :  0.370 0.440 0.026 0.163 
350    C3995   (18)    6 :  0.897 0.035 0.049 0.020 
351    C4000    (0)    6 :  0.910 0.044 0.030 0.017 
352    C4002    (0)    6 :  0.885 0.025 0.075 0.015 
353    C1692    (0)    7 :  0.620 0.161 0.025 0.194 
354    C1693    (0)    7 :  0.102 0.378 0.444 0.077 
355    C1694    (0)    7 :  0.036 0.506 0.106 0.352 
356    C1698    (0)    7 :  0.013 0.834 0.020 0.133 
357    C1699    (0)    7 :  0.043 0.147 0.028 0.783 
358    C1700    (0)    7 :  0.232 0.483 0.129 0.156 
359    C1701    (0)    7 :  0.023 0.402 0.024 0.550 
360    C1702    (0)    7 :  0.042 0.596 0.017 0.345 
361    C1703    (0)    7 :  0.044 0.725 0.014 0.217 
362    C1704    (0)    7 :  0.075 0.598 0.202 0.125 
363    C1705    (0)    7 :  0.792 0.133 0.013 0.063 
364    C1706    (0)    7 :  0.019 0.337 0.022 0.623 
365    C1707    (0)    7 :  0.070 0.051 0.383 0.497 
366    C1708    (0)    7 :  0.021 0.936 0.019 0.023 
367    C1709    (0)    7 :  0.081 0.850 0.027 0.042 
368    C1710    (0)    7 :  0.042 0.749 0.038 0.171 
369    C1712    (0)    7 :  0.051 0.918 0.011 0.020 
370    C1714    (0)    7 :  0.028 0.919 0.019 0.034 
371    C1715    (0)    7 :  0.022 0.085 0.025 0.867 
372    C1717    (0)    7 :  0.031 0.427 0.127 0.415 
373    C1718   (18)    7 :  0.023 0.420 0.056 0.501 
374    C1719    (0)    7 :  0.144 0.711 0.100 0.045 
375    C1656    (0)    8 :  0.140 0.240 0.013 0.607 
376    C1657   (18)    8 :  0.028 0.551 0.028 0.393 
377    C1658    (0)    8 :  0.023 0.349 0.011 0.617 
378    C1659    (0)    8 :  0.030 0.034 0.071 0.865 
379    C1661    (9)    8 :  0.055 0.539 0.083 0.323 
380    C1665    (0)    8 :  0.022 0.413 0.032 0.533 
381    C1667    (9)    8 :  0.008 0.963 0.009 0.021 
382    C1676    (9)    8 :  0.054 0.595 0.019 0.332 
383    C1681    (9)    8 :  0.035 0.227 0.032 0.706 
384    C1682    (0)    8 :  0.028 0.810 0.020 0.143 
385    C1685    (0)    8 :  0.054 0.628 0.035 0.283 
386    C4707    (0)    9 :  0.447 0.433 0.026 0.093 
387    C4747    (0)    9 :  0.411 0.359 0.171 0.059 
388    C4772    (0)    9 :  0.804 0.070 0.059 0.067 
389    C4781    (0)    9 :  0.501 0.416 0.032 0.051 
390    C4782    (0)    9 :  0.274 0.389 0.141 0.196 
391    C4787    (0)    9 :  0.257 0.213 0.050 0.480 
392    C4790    (0)    9 :  0.114 0.815 0.021 0.049 
393    C4803    (0)    9 :  0.287 0.464 0.061 0.188 
394    C4813    (0)    9 :  0.936 0.023 0.013 0.028 
395    C4837    (0)    9 :  0.717 0.185 0.037 0.061 
396    C4838    (0)    9 :  0.246 0.129 0.017 0.608 
397    C4843    (0)    9 :  0.307 0.414 0.038 0.241 
398    C4857    (0)    9 :  0.821 0.024 0.109 0.047 
399    C4828    (0)    9 :  0.153 0.161 0.311 0.375 
400    C4835    (0)    9 :  0.906 0.019 0.017 0.058 
401    C4836    (9)    9 :  0.644 0.211 0.040 0.106 
402    C4842    (0)    9 :  0.085 0.433 0.018 0.464 
403    C4863    (9)    9 :  0.287 0.492 0.036 0.185 
404    C4744    (0)    9 :  0.038 0.696 0.029 0.238 
405    C4745    (0)    9 :  0.186 0.221 0.028 0.565 
406    C4768    (0)    9 :  0.423 0.468 0.049 0.060 
407    C4769    (0)    9 :  0.291 0.057 0.012 0.640 
408    C4771    (0)    9 :  0.119 0.379 0.016 0.486 
409    C4784    (0)    9 :  0.411 0.466 0.046 0.076 
410    C4785    (0)    9 :  0.037 0.898 0.030 0.035 
411    C4795    (0)    9 :  0.419 0.392 0.089 0.100 
412    C4796    (0)    9 :  0.060 0.783 0.019 0.138 
413    C4800    (0)    9 :  0.822 0.045 0.018 0.116 
414    C4801    (0)    9 :  0.591 0.088 0.029 0.293 
415    C4802    (0)    9 :  0.063 0.083 0.589 0.265 
416    C4805    (0)    9 :  0.234 0.445 0.022 0.299 
417    C4806    (0)    9 :  0.195 0.154 0.016 0.636 
418    C4850    (0)    9 :  0.631 0.150 0.069 0.150 
419    C4748    (0)   10 :  0.428 0.047 0.012 0.514 
420    C4753    (0)   10 :  0.087 0.653 0.038 0.222 
421    C4754    (0)   10 :  0.644 0.282 0.016 0.058 
422    C4760    (0)   10 :  0.830 0.052 0.080 0.038 
423    C4761    (0)   10 :  0.588 0.095 0.017 0.300 
424    C4762    (0)   10 :  0.694 0.176 0.014 0.116 
425    C4791    (0)   10 :  0.553 0.243 0.011 0.194 
426    C4810    (0)   10 :  0.096 0.040 0.108 0.757 
427    C4812    (0)   10 :  0.084 0.056 0.043 0.818 
428    C4821    (0)   10 :  0.616 0.192 0.106 0.086 
429    C4864    (0)   10 :  0.904 0.029 0.039 0.028 
430    C4866    (0)   10 :  0.043 0.021 0.011 0.925 
431    C1722    (0)   10 :  0.016 0.046 0.045 0.892 
432    C1724    (0)   10 :  0.024 0.020 0.008 0.948 
433    C1725    (0)   10 :  0.015 0.135 0.042 0.808 
434    C1726    (0)   10 :  0.035 0.519 0.013 0.433 
435    C1731    (0)   10 :  0.078 0.166 0.026 0.729 
436    C1733    (9)   10 :  0.052 0.035 0.030 0.883 
437    C1734    (0)   10 :  0.278 0.196 0.035 0.491 
438    C1735    (0)   10 :  0.013 0.202 0.016 0.770 
439    C1738    (0)   10 :  0.054 0.029 0.030 0.887 
440    C1740    (9)   10 :  0.065 0.244 0.185 0.506 
441    C1741    (0)   10 :  0.635 0.197 0.117 0.051 
442    C1742    (0)   10 :  0.055 0.590 0.040 0.316 
443    C1743    (0)   10 :  0.033 0.638 0.030 0.299 
444    C1745    (0)   10 :  0.262 0.438 0.040 0.260 
445    C1746    (0)   10 :  0.193 0.163 0.035 0.609 
446    C1747    (0)   10 :  0.031 0.171 0.102 0.696 
447    C4742    (9)   10 :  0.874 0.074 0.017 0.035 
448    C4752    (0)   10 :  0.898 0.022 0.032 0.048 
449    C4792    (0)   10 :  0.726 0.073 0.093 0.108 
450    C4811    (0)   10 :  0.939 0.015 0.029 0.016 
451    C4814    (0)   10 :  0.886 0.050 0.024 0.040 
452    C4815    (0)   10 :  0.437 0.148 0.151 0.264 
453    C4818    (0)   10 :  0.340 0.077 0.112 0.471 
454    C4819    (0)   10 :  0.608 0.198 0.057 0.138 
455    C4826    (0)   10 :  0.162 0.540 0.012 0.286 
456    C4829    (0)   10 :  0.065 0.730 0.076 0.129 
457    C4830    (0)   10 :  0.123 0.822 0.018 0.037 
458    C4831    (0)   10 :  0.903 0.032 0.040 0.026 
459    C4832    (0)   10 :  0.340 0.463 0.016 0.181 
460    C4858    (0)   10 :  0.549 0.388 0.019 0.043 
461    C4757    (0)   10 :  0.356 0.152 0.109 0.382 
462    C4770    (9)   10 :  0.371 0.066 0.490 0.073 
463    C4808    (0)   10 :  0.813 0.122 0.019 0.046 
464    C4809    (0)   10 :  0.081 0.461 0.013 0.445 
465    C4820    (0)   10 :  0.072 0.378 0.025 0.524 
466    C4824    (0)   10 :  0.085 0.833 0.014 0.068 
467    C4706    (0)   11 :  0.061 0.129 0.013 0.797 
468    C4708    (0)   11 :  0.929 0.012 0.049 0.009 
469    C4709    (0)   11 :  0.193 0.729 0.020 0.058 
470    C4714    (0)   11 :  0.621 0.297 0.041 0.041 
471    C4722    (0)   11 :  0.278 0.567 0.022 0.132 
472    C4726    (0)   11 :  0.369 0.051 0.101 0.479 
473    C4733    (0)   11 :  0.851 0.054 0.043 0.052 
474    C4734    (0)   11 :  0.432 0.111 0.018 0.438 
475    C4737    (0)   11 :  0.099 0.855 0.020 0.026 
476    C4882    (0)   11 :  0.062 0.424 0.017 0.497 
477    C4883    (0)   11 :  0.736 0.228 0.022 0.014 
478    C4702    (9)   11 :  0.319 0.382 0.177 0.122 
479    C4703    (0)   11 :  0.874 0.064 0.031 0.031 
480    C4727    (0)   11 :  0.239 0.305 0.012 0.443 
481    C4732    (0)   11 :  0.242 0.684 0.019 0.056 
482    C4735    (0)   11 :  0.639 0.243 0.023 0.095 
483    C4736    (0)   11 :  0.940 0.020 0.023 0.017 
484    C4746    (0)   11 :  0.784 0.163 0.013 0.040 
485    C4777    (0)   11 :  0.016 0.210 0.031 0.743 
486    C4846    (0)   11 :  0.514 0.188 0.252 0.046 
487    C4847    (0)   11 :  0.289 0.324 0.012 0.376 
488    C4884    (0)   11 :  0.314 0.560 0.026 0.099 
489    C4705    (0)   11 :  0.795 0.046 0.042 0.117 
490    C4711    (0)   11 :  0.312 0.312 0.018 0.358 
491    C4713    (9)   11 :  0.301 0.090 0.072 0.537 
492    C4716    (0)   11 :  0.677 0.153 0.030 0.140 
493    C4717    (0)   11 :  0.893 0.029 0.036 0.041 
494    C4719    (0)   11 :  0.077 0.828 0.015 0.080 
495    C4721    (0)   11 :  0.922 0.019 0.041 0.018 
496    C4729    (0)   11 :  0.871 0.064 0.012 0.053 
497    C4730    (0)   11 :  0.920 0.032 0.021 0.026 
498    C4773    (0)   11 :  0.936 0.011 0.030 0.022 
499    C4861    (0)   11 :  0.100 0.600 0.025 0.274 
500    C4890    (0)   11 :  0.909 0.051 0.014 0.025 
501    C4718    (0)   11 :  0.331 0.395 0.030 0.243 
502    C4724    (0)   11 :  0.824 0.058 0.018 0.100 
503    C4738    (0)   11 :  0.770 0.031 0.020 0.178 
504    C4739    (0)   11 :  0.162 0.269 0.052 0.517 
505    C4844    (0)   11 :  0.709 0.126 0.046 0.119 
506    C4845    (0)   11 :  0.309 0.621 0.025 0.045 
507    C4681    (0)   11 :  0.668 0.022 0.289 0.022 
508    C4682    (0)   11 :  0.417 0.140 0.170 0.273 
509    C4683    (0)   11 :  0.721 0.068 0.175 0.036 
510    C4685    (0)   11 :  0.448 0.475 0.030 0.047 
511    C4715    (0)   11 :  0.457 0.314 0.076 0.153 
512    C4725    (0)   11 :  0.027 0.719 0.016 0.239 
513    C4799    (0)   11 :  0.273 0.244 0.414 0.070 
514    C4889    (9)   11 :  0.903 0.034 0.014 0.049 
515    C4641    (0)   12 :  0.963 0.014 0.008 0.015 
516    C4651    (0)   12 :  0.524 0.035 0.034 0.406 
517    C4657    (0)   12 :  0.972 0.009 0.011 0.008 
518    C4658    (0)   12 :  0.915 0.036 0.020 0.030 
519    C4660    (0)   12 :  0.775 0.118 0.024 0.083 
520    C4665    (0)   12 :  0.956 0.015 0.013 0.017 
521    C4666    (0)   12 :  0.540 0.309 0.021 0.130 
522    C4667    (0)   12 :  0.956 0.019 0.010 0.015 
523    C4668    (0)   12 :  0.880 0.017 0.036 0.067 
524    C4669    (0)   12 :  0.959 0.013 0.009 0.019 
525    C4670    (0)   12 :  0.822 0.135 0.008 0.035 
526    C4671    (0)   12 :  0.860 0.076 0.042 0.022 
527    C4672    (0)   12 :  0.497 0.095 0.133 0.275 
528    C4633    (0)   13 :  0.949 0.013 0.024 0.014 
529    C4635    (0)   13 :  0.930 0.020 0.011 0.039 
530    C4653    (0)   13 :  0.741 0.041 0.093 0.125 
531    C4654    (0)   13 :  0.951 0.018 0.016 0.015 
532    C4675    (0)   13 :  0.760 0.045 0.026 0.169 
533    C4679    (0)   13 :  0.016 0.112 0.012 0.860 
534    C4684    (0)   13 :  0.855 0.018 0.092 0.036 
535    C4686    (0)   13 :  0.942 0.019 0.023 0.016 
536    C4687    (0)   13 :  0.873 0.018 0.086 0.022 
537    U1941    (0)   14 :  0.018 0.037 0.093 0.852 
538    U1942    (0)   14 :  0.445 0.262 0.156 0.136 
539    U1957    (9)   14 :  0.042 0.114 0.682 0.161 
540    U2016    (0)   14 :  0.008 0.353 0.013 0.625 
541    U2021    (9)   14 :  0.040 0.754 0.042 0.164 
542    U2022    (0)   14 :  0.015 0.927 0.025 0.033 
543    U2023    (0)   14 :  0.029 0.759 0.015 0.197 
544    U2024    (0)   14 :  0.040 0.880 0.035 0.044 
545    U2025    (9)   14 :  0.019 0.885 0.057 0.039 
546    U2026    (0)   14 :  0.025 0.624 0.324 0.027 
547    U2027    (0)   14 :  0.098 0.401 0.049 0.451 
548    U2028    (0)   14 :  0.009 0.949 0.010 0.031 
549    U2029    (0)   14 :  0.040 0.894 0.012 0.054 
550    U2030    (0)   14 :  0.015 0.630 0.014 0.341 
551    U2031    (0)   14 :  0.021 0.447 0.014 0.518 
552    U1943    (0)   14 :  0.059 0.873 0.030 0.038 
553    U1944    (0)   14 :  0.042 0.536 0.022 0.400 
554    U1945    (0)   14 :  0.016 0.816 0.018 0.150 
555    U1946    (0)   14 :  0.026 0.117 0.026 0.831 
556    U1947    (0)   14 :  0.018 0.849 0.024 0.109 
557    U1948    (0)   14 :  0.078 0.457 0.195 0.270 
558    U1949    (0)   14 :  0.021 0.579 0.025 0.375 
559    U1955    (0)   14 :  0.045 0.084 0.187 0.684 
560    U2005    (0)   14 :  0.010 0.637 0.292 0.061 
561    U2006    (0)   14 :  0.012 0.235 0.019 0.734 
562    U2007    (0)   14 :  0.019 0.547 0.121 0.313 
563    U2008    (0)   14 :  0.011 0.774 0.014 0.201 
564    U2010    (9)   14 :  0.044 0.553 0.283 0.119 
565    U2011    (0)   14 :  0.013 0.075 0.027 0.886 
566    U2012    (0)   14 :  0.017 0.673 0.020 0.290 
567    U2014    (0)   14 :  0.202 0.619 0.023 0.156 
568    U2702    (0)   14 :  0.034 0.903 0.033 0.030 
569    U2703    (0)   14 :  0.156 0.783 0.027 0.034 
570    U2704    (0)   14 :  0.042 0.671 0.128 0.159 
571    U2706   (18)   14 :  0.088 0.498 0.023 0.391 
572    U2707    (0)   14 :  0.038 0.143 0.018 0.801 
573    U2708    (0)   14 :  0.059 0.876 0.016 0.050 
574    U2698    (0)   14 :  0.135 0.155 0.174 0.536 
575    U2700    (0)   14 :  0.024 0.716 0.042 0.218 
576    U1924    (0)   14 :  0.136 0.516 0.031 0.317 
577    U1930    (0)   14 :  0.019 0.047 0.024 0.910 
578    U1931    (0)   14 :  0.307 0.424 0.043 0.226 
579    U1933    (0)   14 :  0.058 0.349 0.019 0.575 
580    U1934    (0)   14 :  0.039 0.346 0.468 0.147 
581    U1935    (0)   14 :  0.098 0.250 0.472 0.181 
582    U1936    (9)   14 :  0.024 0.864 0.012 0.100 
583    U1938    (0)   14 :  0.158 0.484 0.031 0.326 
584    U1939    (0)   14 :  0.251 0.306 0.161 0.281 
585    U1950    (0)   14 :  0.036 0.099 0.017 0.848 
586    U1951    (0)   14 :  0.142 0.752 0.050 0.056 
587    U1953    (0)   14 :  0.010 0.107 0.020 0.863 
588    U1954    (0)   14 :  0.016 0.330 0.010 0.644 
589    U2044    (0)   14 :  0.012 0.915 0.060 0.013 
590    U2045    (0)   14 :  0.017 0.408 0.012 0.562 
591    U2046    (9)   14 :  0.031 0.831 0.036 0.103 
592    U2047    (0)   14 :  0.012 0.944 0.027 0.018 
593    U2048    (0)   14 :  0.019 0.814 0.035 0.132 
594    U2050    (0)   14 :  0.024 0.863 0.026 0.086 
595    U2051    (0)   14 :  0.015 0.852 0.015 0.118 
596    U2056    (0)   14 :  0.013 0.060 0.014 0.913 
597    U2057    (0)   14 :  0.027 0.169 0.081 0.723 
598    U2058    (0)   14 :  0.069 0.500 0.051 0.380 
599    U2059    (9)   14 :  0.173 0.045 0.086 0.696 
600    U2060    (0)   14 :  0.020 0.120 0.010 0.850 
601    U2061    (0)   14 :  0.010 0.192 0.016 0.781 
602    U2062    (9)   14 :  0.010 0.089 0.011 0.890 
603    U2063    (9)   14 :  0.015 0.064 0.022 0.899 
604    U2065    (0)   14 :  0.044 0.821 0.016 0.119 
605    U2067    (0)   14 :  0.061 0.214 0.031 0.694 
606    U2068    (0)   14 :  0.046 0.536 0.152 0.266 
607    U2069    (0)   14 :  0.015 0.310 0.015 0.661 
608    U2070    (0)   14 :  0.023 0.100 0.034 0.843 
609    U2071    (0)   14 :  0.016 0.906 0.021 0.057 
610    U2076    (0)   14 :  0.037 0.325 0.023 0.615 
611    U2077    (0)   14 :  0.184 0.318 0.214 0.285 
612    U2082    (0)   14 :  0.049 0.172 0.115 0.664 
613    U2084    (0)   14 :  0.032 0.355 0.335 0.278 
614    U2089    (0)   14 :  0.120 0.215 0.095 0.570 
615    U2090    (0)   14 :  0.590 0.100 0.052 0.259 
616    U2098    (0)   14 :  0.011 0.251 0.021 0.717 
617    U2108    (0)   14 :  0.116 0.653 0.211 0.021 
618    U2111    (0)   14 :  0.047 0.822 0.035 0.097 
619    U2113    (0)   14 :  0.059 0.794 0.053 0.094 
620    U2114    (0)   14 :  0.017 0.413 0.044 0.526 
621    U2115    (0)   14 :  0.015 0.927 0.014 0.044 
622    U2116    (9)   14 :  0.036 0.103 0.009 0.853 
623    U2117    (0)   14 :  0.199 0.098 0.654 0.049 
624    U2119    (0)   14 :  0.201 0.754 0.026 0.019 
625    U2120    (0)   14 :  0.025 0.125 0.084 0.767 
626    U2664    (0)   14 :  0.032 0.110 0.796 0.062 
627    U1198    (9)   15 :  0.359 0.286 0.074 0.281 
628    U1199    (0)   15 :  0.160 0.688 0.027 0.124 
629    U1200    (0)   15 :  0.015 0.947 0.013 0.025 
630    U1201    (0)   15 :  0.015 0.948 0.015 0.023 
631    U1202    (0)   15 :  0.018 0.926 0.019 0.037 
632    U1203    (0)   15 :  0.020 0.946 0.013 0.021 
633    U1205    (0)   15 :  0.015 0.871 0.031 0.083 
634    U1206    (0)   15 :  0.123 0.712 0.030 0.135 
635    U1207    (0)   15 :  0.039 0.903 0.022 0.035 
636    U1208    (0)   15 :  0.085 0.825 0.022 0.068 
637    U1209    (0)   15 :  0.014 0.891 0.051 0.044 
638    U1210    (0)   15 :  0.017 0.894 0.026 0.063 
639    U1211    (0)   15 :  0.020 0.888 0.074 0.018 
640    U1212    (0)   15 :  0.023 0.675 0.061 0.241 
641    U1213    (0)   15 :  0.024 0.753 0.055 0.168 
642    U1214    (9)   15 :  0.020 0.946 0.024 0.009 
643    U1215    (0)   15 :  0.097 0.874 0.015 0.014 
644    U1220    (0)   15 :  0.020 0.915 0.051 0.014 
645    U1224    (0)   15 :  0.018 0.865 0.016 0.101 
646    U1227    (0)   15 :  0.082 0.098 0.014 0.806 
647    U1229    (0)   15 :  0.043 0.921 0.011 0.025 
648    U1230    (0)   15 :  0.012 0.423 0.011 0.554 
649    U1231    (0)   15 :  0.018 0.612 0.015 0.355 
650    U1232    (0)   15 :  0.010 0.963 0.007 0.020 
651    U1233    (9)   15 :  0.293 0.554 0.027 0.126 
652    U1234    (0)   15 :  0.012 0.868 0.019 0.101 
653    U1235    (0)   15 :  0.010 0.959 0.007 0.024 
654    U1236    (0)   15 :  0.037 0.719 0.087 0.158 
655    U1238    (0)   15 :  0.016 0.934 0.015 0.035 
656    U1239    (0)   15 :  0.031 0.891 0.039 0.040 
657    U1240    (0)   15 :  0.028 0.909 0.022 0.042 
658    U1242    (0)   15 :  0.046 0.772 0.144 0.038 
659    U1243    (0)   15 :  0.015 0.932 0.016 0.037 
660    U1245    (0)   15 :  0.024 0.838 0.024 0.114 
661    U1246    (0)   15 :  0.026 0.922 0.024 0.027 
662    U1251    (0)   15 :  0.008 0.951 0.008 0.033 
663    U1273   (18)   15 :  0.045 0.074 0.016 0.865 
664    U1274    (0)   15 :  0.074 0.250 0.012 0.664 
665    U1294    (0)   15 :  0.030 0.928 0.010 0.032 
666    U1304   (18)   15 :  0.154 0.699 0.019 0.128 
667    U1307    (9)   15 :  0.017 0.887 0.050 0.045 
668    U1314    (9)   15 :  0.056 0.795 0.050 0.100 
669    U1315    (0)   15 :  0.025 0.699 0.017 0.260 
670    U1319    (0)   15 :  0.037 0.183 0.084 0.695 
671    U1320    (0)   15 :  0.022 0.271 0.015 0.691 
672    U1324    (0)   15 :  0.018 0.932 0.012 0.039 
673    U1331    (9)   15 :  0.026 0.812 0.017 0.146 
674    U1333    (9)   15 :  0.049 0.560 0.176 0.215 
675    U1340    (0)   15 :  0.014 0.765 0.025 0.197 
676    U1341    (9)   15 :  0.037 0.787 0.032 0.144 
677    U1344    (9)   15 :  0.018 0.479 0.117 0.385 
678    U1345    (0)   15 :  0.054 0.390 0.022 0.535 
679    U1346    (0)   15 :  0.012 0.925 0.009 0.054 
680    U1347    (0)   15 :  0.011 0.063 0.008 0.918 
681    U1348    (0)   15 :  0.023 0.952 0.013 0.012 
682    U1349    (0)   15 :  0.015 0.918 0.012 0.055 
683    U1354    (0)   15 :  0.017 0.955 0.009 0.020 
684    U1375    (0)   15 :  0.023 0.050 0.018 0.908 
685    U1383    (9)   15 :  0.019 0.446 0.014 0.521 
686    U1385    (0)   15 :  0.043 0.087 0.819 0.051 
687    U1386    (0)   15 :  0.012 0.410 0.027 0.551 
688    U1413    (9)   15 :  0.083 0.796 0.015 0.106 
689    U1417    (9)   15 :  0.119 0.596 0.062 0.222 
690    U1852    (0)   16 :  0.026 0.895 0.026 0.053 
691    U1853    (0)   16 :  0.086 0.578 0.058 0.279 
692    U1854    (0)   16 :  0.160 0.070 0.127 0.643 
693    U1855    (0)   16 :  0.100 0.264 0.080 0.556 
694    U1856    (0)   16 :  0.026 0.345 0.009 0.620 
695    U1858    (0)   16 :  0.013 0.902 0.023 0.062 
696    U1859    (0)   16 :  0.017 0.931 0.018 0.035 
697    U1860    (0)   16 :  0.038 0.112 0.018 0.832 
