

----------------------------------------------------
STRUCTURE by Pritchard, Stephens and Donnelly (2000)
     and Falush, Stephens and Pritchard (2003)
       Code by Pritchard, Falush and Hubisz
             Version 2.3.4 (Jul 2012)
----------------------------------------------------



Command line arguments:   bin\structure -m C:\Users\eschumacher\Documents\Butternut\butternut_STRUCTURE_withQU\50-50\mainparams -e C:\Users\eschumacher\Documents\Butternut\butternut_STRUCTURE_withQU\50-50\extraparams 
Input File:    C:\Users\eschumacher\Documents\Butternut\butternut_STRUCTURE_withQU\project_data

Run parameters:
   1015 individuals
   11 loci
   10 populations assumed
   50000 Burn-in period
   50000 Reps


--------------------------------------------
Proportion of membership of each pre-defined
 population in each of the 10 clusters

Given    Inferred Clusters                                                        Number of
 Pop       1      2      3      4      5      6      7      8      9     10      Individuals

  1:     0.027  0.104  0.042  0.028  0.046  0.176  0.028  0.027  0.388  0.134       40
  2:     0.028  0.237  0.039  0.023  0.054  0.142  0.035  0.023  0.082  0.339       46
  3:     0.032  0.118  0.028  0.021  0.035  0.407  0.021  0.038  0.208  0.092       63
  4:     0.023  0.281  0.035  0.038  0.069  0.270  0.030  0.038  0.075  0.141       48
  5:     0.032  0.200  0.028  0.045  0.043  0.140  0.033  0.037  0.209  0.234       85
  6:     0.029  0.132  0.035  0.027  0.059  0.191  0.032  0.047  0.190  0.260       70
  7:     0.209  0.050  0.233  0.082  0.051  0.020  0.160  0.078  0.061  0.057       22
  8:     0.192  0.021  0.192  0.122  0.060  0.025  0.259  0.088  0.024  0.015       11
  9:     0.134  0.177  0.124  0.064  0.101  0.028  0.204  0.076  0.035  0.059       33
 10:     0.072  0.166  0.137  0.125  0.078  0.042  0.182  0.122  0.035  0.041       48
 11:     0.120  0.263  0.097  0.067  0.108  0.022  0.177  0.063  0.044  0.039       48
 12:     0.016  0.023  0.033  0.042  0.799  0.012  0.024  0.016  0.015  0.019       13
 13:     0.016  0.029  0.022  0.100  0.686  0.028  0.016  0.037  0.018  0.049        9
 14:     0.125  0.032  0.210  0.103  0.070  0.038  0.187  0.164  0.037  0.035       90
 15:     0.495  0.019  0.095  0.038  0.041  0.027  0.103  0.136  0.025  0.022       63
 16:     0.088  0.027  0.155  0.086  0.156  0.052  0.186  0.131  0.053  0.066       16
 17:     0.064  0.069  0.210  0.136  0.121  0.050  0.086  0.148  0.055  0.060       31
 18:     0.026  0.040  0.036  0.712  0.041  0.011  0.062  0.027  0.035  0.010       16
 19:     0.325  0.022  0.130  0.036  0.038  0.062  0.109  0.099  0.147  0.031       24
 20:     0.081  0.038  0.257  0.107  0.040  0.040  0.238  0.093  0.082  0.025       12
 21:     0.157  0.032  0.156  0.130  0.081  0.030  0.176  0.159  0.039  0.040       54
 22:     0.053  0.039  0.136  0.229  0.063  0.032  0.156  0.208  0.037  0.047       96
 23:     0.134  0.018  0.135  0.244  0.059  0.021  0.113  0.180  0.030  0.065       22
 24:     0.023  0.067  0.036  0.496  0.057  0.034  0.090  0.069  0.038  0.091       23
 25:     0.052  0.025  0.083  0.248  0.036  0.029  0.159  0.316  0.037  0.015       13
 26:     0.134  0.044  0.193  0.078  0.063  0.058  0.180  0.161  0.041  0.048       19
--------------------------------------------

Allele-freq. divergence among pops (Net nucleotide distance),
computed using point estimates of P.

      1       2       3       4       5       6       7       8       9      10      
 1      -    0.0398  0.0124  0.0278  0.0188  0.0424  0.0123  0.0187  0.0367  0.0401  
 2   0.0398     -    0.0399  0.0529  0.0288  0.0422  0.0370  0.0515  0.0409  0.0330  
 3   0.0124  0.0399     -    0.0163  0.0138  0.0304  0.0062  0.0085  0.0310  0.0304  
 4   0.0278  0.0529  0.0163     -    0.0206  0.0452  0.0153  0.0165  0.0452  0.0450  
 5   0.0188  0.0288  0.0138  0.0206     -    0.0331  0.0135  0.0179  0.0309  0.0276  
 6   0.0424  0.0422  0.0304  0.0452  0.0331     -    0.0379  0.0375  0.0303  0.0291  
 7   0.0123  0.0370  0.0062  0.0153  0.0135  0.0379     -    0.0113  0.0341  0.0365  
 8   0.0187  0.0515  0.0085  0.0165  0.0179  0.0375  0.0113     -    0.0422  0.0414  
 9   0.0367  0.0409  0.0310  0.0452  0.0309  0.0303  0.0341  0.0422     -    0.0226  
10   0.0401  0.0330  0.0304  0.0450  0.0276  0.0291  0.0365  0.0414  0.0226     -    

Average distances (expected heterozygosity) between individuals in same cluster:
cluster  1  : 0.8461 
cluster  2  : 0.8198 
cluster  3  : 0.8545 
cluster  4  : 0.8268 
cluster  5  : 0.8533 
cluster  6  : 0.8157 
cluster  7  : 0.8505 
cluster  8  : 0.8378 
cluster  9  : 0.8013 
cluster 10  : 0.8079 

--------------------------------------------
Estimated Ln Prob of Data   = -47779.3
Mean value of ln likelihood = -45708.6
Variance of ln likelihood   = 4141.4
Mean value of alpha         = 0.0517

Mean value of Fst_1         = 0.0401
Mean value of Fst_2         = 0.0785
Mean value of Fst_3         = 0.0255
Mean value of Fst_4         = 0.0494
Mean value of Fst_5         = 0.0317
Mean value of Fst_6         = 0.0773
Mean value of Fst_7         = 0.0284
Mean value of Fst_8         = 0.0386
Mean value of Fst_9         = 0.0715
Mean value of Fst_10         = 0.0905


Inferred ancestry of individuals:
        Label (%Miss) Pop:  Inferred clusters
  1    C3984    (0)    1 :  0.011 0.150 0.027 0.008 0.029 0.017 0.011 0.010 0.073 0.664 
  2    C3985    (0)    1 :  0.012 0.241 0.013 0.011 0.009 0.027 0.018 0.010 0.617 0.040 
  3    C3986    (0)    1 :  0.016 0.470 0.011 0.007 0.014 0.161 0.010 0.012 0.133 0.166 
  4    C4231    (0)    1 :  0.011 0.149 0.027 0.010 0.077 0.023 0.029 0.018 0.076 0.580 
  5    C4344    (0)    1 :  0.024 0.033 0.046 0.013 0.013 0.188 0.021 0.022 0.562 0.077 
  6    C4347   (18)    1 :  0.010 0.024 0.013 0.049 0.022 0.411 0.013 0.023 0.392 0.041 
  7    C4352   (18)    1 :  0.029 0.160 0.018 0.019 0.072 0.071 0.038 0.016 0.318 0.258 
  8    C4355    (9)    1 :  0.018 0.027 0.020 0.011 0.024 0.070 0.013 0.022 0.121 0.674 
  9    C4358   (18)    1 :  0.071 0.027 0.363 0.040 0.075 0.015 0.190 0.095 0.092 0.032 
 10    C4419    (9)    1 :  0.021 0.128 0.058 0.014 0.098 0.016 0.018 0.044 0.201 0.402 
 11    C4428    (9)    1 :  0.014 0.067 0.016 0.019 0.068 0.162 0.012 0.017 0.401 0.225 
 12    C4436    (0)    1 :  0.008 0.033 0.008 0.010 0.008 0.021 0.010 0.008 0.881 0.012 
 13    C4437   (18)    1 :  0.021 0.292 0.047 0.044 0.013 0.037 0.024 0.024 0.471 0.027 
 14    C4450    (0)    1 :  0.055 0.077 0.095 0.033 0.031 0.025 0.051 0.049 0.510 0.074 
 15    C4531    (0)    1 :  0.028 0.815 0.020 0.023 0.013 0.008 0.030 0.011 0.036 0.016 
 16    C1615    (0)    1 :  0.038 0.137 0.034 0.055 0.043 0.031 0.054 0.039 0.496 0.074 
 17    C1616    (0)    1 :  0.015 0.046 0.230 0.095 0.043 0.030 0.065 0.107 0.262 0.106 
 18    C1617    (9)    1 :  0.008 0.009 0.012 0.013 0.011 0.033 0.010 0.015 0.866 0.023 
 19    C1618    (0)    1 :  0.070 0.227 0.019 0.026 0.034 0.027 0.033 0.020 0.511 0.034 
 20    C1619    (0)    1 :  0.046 0.050 0.026 0.026 0.023 0.018 0.020 0.013 0.757 0.022 
 21    C1620    (9)    1 :  0.022 0.032 0.015 0.014 0.011 0.012 0.015 0.009 0.859 0.012 
 22    C1621    (0)    1 :  0.031 0.015 0.034 0.169 0.391 0.019 0.029 0.074 0.211 0.028 
 23    C1623    (9)    1 :  0.240 0.246 0.055 0.147 0.135 0.014 0.053 0.037 0.053 0.020 
 24    C1625    (0)    1 :  0.025 0.010 0.015 0.028 0.021 0.014 0.015 0.011 0.849 0.012 
 25    C1626    (0)    1 :  0.019 0.015 0.081 0.037 0.148 0.020 0.030 0.019 0.613 0.018 
 26    C1627    (9)    1 :  0.011 0.013 0.010 0.016 0.012 0.011 0.008 0.006 0.897 0.016 
 27    C1633    (0)    1 :  0.009 0.012 0.013 0.012 0.019 0.012 0.007 0.010 0.826 0.080 
 28    C1637    (0)    1 :  0.008 0.011 0.013 0.015 0.017 0.013 0.012 0.009 0.888 0.015 
 29    C1650    (0)    1 :  0.013 0.400 0.022 0.027 0.054 0.055 0.022 0.033 0.071 0.304 
 30    C3202    (0)    1 :  0.010 0.012 0.010 0.013 0.007 0.907 0.009 0.008 0.012 0.011 
 31    C3248    (0)    1 :  0.010 0.008 0.017 0.014 0.014 0.054 0.018 0.010 0.306 0.550 
 32    C3304    (9)    1 :  0.012 0.015 0.060 0.013 0.017 0.486 0.011 0.033 0.187 0.165 
 33    C3326    (0)    1 :  0.017 0.109 0.065 0.022 0.046 0.289 0.094 0.059 0.242 0.058 
 34    C3333    (0)    1 :  0.015 0.013 0.026 0.019 0.013 0.797 0.017 0.019 0.043 0.038 
 35    C3339   (18)    1 :  0.018 0.009 0.020 0.009 0.011 0.057 0.014 0.029 0.818 0.015 
 36    C3346    (0)    1 :  0.011 0.013 0.008 0.006 0.009 0.900 0.008 0.008 0.022 0.014 
 37    C3349    (0)    1 :  0.032 0.014 0.067 0.014 0.031 0.649 0.036 0.040 0.065 0.053 
 38    C3367   (18)    1 :  0.013 0.031 0.013 0.019 0.029 0.806 0.013 0.021 0.039 0.016 
 39    C3374    (0)    1 :  0.010 0.022 0.008 0.006 0.021 0.029 0.008 0.008 0.665 0.223 
 40    C3405    (0)    1 :  0.038 0.013 0.031 0.010 0.126 0.490 0.019 0.061 0.059 0.153 
 41    C4543    (0)    2 :  0.015 0.671 0.015 0.009 0.029 0.042 0.012 0.021 0.014 0.172 
 42    C4545    (9)    2 :  0.048 0.740 0.008 0.007 0.023 0.016 0.010 0.010 0.039 0.099 
 43    C4551    (9)    2 :  0.036 0.432 0.039 0.021 0.150 0.012 0.148 0.017 0.067 0.080 
 44    C4491    (0)    2 :  0.053 0.506 0.053 0.028 0.024 0.042 0.068 0.035 0.047 0.143 
 45    C4494    (0)    2 :  0.011 0.101 0.010 0.007 0.024 0.289 0.009 0.009 0.017 0.522 
 46    C4495    (0)    2 :  0.032 0.035 0.042 0.013 0.061 0.572 0.117 0.019 0.031 0.078 
 47    C4497    (9)    2 :  0.013 0.020 0.027 0.009 0.013 0.031 0.017 0.011 0.070 0.788 
 48    C4501    (0)    2 :  0.011 0.027 0.166 0.012 0.148 0.012 0.020 0.037 0.076 0.491 
 49    C4502    (0)    2 :  0.044 0.103 0.018 0.009 0.045 0.045 0.010 0.012 0.558 0.156 
 50    C4503    (0)    2 :  0.159 0.644 0.013 0.014 0.057 0.010 0.019 0.013 0.012 0.059 
 51    C4504    (0)    2 :  0.072 0.060 0.221 0.026 0.024 0.051 0.106 0.060 0.011 0.369 
 52    C4470    (0)    2 :  0.017 0.055 0.041 0.016 0.055 0.013 0.061 0.020 0.025 0.698 
 53    C4471    (0)    2 :  0.011 0.156 0.020 0.008 0.032 0.014 0.009 0.011 0.009 0.729 
 54    C4474    (9)    2 :  0.015 0.810 0.013 0.021 0.042 0.007 0.036 0.015 0.008 0.033 
 55    C4476    (0)    2 :  0.010 0.042 0.013 0.009 0.019 0.009 0.009 0.006 0.065 0.819 
 56    C4478    (0)    2 :  0.078 0.432 0.055 0.009 0.039 0.101 0.011 0.030 0.035 0.211 
 57    C4479    (0)    2 :  0.009 0.034 0.011 0.031 0.117 0.065 0.013 0.017 0.147 0.556 
 58    C4482    (0)    2 :  0.008 0.210 0.081 0.142 0.038 0.088 0.032 0.019 0.029 0.352 
 59    C4483    (0)    2 :  0.016 0.823 0.027 0.012 0.040 0.009 0.013 0.008 0.006 0.047 
 60    C4484    (0)    2 :  0.046 0.450 0.043 0.019 0.037 0.102 0.024 0.063 0.029 0.188 
 61    C4485    (0)    2 :  0.016 0.020 0.054 0.027 0.027 0.102 0.041 0.026 0.016 0.672 
 62    C4489    (0)    2 :  0.024 0.199 0.032 0.019 0.036 0.045 0.015 0.020 0.188 0.420 
 63    C4505    (0)    2 :  0.011 0.057 0.016 0.011 0.030 0.012 0.030 0.017 0.082 0.736 
 64    C4507    (0)    2 :  0.056 0.189 0.028 0.008 0.099 0.011 0.045 0.048 0.030 0.487 
 65    C4535    (0)    2 :  0.023 0.705 0.025 0.021 0.103 0.011 0.023 0.014 0.018 0.057 
 66    C4542    (0)    2 :  0.021 0.294 0.127 0.022 0.274 0.017 0.116 0.098 0.014 0.016 
 67    C4553    (9)    2 :  0.016 0.364 0.023 0.018 0.058 0.082 0.057 0.022 0.044 0.317 
 68    C4562   (18)    2 :  0.039 0.372 0.020 0.021 0.045 0.032 0.045 0.018 0.089 0.319 
 69    C4582   (18)    2 :  0.016 0.642 0.029 0.039 0.053 0.042 0.036 0.016 0.034 0.093 
 70    C4693    (0)    2 :  0.008 0.789 0.009 0.012 0.071 0.040 0.010 0.009 0.026 0.026 
 71    C4696    (0)    2 :  0.035 0.496 0.021 0.025 0.109 0.034 0.104 0.019 0.107 0.050 
 72    C3179    (0)    2 :  0.062 0.017 0.038 0.011 0.008 0.399 0.030 0.029 0.347 0.058 
 73    C3181    (0)    2 :  0.013 0.014 0.045 0.018 0.074 0.279 0.020 0.024 0.175 0.337 
 74    C3188    (0)    2 :  0.018 0.014 0.026 0.014 0.014 0.030 0.024 0.015 0.027 0.817 
 75    C3190    (0)    2 :  0.011 0.020 0.022 0.020 0.026 0.823 0.016 0.032 0.014 0.015 
 76    C3193    (0)    2 :  0.007 0.011 0.016 0.031 0.013 0.157 0.020 0.012 0.042 0.690 
 77    C3232    (0)    2 :  0.011 0.073 0.012 0.010 0.023 0.067 0.009 0.011 0.041 0.742 
 78    C3236    (0)    2 :  0.008 0.043 0.009 0.008 0.011 0.700 0.010 0.009 0.164 0.037 
 79    C3249    (0)    2 :  0.024 0.014 0.049 0.026 0.030 0.257 0.019 0.030 0.075 0.476 
 80    C3250    (0)    2 :  0.007 0.011 0.009 0.009 0.045 0.028 0.009 0.011 0.071 0.801 
 81    C3253    (0)    2 :  0.008 0.015 0.013 0.013 0.015 0.007 0.019 0.009 0.182 0.720 
 82    C3255    (0)    2 :  0.009 0.031 0.014 0.010 0.035 0.220 0.013 0.010 0.290 0.368 
 83    C3277    (0)    2 :  0.033 0.024 0.090 0.057 0.048 0.043 0.050 0.023 0.278 0.355 
 84    C3315    (0)    2 :  0.060 0.067 0.045 0.149 0.156 0.012 0.062 0.046 0.064 0.341 
 85    C3288    (0)    2 :  0.015 0.016 0.011 0.021 0.016 0.852 0.013 0.012 0.026 0.018 
 86    C3293    (0)    2 :  0.029 0.043 0.076 0.026 0.037 0.689 0.033 0.031 0.010 0.026 
 87    C4018    (0)    3 :  0.007 0.510 0.011 0.006 0.013 0.203 0.008 0.011 0.016 0.214 
 88    C3980    (0)    3 :  0.009 0.762 0.011 0.010 0.017 0.029 0.009 0.010 0.010 0.133 
 89    C3987    (0)    3 :  0.010 0.762 0.008 0.009 0.012 0.019 0.008 0.014 0.073 0.085 
 90    C3988    (0)    3 :  0.010 0.574 0.014 0.011 0.010 0.028 0.014 0.006 0.205 0.128 
 91    C3989    (0)    3 :  0.006 0.024 0.152 0.007 0.017 0.578 0.025 0.008 0.028 0.154 
 92    C4011    (0)    3 :  0.006 0.449 0.007 0.005 0.007 0.118 0.006 0.005 0.038 0.359 
 93    C4017    (0)    3 :  0.006 0.810 0.007 0.005 0.008 0.015 0.006 0.006 0.010 0.127 
 94    C4296    (0)    3 :  0.037 0.029 0.042 0.025 0.169 0.018 0.153 0.035 0.350 0.143 
 95    C4301    (9)    3 :  0.038 0.010 0.111 0.009 0.048 0.096 0.017 0.647 0.013 0.012 
 96    C4303    (0)    3 :  0.026 0.011 0.021 0.196 0.018 0.522 0.033 0.063 0.099 0.013 
 97    C4453    (0)    3 :  0.052 0.073 0.028 0.030 0.033 0.649 0.011 0.018 0.041 0.063 
 98    C4455    (9)    3 :  0.013 0.034 0.012 0.029 0.022 0.827 0.014 0.011 0.010 0.027 
 99    C4456   (18)    3 :  0.075 0.201 0.023 0.047 0.027 0.515 0.024 0.035 0.040 0.013 
100    C4457    (9)    3 :  0.025 0.028 0.065 0.064 0.032 0.470 0.036 0.083 0.094 0.104 
101    C4459    (9)    3 :  0.010 0.149 0.021 0.018 0.024 0.202 0.028 0.015 0.040 0.493 
102    C4464   (18)    3 :  0.010 0.061 0.012 0.008 0.012 0.552 0.011 0.008 0.144 0.182 
103    C4468    (9)    3 :  0.015 0.048 0.020 0.063 0.042 0.154 0.017 0.013 0.377 0.252 
104    C4783    (0)    3 :  0.009 0.291 0.015 0.013 0.015 0.579 0.024 0.008 0.006 0.040 
105    C4786    (0)    3 :  0.008 0.140 0.010 0.009 0.016 0.669 0.013 0.026 0.047 0.062 
106    C4789    (9)    3 :  0.008 0.239 0.026 0.010 0.031 0.450 0.012 0.045 0.048 0.130 
107    C4891    (0)    3 :  0.017 0.030 0.014 0.010 0.017 0.838 0.030 0.015 0.014 0.017 
108    C4896    (0)    3 :  0.012 0.212 0.035 0.026 0.045 0.571 0.021 0.030 0.011 0.036 
109    C4898    (0)    3 :  0.015 0.402 0.014 0.012 0.059 0.354 0.023 0.012 0.051 0.058 
110    C4901    (0)    3 :  0.006 0.156 0.013 0.010 0.024 0.670 0.010 0.013 0.020 0.077 
111    C4903    (9)    3 :  0.010 0.044 0.030 0.027 0.029 0.764 0.021 0.026 0.023 0.026 
112    C4904    (0)    3 :  0.009 0.466 0.032 0.007 0.013 0.368 0.020 0.011 0.014 0.059 
113    C3263    (0)    3 :  0.037 0.006 0.010 0.008 0.007 0.020 0.008 0.008 0.879 0.017 
114    C3271    (0)    3 :  0.010 0.008 0.011 0.006 0.007 0.015 0.011 0.015 0.904 0.013 
115    C3272    (0)    3 :  0.020 0.011 0.034 0.008 0.020 0.043 0.018 0.031 0.713 0.103 
116    C3276    (0)    3 :  0.074 0.016 0.074 0.020 0.037 0.428 0.021 0.284 0.030 0.017 
117    C3280    (9)    3 :  0.065 0.026 0.037 0.026 0.052 0.018 0.045 0.027 0.487 0.218 
118    C3305    (9)    3 :  0.010 0.010 0.015 0.007 0.011 0.007 0.008 0.008 0.906 0.018 
119    C3306    (0)    3 :  0.021 0.007 0.019 0.010 0.011 0.014 0.014 0.007 0.884 0.012 
120    C3324    (0)    3 :  0.095 0.013 0.020 0.013 0.016 0.009 0.020 0.013 0.773 0.028 
121    C3329    (0)    3 :  0.042 0.065 0.034 0.023 0.089 0.048 0.067 0.023 0.506 0.105 
122    C3336    (0)    3 :  0.013 0.024 0.025 0.011 0.027 0.058 0.022 0.042 0.703 0.075 
123    C3341   (18)    3 :  0.503 0.053 0.076 0.030 0.117 0.026 0.050 0.019 0.071 0.055 
124    C3409   (18)    3 :  0.035 0.052 0.087 0.027 0.163 0.074 0.031 0.028 0.439 0.063 
125    C3168    (9)    3 :  0.007 0.012 0.010 0.007 0.008 0.918 0.007 0.009 0.012 0.011 
126    C3170    (0)    3 :  0.011 0.013 0.018 0.007 0.009 0.769 0.012 0.017 0.034 0.111 
127    C3214   (18)    3 :  0.010 0.026 0.012 0.022 0.097 0.418 0.013 0.214 0.150 0.039 
128    C3227    (0)    3 :  0.006 0.016 0.009 0.009 0.008 0.902 0.006 0.021 0.015 0.009 
129    C3228    (0)    3 :  0.036 0.094 0.022 0.032 0.044 0.050 0.033 0.074 0.199 0.415 
130    C3278    (0)    3 :  0.007 0.005 0.013 0.008 0.007 0.921 0.010 0.015 0.007 0.007 
131    C3279    (0)    3 :  0.007 0.010 0.047 0.011 0.011 0.789 0.022 0.020 0.073 0.008 
132    C3321    (0)    3 :  0.005 0.015 0.006 0.004 0.007 0.930 0.006 0.006 0.010 0.013 
133    C3322    (0)    3 :  0.008 0.028 0.013 0.027 0.016 0.830 0.021 0.038 0.009 0.009 
134    C3303    (0)    3 :  0.030 0.013 0.022 0.013 0.021 0.592 0.029 0.043 0.225 0.012 
135    C3317    (0)    3 :  0.012 0.015 0.017 0.016 0.013 0.018 0.014 0.009 0.852 0.034 
136    C3355    (0)    3 :  0.012 0.019 0.011 0.008 0.011 0.325 0.011 0.007 0.565 0.030 
137    C3376    (9)    3 :  0.015 0.029 0.034 0.017 0.087 0.201 0.018 0.030 0.293 0.276 
138    C3401    (0)    3 :  0.014 0.021 0.020 0.019 0.022 0.051 0.022 0.020 0.764 0.046 
139    C3203    (9)    3 :  0.056 0.028 0.057 0.030 0.048 0.417 0.015 0.033 0.189 0.127 
140    C3245    (0)    3 :  0.012 0.010 0.028 0.024 0.014 0.613 0.016 0.026 0.186 0.072 
141    C3302    (0)    3 :  0.013 0.009 0.015 0.011 0.012 0.888 0.014 0.014 0.013 0.010 
142    C3307    (0)    3 :  0.096 0.097 0.028 0.073 0.269 0.287 0.029 0.012 0.040 0.070 
143    C3310    (0)    3 :  0.012 0.008 0.010 0.007 0.008 0.916 0.009 0.012 0.008 0.009 
144    C3312    (9)    3 :  0.015 0.033 0.041 0.030 0.023 0.170 0.040 0.017 0.106 0.524 
145    C3345    (0)    3 :  0.026 0.018 0.017 0.011 0.012 0.842 0.009 0.012 0.020 0.031 
146    C3371    (0)    3 :  0.031 0.007 0.016 0.009 0.013 0.878 0.011 0.008 0.012 0.015 
147    C3372    (0)    3 :  0.042 0.025 0.029 0.020 0.094 0.505 0.023 0.016 0.136 0.110 
148    C3380    (9)    3 :  0.006 0.012 0.007 0.007 0.011 0.918 0.006 0.006 0.011 0.017 
149    C3417    (0)    3 :  0.180 0.077 0.064 0.025 0.042 0.478 0.037 0.013 0.044 0.041 
150    C4569    (9)    4 :  0.082 0.368 0.109 0.042 0.081 0.012 0.122 0.073 0.037 0.075 
151    C4570    (9)    4 :  0.012 0.728 0.009 0.011 0.070 0.012 0.014 0.008 0.030 0.107 
152    C4571    (9)    4 :  0.016 0.392 0.016 0.022 0.236 0.031 0.014 0.015 0.108 0.150 
153    C4572    (9)    4 :  0.014 0.828 0.010 0.018 0.020 0.009 0.012 0.013 0.022 0.054 
154    C4573    (9)    4 :  0.020 0.070 0.050 0.271 0.402 0.009 0.047 0.044 0.049 0.039 
155    C4575    (9)    4 :  0.022 0.532 0.053 0.074 0.148 0.024 0.022 0.029 0.040 0.056 
156    C4577    (9)    4 :  0.009 0.822 0.014 0.007 0.023 0.014 0.018 0.009 0.024 0.060 
157    C4578    (9)    4 :  0.021 0.496 0.062 0.049 0.183 0.016 0.039 0.028 0.046 0.061 
158    C4600   (18)    4 :  0.019 0.503 0.092 0.026 0.028 0.022 0.186 0.027 0.041 0.055 
159    C4612    (9)    4 :  0.013 0.550 0.026 0.014 0.200 0.023 0.023 0.092 0.014 0.045 
160    C4621    (0)    4 :  0.005 0.685 0.011 0.017 0.020 0.055 0.009 0.011 0.023 0.164 
161    C4622    (9)    4 :  0.009 0.772 0.008 0.010 0.012 0.022 0.012 0.010 0.012 0.131 
162    C4623    (0)    4 :  0.116 0.177 0.040 0.029 0.344 0.066 0.025 0.035 0.113 0.054 
163    C4624    (0)    4 :  0.015 0.702 0.011 0.056 0.064 0.021 0.022 0.030 0.027 0.053 
164    C4625    (0)    4 :  0.012 0.096 0.122 0.421 0.061 0.014 0.066 0.027 0.084 0.096 
165    C4627    (0)    4 :  0.018 0.669 0.026 0.027 0.020 0.085 0.013 0.020 0.010 0.113 
166    C4631    (0)    4 :  0.159 0.648 0.014 0.014 0.049 0.010 0.021 0.014 0.012 0.059 
167    C4632    (0)    4 :  0.012 0.763 0.012 0.017 0.016 0.021 0.019 0.011 0.023 0.106 
168    C3939    (0)    4 :  0.011 0.671 0.019 0.009 0.021 0.098 0.014 0.017 0.014 0.127 
169    C3940    (0)    4 :  0.021 0.638 0.062 0.006 0.115 0.068 0.044 0.021 0.012 0.014 
170    C3945    (0)    4 :  0.007 0.787 0.009 0.005 0.006 0.019 0.012 0.007 0.016 0.131 
171    C4520    (0)    4 :  0.040 0.034 0.059 0.019 0.069 0.064 0.072 0.509 0.024 0.109 
172    C4522    (0)    4 :  0.010 0.389 0.012 0.009 0.018 0.331 0.014 0.010 0.015 0.192 
173    C3182    (0)    4 :  0.024 0.032 0.017 0.010 0.015 0.420 0.017 0.014 0.414 0.037 
174    C3189    (0)    4 :  0.016 0.019 0.080 0.082 0.027 0.025 0.041 0.022 0.061 0.627 
175    C3191    (9)    4 :  0.023 0.014 0.026 0.053 0.028 0.078 0.016 0.017 0.102 0.641 
176    C3196    (0)    4 :  0.016 0.013 0.036 0.022 0.027 0.512 0.022 0.029 0.089 0.234 
177    C3208    (0)    4 :  0.046 0.217 0.024 0.041 0.034 0.481 0.027 0.046 0.035 0.048 
178    C3211    (0)    4 :  0.012 0.015 0.019 0.008 0.012 0.857 0.012 0.014 0.026 0.027 
179    C3212    (0)    4 :  0.072 0.028 0.117 0.008 0.409 0.113 0.038 0.086 0.068 0.061 
180    C3213    (0)    4 :  0.017 0.007 0.020 0.008 0.011 0.880 0.016 0.014 0.016 0.010 
181    C3215    (0)    4 :  0.008 0.010 0.007 0.016 0.012 0.894 0.009 0.031 0.006 0.007 
182    C3217    (0)    4 :  0.034 0.013 0.040 0.015 0.032 0.428 0.023 0.015 0.194 0.207 
183    C3225    (9)    4 :  0.018 0.015 0.044 0.024 0.060 0.236 0.036 0.085 0.273 0.210 
184    C3226    (0)    4 :  0.013 0.100 0.011 0.010 0.020 0.643 0.010 0.008 0.087 0.099 
185    C3238    (9)    4 :  0.011 0.097 0.017 0.018 0.021 0.649 0.014 0.021 0.023 0.129 
186    C3239    (0)    4 :  0.019 0.015 0.025 0.014 0.079 0.082 0.011 0.013 0.052 0.691 
187    C3269   (18)    4 :  0.020 0.210 0.050 0.111 0.068 0.055 0.031 0.106 0.220 0.129 
188    C3273    (0)    4 :  0.008 0.022 0.032 0.039 0.017 0.286 0.015 0.025 0.492 0.066 
189    C3274    (0)    4 :  0.010 0.074 0.101 0.017 0.066 0.501 0.126 0.047 0.038 0.020 
190    C3354    (0)    4 :  0.010 0.020 0.035 0.021 0.025 0.624 0.024 0.017 0.123 0.102 
191    C3361    (0)    4 :  0.010 0.019 0.017 0.014 0.040 0.771 0.017 0.017 0.042 0.052 
192    C3289    (0)    4 :  0.009 0.011 0.015 0.013 0.010 0.893 0.010 0.011 0.010 0.018 
193    C3169    (0)    4 :  0.008 0.016 0.012 0.011 0.021 0.186 0.007 0.014 0.029 0.698 
194    C3199    (9)    4 :  0.018 0.098 0.016 0.038 0.030 0.595 0.012 0.023 0.076 0.094 
195    C3224    (0)    4 :  0.012 0.014 0.014 0.014 0.014 0.645 0.012 0.037 0.116 0.121 
196    C3261   (18)    4 :  0.013 0.050 0.028 0.008 0.010 0.550 0.015 0.009 0.063 0.255 
197    C3320    (0)    4 :  0.011 0.028 0.031 0.027 0.030 0.497 0.027 0.023 0.175 0.150 
198    C4151    (0)    5 :  0.007 0.830 0.009 0.009 0.013 0.011 0.007 0.006 0.020 0.087 
199    C4152    (0)    5 :  0.010 0.794 0.013 0.011 0.016 0.008 0.009 0.009 0.076 0.053 
200    C4153    (0)    5 :  0.014 0.202 0.030 0.023 0.079 0.224 0.018 0.044 0.048 0.317 
201    C4154   (18)    5 :  0.015 0.530 0.021 0.009 0.026 0.082 0.021 0.015 0.029 0.253 
202    C4157    (0)    5 :  0.011 0.139 0.018 0.013 0.011 0.016 0.062 0.011 0.687 0.032 
203    C4158    (0)    5 :  0.006 0.859 0.008 0.011 0.010 0.015 0.009 0.007 0.018 0.055 
204    C4163    (0)    5 :  0.006 0.793 0.006 0.006 0.008 0.013 0.006 0.005 0.009 0.148 
205    C4165    (0)    5 :  0.052 0.132 0.071 0.020 0.315 0.042 0.248 0.009 0.024 0.087 
206    C4248    (9)    5 :  0.013 0.025 0.040 0.022 0.011 0.206 0.027 0.014 0.149 0.491 
207    C4371    (9)    5 :  0.032 0.031 0.019 0.016 0.017 0.011 0.015 0.010 0.051 0.797 
208    C3936    (0)    5 :  0.013 0.617 0.012 0.011 0.012 0.016 0.015 0.014 0.011 0.280 
209    C3937    (0)    5 :  0.010 0.810 0.008 0.011 0.034 0.040 0.011 0.007 0.011 0.058 
210    C3944    (0)    5 :  0.010 0.562 0.007 0.007 0.013 0.034 0.009 0.007 0.066 0.285 
211    C3954    (0)    5 :  0.006 0.035 0.012 0.032 0.008 0.037 0.009 0.015 0.034 0.811 
212    C3955    (9)    5 :  0.006 0.179 0.025 0.019 0.013 0.181 0.014 0.024 0.033 0.507 
213    C3961    (0)    5 :  0.045 0.693 0.015 0.008 0.016 0.043 0.014 0.025 0.040 0.100 
214    C3974    (0)    5 :  0.014 0.736 0.013 0.014 0.034 0.024 0.013 0.027 0.010 0.114 
215    C4024    (0)    5 :  0.063 0.253 0.030 0.010 0.016 0.018 0.021 0.024 0.440 0.124 
216    C4025    (0)    5 :  0.025 0.735 0.013 0.016 0.047 0.009 0.011 0.013 0.048 0.082 
217    C4028    (0)    5 :  0.033 0.447 0.057 0.051 0.112 0.050 0.045 0.035 0.040 0.132 
218    C4032   (18)    5 :  0.008 0.024 0.010 0.010 0.021 0.026 0.008 0.009 0.036 0.849 
219    C4033   (18)    5 :  0.011 0.031 0.015 0.013 0.012 0.265 0.014 0.013 0.553 0.074 
220    C4034    (0)    5 :  0.058 0.055 0.035 0.021 0.023 0.227 0.060 0.114 0.273 0.135 
221    C4041    (9)    5 :  0.054 0.022 0.047 0.012 0.032 0.036 0.024 0.072 0.547 0.153 
222    C4043    (9)    5 :  0.016 0.080 0.018 0.017 0.039 0.052 0.016 0.011 0.137 0.616 
223    C4044    (9)    5 :  0.374 0.090 0.065 0.055 0.056 0.087 0.054 0.040 0.038 0.141 
224    C4045    (9)    5 :  0.010 0.063 0.020 0.029 0.046 0.097 0.025 0.019 0.217 0.473 
225    C4046    (9)    5 :  0.019 0.021 0.010 0.017 0.014 0.054 0.013 0.013 0.785 0.056 
226    C4047    (0)    5 :  0.014 0.015 0.036 0.030 0.017 0.708 0.043 0.044 0.039 0.053 
227    C4048    (9)    5 :  0.042 0.020 0.045 0.051 0.025 0.508 0.036 0.050 0.173 0.049 
228    C4055    (9)    5 :  0.018 0.071 0.030 0.039 0.062 0.022 0.030 0.031 0.281 0.416 
229    C4057   (18)    5 :  0.043 0.022 0.020 0.012 0.030 0.037 0.015 0.015 0.128 0.677 
230    C4059    (0)    5 :  0.007 0.025 0.013 0.013 0.012 0.030 0.008 0.011 0.870 0.011 
231    C4060    (9)    5 :  0.012 0.040 0.019 0.013 0.199 0.060 0.014 0.016 0.027 0.600 
232    C4064    (9)    5 :  0.014 0.030 0.033 0.221 0.067 0.025 0.124 0.023 0.265 0.198 
233    C4067    (0)    5 :  0.053 0.022 0.046 0.101 0.043 0.496 0.028 0.051 0.107 0.053 
234    C4068    (9)    5 :  0.019 0.029 0.026 0.029 0.043 0.646 0.023 0.032 0.091 0.063 
235    C4070    (9)    5 :  0.051 0.078 0.017 0.015 0.015 0.126 0.021 0.015 0.646 0.018 
236    C4075   (18)    5 :  0.022 0.020 0.017 0.013 0.031 0.775 0.014 0.023 0.046 0.039 
237    C4081    (9)    5 :  0.014 0.015 0.020 0.018 0.027 0.030 0.030 0.016 0.217 0.613 
238    C4082    (0)    5 :  0.020 0.073 0.027 0.032 0.025 0.477 0.027 0.053 0.035 0.231 
239    C4083    (0)    5 :  0.148 0.093 0.116 0.049 0.110 0.031 0.101 0.023 0.093 0.238 
240    C4086    (0)    5 :  0.008 0.013 0.016 0.061 0.012 0.025 0.018 0.012 0.021 0.814 
241    C4088    (9)    5 :  0.008 0.032 0.020 0.796 0.031 0.018 0.022 0.021 0.020 0.033 
242    C4092    (0)    5 :  0.033 0.060 0.021 0.007 0.015 0.018 0.013 0.010 0.046 0.777 
243    C4099    (9)    5 :  0.038 0.024 0.058 0.016 0.027 0.070 0.025 0.046 0.113 0.583 
244    C4104    (0)    5 :  0.048 0.350 0.027 0.020 0.019 0.177 0.023 0.014 0.017 0.304 
245    C4108   (18)    5 :  0.021 0.012 0.058 0.048 0.025 0.018 0.193 0.603 0.012 0.009 
246    C4118    (0)    5 :  0.009 0.015 0.014 0.017 0.037 0.009 0.050 0.050 0.029 0.770 
247    C4131    (0)    5 :  0.015 0.375 0.035 0.087 0.049 0.030 0.055 0.017 0.073 0.265 
248    C4133    (0)    5 :  0.010 0.017 0.019 0.012 0.016 0.051 0.015 0.018 0.416 0.427 
249    C4135    (0)    5 :  0.006 0.311 0.011 0.005 0.008 0.026 0.009 0.005 0.078 0.540 
250    C4136    (0)    5 :  0.020 0.646 0.028 0.077 0.053 0.028 0.050 0.047 0.015 0.035 
251    C4137    (9)    5 :  0.015 0.284 0.036 0.024 0.018 0.017 0.039 0.015 0.307 0.244 
252    C4139    (0)    5 :  0.008 0.719 0.017 0.007 0.017 0.026 0.013 0.010 0.030 0.152 
253    C4140    (9)    5 :  0.013 0.503 0.014 0.009 0.014 0.038 0.027 0.011 0.063 0.309 
254    C4167    (0)    5 :  0.033 0.505 0.015 0.031 0.038 0.013 0.050 0.011 0.287 0.017 
255    C4236    (0)    5 :  0.030 0.030 0.042 0.033 0.027 0.034 0.074 0.023 0.355 0.352 
256    C4237    (0)    5 :  0.017 0.064 0.049 0.558 0.054 0.011 0.060 0.107 0.054 0.028 
257    C4238    (0)    5 :  0.012 0.059 0.017 0.041 0.038 0.151 0.020 0.051 0.325 0.286 
258    C4241    (0)    5 :  0.014 0.051 0.028 0.015 0.024 0.125 0.029 0.032 0.583 0.099 
259    C4247    (9)    5 :  0.104 0.083 0.072 0.189 0.017 0.043 0.029 0.050 0.333 0.082 
260    C4257    (0)    5 :  0.018 0.028 0.018 0.025 0.068 0.552 0.014 0.039 0.072 0.167 
261    C4383    (0)    5 :  0.262 0.094 0.045 0.055 0.025 0.021 0.049 0.045 0.042 0.362 
262    C4397    (9)    5 :  0.007 0.052 0.007 0.007 0.008 0.009 0.015 0.008 0.791 0.095 
263    C4514    (0)    5 :  0.017 0.474 0.013 0.013 0.018 0.020 0.013 0.014 0.029 0.389 
264    C4519    (0)    5 :  0.012 0.309 0.027 0.007 0.241 0.249 0.013 0.047 0.028 0.066 
265    C4527    (0)    5 :  0.018 0.169 0.018 0.013 0.015 0.412 0.018 0.017 0.023 0.297 
266    C4534    (0)    5 :  0.058 0.090 0.074 0.014 0.059 0.306 0.032 0.059 0.024 0.282 
267    C4699    (0)    5 :  0.024 0.654 0.012 0.063 0.026 0.110 0.031 0.014 0.024 0.042 
268    C1541    (9)    5 :  0.011 0.022 0.010 0.011 0.026 0.614 0.011 0.008 0.064 0.222 
269    C1542    (9)    5 :  0.009 0.012 0.011 0.014 0.013 0.753 0.013 0.015 0.029 0.131 
270    C1544    (0)    5 :  0.012 0.026 0.024 0.046 0.021 0.207 0.026 0.028 0.401 0.210 
271    C1547    (9)    5 :  0.132 0.031 0.062 0.064 0.240 0.049 0.078 0.206 0.081 0.057 
272    C1553    (9)    5 :  0.074 0.248 0.087 0.043 0.031 0.045 0.138 0.140 0.172 0.022 
273    C1555    (9)    5 :  0.009 0.012 0.013 0.014 0.014 0.014 0.016 0.018 0.862 0.028 
274    C1557    (0)    5 :  0.010 0.012 0.010 0.014 0.010 0.011 0.011 0.010 0.893 0.018 
275    C1560    (0)    5 :  0.009 0.010 0.013 0.007 0.010 0.011 0.009 0.022 0.895 0.014 
276    C1565    (0)    5 :  0.057 0.029 0.053 0.013 0.039 0.305 0.059 0.018 0.216 0.211 
277    C1567    (0)    5 :  0.018 0.017 0.014 0.018 0.022 0.022 0.020 0.060 0.752 0.056 
278    C1569    (0)    5 :  0.013 0.016 0.011 0.011 0.019 0.043 0.012 0.012 0.819 0.045 
279    C1571    (0)    5 :  0.035 0.027 0.045 0.057 0.031 0.281 0.031 0.142 0.263 0.087 
280    C1576    (0)    5 :  0.017 0.119 0.016 0.056 0.331 0.063 0.021 0.028 0.119 0.230 
281    C1577    (9)    5 :  0.014 0.018 0.020 0.028 0.026 0.731 0.024 0.026 0.052 0.059 
282    C1579    (0)    5 :  0.012 0.019 0.027 0.015 0.033 0.266 0.026 0.016 0.483 0.102 
283    C3990    (0)    6 :  0.006 0.812 0.006 0.007 0.006 0.018 0.006 0.006 0.011 0.120 
284    C3991    (0)    6 :  0.033 0.379 0.021 0.038 0.347 0.032 0.017 0.012 0.014 0.107 
285    C3992    (0)    6 :  0.013 0.613 0.032 0.032 0.126 0.041 0.016 0.024 0.016 0.088 
286    C3994    (0)    6 :  0.095 0.050 0.056 0.030 0.201 0.106 0.021 0.014 0.039 0.390 
287    C4172    (0)    6 :  0.035 0.692 0.026 0.050 0.085 0.021 0.039 0.030 0.010 0.012 
288    C4173    (9)    6 :  0.319 0.435 0.012 0.010 0.083 0.033 0.015 0.014 0.015 0.064 
289    C4232    (9)    6 :  0.008 0.009 0.009 0.009 0.014 0.694 0.007 0.012 0.060 0.178 
290    C4234    (9)    6 :  0.008 0.015 0.012 0.012 0.011 0.295 0.011 0.010 0.085 0.540 
291    C4259    (0)    6 :  0.009 0.016 0.010 0.008 0.008 0.041 0.010 0.007 0.723 0.169 
292    C4260    (0)    6 :  0.007 0.020 0.012 0.007 0.012 0.772 0.007 0.007 0.013 0.145 
293    C4261    (9)    6 :  0.043 0.026 0.022 0.023 0.068 0.685 0.053 0.041 0.020 0.019 
294    C4262    (0)    6 :  0.059 0.068 0.016 0.009 0.118 0.038 0.025 0.017 0.587 0.063 
295    C4263    (0)    6 :  0.016 0.021 0.013 0.051 0.014 0.041 0.021 0.019 0.747 0.057 
296    C4267    (9)    6 :  0.013 0.097 0.014 0.041 0.048 0.080 0.019 0.020 0.046 0.622 
297    C4269    (0)    6 :  0.035 0.108 0.018 0.016 0.143 0.130 0.032 0.013 0.162 0.342 
298    C4272    (0)    6 :  0.009 0.011 0.012 0.007 0.009 0.010 0.011 0.010 0.133 0.789 
299    C4274    (0)    6 :  0.009 0.019 0.022 0.010 0.198 0.037 0.016 0.292 0.090 0.305 
300    C4276    (9)    6 :  0.013 0.009 0.024 0.024 0.047 0.032 0.014 0.791 0.030 0.016 
301    C4278    (0)    6 :  0.021 0.035 0.039 0.014 0.046 0.034 0.025 0.032 0.110 0.644 
302    C4280    (0)    6 :  0.015 0.100 0.041 0.012 0.073 0.533 0.035 0.018 0.046 0.126 
303    C4281    (0)    6 :  0.010 0.015 0.010 0.014 0.026 0.024 0.013 0.013 0.784 0.089 
304    C4282    (0)    6 :  0.166 0.023 0.135 0.051 0.012 0.120 0.117 0.050 0.273 0.053 
305    C4284    (9)    6 :  0.008 0.156 0.009 0.008 0.012 0.037 0.008 0.008 0.360 0.393 
306    C4286    (9)    6 :  0.022 0.118 0.031 0.018 0.311 0.222 0.028 0.047 0.177 0.026 
307    C4287    (0)    6 :  0.049 0.063 0.044 0.009 0.284 0.310 0.036 0.021 0.123 0.061 
308    C4290    (0)    6 :  0.045 0.064 0.045 0.132 0.175 0.014 0.030 0.389 0.046 0.059 
309    C4307   (18)    6 :  0.021 0.110 0.107 0.012 0.019 0.527 0.029 0.016 0.059 0.099 
310    C4310    (9)    6 :  0.010 0.051 0.030 0.064 0.022 0.156 0.015 0.075 0.418 0.160 
311    C4311   (18)    6 :  0.018 0.017 0.045 0.021 0.020 0.613 0.018 0.033 0.142 0.072 
312    C4312    (0)    6 :  0.010 0.018 0.013 0.013 0.008 0.697 0.010 0.013 0.148 0.070 
313    C4314    (0)    6 :  0.011 0.018 0.028 0.177 0.186 0.058 0.035 0.020 0.369 0.099 
314    C4318    (9)    6 :  0.027 0.046 0.102 0.008 0.069 0.034 0.014 0.011 0.493 0.196 
315    C4321    (9)    6 :  0.055 0.057 0.038 0.011 0.065 0.338 0.021 0.071 0.106 0.236 
316    C4324    (0)    6 :  0.036 0.035 0.014 0.010 0.029 0.041 0.016 0.023 0.047 0.750 
317    C4334    (0)    6 :  0.034 0.025 0.015 0.007 0.009 0.013 0.011 0.012 0.046 0.828 
318    C4529    (0)    6 :  0.024 0.022 0.036 0.040 0.045 0.165 0.034 0.033 0.049 0.554 
319    C1582    (9)    6 :  0.013 0.093 0.011 0.014 0.017 0.126 0.014 0.021 0.274 0.417 
320    C1583    (0)    6 :  0.019 0.039 0.036 0.079 0.043 0.204 0.023 0.027 0.417 0.113 
321    C1584    (9)    6 :  0.009 0.039 0.018 0.020 0.016 0.033 0.013 0.039 0.580 0.233 
322    C1585    (0)    6 :  0.006 0.024 0.008 0.013 0.011 0.015 0.007 0.012 0.070 0.835 
323    C1586    (0)    6 :  0.067 0.029 0.021 0.025 0.012 0.061 0.020 0.015 0.516 0.234 
324    C1589    (0)    6 :  0.010 0.113 0.011 0.011 0.031 0.052 0.010 0.011 0.196 0.555 
325    C1591    (0)    6 :  0.013 0.026 0.011 0.010 0.016 0.034 0.007 0.011 0.113 0.760 
326    C1592    (0)    6 :  0.022 0.010 0.021 0.021 0.154 0.076 0.017 0.016 0.462 0.201 
327    C1594    (0)    6 :  0.017 0.052 0.020 0.091 0.047 0.240 0.018 0.026 0.253 0.236 
328    C1597    (9)    6 :  0.024 0.036 0.032 0.024 0.019 0.352 0.032 0.089 0.076 0.316 
329    C1598    (9)    6 :  0.016 0.191 0.022 0.047 0.041 0.101 0.020 0.017 0.150 0.395 
330    C1599    (0)    6 :  0.012 0.013 0.034 0.009 0.032 0.351 0.016 0.039 0.275 0.218 
331    C1601    (0)    6 :  0.024 0.261 0.045 0.060 0.063 0.221 0.070 0.026 0.139 0.092 
332    C1605    (0)    6 :  0.022 0.056 0.181 0.065 0.179 0.042 0.033 0.076 0.023 0.324 
333    C1609    (0)    6 :  0.008 0.026 0.011 0.009 0.016 0.033 0.010 0.010 0.074 0.804 
334    C1610    (0)    6 :  0.011 0.012 0.111 0.070 0.048 0.324 0.075 0.094 0.143 0.112 
335    C1611    (0)    6 :  0.025 0.012 0.021 0.010 0.010 0.460 0.012 0.012 0.427 0.013 
336    C1612    (0)    6 :  0.006 0.009 0.009 0.009 0.006 0.429 0.007 0.007 0.507 0.010 
337    C1613    (0)    6 :  0.039 0.029 0.023 0.036 0.026 0.324 0.019 0.036 0.178 0.290 
338    C3173    (9)    6 :  0.038 0.030 0.054 0.031 0.026 0.126 0.050 0.038 0.433 0.174 
339    C3204    (0)    6 :  0.012 0.015 0.017 0.013 0.015 0.835 0.012 0.017 0.024 0.039 
340    C3223    (9)    6 :  0.068 0.019 0.316 0.013 0.026 0.409 0.024 0.066 0.022 0.036 
341    C3262    (0)    6 :  0.021 0.026 0.035 0.075 0.032 0.200 0.016 0.045 0.474 0.075 
342    C3270    (0)    6 :  0.017 0.070 0.026 0.013 0.026 0.332 0.022 0.017 0.163 0.314 
343    C3300    (0)    6 :  0.006 0.085 0.010 0.007 0.009 0.041 0.008 0.007 0.015 0.811 
344    C3330    (0)    6 :  0.012 0.051 0.051 0.010 0.026 0.066 0.023 0.015 0.030 0.715 
345    C3390    (9)    6 :  0.018 0.031 0.020 0.016 0.023 0.199 0.020 0.013 0.182 0.478 
346    C3424    (9)    6 :  0.015 0.027 0.048 0.017 0.037 0.347 0.043 0.029 0.327 0.111 
347    C3958    (0)    6 :  0.012 0.703 0.010 0.006 0.012 0.012 0.012 0.008 0.058 0.165 
348    C3962    (0)    6 :  0.007 0.629 0.010 0.005 0.011 0.010 0.016 0.010 0.008 0.294 
349    C4019    (0)    6 :  0.028 0.154 0.044 0.018 0.011 0.009 0.574 0.124 0.025 0.014 
350    C3995   (18)    6 :  0.030 0.764 0.014 0.017 0.019 0.025 0.016 0.013 0.009 0.091 
351    C4000    (0)    6 :  0.070 0.443 0.031 0.016 0.069 0.129 0.094 0.035 0.029 0.084 
352    C4002    (0)    6 :  0.017 0.722 0.012 0.013 0.020 0.077 0.021 0.010 0.029 0.080 
353    C1692    (0)    7 :  0.023 0.228 0.333 0.033 0.052 0.020 0.155 0.101 0.012 0.043 
354    C1693    (0)    7 :  0.068 0.032 0.447 0.013 0.093 0.056 0.036 0.041 0.020 0.195 
355    C1694    (0)    7 :  0.195 0.021 0.221 0.104 0.071 0.023 0.088 0.064 0.024 0.190 
356    C1698    (0)    7 :  0.083 0.017 0.537 0.049 0.025 0.007 0.178 0.055 0.016 0.034 
357    C1699    (0)    7 :  0.038 0.015 0.329 0.305 0.093 0.021 0.112 0.045 0.018 0.024 
358    C1700    (0)    7 :  0.139 0.100 0.102 0.049 0.086 0.027 0.357 0.041 0.057 0.043 
359    C1701    (0)    7 :  0.020 0.018 0.259 0.346 0.044 0.010 0.223 0.026 0.036 0.017 
360    C1702    (0)    7 :  0.046 0.016 0.603 0.061 0.031 0.010 0.180 0.030 0.013 0.009 
361    C1703    (0)    7 :  0.266 0.030 0.075 0.041 0.080 0.008 0.318 0.150 0.015 0.017 
362    C1704    (0)    7 :  0.144 0.037 0.114 0.017 0.031 0.013 0.093 0.057 0.069 0.426 
363    C1705    (0)    7 :  0.376 0.257 0.059 0.015 0.107 0.008 0.039 0.109 0.019 0.012 
364    C1706    (0)    7 :  0.030 0.012 0.301 0.410 0.056 0.016 0.087 0.056 0.013 0.018 
365    C1707    (0)    7 :  0.020 0.015 0.059 0.056 0.055 0.033 0.028 0.103 0.619 0.013 
366    C1708    (0)    7 :  0.473 0.013 0.295 0.026 0.025 0.023 0.089 0.016 0.021 0.018 
367    C1709    (0)    7 :  0.671 0.091 0.064 0.025 0.018 0.019 0.055 0.016 0.014 0.026 
368    C1710    (0)    7 :  0.051 0.021 0.362 0.078 0.022 0.018 0.362 0.025 0.034 0.027 
369    C1712    (0)    7 :  0.514 0.032 0.062 0.012 0.053 0.011 0.250 0.046 0.009 0.011 
370    C1714    (0)    7 :  0.779 0.014 0.059 0.016 0.019 0.008 0.037 0.019 0.022 0.027 
371    C1715    (0)    7 :  0.017 0.018 0.349 0.074 0.020 0.014 0.195 0.250 0.054 0.009 
372    C1717    (0)    7 :  0.045 0.017 0.332 0.018 0.037 0.040 0.093 0.301 0.094 0.023 
373    C1718   (18)    7 :  0.028 0.015 0.138 0.028 0.031 0.011 0.474 0.140 0.110 0.024 
374    C1719    (0)    7 :  0.569 0.075 0.027 0.015 0.067 0.051 0.082 0.019 0.047 0.049 
375    C1656    (0)    8 :  0.049 0.042 0.166 0.352 0.079 0.012 0.254 0.027 0.010 0.009 
376    C1657   (18)    8 :  0.442 0.021 0.119 0.164 0.022 0.039 0.090 0.074 0.011 0.017 
377    C1658    (0)    8 :  0.027 0.022 0.387 0.062 0.035 0.007 0.374 0.071 0.008 0.007 
378    C1659    (0)    8 :  0.017 0.027 0.188 0.093 0.041 0.076 0.071 0.445 0.023 0.020 
379    C1661    (9)    8 :  0.061 0.015 0.208 0.043 0.227 0.026 0.250 0.068 0.069 0.032 
380    C1665    (0)    8 :  0.025 0.014 0.262 0.214 0.043 0.026 0.329 0.054 0.013 0.020 
381    C1667    (9)    8 :  0.853 0.005 0.036 0.018 0.009 0.007 0.043 0.014 0.007 0.007 
382    C1676    (9)    8 :  0.078 0.025 0.187 0.120 0.037 0.011 0.488 0.023 0.018 0.011 
383    C1681    (9)    8 :  0.092 0.022 0.219 0.164 0.070 0.012 0.186 0.139 0.080 0.017 
384    C1682    (0)    8 :  0.448 0.018 0.126 0.069 0.079 0.016 0.174 0.043 0.014 0.014 
385    C1685    (0)    8 :  0.021 0.021 0.217 0.047 0.020 0.043 0.596 0.011 0.011 0.013 
386    C4707    (0)    9 :  0.022 0.084 0.029 0.018 0.105 0.023 0.646 0.015 0.036 0.023 
387    C4747    (0)    9 :  0.376 0.120 0.148 0.014 0.046 0.081 0.040 0.058 0.068 0.048 
388    C4772    (0)    9 :  0.019 0.434 0.034 0.053 0.111 0.053 0.195 0.037 0.031 0.033 
389    C4781    (0)    9 :  0.535 0.022 0.024 0.011 0.182 0.008 0.030 0.016 0.143 0.029 
