

----------------------------------------------------
STRUCTURE by Pritchard, Stephens and Donnelly (2000)
     and Falush, Stephens and Pritchard (2003)
       Code by Pritchard, Falush and Hubisz
             Version 2.3.4 (Jul 2012)
----------------------------------------------------



Command line arguments:   bin\structure -m C:\Users\eschumacher\Documents\Butternut\butternut_STRUCTURE_withQU\50-50\mainparams -e C:\Users\eschumacher\Documents\Butternut\butternut_STRUCTURE_withQU\50-50\extraparams 
Input File:    C:\Users\eschumacher\Documents\Butternut\butternut_STRUCTURE_withQU\project_data

Run parameters:
   1015 individuals
   11 loci
   10 populations assumed
   50000 Burn-in period
   50000 Reps


--------------------------------------------
Proportion of membership of each pre-defined
 population in each of the 10 clusters

Given    Inferred Clusters                                                        Number of
 Pop       1      2      3      4      5      6      7      8      9     10      Individuals

  1:     0.035  0.067  0.394  0.037  0.033  0.052  0.189  0.032  0.032  0.129       40
  2:     0.048  0.195  0.149  0.037  0.026  0.049  0.164  0.033  0.027  0.274       46
  3:     0.028  0.044  0.201  0.028  0.023  0.033  0.404  0.041  0.041  0.157       63
  4:     0.039  0.100  0.093  0.032  0.042  0.041  0.298  0.028  0.044  0.282       48
  5:     0.039  0.090  0.265  0.041  0.047  0.032  0.165  0.035  0.038  0.249       85
  6:     0.035  0.114  0.278  0.031  0.028  0.046  0.220  0.032  0.047  0.170       70
  7:     0.123  0.051  0.053  0.154  0.069  0.219  0.024  0.197  0.074  0.036       22
  8:     0.106  0.040  0.020  0.365  0.085  0.106  0.023  0.153  0.088  0.015       11
  9:     0.186  0.072  0.038  0.166  0.051  0.115  0.026  0.134  0.075  0.139       33
 10:     0.153  0.052  0.032  0.180  0.103  0.122  0.038  0.073  0.114  0.134       48
 11:     0.155  0.077  0.041  0.140  0.064  0.094  0.023  0.124  0.071  0.210       48
 12:     0.050  0.697  0.016  0.042  0.050  0.067  0.012  0.023  0.022  0.021       13
 13:     0.021  0.678  0.023  0.031  0.096  0.028  0.029  0.021  0.050  0.022        9
 14:     0.185  0.051  0.035  0.123  0.099  0.189  0.036  0.105  0.150  0.027       90
 15:     0.110  0.030  0.023  0.097  0.034  0.088  0.026  0.451  0.124  0.017       63
 16:     0.220  0.087  0.057  0.112  0.077  0.142  0.054  0.077  0.152  0.022       16
 17:     0.115  0.111  0.057  0.079  0.123  0.164  0.052  0.054  0.198  0.046       31
 18:     0.053  0.039  0.023  0.065  0.698  0.032  0.012  0.025  0.024  0.029       16
 19:     0.111  0.038  0.102  0.091  0.035  0.127  0.072  0.317  0.086  0.021       24
 20:     0.235  0.026  0.072  0.115  0.103  0.255  0.037  0.072  0.054  0.032       12
 21:     0.135  0.050  0.044  0.160  0.123  0.145  0.029  0.139  0.149  0.026       54
 22:     0.116  0.056  0.042  0.163  0.206  0.119  0.031  0.047  0.188  0.034       96
 23:     0.069  0.056  0.039  0.168  0.222  0.138  0.021  0.118  0.152  0.017       22
 24:     0.062  0.066  0.050  0.072  0.515  0.038  0.032  0.025  0.072  0.068       23
 25:     0.178  0.026  0.029  0.089  0.260  0.075  0.031  0.046  0.252  0.016       13
 26:     0.177  0.039  0.037  0.133  0.068  0.194  0.059  0.127  0.131  0.035       19
--------------------------------------------

Allele-freq. divergence among pops (Net nucleotide distance),
computed using point estimates of P.

      1       2       3       4       5       6       7       8       9      10      
 1      -    0.0190  0.0365  0.0065  0.0180  0.0082  0.0402  0.0133  0.0121  0.0432  
 2   0.0190     -    0.0218  0.0178  0.0249  0.0162  0.0300  0.0259  0.0225  0.0310  
 3   0.0365  0.0218     -    0.0345  0.0461  0.0303  0.0278  0.0394  0.0425  0.0389  
 4   0.0065  0.0178  0.0345     -    0.0138  0.0058  0.0337  0.0147  0.0112  0.0426  
 5   0.0180  0.0249  0.0461  0.0138     -    0.0186  0.0458  0.0311  0.0181  0.0616  
 6   0.0082  0.0162  0.0303  0.0058  0.0186     -    0.0290  0.0130  0.0089  0.0439  
 7   0.0402  0.0300  0.0278  0.0337  0.0458  0.0290     -    0.0435  0.0378  0.0408  
 8   0.0133  0.0259  0.0394  0.0147  0.0311  0.0130  0.0435     -    0.0209  0.0454  
 9   0.0121  0.0225  0.0425  0.0112  0.0181  0.0089  0.0378  0.0209     -    0.0566  
10   0.0432  0.0310  0.0389  0.0426  0.0616  0.0439  0.0408  0.0454  0.0566     -    

Average distances (expected heterozygosity) between individuals in same cluster:
cluster  1  : 0.8472 
cluster  2  : 0.8383 
cluster  3  : 0.8009 
cluster  4  : 0.8555 
cluster  5  : 0.8234 
cluster  6  : 0.8545 
cluster  7  : 0.8122 
cluster  8  : 0.8442 
cluster  9  : 0.8389 
cluster 10  : 0.8135 

--------------------------------------------
Estimated Ln Prob of Data   = -48132.0
Mean value of ln likelihood = -45756.6
Variance of ln likelihood   = 4750.7
Mean value of alpha         = 0.0550

Mean value of Fst_1         = 0.0330
Mean value of Fst_2         = 0.0548
Mean value of Fst_3         = 0.0761
Mean value of Fst_4         = 0.0277
Mean value of Fst_5         = 0.0558
Mean value of Fst_6         = 0.0240
Mean value of Fst_7         = 0.0794
Mean value of Fst_8         = 0.0426
Mean value of Fst_9         = 0.0408
Mean value of Fst_10         = 0.0900


Inferred ancestry of individuals:
        Label (%Miss) Pop:  Inferred clusters
  1    C3984    (0)    1 :  0.010 0.164 0.316 0.011 0.007 0.021 0.016 0.011 0.011 0.433 
  2    C3985    (0)    1 :  0.022 0.010 0.463 0.042 0.013 0.011 0.039 0.016 0.011 0.373 
  3    C3986    (0)    1 :  0.012 0.015 0.152 0.011 0.006 0.010 0.090 0.016 0.015 0.673 
  4    C4231    (0)    1 :  0.028 0.236 0.230 0.040 0.009 0.037 0.033 0.011 0.021 0.355 
  5    C4344    (0)    1 :  0.020 0.015 0.356 0.035 0.015 0.057 0.368 0.035 0.021 0.079 
  6    C4347   (18)    1 :  0.020 0.024 0.432 0.015 0.052 0.015 0.377 0.011 0.025 0.028 
  7    C4352   (18)    1 :  0.037 0.049 0.495 0.035 0.018 0.019 0.065 0.029 0.017 0.236 
  8    C4355    (9)    1 :  0.016 0.321 0.390 0.014 0.014 0.039 0.106 0.022 0.034 0.042 
  9    C4358   (18)    1 :  0.151 0.038 0.085 0.104 0.057 0.454 0.014 0.040 0.031 0.025 
 10    C4419    (9)    1 :  0.066 0.197 0.433 0.025 0.016 0.056 0.020 0.018 0.087 0.081 
 11    C4428    (9)    1 :  0.012 0.069 0.584 0.016 0.020 0.016 0.110 0.015 0.020 0.139 
 12    C4436    (0)    1 :  0.010 0.011 0.839 0.014 0.013 0.009 0.023 0.011 0.010 0.060 
 13    C4437   (18)    1 :  0.037 0.013 0.427 0.081 0.043 0.041 0.032 0.019 0.026 0.281 
 14    C4450    (0)    1 :  0.074 0.031 0.506 0.065 0.029 0.100 0.025 0.042 0.048 0.080 
 15    C4531    (0)    1 :  0.117 0.021 0.034 0.061 0.025 0.033 0.008 0.032 0.014 0.655 
 16    C1615    (0)    1 :  0.054 0.028 0.388 0.076 0.066 0.041 0.030 0.050 0.050 0.217 
 17    C1616    (0)    1 :  0.069 0.040 0.249 0.054 0.098 0.255 0.045 0.015 0.129 0.044 
 18    C1617    (9)    1 :  0.013 0.016 0.816 0.011 0.018 0.018 0.065 0.009 0.024 0.010 
 19    C1618    (0)    1 :  0.036 0.045 0.486 0.060 0.027 0.017 0.021 0.097 0.022 0.189 
 20    C1619    (0)    1 :  0.020 0.028 0.566 0.058 0.040 0.052 0.033 0.104 0.018 0.080 
 21    C1620    (9)    1 :  0.025 0.016 0.697 0.032 0.028 0.039 0.020 0.082 0.012 0.048 
 22    C1621    (0)    1 :  0.073 0.164 0.241 0.053 0.200 0.076 0.028 0.039 0.109 0.019 
 23    C1623    (9)    1 :  0.047 0.085 0.040 0.149 0.133 0.058 0.014 0.217 0.053 0.205 
 24    C1625    (0)    1 :  0.019 0.022 0.691 0.040 0.060 0.040 0.026 0.066 0.019 0.018 
 25    C1626    (0)    1 :  0.068 0.103 0.480 0.037 0.063 0.125 0.030 0.029 0.050 0.016 
 26    C1627    (9)    1 :  0.015 0.013 0.859 0.011 0.029 0.015 0.015 0.016 0.007 0.020 
 27    C1633    (0)    1 :  0.008 0.032 0.878 0.010 0.012 0.014 0.013 0.008 0.011 0.012 
 28    C1637    (0)    1 :  0.017 0.024 0.832 0.014 0.021 0.022 0.030 0.011 0.016 0.013 
 29    C1650    (0)    1 :  0.034 0.170 0.112 0.017 0.033 0.026 0.058 0.013 0.047 0.490 
 30    C3202    (0)    1 :  0.008 0.010 0.012 0.017 0.015 0.010 0.898 0.009 0.009 0.012 
 31    C3248    (0)    1 :  0.025 0.226 0.484 0.017 0.013 0.023 0.177 0.014 0.009 0.012 
 32    C3304    (9)    1 :  0.012 0.018 0.258 0.013 0.014 0.071 0.528 0.012 0.048 0.025 
 33    C3326    (0)    1 :  0.126 0.052 0.177 0.088 0.022 0.085 0.324 0.017 0.045 0.064 
 34    C3333    (0)    1 :  0.012 0.011 0.028 0.017 0.015 0.018 0.861 0.011 0.016 0.011 
 35    C3339   (18)    1 :  0.014 0.013 0.765 0.019 0.010 0.024 0.069 0.026 0.050 0.010 
 36    C3346    (0)    1 :  0.009 0.010 0.018 0.009 0.006 0.009 0.899 0.015 0.010 0.015 
 37    C3349    (0)    1 :  0.037 0.041 0.062 0.036 0.016 0.054 0.659 0.033 0.045 0.016 
 38    C3367   (18)    1 :  0.013 0.016 0.045 0.024 0.019 0.017 0.783 0.017 0.024 0.042 
 39    C3374    (0)    1 :  0.009 0.131 0.774 0.007 0.006 0.010 0.027 0.012 0.009 0.015 
 40    C3405    (0)    1 :  0.020 0.143 0.074 0.026 0.011 0.042 0.566 0.040 0.064 0.015 
 41    C4543    (0)    2 :  0.017 0.049 0.016 0.016 0.011 0.020 0.038 0.015 0.027 0.791 
 42    C4545    (9)    2 :  0.010 0.025 0.037 0.012 0.007 0.009 0.012 0.057 0.011 0.821 
 43    C4551    (9)    2 :  0.212 0.234 0.082 0.061 0.023 0.045 0.015 0.055 0.017 0.255 
 44    C4491    (0)    2 :  0.107 0.033 0.062 0.071 0.027 0.089 0.058 0.046 0.031 0.477 
 45    C4494    (0)    2 :  0.013 0.150 0.044 0.010 0.009 0.015 0.457 0.015 0.013 0.276 
 46    C4495    (0)    2 :  0.065 0.041 0.039 0.111 0.015 0.032 0.566 0.043 0.019 0.070 
 47    C4497    (9)    2 :  0.016 0.272 0.494 0.021 0.012 0.040 0.044 0.018 0.013 0.069 
 48    C4501    (0)    2 :  0.029 0.477 0.147 0.020 0.012 0.187 0.017 0.015 0.037 0.059 
 49    C4502    (0)    2 :  0.013 0.146 0.523 0.013 0.010 0.021 0.042 0.063 0.013 0.156 
 50    C4503    (0)    2 :  0.017 0.043 0.011 0.029 0.015 0.013 0.010 0.230 0.013 0.618 
 51    C4504    (0)    2 :  0.062 0.095 0.057 0.278 0.020 0.158 0.041 0.050 0.051 0.187 
 52    C4470    (0)    2 :  0.075 0.586 0.120 0.039 0.014 0.070 0.022 0.017 0.016 0.041 
 53    C4471    (0)    2 :  0.012 0.425 0.041 0.012 0.009 0.040 0.019 0.015 0.013 0.412 
 54    C4474    (9)    2 :  0.097 0.111 0.009 0.030 0.024 0.014 0.007 0.015 0.017 0.676 
 55    C4476    (0)    2 :  0.022 0.436 0.288 0.014 0.011 0.027 0.020 0.017 0.010 0.155 
 56    C4478    (0)    2 :  0.010 0.098 0.028 0.015 0.008 0.040 0.051 0.090 0.043 0.617 
 57    C4479    (0)    2 :  0.014 0.452 0.281 0.018 0.058 0.011 0.089 0.009 0.020 0.048 
 58    C4482    (0)    2 :  0.033 0.071 0.055 0.063 0.140 0.086 0.106 0.008 0.028 0.409 
 59    C4483    (0)    2 :  0.014 0.087 0.008 0.024 0.012 0.033 0.008 0.018 0.011 0.785 
 60    C4484    (0)    2 :  0.027 0.072 0.036 0.024 0.023 0.052 0.117 0.058 0.060 0.531 
 61    C4485    (0)    2 :  0.050 0.411 0.040 0.034 0.025 0.124 0.230 0.017 0.026 0.043 
 62    C4489    (0)    2 :  0.018 0.147 0.254 0.013 0.023 0.037 0.078 0.028 0.027 0.374 
 63    C4505    (0)    2 :  0.050 0.289 0.371 0.024 0.015 0.031 0.020 0.015 0.022 0.162 
 64    C4507    (0)    2 :  0.147 0.244 0.129 0.029 0.009 0.052 0.012 0.093 0.054 0.230 
 65    C4535    (0)    2 :  0.030 0.045 0.016 0.027 0.026 0.029 0.010 0.023 0.020 0.773 
 66    C4542    (0)    2 :  0.204 0.053 0.018 0.110 0.021 0.183 0.018 0.024 0.176 0.193 
 67    C4553    (9)    2 :  0.068 0.100 0.076 0.047 0.018 0.027 0.087 0.015 0.025 0.537 
 68    C4562   (18)    2 :  0.054 0.094 0.073 0.032 0.024 0.024 0.037 0.044 0.019 0.598 
 69    C4582   (18)    2 :  0.099 0.110 0.060 0.056 0.040 0.026 0.033 0.018 0.020 0.538 
 70    C4693    (0)    2 :  0.070 0.160 0.044 0.012 0.015 0.010 0.033 0.009 0.012 0.636 
 71    C4696    (0)    2 :  0.166 0.090 0.153 0.047 0.027 0.029 0.039 0.042 0.020 0.386 
 72    C3179    (0)    2 :  0.025 0.013 0.169 0.021 0.012 0.028 0.631 0.053 0.020 0.027 
 73    C3181    (0)    2 :  0.022 0.382 0.186 0.024 0.020 0.059 0.251 0.014 0.024 0.019 
 74    C3188    (0)    2 :  0.022 0.424 0.203 0.032 0.020 0.078 0.138 0.024 0.020 0.038 
 75    C3190    (0)    2 :  0.021 0.023 0.017 0.019 0.020 0.028 0.787 0.012 0.049 0.024 
 76    C3193    (0)    2 :  0.027 0.257 0.233 0.021 0.038 0.025 0.359 0.008 0.012 0.019 
 77    C3232    (0)    2 :  0.014 0.321 0.248 0.014 0.009 0.025 0.112 0.014 0.014 0.229 
 78    C3236    (0)    2 :  0.013 0.018 0.107 0.010 0.009 0.010 0.764 0.009 0.009 0.051 
 79    C3249    (0)    2 :  0.025 0.251 0.194 0.021 0.027 0.053 0.352 0.027 0.028 0.022 
 80    C3250    (0)    2 :  0.011 0.444 0.424 0.009 0.010 0.012 0.049 0.008 0.014 0.018 
 81    C3253    (0)    2 :  0.017 0.258 0.621 0.012 0.016 0.019 0.009 0.009 0.010 0.030 
 82    C3255    (0)    2 :  0.013 0.328 0.357 0.011 0.011 0.019 0.195 0.010 0.009 0.048 
 83    C3277    (0)    2 :  0.064 0.231 0.327 0.043 0.062 0.130 0.064 0.033 0.027 0.018 
 84    C3315    (0)    2 :  0.065 0.296 0.133 0.038 0.183 0.076 0.015 0.074 0.060 0.060 
 85    C3288    (0)    2 :  0.012 0.016 0.020 0.021 0.020 0.012 0.856 0.013 0.012 0.018 
 86    C3293    (0)    2 :  0.023 0.052 0.015 0.079 0.024 0.089 0.607 0.032 0.030 0.048 
 87    C4018    (0)    3 :  0.008 0.012 0.017 0.009 0.006 0.010 0.116 0.007 0.012 0.803 
 88    C3980    (0)    3 :  0.014 0.019 0.012 0.011 0.011 0.013 0.023 0.010 0.011 0.876 
 89    C3987    (0)    3 :  0.015 0.018 0.064 0.013 0.010 0.009 0.021 0.012 0.014 0.824 
 90    C3988    (0)    3 :  0.023 0.018 0.157 0.019 0.010 0.016 0.046 0.012 0.007 0.693 
 91    C3989    (0)    3 :  0.020 0.040 0.047 0.048 0.008 0.158 0.610 0.008 0.013 0.047 
 92    C4011    (0)    3 :  0.006 0.016 0.094 0.006 0.006 0.007 0.129 0.006 0.006 0.725 
 93    C4017    (0)    3 :  0.007 0.011 0.012 0.006 0.006 0.007 0.011 0.007 0.006 0.927 
 94    C4296    (0)    3 :  0.325 0.166 0.261 0.047 0.024 0.041 0.027 0.034 0.039 0.037 
 95    C4301    (9)    3 :  0.015 0.015 0.012 0.030 0.009 0.090 0.049 0.032 0.738 0.009 
 96    C4303    (0)    3 :  0.034 0.020 0.058 0.027 0.253 0.024 0.492 0.024 0.054 0.013 
 97    C4453    (0)    3 :  0.013 0.037 0.072 0.031 0.034 0.036 0.554 0.070 0.026 0.127 
 98    C4455    (9)    3 :  0.015 0.024 0.013 0.018 0.036 0.015 0.802 0.019 0.013 0.045 
 99    C4456   (18)    3 :  0.027 0.018 0.025 0.113 0.055 0.029 0.354 0.127 0.036 0.216 
100    C4457    (9)    3 :  0.022 0.029 0.068 0.078 0.053 0.068 0.567 0.025 0.059 0.032 
101    C4459    (9)    3 :  0.022 0.155 0.126 0.040 0.021 0.023 0.273 0.011 0.013 0.315 
102    C4464   (18)    3 :  0.011 0.015 0.204 0.010 0.008 0.013 0.619 0.012 0.009 0.098 
103    C4468    (9)    3 :  0.018 0.135 0.489 0.017 0.076 0.024 0.171 0.015 0.015 0.041 
104    C4783    (0)    3 :  0.032 0.019 0.009 0.029 0.013 0.020 0.322 0.011 0.009 0.536 
105    C4786    (0)    3 :  0.017 0.014 0.041 0.012 0.011 0.012 0.615 0.010 0.030 0.239 
106    C4789    (9)    3 :  0.018 0.041 0.071 0.016 0.012 0.025 0.440 0.008 0.059 0.311 
107    C4891    (0)    3 :  0.030 0.013 0.016 0.043 0.010 0.018 0.780 0.018 0.015 0.057 
108    C4896    (0)    3 :  0.076 0.046 0.011 0.017 0.030 0.051 0.394 0.013 0.052 0.309 
109    C4898    (0)    3 :  0.026 0.089 0.048 0.023 0.013 0.022 0.186 0.014 0.013 0.566 
110    C4901    (0)    3 :  0.011 0.015 0.016 0.017 0.010 0.015 0.649 0.008 0.017 0.241 
111    C4903    (9)    3 :  0.016 0.030 0.020 0.037 0.021 0.026 0.751 0.011 0.037 0.051 
112    C4904    (0)    3 :  0.023 0.016 0.014 0.016 0.007 0.042 0.207 0.008 0.012 0.653 
113    C3263    (0)    3 :  0.010 0.011 0.727 0.020 0.013 0.019 0.052 0.128 0.010 0.010 
114    C3271    (0)    3 :  0.013 0.009 0.854 0.022 0.008 0.018 0.025 0.017 0.021 0.013 
115    C3272    (0)    3 :  0.016 0.073 0.720 0.022 0.008 0.045 0.045 0.018 0.038 0.015 
116    C3276    (0)    3 :  0.031 0.035 0.020 0.038 0.022 0.141 0.419 0.071 0.211 0.012 
117    C3280    (9)    3 :  0.057 0.050 0.599 0.034 0.027 0.040 0.024 0.102 0.024 0.043 
118    C3305    (9)    3 :  0.008 0.017 0.903 0.009 0.008 0.015 0.008 0.010 0.010 0.011 
119    C3306    (0)    3 :  0.018 0.015 0.782 0.043 0.014 0.032 0.027 0.047 0.011 0.011 
120    C3324    (0)    3 :  0.045 0.019 0.626 0.021 0.016 0.055 0.014 0.174 0.011 0.018 
121    C3329    (0)    3 :  0.114 0.045 0.478 0.057 0.020 0.040 0.054 0.071 0.028 0.093 
122    C3336    (0)    3 :  0.024 0.056 0.684 0.024 0.015 0.035 0.076 0.017 0.045 0.024 
123    C3341   (18)    3 :  0.033 0.061 0.065 0.095 0.025 0.056 0.028 0.573 0.020 0.045 
124    C3409   (18)    3 :  0.040 0.155 0.350 0.065 0.029 0.137 0.094 0.038 0.054 0.036 
125    C3168    (9)    3 :  0.007 0.012 0.012 0.009 0.008 0.010 0.912 0.008 0.010 0.013 
126    C3170    (0)    3 :  0.013 0.018 0.041 0.011 0.008 0.019 0.842 0.010 0.018 0.021 
127    C3214   (18)    3 :  0.014 0.051 0.087 0.010 0.030 0.018 0.484 0.011 0.266 0.027 
128    C3227    (0)    3 :  0.007 0.008 0.013 0.009 0.011 0.010 0.891 0.006 0.030 0.016 
129    C3228    (0)    3 :  0.065 0.243 0.428 0.022 0.030 0.027 0.049 0.033 0.048 0.055 
130    C3278    (0)    3 :  0.014 0.007 0.008 0.010 0.009 0.014 0.907 0.008 0.017 0.006 
131    C3279    (0)    3 :  0.022 0.009 0.038 0.021 0.013 0.054 0.803 0.009 0.020 0.010 
132    C3321    (0)    3 :  0.006 0.008 0.012 0.007 0.005 0.006 0.924 0.006 0.006 0.019 
133    C3322    (0)    3 :  0.034 0.018 0.011 0.045 0.036 0.016 0.729 0.008 0.064 0.038 
134    C3303    (0)    3 :  0.057 0.016 0.083 0.019 0.014 0.025 0.694 0.029 0.048 0.014 
135    C3317    (0)    3 :  0.017 0.024 0.828 0.017 0.016 0.019 0.032 0.016 0.010 0.020 
136    C3355    (0)    3 :  0.010 0.021 0.408 0.016 0.010 0.013 0.471 0.017 0.008 0.025 
137    C3376    (9)    3 :  0.030 0.182 0.366 0.018 0.022 0.040 0.248 0.014 0.044 0.036 
138    C3401    (0)    3 :  0.026 0.022 0.774 0.017 0.025 0.024 0.052 0.016 0.021 0.025 
139    C3203    (9)    3 :  0.014 0.097 0.144 0.027 0.030 0.060 0.489 0.056 0.055 0.029 
140    C3245    (0)    3 :  0.014 0.011 0.027 0.014 0.019 0.023 0.857 0.010 0.015 0.010 
141    C3302    (0)    3 :  0.013 0.010 0.013 0.019 0.013 0.014 0.880 0.013 0.015 0.010 
142    C3307    (0)    3 :  0.034 0.128 0.050 0.051 0.100 0.035 0.302 0.169 0.012 0.120 
143    C3310    (0)    3 :  0.010 0.008 0.008 0.013 0.008 0.012 0.912 0.011 0.011 0.009 
144    C3312    (9)    3 :  0.025 0.152 0.270 0.083 0.031 0.056 0.274 0.017 0.016 0.075 
145    C3345    (0)    3 :  0.009 0.016 0.015 0.016 0.011 0.019 0.852 0.025 0.013 0.023 
146    C3371    (0)    3 :  0.010 0.011 0.013 0.017 0.009 0.016 0.866 0.042 0.009 0.008 
147    C3372    (0)    3 :  0.023 0.063 0.170 0.034 0.023 0.029 0.567 0.047 0.018 0.025 
148    C3380    (9)    3 :  0.006 0.014 0.011 0.007 0.007 0.007 0.919 0.006 0.007 0.016 
149    C3417    (0)    3 :  0.030 0.026 0.044 0.047 0.024 0.067 0.448 0.195 0.017 0.100 
150    C4569    (9)    4 :  0.265 0.083 0.051 0.081 0.036 0.109 0.014 0.083 0.081 0.198 
151    C4570    (9)    4 :  0.023 0.151 0.039 0.011 0.013 0.013 0.011 0.014 0.011 0.715 
152    C4571    (9)    4 :  0.025 0.380 0.182 0.018 0.022 0.019 0.026 0.016 0.015 0.297 
153    C4572    (9)    4 :  0.023 0.030 0.032 0.014 0.026 0.013 0.010 0.015 0.016 0.821 
154    C4573    (9)    4 :  0.050 0.258 0.066 0.056 0.324 0.067 0.010 0.021 0.076 0.073 
155    C4575    (9)    4 :  0.033 0.259 0.037 0.044 0.076 0.054 0.021 0.022 0.045 0.408 
156    C4577    (9)    4 :  0.021 0.074 0.027 0.018 0.008 0.017 0.015 0.014 0.014 0.793 
157    C4578    (9)    4 :  0.057 0.265 0.052 0.030 0.073 0.081 0.019 0.024 0.033 0.366 
158    C4600   (18)    4 :  0.140 0.027 0.051 0.139 0.025 0.081 0.024 0.018 0.030 0.465 
159    C4612    (9)    4 :  0.046 0.168 0.021 0.017 0.014 0.026 0.021 0.013 0.147 0.526 
160    C4621    (0)    4 :  0.009 0.038 0.028 0.016 0.014 0.009 0.036 0.006 0.012 0.831 
161    C4622    (9)    4 :  0.014 0.010 0.011 0.009 0.010 0.008 0.016 0.008 0.008 0.906 
162    C4623    (0)    4 :  0.067 0.209 0.129 0.054 0.042 0.076 0.062 0.186 0.036 0.138 
163    C4624    (0)    4 :  0.070 0.114 0.035 0.017 0.078 0.012 0.018 0.019 0.028 0.609 
164    C4625    (0)    4 :  0.034 0.102 0.127 0.147 0.379 0.053 0.013 0.012 0.032 0.102 
165    C4627    (0)    4 :  0.017 0.039 0.016 0.034 0.027 0.029 0.092 0.020 0.024 0.703 
166    C4631    (0)    4 :  0.019 0.042 0.011 0.025 0.015 0.011 0.010 0.229 0.013 0.624 
167    C4632    (0)    4 :  0.040 0.036 0.046 0.013 0.026 0.014 0.026 0.013 0.012 0.774 
168    C3939    (0)    4 :  0.024 0.021 0.015 0.012 0.009 0.020 0.060 0.011 0.021 0.807 
169    C3940    (0)    4 :  0.087 0.121 0.015 0.036 0.007 0.075 0.037 0.026 0.046 0.551 
170    C3945    (0)    4 :  0.011 0.008 0.016 0.009 0.005 0.010 0.016 0.007 0.007 0.912 
171    C4520    (0)    4 :  0.084 0.064 0.056 0.124 0.018 0.086 0.053 0.036 0.451 0.027 
172    C4522    (0)    4 :  0.010 0.023 0.030 0.020 0.008 0.013 0.260 0.010 0.012 0.614 
173    C3182    (0)    4 :  0.017 0.024 0.182 0.020 0.013 0.021 0.607 0.029 0.016 0.069 
174    C3189    (0)    4 :  0.050 0.321 0.174 0.056 0.114 0.140 0.054 0.020 0.034 0.037 
175    C3191    (9)    4 :  0.027 0.310 0.252 0.024 0.067 0.050 0.200 0.032 0.019 0.019 
176    C3196    (0)    4 :  0.017 0.065 0.059 0.021 0.020 0.026 0.742 0.016 0.021 0.013 
177    C3208    (0)    4 :  0.038 0.048 0.027 0.019 0.046 0.030 0.537 0.049 0.050 0.156 
178    C3211    (0)    4 :  0.013 0.011 0.018 0.011 0.007 0.016 0.880 0.011 0.016 0.017 
179    C3212    (0)    4 :  0.083 0.121 0.077 0.043 0.009 0.167 0.098 0.097 0.237 0.067 
180    C3213    (0)    4 :  0.016 0.008 0.013 0.017 0.009 0.023 0.875 0.016 0.016 0.008 
181    C3215    (0)    4 :  0.017 0.016 0.007 0.018 0.022 0.008 0.837 0.008 0.051 0.016 
182    C3217    (0)    4 :  0.020 0.074 0.249 0.036 0.012 0.033 0.499 0.033 0.021 0.023 
183    C3225    (9)    4 :  0.047 0.142 0.350 0.035 0.028 0.048 0.235 0.018 0.077 0.018 
184    C3226    (0)    4 :  0.009 0.044 0.148 0.014 0.011 0.011 0.560 0.012 0.009 0.181 
185    C3238    (9)    4 :  0.016 0.058 0.029 0.020 0.020 0.015 0.686 0.011 0.021 0.123 
186    C3239    (0)    4 :  0.021 0.361 0.273 0.016 0.018 0.059 0.156 0.030 0.024 0.042 
187    C3269   (18)    4 :  0.048 0.090 0.303 0.042 0.162 0.066 0.052 0.022 0.090 0.125 
188    C3273    (0)    4 :  0.012 0.027 0.419 0.024 0.051 0.043 0.365 0.008 0.022 0.031 
189    C3274    (0)    4 :  0.128 0.032 0.026 0.071 0.014 0.113 0.511 0.011 0.061 0.032 
190    C3354    (0)    4 :  0.020 0.041 0.059 0.021 0.019 0.041 0.757 0.010 0.014 0.017 
191    C3361    (0)    4 :  0.018 0.029 0.038 0.013 0.014 0.016 0.823 0.009 0.020 0.021 
192    C3289    (0)    4 :  0.011 0.011 0.011 0.009 0.016 0.015 0.890 0.010 0.013 0.012 
193    C3169    (0)    4 :  0.009 0.306 0.250 0.008 0.013 0.014 0.339 0.009 0.016 0.034 
194    C3199    (9)    4 :  0.017 0.042 0.077 0.015 0.046 0.019 0.643 0.019 0.028 0.095 
195    C3224    (0)    4 :  0.011 0.016 0.198 0.014 0.015 0.012 0.660 0.013 0.040 0.022 
196    C3261   (18)    4 :  0.016 0.033 0.065 0.014 0.009 0.042 0.729 0.015 0.009 0.068 
197    C3320    (0)    4 :  0.030 0.055 0.061 0.029 0.028 0.040 0.699 0.010 0.021 0.026 
198    C4151    (0)    5 :  0.008 0.026 0.018 0.009 0.010 0.009 0.011 0.009 0.006 0.894 
199    C4152    (0)    5 :  0.017 0.018 0.086 0.010 0.014 0.013 0.009 0.013 0.013 0.808 
200    C4153    (0)    5 :  0.033 0.080 0.079 0.021 0.025 0.036 0.269 0.013 0.055 0.388 
201    C4154   (18)    5 :  0.020 0.025 0.044 0.018 0.008 0.030 0.075 0.017 0.017 0.745 
202    C4157    (0)    5 :  0.119 0.015 0.657 0.027 0.014 0.020 0.018 0.015 0.012 0.103 
203    C4158    (0)    5 :  0.020 0.019 0.017 0.010 0.015 0.009 0.015 0.007 0.008 0.879 
204    C4163    (0)    5 :  0.007 0.013 0.010 0.006 0.006 0.007 0.010 0.006 0.006 0.930 
205    C4165    (0)    5 :  0.219 0.121 0.023 0.229 0.019 0.035 0.042 0.086 0.012 0.214 
206    C4248    (9)    5 :  0.026 0.076 0.377 0.027 0.018 0.051 0.331 0.013 0.012 0.068 
207    C4371    (9)    5 :  0.017 0.333 0.419 0.012 0.015 0.029 0.021 0.035 0.012 0.109 
208    C3936    (0)    5 :  0.022 0.028 0.017 0.016 0.011 0.013 0.017 0.013 0.013 0.850 
209    C3937    (0)    5 :  0.017 0.033 0.017 0.012 0.012 0.008 0.023 0.012 0.009 0.858 
210    C3944    (0)    5 :  0.011 0.031 0.097 0.007 0.007 0.009 0.036 0.013 0.007 0.782 
211    C3954    (0)    5 :  0.010 0.180 0.477 0.015 0.039 0.016 0.075 0.007 0.020 0.161 
212    C3955    (9)    5 :  0.013 0.033 0.168 0.025 0.023 0.025 0.229 0.007 0.025 0.453 
213    C3961    (0)    5 :  0.027 0.024 0.029 0.014 0.011 0.014 0.061 0.053 0.026 0.741 
214    C3974    (0)    5 :  0.101 0.065 0.017 0.016 0.017 0.017 0.025 0.012 0.026 0.704 
215    C4024    (0)    5 :  0.031 0.018 0.450 0.023 0.012 0.024 0.021 0.060 0.028 0.331 
216    C4025    (0)    5 :  0.022 0.059 0.061 0.018 0.020 0.014 0.009 0.040 0.019 0.735 
217    C4028    (0)    5 :  0.031 0.081 0.068 0.172 0.047 0.033 0.039 0.029 0.040 0.461 
218    C4032   (18)    5 :  0.010 0.349 0.500 0.008 0.012 0.013 0.029 0.008 0.010 0.059 
219    C4033   (18)    5 :  0.013 0.023 0.363 0.017 0.014 0.017 0.476 0.013 0.012 0.053 
220    C4034    (0)    5 :  0.085 0.041 0.284 0.037 0.020 0.071 0.277 0.079 0.059 0.045 
221    C4041    (9)    5 :  0.053 0.081 0.457 0.020 0.013 0.081 0.050 0.096 0.118 0.031 
222    C4043    (9)    5 :  0.025 0.174 0.397 0.016 0.023 0.025 0.093 0.018 0.014 0.214 
223    C4044    (9)    5 :  0.084 0.057 0.064 0.048 0.051 0.077 0.085 0.367 0.044 0.122 
224    C4045    (9)    5 :  0.029 0.204 0.354 0.028 0.044 0.027 0.174 0.012 0.020 0.107 
225    C4046    (9)    5 :  0.016 0.040 0.772 0.010 0.022 0.011 0.071 0.028 0.012 0.018 
226    C4047    (0)    5 :  0.027 0.017 0.037 0.063 0.039 0.029 0.713 0.018 0.034 0.023 
227    C4048    (9)    5 :  0.029 0.027 0.127 0.061 0.061 0.050 0.521 0.057 0.042 0.024 
228    C4055    (9)    5 :  0.037 0.120 0.573 0.032 0.037 0.027 0.025 0.018 0.028 0.103 
229    C4057   (18)    5 :  0.015 0.207 0.565 0.018 0.009 0.022 0.040 0.039 0.015 0.070 
230    C4059    (0)    5 :  0.010 0.015 0.760 0.013 0.019 0.019 0.091 0.011 0.019 0.044 
231    C4060    (9)    5 :  0.026 0.442 0.219 0.018 0.020 0.036 0.068 0.018 0.025 0.128 
232    C4064    (9)    5 :  0.091 0.121 0.401 0.101 0.165 0.026 0.026 0.013 0.027 0.028 
233    C4067    (0)    5 :  0.025 0.024 0.066 0.045 0.101 0.038 0.602 0.044 0.029 0.028 
234    C4068    (9)    5 :  0.024 0.044 0.052 0.034 0.026 0.026 0.713 0.017 0.026 0.039 
235    C4070    (9)    5 :  0.031 0.013 0.348 0.044 0.025 0.027 0.260 0.110 0.016 0.125 
236    C4075   (18)    5 :  0.013 0.034 0.050 0.028 0.015 0.021 0.770 0.021 0.022 0.026 
237    C4081    (9)    5 :  0.033 0.286 0.473 0.048 0.019 0.025 0.053 0.017 0.023 0.023 
238    C4082    (0)    5 :  0.021 0.075 0.063 0.035 0.035 0.025 0.512 0.019 0.045 0.170 
239    C4083    (0)    5 :  0.093 0.218 0.132 0.078 0.050 0.142 0.035 0.145 0.020 0.088 
240    C4086    (0)    5 :  0.032 0.348 0.200 0.031 0.169 0.046 0.081 0.011 0.019 0.064 
241    C4088    (9)    5 :  0.019 0.043 0.024 0.048 0.782 0.018 0.018 0.008 0.020 0.020 
242    C4092    (0)    5 :  0.020 0.202 0.294 0.023 0.010 0.069 0.040 0.059 0.014 0.269 
243    C4099    (9)    5 :  0.047 0.194 0.273 0.039 0.021 0.077 0.131 0.079 0.093 0.047 
244    C4104    (0)    5 :  0.022 0.023 0.047 0.025 0.017 0.025 0.145 0.039 0.012 0.645 
245    C4108   (18)    5 :  0.131 0.013 0.012 0.185 0.038 0.042 0.015 0.016 0.539 0.009 
246    C4118    (0)    5 :  0.075 0.407 0.200 0.072 0.033 0.100 0.012 0.012 0.063 0.026 
247    C4131    (0)    5 :  0.036 0.180 0.097 0.068 0.083 0.036 0.049 0.015 0.014 0.422 
248    C4133    (0)    5 :  0.013 0.087 0.771 0.019 0.010 0.015 0.038 0.009 0.016 0.022 
249    C4135    (0)    5 :  0.007 0.022 0.256 0.011 0.005 0.010 0.025 0.007 0.005 0.650 
250    C4136    (0)    5 :  0.151 0.083 0.019 0.022 0.088 0.027 0.024 0.022 0.054 0.510 
251    C4137    (9)    5 :  0.032 0.061 0.378 0.054 0.024 0.037 0.025 0.016 0.013 0.360 
252    C4139    (0)    5 :  0.016 0.018 0.034 0.014 0.007 0.016 0.020 0.009 0.012 0.854 
253    C4140    (9)    5 :  0.022 0.036 0.138 0.033 0.009 0.017 0.045 0.015 0.014 0.672 
254    C4167    (0)    5 :  0.125 0.043 0.243 0.100 0.039 0.018 0.014 0.046 0.013 0.358 
255    C4236    (0)    5 :  0.086 0.082 0.568 0.053 0.033 0.050 0.046 0.035 0.021 0.028 
256    C4237    (0)    5 :  0.064 0.032 0.064 0.103 0.523 0.054 0.011 0.017 0.086 0.044 
257    C4238    (0)    5 :  0.027 0.027 0.471 0.017 0.058 0.022 0.203 0.015 0.047 0.113 
258    C4241    (0)    5 :  0.038 0.035 0.444 0.027 0.019 0.035 0.275 0.023 0.034 0.070 
259    C4247    (9)    5 :  0.024 0.030 0.432 0.091 0.172 0.046 0.040 0.057 0.040 0.067 
260    C4257    (0)    5 :  0.019 0.152 0.125 0.018 0.026 0.023 0.533 0.020 0.054 0.030 
261    C4383    (0)    5 :  0.114 0.117 0.167 0.025 0.057 0.042 0.033 0.240 0.054 0.151 
262    C4397    (9)    5 :  0.017 0.013 0.845 0.013 0.008 0.011 0.010 0.008 0.008 0.065 
263    C4514    (0)    5 :  0.015 0.163 0.077 0.015 0.014 0.015 0.025 0.019 0.016 0.641 
264    C4519    (0)    5 :  0.019 0.093 0.024 0.013 0.007 0.041 0.112 0.014 0.123 0.555 
265    C4527    (0)    5 :  0.015 0.044 0.029 0.019 0.016 0.020 0.543 0.020 0.015 0.281 
266    C4534    (0)    5 :  0.039 0.104 0.042 0.032 0.013 0.058 0.461 0.060 0.059 0.132 
267    C4699    (0)    5 :  0.029 0.015 0.026 0.050 0.065 0.014 0.047 0.028 0.014 0.711 
268    C1541    (9)    5 :  0.017 0.034 0.107 0.009 0.012 0.011 0.764 0.012 0.010 0.025 
269    C1542    (9)    5 :  0.013 0.020 0.035 0.010 0.014 0.012 0.861 0.010 0.013 0.012 
270    C1544    (0)    5 :  0.035 0.098 0.425 0.019 0.049 0.029 0.268 0.013 0.034 0.030 
271    C1547    (9)    5 :  0.080 0.189 0.092 0.126 0.067 0.067 0.045 0.106 0.199 0.029 
272    C1553    (9)    5 :  0.062 0.020 0.097 0.353 0.037 0.074 0.039 0.062 0.109 0.147 
273    C1555    (9)    5 :  0.018 0.021 0.841 0.018 0.017 0.020 0.017 0.011 0.023 0.014 
274    C1557    (0)    5 :  0.019 0.016 0.861 0.012 0.021 0.013 0.013 0.014 0.013 0.019 
275    C1560    (0)    5 :  0.011 0.012 0.859 0.013 0.008 0.018 0.018 0.011 0.037 0.013 
276    C1565    (0)    5 :  0.054 0.100 0.174 0.045 0.013 0.053 0.457 0.057 0.017 0.030 
277    C1567    (0)    5 :  0.027 0.047 0.705 0.020 0.033 0.020 0.035 0.025 0.068 0.019 
278    C1569    (0)    5 :  0.018 0.038 0.771 0.016 0.014 0.014 0.071 0.020 0.015 0.023 
279    C1571    (0)    5 :  0.019 0.030 0.269 0.061 0.073 0.045 0.295 0.031 0.129 0.048 
280    C1576    (0)    5 :  0.034 0.337 0.264 0.023 0.078 0.025 0.070 0.022 0.033 0.114 
281    C1577    (9)    5 :  0.025 0.032 0.101 0.027 0.032 0.022 0.691 0.015 0.035 0.021 
282    C1579    (0)    5 :  0.034 0.092 0.449 0.030 0.018 0.030 0.304 0.013 0.014 0.017 
283    C3990    (0)    6 :  0.008 0.008 0.017 0.007 0.007 0.007 0.016 0.008 0.008 0.913 
284    C3991    (0)    6 :  0.028 0.175 0.019 0.034 0.045 0.030 0.033 0.041 0.019 0.577 
285    C3992    (0)    6 :  0.032 0.047 0.018 0.028 0.035 0.031 0.027 0.016 0.040 0.724 
286    C3994    (0)    6 :  0.026 0.337 0.097 0.048 0.030 0.094 0.147 0.095 0.018 0.109 
287    C4172    (0)    6 :  0.115 0.043 0.009 0.093 0.075 0.047 0.020 0.045 0.048 0.505 
288    C4173    (9)    6 :  0.017 0.035 0.016 0.018 0.009 0.013 0.028 0.345 0.020 0.500 
289    C4232    (9)    6 :  0.007 0.028 0.104 0.007 0.009 0.008 0.802 0.008 0.011 0.015 
290    C4234    (9)    6 :  0.011 0.132 0.200 0.013 0.013 0.017 0.575 0.008 0.010 0.021 
291    C4259    (0)    6 :  0.012 0.061 0.741 0.011 0.010 0.015 0.105 0.011 0.008 0.026 
292    C4260    (0)    6 :  0.007 0.025 0.018 0.008 0.008 0.012 0.878 0.007 0.009 0.029 
293    C4261    (9)    6 :  0.075 0.032 0.025 0.075 0.023 0.028 0.595 0.057 0.057 0.034 
294    C4262    (0)    6 :  0.045 0.050 0.618 0.028 0.010 0.016 0.040 0.068 0.022 0.103 
295    C4263    (0)    6 :  0.023 0.038 0.703 0.022 0.070 0.014 0.063 0.022 0.018 0.024 
296    C4267    (9)    6 :  0.022 0.479 0.150 0.015 0.043 0.015 0.145 0.013 0.015 0.103 
297    C4269    (0)    6 :  0.038 0.098 0.369 0.038 0.017 0.025 0.151 0.046 0.016 0.201 
298    C4272    (0)    6 :  0.019 0.143 0.712 0.013 0.009 0.030 0.020 0.014 0.015 0.026 
299    C4274    (0)    6 :  0.039 0.206 0.215 0.017 0.012 0.041 0.055 0.011 0.378 0.027 
300    C4276    (9)    6 :  0.016 0.016 0.029 0.022 0.029 0.020 0.026 0.016 0.817 0.009 
301    C4278    (0)    6 :  0.029 0.146 0.478 0.034 0.017 0.065 0.051 0.023 0.045 0.112 
302    C4280    (0)    6 :  0.042 0.086 0.086 0.027 0.012 0.062 0.490 0.017 0.021 0.156 
303    C4281    (0)    6 :  0.018 0.124 0.714 0.018 0.019 0.012 0.043 0.014 0.015 0.021 
304    C4282    (0)    6 :  0.074 0.017 0.130 0.121 0.046 0.219 0.147 0.193 0.030 0.021 
305    C4284    (9)    6 :  0.012 0.050 0.606 0.009 0.009 0.011 0.041 0.009 0.008 0.245 
306    C4286    (9)    6 :  0.035 0.139 0.139 0.045 0.020 0.038 0.337 0.022 0.100 0.125 
307    C4287    (0)    6 :  0.045 0.099 0.187 0.044 0.010 0.075 0.321 0.061 0.047 0.112 
308    C4290    (0)    6 :  0.069 0.345 0.051 0.030 0.102 0.047 0.013 0.044 0.281 0.018 
309    C4307   (18)    6 :  0.022 0.038 0.103 0.063 0.013 0.111 0.444 0.019 0.015 0.173 
310    C4310    (9)    6 :  0.018 0.106 0.468 0.016 0.070 0.029 0.178 0.012 0.052 0.050 
311    C4311   (18)    6 :  0.026 0.057 0.176 0.028 0.023 0.054 0.558 0.021 0.029 0.027 
312    C4312    (0)    6 :  0.011 0.028 0.325 0.013 0.012 0.013 0.550 0.010 0.015 0.023 
313    C4314    (0)    6 :  0.024 0.353 0.314 0.024 0.133 0.020 0.086 0.010 0.018 0.017 
314    C4318    (9)    6 :  0.023 0.105 0.473 0.015 0.009 0.223 0.043 0.028 0.013 0.069 
315    C4321    (9)    6 :  0.030 0.073 0.209 0.024 0.012 0.042 0.363 0.053 0.077 0.117 
316    C4324    (0)    6 :  0.021 0.266 0.376 0.020 0.009 0.026 0.084 0.036 0.036 0.125 
317    C4334    (0)    6 :  0.013 0.227 0.467 0.019 0.008 0.022 0.023 0.040 0.016 0.165 
318    C4529    (0)    6 :  0.029 0.348 0.120 0.040 0.036 0.048 0.278 0.025 0.027 0.049 
319    C1582    (9)    6 :  0.020 0.065 0.558 0.014 0.014 0.014 0.152 0.014 0.020 0.130 
320    C1583    (0)    6 :  0.023 0.082 0.479 0.025 0.078 0.032 0.206 0.018 0.029 0.028 
321    C1584    (9)    6 :  0.011 0.100 0.714 0.013 0.023 0.018 0.031 0.009 0.034 0.046 
322    C1585    (0)    6 :  0.007 0.243 0.572 0.009 0.015 0.009 0.017 0.007 0.016 0.106 
323    C1586    (0)    6 :  0.019 0.115 0.645 0.030 0.022 0.020 0.052 0.049 0.012 0.037 
324    C1589    (0)    6 :  0.012 0.212 0.525 0.011 0.010 0.013 0.064 0.010 0.013 0.130 
325    C1591    (0)    6 :  0.008 0.171 0.636 0.009 0.015 0.013 0.046 0.010 0.012 0.082 
326    C1592    (0)    6 :  0.027 0.164 0.635 0.018 0.020 0.026 0.059 0.020 0.018 0.014 
327    C1594    (0)    6 :  0.028 0.169 0.428 0.016 0.076 0.021 0.189 0.014 0.024 0.036 
328    C1597    (9)    6 :  0.046 0.051 0.139 0.028 0.027 0.036 0.500 0.027 0.079 0.067 
329    C1598    (9)    6 :  0.016 0.248 0.339 0.040 0.033 0.018 0.083 0.013 0.018 0.192 
330    C1599    (0)    6 :  0.017 0.048 0.434 0.014 0.009 0.041 0.376 0.011 0.033 0.016 
331    C1601    (0)    6 :  0.077 0.081 0.152 0.050 0.069 0.045 0.198 0.017 0.020 0.291 
332    C1605    (0)    6 :  0.021 0.281 0.041 0.118 0.068 0.269 0.043 0.026 0.070 0.064 
333    C1609    (0)    6 :  0.010 0.253 0.593 0.009 0.009 0.010 0.027 0.008 0.010 0.070 
334    C1610    (0)    6 :  0.074 0.038 0.169 0.043 0.064 0.122 0.388 0.010 0.077 0.014 
335    C1611    (0)    6 :  0.015 0.012 0.126 0.015 0.012 0.032 0.728 0.039 0.012 0.010 
336    C1612    (0)    6 :  0.007 0.007 0.171 0.012 0.009 0.011 0.757 0.006 0.009 0.011 
337    C1613    (0)    6 :  0.027 0.113 0.145 0.020 0.042 0.028 0.513 0.043 0.037 0.034 
338    C3173    (9)    6 :  0.044 0.044 0.458 0.045 0.036 0.056 0.188 0.035 0.047 0.047 
339    C3204    (0)    6 :  0.014 0.027 0.029 0.018 0.013 0.021 0.827 0.012 0.018 0.021 
340    C3223    (9)    6 :  0.022 0.025 0.018 0.036 0.015 0.339 0.408 0.058 0.060 0.018 
341    C3262    (0)    6 :  0.020 0.065 0.389 0.038 0.107 0.053 0.225 0.026 0.047 0.030 
342    C3270    (0)    6 :  0.029 0.028 0.311 0.020 0.012 0.028 0.349 0.017 0.023 0.182 
343    C3300    (0)    6 :  0.010 0.118 0.223 0.012 0.009 0.014 0.158 0.008 0.011 0.435 
344    C3330    (0)    6 :  0.029 0.403 0.200 0.032 0.011 0.071 0.106 0.012 0.018 0.119 
345    C3390    (9)    6 :  0.023 0.049 0.411 0.022 0.018 0.024 0.317 0.023 0.014 0.097 
346    C3424    (9)    6 :  0.051 0.033 0.272 0.039 0.017 0.073 0.442 0.016 0.023 0.035 
347    C3958    (0)    6 :  0.015 0.023 0.050 0.018 0.006 0.010 0.014 0.015 0.008 0.841 
348    C3962    (0)    6 :  0.033 0.033 0.014 0.013 0.006 0.016 0.012 0.009 0.010 0.855 
349    C4019    (0)    6 :  0.459 0.012 0.019 0.176 0.025 0.118 0.009 0.036 0.043 0.102 
350    C3995   (18)    6 :  0.025 0.035 0.012 0.018 0.022 0.018 0.033 0.038 0.015 0.785 
351    C4000    (0)    6 :  0.121 0.029 0.023 0.054 0.015 0.034 0.070 0.062 0.027 0.565 
352    C4002    (0)    6 :  0.022 0.013 0.023 0.014 0.012 0.014 0.047 0.016 0.010 0.828 
353    C1692    (0)    7 :  0.107 0.048 0.012 0.176 0.035 0.412 0.017 0.024 0.070 0.100 
354    C1693    (0)    7 :  0.023 0.167 0.023 0.080 0.011 0.479 0.078 0.058 0.053 0.028 
355    C1694    (0)    7 :  0.109 0.169 0.041 0.060 0.081 0.216 0.035 0.201 0.068 0.018 
356    C1698    (0)    7 :  0.199 0.048 0.024 0.152 0.048 0.408 0.008 0.067 0.038 0.008 
357    C1699    (0)    7 :  0.035 0.038 0.024 0.372 0.211 0.193 0.020 0.037 0.056 0.014 
358    C1700    (0)    7 :  0.319 0.051 0.059 0.176 0.042 0.095 0.027 0.119 0.047 0.065 
359    C1701    (0)    7 :  0.161 0.030 0.026 0.114 0.301 0.314 0.011 0.016 0.017 0.009 
360    C1702    (0)    7 :  0.077 0.020 0.011 0.354 0.050 0.388 0.010 0.045 0.031 0.012 
361    C1703    (0)    7 :  0.427 0.033 0.016 0.094 0.036 0.066 0.008 0.189 0.111 0.021 
362    C1704    (0)    7 :  0.130 0.206 0.158 0.087 0.020 0.173 0.017 0.132 0.048 0.029 
363    C1705    (0)    7 :  0.065 0.033 0.016 0.062 0.015 0.050 0.007 0.420 0.144 0.186 
364    C1706    (0)    7 :  0.045 0.034 0.013 0.171 0.321 0.300 0.017 0.025 0.066 0.009 
365    C1707    (0)    7 :  0.030 0.036 0.413 0.059 0.072 0.085 0.068 0.028 0.198 0.011 
366    C1708    (0)    7 :  0.078 0.024 0.021 0.056 0.019 0.343 0.015 0.418 0.016 0.012 
367    C1709    (0)    7 :  0.061 0.021 0.014 0.043 0.024 0.065 0.020 0.662 0.016 0.074 
368    C1710    (0)    7 :  0.181 0.019 0.035 0.217 0.064 0.373 0.018 0.054 0.019 0.019 
369    C1712    (0)    7 :  0.235 0.021 0.008 0.127 0.011 0.068 0.012 0.446 0.038 0.034 
370    C1714    (0)    7 :  0.030 0.020 0.024 0.060 0.015 0.047 0.008 0.762 0.019 0.014 
371    C1715    (0)    7 :  0.046 0.012 0.034 0.416 0.065 0.219 0.013 0.015 0.168 0.012 
372    C1717    (0)    7 :  0.079 0.021 0.060 0.076 0.029 0.393 0.038 0.043 0.245 0.015 
373    C1718   (18)    7 :  0.149 0.026 0.098 0.397 0.032 0.110 0.012 0.029 0.134 0.013 
374    C1719    (0)    7 :  0.123 0.035 0.042 0.034 0.014 0.028 0.058 0.554 0.018 0.096 
375    C1656    (0)    8 :  0.041 0.022 0.008 0.640 0.161 0.061 0.009 0.023 0.017 0.020 
376    C1657   (18)    8 :  0.065 0.019 0.012 0.254 0.119 0.089 0.036 0.323 0.064 0.019 
377    C1658    (0)    8 :  0.233 0.025 0.008 0.310 0.058 0.175 0.007 0.028 0.145 0.010 
378    C1659    (0)    8 :  0.030 0.020 0.019 0.197 0.075 0.151 0.065 0.018 0.406 0.020 
379    C1661    (9)    8 :  0.191 0.182 0.053 0.243 0.046 0.142 0.029 0.038 0.059 0.017 
380    C1665    (0)    8 :  0.230 0.036 0.012 0.305 0.159 0.140 0.032 0.023 0.051 0.012 
381    C1667    (9)    8 :  0.046 0.008 0.007 0.050 0.017 0.037 0.008 0.808 0.014 0.005 
382    C1676    (9)    8 :  0.056 0.020 0.014 0.684 0.064 0.072 0.012 0.046 0.017 0.014 
383    C1681    (9)    8 :  0.097 0.052 0.059 0.262 0.155 0.149 0.012 0.078 0.121 0.015 
384    C1682    (0)    8 :  0.152 0.046 0.015 0.275 0.062 0.073 0.014 0.279 0.068 0.015 
385    C1685    (0)    8 :  0.023 0.011 0.012 0.791 0.022 0.073 0.029 0.013 0.008 0.019 
386    C4707    (0)    9 :  0.418 0.056 0.037 0.333 0.018 0.018 0.020 0.028 0.017 0.055 
387    C4747    (0)    9 :  0.026 0.023 0.058 0.127 0.013 0.093 0.078 0.394 0.067 0.121 
388    C4772    (0)    9 :  0.324 0.123 0.041 0.048 0.057 0.039 0.055 0.024 0.033 0.257 
389    C4781    (0)    9 :  0.035 0.059 0.079 0.022 0.012 0.036 0.008 0.697 0.030 0.023 
