

----------------------------------------------------
STRUCTURE by Pritchard, Stephens and Donnelly (2000)
     and Falush, Stephens and Pritchard (2003)
       Code by Pritchard, Falush and Hubisz
             Version 2.3.4 (Jul 2012)
----------------------------------------------------



Command line arguments:   bin\structure -m C:\Users\eschumacher\Documents\Butternut\butternut_STRUCTURE_withQU\50-50\mainparams -e C:\Users\eschumacher\Documents\Butternut\butternut_STRUCTURE_withQU\50-50\extraparams 
Input File:    C:\Users\eschumacher\Documents\Butternut\butternut_STRUCTURE_withQU\project_data

Run parameters:
   1015 individuals
   11 loci
   8 populations assumed
   50000 Burn-in period
   50000 Reps


--------------------------------------------
Proportion of membership of each pre-defined
 population in each of the 8 clusters

Given    Inferred Clusters                                          Number of
 Pop       1      2      3      4      5      6      7      8      Individuals

  1:     0.061  0.041  0.045  0.050  0.196  0.361  0.209  0.037       40
  2:     0.056  0.031  0.038  0.025  0.379  0.142  0.289  0.040       46
  3:     0.048  0.049  0.052  0.026  0.118  0.474  0.199  0.034       63
  4:     0.040  0.054  0.034  0.047  0.129  0.321  0.337  0.039       48
  5:     0.038  0.044  0.041  0.052  0.216  0.276  0.293  0.039       85
  6:     0.051  0.053  0.038  0.027  0.230  0.371  0.191  0.038       70
  7:     0.237  0.119  0.231  0.087  0.061  0.041  0.041  0.183       22
  8:     0.195  0.128  0.196  0.167  0.030  0.024  0.023  0.238       11
  9:     0.147  0.107  0.163  0.071  0.060  0.030  0.174  0.248       33
 10:     0.169  0.139  0.099  0.141  0.036  0.042  0.167  0.207       48
 11:     0.115  0.094  0.159  0.082  0.039  0.031  0.264  0.215       48
 12:     0.098  0.033  0.035  0.062  0.647  0.013  0.025  0.087       13
 13:     0.034  0.060  0.027  0.125  0.678  0.022  0.026  0.028        9
 14:     0.197  0.205  0.133  0.124  0.046  0.044  0.030  0.221       90
 15:     0.116  0.144  0.496  0.044  0.026  0.030  0.019  0.126       63
 16:     0.163  0.203  0.095  0.103  0.099  0.050  0.027  0.260       16
 17:     0.121  0.291  0.072  0.152  0.112  0.065  0.063  0.124       31
 18:     0.045  0.023  0.027  0.770  0.016  0.016  0.046  0.058       16
 19:     0.177  0.109  0.378  0.047  0.039  0.106  0.025  0.120       24
 20:     0.360  0.070  0.102  0.128  0.028  0.059  0.034  0.219       12
 21:     0.218  0.170  0.166  0.151  0.057  0.034  0.031  0.172       54
 22:     0.165  0.223  0.061  0.261  0.059  0.041  0.043  0.147       96
 23:     0.195  0.169  0.139  0.294  0.076  0.024  0.019  0.084       22
 24:     0.044  0.085  0.027  0.548  0.097  0.036  0.074  0.089       23
 25:     0.098  0.236  0.056  0.320  0.016  0.045  0.019  0.210       13
 26:     0.258  0.150  0.147  0.081  0.047  0.063  0.041  0.212       19
--------------------------------------------

Allele-freq. divergence among pops (Net nucleotide distance),
computed using point estimates of P.

      1       2       3       4       5       6       7       8      
 1      -    0.0088  0.0106  0.0148  0.0231  0.0246  0.0373  0.0084  
 2   0.0088     -    0.0170  0.0163  0.0299  0.0316  0.0487  0.0117  
 3   0.0106  0.0170     -    0.0252  0.0315  0.0344  0.0386  0.0118  
 4   0.0148  0.0163  0.0252     -    0.0343  0.0392  0.0537  0.0158  
 5   0.0231  0.0299  0.0315  0.0343     -    0.0203  0.0327  0.0305  
 6   0.0246  0.0316  0.0344  0.0392  0.0203     -    0.0341  0.0344  
 7   0.0373  0.0487  0.0386  0.0537  0.0327  0.0341     -    0.0393  
 8   0.0084  0.0117  0.0118  0.0158  0.0305  0.0344  0.0393     -    

Average distances (expected heterozygosity) between individuals in same cluster:
cluster  1  : 0.8603 
cluster  2  : 0.8411 
cluster  3  : 0.8479 
cluster  4  : 0.8283 
cluster  5  : 0.8166 
cluster  6  : 0.8186 
cluster  7  : 0.8209 
cluster  8  : 0.8452 

--------------------------------------------
Estimated Ln Prob of Data   = -48140.8
Mean value of ln likelihood = -46148.9
Variance of ln likelihood   = 3983.8
Mean value of alpha         = 0.0560

Mean value of Fst_1         = 0.0159
Mean value of Fst_2         = 0.0316
Mean value of Fst_3         = 0.0329
Mean value of Fst_4         = 0.0448
Mean value of Fst_5         = 0.0615
Mean value of Fst_6         = 0.0642
Mean value of Fst_7         = 0.0771
Mean value of Fst_8         = 0.0260


Inferred ancestry of individuals:
        Label (%Miss) Pop:  Inferred clusters
  1    C3984    (0)    1 :  0.015 0.012 0.012 0.007 0.592 0.030 0.321 0.011 
  2    C3985    (0)    1 :  0.019 0.011 0.014 0.013 0.017 0.173 0.741 0.011 
  3    C3986    (0)    1 :  0.010 0.010 0.013 0.007 0.019 0.070 0.863 0.008 
  4    C4231    (0)    1 :  0.034 0.019 0.014 0.010 0.586 0.041 0.257 0.038 
  5    C4344    (0)    1 :  0.041 0.017 0.028 0.014 0.020 0.810 0.054 0.016 
  6    C4347   (18)    1 :  0.013 0.018 0.011 0.030 0.023 0.858 0.035 0.013 
  7    C4352   (18)    1 :  0.027 0.017 0.030 0.022 0.144 0.212 0.510 0.037 
  8    C4355    (9)    1 :  0.023 0.046 0.023 0.012 0.669 0.171 0.044 0.012 
  9    C4358   (18)    1 :  0.664 0.059 0.067 0.043 0.046 0.020 0.031 0.070 
 10    C4419    (9)    1 :  0.040 0.143 0.028 0.017 0.592 0.037 0.116 0.027 
 11    C4428    (9)    1 :  0.018 0.022 0.016 0.019 0.351 0.243 0.318 0.012 
 12    C4436    (0)    1 :  0.012 0.010 0.013 0.014 0.015 0.627 0.298 0.011 
 13    C4437   (18)    1 :  0.049 0.026 0.019 0.032 0.017 0.169 0.670 0.017 
 14    C4450    (0)    1 :  0.173 0.092 0.065 0.050 0.231 0.116 0.207 0.065 
 15    C4531    (0)    1 :  0.023 0.015 0.026 0.019 0.010 0.009 0.876 0.022 
 16    C1615    (0)    1 :  0.052 0.061 0.077 0.110 0.063 0.174 0.360 0.103 
 17    C1616    (0)    1 :  0.123 0.211 0.019 0.160 0.124 0.119 0.082 0.163 
 18    C1617    (9)    1 :  0.012 0.021 0.011 0.019 0.076 0.830 0.016 0.014 
 19    C1618    (0)    1 :  0.029 0.023 0.110 0.046 0.032 0.122 0.595 0.043 
 20    C1619    (0)    1 :  0.173 0.030 0.202 0.069 0.070 0.257 0.166 0.032 
 21    C1620    (9)    1 :  0.096 0.021 0.220 0.066 0.036 0.217 0.294 0.050 
 22    C1621    (0)    1 :  0.076 0.083 0.048 0.446 0.184 0.051 0.033 0.080 
 23    C1623    (9)    1 :  0.092 0.055 0.234 0.130 0.030 0.022 0.404 0.034 
 24    C1625    (0)    1 :  0.111 0.022 0.123 0.118 0.053 0.486 0.049 0.038 
 25    C1626    (0)    1 :  0.095 0.109 0.053 0.157 0.197 0.175 0.034 0.178 
 26    C1627    (9)    1 :  0.028 0.011 0.039 0.077 0.215 0.414 0.183 0.033 
 27    C1633    (0)    1 :  0.016 0.016 0.021 0.028 0.798 0.083 0.029 0.010 
 28    C1637    (0)    1 :  0.022 0.030 0.020 0.052 0.262 0.549 0.033 0.031 
 29    C1650    (0)    1 :  0.014 0.045 0.016 0.024 0.485 0.033 0.359 0.025 
 30    C3202    (0)    1 :  0.024 0.013 0.012 0.025 0.017 0.873 0.025 0.011 
 31    C3248    (0)    1 :  0.019 0.011 0.015 0.014 0.589 0.315 0.012 0.025 
 32    C3304    (9)    1 :  0.032 0.045 0.016 0.011 0.035 0.834 0.017 0.010 
 33    C3326    (0)    1 :  0.083 0.048 0.022 0.024 0.044 0.563 0.103 0.114 
 34    C3333    (0)    1 :  0.018 0.017 0.011 0.016 0.012 0.902 0.012 0.012 
 35    C3339   (18)    1 :  0.035 0.059 0.033 0.014 0.053 0.762 0.021 0.024 
 36    C3346    (0)    1 :  0.008 0.008 0.010 0.006 0.009 0.938 0.013 0.008 
 37    C3349    (0)    1 :  0.032 0.057 0.036 0.016 0.063 0.741 0.017 0.038 
 38    C3367   (18)    1 :  0.030 0.030 0.020 0.025 0.015 0.741 0.124 0.015 
 39    C3374    (0)    1 :  0.010 0.012 0.014 0.006 0.840 0.087 0.021 0.011 
 40    C3405    (0)    1 :  0.044 0.094 0.046 0.012 0.204 0.560 0.020 0.020 
 41    C4543    (0)    2 :  0.017 0.033 0.021 0.012 0.076 0.029 0.797 0.016 
 42    C4545    (9)    2 :  0.011 0.010 0.050 0.007 0.026 0.016 0.870 0.010 
 43    C4551    (9)    2 :  0.089 0.027 0.092 0.028 0.192 0.023 0.295 0.254 
 44    C4491    (0)    2 :  0.095 0.033 0.068 0.026 0.080 0.062 0.542 0.095 
 45    C4494    (0)    2 :  0.015 0.012 0.014 0.009 0.332 0.389 0.217 0.012 
 46    C4495    (0)    2 :  0.249 0.019 0.057 0.017 0.044 0.418 0.133 0.063 
 47    C4497    (9)    2 :  0.029 0.015 0.017 0.010 0.802 0.083 0.028 0.016 
 48    C4501    (0)    2 :  0.045 0.033 0.017 0.012 0.834 0.015 0.017 0.027 
 49    C4502    (0)    2 :  0.019 0.019 0.075 0.012 0.456 0.070 0.337 0.012 
 50    C4503    (0)    2 :  0.021 0.012 0.248 0.018 0.019 0.013 0.647 0.022 
 51    C4504    (0)    2 :  0.462 0.072 0.050 0.029 0.195 0.022 0.149 0.022 
 52    C4470    (0)    2 :  0.023 0.012 0.013 0.011 0.882 0.009 0.017 0.032 
 53    C4471    (0)    2 :  0.018 0.012 0.013 0.007 0.795 0.011 0.133 0.011 
 54    C4474    (9)    2 :  0.019 0.016 0.021 0.033 0.033 0.007 0.807 0.063 
 55    C4476    (0)    2 :  0.010 0.010 0.016 0.009 0.863 0.020 0.053 0.018 
 56    C4478    (0)    2 :  0.025 0.046 0.094 0.009 0.160 0.040 0.616 0.011 
 57    C4479    (0)    2 :  0.013 0.014 0.010 0.039 0.764 0.105 0.042 0.013 
 58    C4482    (0)    2 :  0.095 0.034 0.010 0.182 0.102 0.084 0.456 0.037 
 59    C4483    (0)    2 :  0.034 0.011 0.014 0.011 0.018 0.006 0.895 0.011 
 60    C4484    (0)    2 :  0.053 0.071 0.071 0.023 0.247 0.082 0.424 0.029 
 61    C4485    (0)    2 :  0.035 0.022 0.017 0.019 0.810 0.045 0.019 0.034 
 62    C4489    (0)    2 :  0.031 0.033 0.032 0.024 0.425 0.145 0.291 0.019 
 63    C4505    (0)    2 :  0.016 0.016 0.014 0.011 0.828 0.021 0.068 0.028 
 64    C4507    (0)    2 :  0.036 0.052 0.131 0.011 0.383 0.015 0.258 0.114 
 65    C4535    (0)    2 :  0.029 0.019 0.025 0.028 0.023 0.012 0.828 0.035 
 66    C4542    (0)    2 :  0.224 0.241 0.034 0.022 0.018 0.017 0.269 0.175 
 67    C4553    (9)    2 :  0.028 0.021 0.018 0.024 0.098 0.099 0.650 0.062 
 68    C4562   (18)    2 :  0.023 0.019 0.057 0.026 0.128 0.099 0.592 0.058 
 69    C4582   (18)    2 :  0.024 0.022 0.021 0.035 0.080 0.026 0.757 0.035 
 70    C4693    (0)    2 :  0.008 0.009 0.008 0.012 0.021 0.023 0.909 0.011 
 71    C4696    (0)    2 :  0.034 0.020 0.040 0.028 0.062 0.072 0.612 0.132 
 72    C3179    (0)    2 :  0.042 0.026 0.069 0.012 0.029 0.775 0.024 0.023 
 73    C3181    (0)    2 :  0.046 0.028 0.013 0.017 0.829 0.037 0.012 0.018 
 74    C3188    (0)    2 :  0.032 0.019 0.021 0.016 0.849 0.034 0.015 0.015 
 75    C3190    (0)    2 :  0.034 0.099 0.017 0.026 0.023 0.728 0.043 0.030 
 76    C3193    (0)    2 :  0.018 0.010 0.008 0.029 0.674 0.225 0.017 0.018 
 77    C3232    (0)    2 :  0.015 0.013 0.012 0.009 0.750 0.081 0.111 0.010 
 78    C3236    (0)    2 :  0.009 0.008 0.008 0.008 0.023 0.898 0.035 0.011 
 79    C3249    (0)    2 :  0.027 0.032 0.024 0.025 0.580 0.272 0.015 0.025 
 80    C3250    (0)    2 :  0.009 0.011 0.008 0.009 0.909 0.031 0.013 0.009 
 81    C3253    (0)    2 :  0.009 0.008 0.008 0.012 0.923 0.013 0.014 0.012 
 82    C3255    (0)    2 :  0.014 0.007 0.007 0.008 0.894 0.035 0.026 0.008 
 83    C3277    (0)    2 :  0.095 0.037 0.048 0.076 0.502 0.151 0.019 0.072 
 84    C3315    (0)    2 :  0.061 0.054 0.079 0.116 0.570 0.015 0.051 0.055 
 85    C3288    (0)    2 :  0.014 0.013 0.014 0.021 0.018 0.881 0.029 0.010 
 86    C3293    (0)    2 :  0.344 0.060 0.039 0.040 0.068 0.280 0.136 0.032 
 87    C4018    (0)    3 :  0.008 0.012 0.008 0.006 0.019 0.058 0.881 0.008 
 88    C3980    (0)    3 :  0.013 0.014 0.010 0.011 0.017 0.019 0.906 0.011 
 89    C3987    (0)    3 :  0.011 0.011 0.013 0.009 0.030 0.029 0.889 0.009 
 90    C3988    (0)    3 :  0.016 0.007 0.012 0.011 0.021 0.087 0.833 0.014 
 91    C3989    (0)    3 :  0.341 0.015 0.008 0.007 0.058 0.493 0.055 0.022 
 92    C4011    (0)    3 :  0.006 0.006 0.006 0.005 0.046 0.159 0.766 0.006 
 93    C4017    (0)    3 :  0.007 0.006 0.007 0.006 0.018 0.013 0.935 0.006 
 94    C4296    (0)    3 :  0.037 0.044 0.060 0.029 0.211 0.063 0.055 0.501 
 95    C4301    (9)    3 :  0.059 0.857 0.025 0.010 0.012 0.017 0.009 0.012 
 96    C4303    (0)    3 :  0.033 0.047 0.020 0.232 0.017 0.610 0.013 0.027 
 97    C4453    (0)    3 :  0.051 0.040 0.086 0.064 0.099 0.412 0.235 0.013 
 98    C4455    (9)    3 :  0.031 0.021 0.031 0.061 0.031 0.672 0.135 0.019 
 99    C4456   (18)    3 :  0.059 0.049 0.126 0.078 0.012 0.181 0.476 0.019 
100    C4457    (9)    3 :  0.124 0.074 0.028 0.074 0.040 0.586 0.045 0.028 
101    C4459    (9)    3 :  0.028 0.016 0.011 0.023 0.409 0.199 0.287 0.028 
102    C4464   (18)    3 :  0.011 0.009 0.010 0.008 0.044 0.824 0.083 0.011 
103    C4468    (9)    3 :  0.026 0.016 0.020 0.059 0.549 0.254 0.059 0.017 
104    C4783    (0)    3 :  0.032 0.011 0.012 0.012 0.008 0.088 0.816 0.021 
105    C4786    (0)    3 :  0.012 0.030 0.013 0.011 0.029 0.605 0.280 0.020 
106    C4789    (9)    3 :  0.023 0.073 0.010 0.012 0.088 0.313 0.468 0.013 
107    C4891    (0)    3 :  0.038 0.021 0.026 0.011 0.009 0.706 0.129 0.060 
108    C4896    (0)    3 :  0.053 0.070 0.028 0.034 0.019 0.186 0.562 0.048 
109    C4898    (0)    3 :  0.029 0.014 0.015 0.015 0.084 0.047 0.772 0.023 
110    C4901    (0)    3 :  0.022 0.022 0.009 0.013 0.021 0.523 0.373 0.016 
111    C4903    (9)    3 :  0.055 0.068 0.015 0.035 0.034 0.640 0.127 0.025 
112    C4904    (0)    3 :  0.066 0.014 0.009 0.007 0.023 0.072 0.791 0.017 
113    C3263    (0)    3 :  0.027 0.010 0.124 0.015 0.030 0.772 0.013 0.010 
114    C3271    (0)    3 :  0.028 0.032 0.023 0.011 0.071 0.774 0.045 0.016 
115    C3272    (0)    3 :  0.062 0.064 0.025 0.009 0.587 0.212 0.016 0.025 
116    C3276    (0)    3 :  0.113 0.268 0.057 0.022 0.025 0.474 0.016 0.026 
117    C3280    (9)    3 :  0.084 0.035 0.202 0.034 0.354 0.149 0.050 0.091 
118    C3305    (9)    3 :  0.047 0.035 0.022 0.013 0.553 0.269 0.042 0.020 
119    C3306    (0)    3 :  0.116 0.022 0.073 0.029 0.128 0.558 0.039 0.034 
120    C3324    (0)    3 :  0.183 0.020 0.339 0.017 0.289 0.061 0.035 0.056 
121    C3329    (0)    3 :  0.086 0.043 0.139 0.026 0.119 0.256 0.164 0.167 
122    C3336    (0)    3 :  0.044 0.081 0.024 0.016 0.476 0.284 0.032 0.042 
123    C3341   (18)    3 :  0.081 0.024 0.682 0.033 0.042 0.046 0.046 0.046 
124    C3409   (18)    3 :  0.117 0.077 0.055 0.041 0.210 0.379 0.054 0.067 
125    C3168    (9)    3 :  0.014 0.012 0.009 0.009 0.019 0.908 0.019 0.008 
126    C3170    (0)    3 :  0.029 0.031 0.016 0.009 0.093 0.774 0.033 0.016 
127    C3214   (18)    3 :  0.016 0.215 0.010 0.024 0.038 0.659 0.019 0.018 
128    C3227    (0)    3 :  0.010 0.028 0.009 0.012 0.009 0.905 0.018 0.008 
129    C3228    (0)    3 :  0.027 0.049 0.043 0.034 0.579 0.157 0.063 0.048 
130    C3278    (0)    3 :  0.020 0.027 0.012 0.010 0.009 0.896 0.008 0.017 
131    C3279    (0)    3 :  0.040 0.024 0.012 0.014 0.008 0.866 0.010 0.026 
132    C3321    (0)    3 :  0.008 0.008 0.006 0.006 0.010 0.928 0.028 0.006 
133    C3322    (0)    3 :  0.055 0.079 0.013 0.045 0.013 0.680 0.066 0.049 
134    C3303    (0)    3 :  0.014 0.034 0.024 0.014 0.014 0.847 0.014 0.039 
135    C3317    (0)    3 :  0.037 0.013 0.026 0.020 0.136 0.699 0.041 0.027 
136    C3355    (0)    3 :  0.011 0.009 0.015 0.009 0.035 0.892 0.019 0.011 
137    C3376    (9)    3 :  0.023 0.065 0.017 0.021 0.338 0.476 0.030 0.030 
138    C3401    (0)    3 :  0.029 0.030 0.026 0.024 0.086 0.743 0.034 0.027 
139    C3203    (9)    3 :  0.037 0.059 0.056 0.036 0.329 0.436 0.031 0.015 
140    C3245    (0)    3 :  0.026 0.019 0.010 0.019 0.017 0.886 0.010 0.012 
141    C3302    (0)    3 :  0.023 0.020 0.016 0.015 0.010 0.892 0.011 0.014 
142    C3307    (0)    3 :  0.086 0.011 0.195 0.097 0.074 0.351 0.145 0.041 
143    C3310    (0)    3 :  0.014 0.010 0.014 0.009 0.007 0.928 0.010 0.009 
144    C3312    (9)    3 :  0.072 0.015 0.015 0.026 0.639 0.151 0.053 0.028 
145    C3345    (0)    3 :  0.036 0.017 0.036 0.013 0.027 0.831 0.030 0.009 
146    C3371    (0)    3 :  0.037 0.010 0.052 0.011 0.017 0.852 0.009 0.011 
147    C3372    (0)    3 :  0.053 0.017 0.047 0.022 0.066 0.752 0.025 0.018 
148    C3380    (9)    3 :  0.008 0.009 0.007 0.007 0.020 0.916 0.028 0.006 
149    C3417    (0)    3 :  0.109 0.022 0.211 0.027 0.039 0.331 0.228 0.033 
150    C4569    (9)    4 :  0.063 0.120 0.139 0.041 0.074 0.018 0.270 0.275 
151    C4570    (9)    4 :  0.010 0.011 0.018 0.014 0.127 0.009 0.791 0.021 
152    C4571    (9)    4 :  0.016 0.019 0.019 0.026 0.394 0.033 0.475 0.018 
153    C4572    (9)    4 :  0.012 0.013 0.016 0.020 0.021 0.012 0.893 0.013 
154    C4573    (9)    4 :  0.087 0.090 0.030 0.443 0.162 0.016 0.102 0.071 
155    C4575    (9)    4 :  0.063 0.062 0.032 0.091 0.058 0.030 0.625 0.038 
156    C4577    (9)    4 :  0.016 0.013 0.014 0.008 0.020 0.018 0.888 0.023 
157    C4578    (9)    4 :  0.070 0.051 0.027 0.072 0.101 0.020 0.583 0.076 
158    C4600   (18)    4 :  0.110 0.033 0.023 0.030 0.021 0.033 0.558 0.193 
159    C4612    (9)    4 :  0.023 0.179 0.016 0.016 0.033 0.019 0.672 0.042 
160    C4621    (0)    4 :  0.011 0.011 0.006 0.014 0.036 0.029 0.887 0.007 
161    C4622    (9)    4 :  0.008 0.008 0.008 0.009 0.008 0.014 0.933 0.011 
162    C4623    (0)    4 :  0.102 0.051 0.300 0.042 0.078 0.175 0.215 0.036 
163    C4624    (0)    4 :  0.014 0.021 0.019 0.056 0.027 0.022 0.810 0.033 
164    C4625    (0)    4 :  0.041 0.053 0.017 0.509 0.175 0.025 0.115 0.067 
165    C4627    (0)    4 :  0.021 0.021 0.019 0.026 0.025 0.025 0.853 0.012 
166    C4631    (0)    4 :  0.021 0.013 0.233 0.019 0.021 0.012 0.659 0.022 
167    C4632    (0)    4 :  0.011 0.011 0.015 0.018 0.039 0.023 0.860 0.024 
168    C3939    (0)    4 :  0.014 0.023 0.012 0.009 0.021 0.048 0.852 0.020 
169    C3940    (0)    4 :  0.050 0.049 0.024 0.008 0.017 0.024 0.783 0.046 
170    C3945    (0)    4 :  0.009 0.007 0.008 0.005 0.010 0.015 0.934 0.012 
171    C4520    (0)    4 :  0.111 0.549 0.060 0.020 0.080 0.080 0.036 0.064 
172    C4522    (0)    4 :  0.012 0.010 0.009 0.009 0.025 0.069 0.856 0.009 
173    C3182    (0)    4 :  0.017 0.012 0.018 0.011 0.018 0.876 0.033 0.014 
174    C3189    (0)    4 :  0.080 0.031 0.026 0.092 0.661 0.048 0.023 0.039 
175    C3191    (9)    4 :  0.024 0.021 0.031 0.051 0.723 0.116 0.016 0.017 
176    C3196    (0)    4 :  0.023 0.028 0.015 0.023 0.074 0.807 0.013 0.017 
177    C3208    (0)    4 :  0.029 0.045 0.049 0.042 0.038 0.542 0.222 0.033 
178    C3211    (0)    4 :  0.015 0.019 0.013 0.009 0.013 0.899 0.016 0.016 
179    C3212    (0)    4 :  0.198 0.299 0.116 0.009 0.078 0.111 0.076 0.113 
180    C3213    (0)    4 :  0.027 0.022 0.015 0.010 0.009 0.891 0.009 0.017 
181    C3215    (0)    4 :  0.017 0.060 0.016 0.064 0.016 0.768 0.037 0.022 
182    C3217    (0)    4 :  0.034 0.023 0.032 0.016 0.125 0.737 0.015 0.018 
183    C3225    (9)    4 :  0.049 0.081 0.025 0.030 0.282 0.455 0.022 0.056 
184    C3226    (0)    4 :  0.015 0.011 0.015 0.013 0.149 0.524 0.264 0.010 
185    C3238    (9)    4 :  0.022 0.030 0.013 0.023 0.096 0.676 0.124 0.016 
186    C3239    (0)    4 :  0.030 0.022 0.029 0.014 0.778 0.079 0.029 0.019 
187    C3269   (18)    4 :  0.068 0.177 0.029 0.155 0.219 0.115 0.209 0.029 
188    C3273    (0)    4 :  0.032 0.027 0.008 0.041 0.073 0.771 0.036 0.011 
189    C3274    (0)    4 :  0.117 0.080 0.013 0.016 0.018 0.570 0.030 0.157 
190    C3354    (0)    4 :  0.056 0.016 0.012 0.018 0.071 0.787 0.021 0.019 
191    C3361    (0)    4 :  0.014 0.023 0.010 0.016 0.032 0.867 0.020 0.018 
192    C3289    (0)    4 :  0.022 0.020 0.011 0.019 0.032 0.850 0.030 0.015 
193    C3169    (0)    4 :  0.009 0.012 0.008 0.010 0.791 0.144 0.018 0.008 
194    C3199    (9)    4 :  0.018 0.028 0.020 0.035 0.051 0.687 0.142 0.018 
195    C3224    (0)    4 :  0.013 0.030 0.013 0.016 0.034 0.869 0.015 0.011 
196    C3261   (18)    4 :  0.050 0.011 0.015 0.009 0.149 0.664 0.083 0.019 
197    C3320    (0)    4 :  0.033 0.026 0.013 0.027 0.067 0.778 0.027 0.028 
198    C4151    (0)    5 :  0.010 0.007 0.009 0.010 0.015 0.013 0.929 0.008 
199    C4152    (0)    5 :  0.012 0.013 0.012 0.014 0.024 0.017 0.897 0.011 
200    C4153    (0)    5 :  0.029 0.061 0.014 0.027 0.122 0.251 0.464 0.032 
201    C4154   (18)    5 :  0.030 0.019 0.019 0.009 0.029 0.103 0.768 0.023 
202    C4157    (0)    5 :  0.036 0.013 0.015 0.014 0.050 0.213 0.408 0.251 
203    C4158    (0)    5 :  0.011 0.008 0.008 0.013 0.016 0.019 0.916 0.011 
204    C4163    (0)    5 :  0.007 0.006 0.006 0.006 0.020 0.009 0.940 0.006 
205    C4165    (0)    5 :  0.315 0.009 0.095 0.027 0.035 0.028 0.307 0.185 
206    C4248    (9)    5 :  0.032 0.016 0.014 0.021 0.174 0.678 0.036 0.029 
207    C4371    (9)    5 :  0.015 0.011 0.026 0.014 0.879 0.016 0.024 0.014 
208    C3936    (0)    5 :  0.013 0.013 0.013 0.013 0.031 0.015 0.883 0.018 
209    C3937    (0)    5 :  0.008 0.008 0.009 0.009 0.011 0.014 0.933 0.008 
210    C3944    (0)    5 :  0.008 0.008 0.011 0.007 0.067 0.048 0.841 0.010 
211    C3954    (0)    5 :  0.013 0.023 0.008 0.038 0.648 0.128 0.132 0.010 
212    C3955    (9)    5 :  0.025 0.030 0.008 0.026 0.101 0.364 0.431 0.016 
213    C3961    (0)    5 :  0.014 0.019 0.040 0.010 0.023 0.025 0.855 0.014 
214    C3974    (0)    5 :  0.014 0.030 0.013 0.014 0.027 0.016 0.866 0.020 
215    C4024    (0)    5 :  0.027 0.025 0.061 0.012 0.048 0.097 0.708 0.021 
216    C4025    (0)    5 :  0.016 0.015 0.033 0.018 0.035 0.017 0.855 0.011 
217    C4028    (0)    5 :  0.038 0.048 0.031 0.059 0.065 0.044 0.683 0.032 
218    C4032   (18)    5 :  0.009 0.009 0.008 0.009 0.907 0.027 0.022 0.008 
219    C4033   (18)    5 :  0.018 0.013 0.013 0.015 0.086 0.802 0.039 0.015 
220    C4034    (0)    5 :  0.067 0.033 0.083 0.020 0.087 0.604 0.045 0.062 
221    C4041    (9)    5 :  0.050 0.186 0.168 0.016 0.199 0.239 0.051 0.091 
222    C4043    (9)    5 :  0.020 0.014 0.018 0.017 0.602 0.166 0.142 0.021 
223    C4044    (9)    5 :  0.060 0.053 0.438 0.072 0.115 0.076 0.112 0.073 
224    C4045    (9)    5 :  0.037 0.022 0.014 0.039 0.413 0.306 0.143 0.027 
225    C4046    (9)    5 :  0.017 0.017 0.047 0.036 0.218 0.586 0.049 0.029 
226    C4047    (0)    5 :  0.034 0.041 0.020 0.045 0.026 0.766 0.027 0.041 
227    C4048    (9)    5 :  0.054 0.037 0.064 0.054 0.025 0.713 0.020 0.033 
228    C4055    (9)    5 :  0.033 0.033 0.023 0.040 0.620 0.068 0.143 0.040 
229    C4057   (18)    5 :  0.034 0.023 0.070 0.011 0.666 0.101 0.080 0.015 
230    C4059    (0)    5 :  0.023 0.020 0.013 0.025 0.031 0.805 0.071 0.011 
231    C4060    (9)    5 :  0.031 0.031 0.018 0.017 0.684 0.049 0.147 0.023 
232    C4064    (9)    5 :  0.062 0.037 0.018 0.228 0.405 0.077 0.044 0.130 
233    C4067    (0)    5 :  0.064 0.020 0.048 0.103 0.039 0.675 0.026 0.024 
234    C4068    (9)    5 :  0.021 0.022 0.014 0.025 0.025 0.853 0.022 0.019 
235    C4070    (9)    5 :  0.060 0.015 0.119 0.021 0.019 0.577 0.158 0.029 
236    C4075   (18)    5 :  0.036 0.026 0.022 0.018 0.069 0.755 0.057 0.016 
237    C4081    (9)    5 :  0.030 0.025 0.022 0.020 0.699 0.135 0.025 0.044 
238    C4082    (0)    5 :  0.039 0.069 0.023 0.038 0.158 0.433 0.211 0.029 
239    C4083    (0)    5 :  0.197 0.030 0.184 0.051 0.242 0.071 0.099 0.127 
240    C4086    (0)    5 :  0.024 0.017 0.010 0.074 0.800 0.033 0.025 0.018 
241    C4088    (9)    5 :  0.019 0.017 0.009 0.842 0.050 0.022 0.022 0.021 
242    C4092    (0)    5 :  0.033 0.014 0.046 0.009 0.725 0.036 0.120 0.017 
243    C4099    (9)    5 :  0.033 0.126 0.093 0.020 0.424 0.204 0.045 0.053 
244    C4104    (0)    5 :  0.023 0.012 0.027 0.015 0.047 0.043 0.819 0.014 
245    C4108   (18)    5 :  0.074 0.642 0.022 0.054 0.011 0.014 0.010 0.173 
246    C4118    (0)    5 :  0.046 0.025 0.014 0.019 0.824 0.013 0.016 0.042 
247    C4131    (0)    5 :  0.048 0.017 0.016 0.099 0.285 0.043 0.455 0.036 
248    C4133    (0)    5 :  0.027 0.018 0.010 0.012 0.742 0.149 0.029 0.013 
249    C4135    (0)    5 :  0.013 0.005 0.009 0.005 0.055 0.032 0.873 0.007 
250    C4136    (0)    5 :  0.024 0.064 0.023 0.121 0.028 0.022 0.617 0.101 
251    C4137    (9)    5 :  0.055 0.019 0.023 0.031 0.210 0.077 0.542 0.043 
252    C4139    (0)    5 :  0.016 0.012 0.010 0.007 0.021 0.040 0.878 0.015 
253    C4140    (9)    5 :  0.029 0.015 0.022 0.012 0.056 0.049 0.788 0.026 
254    C4167    (0)    5 :  0.027 0.014 0.046 0.042 0.031 0.024 0.751 0.065 
255    C4236    (0)    5 :  0.036 0.035 0.030 0.036 0.459 0.245 0.037 0.122 
256    C4237    (0)    5 :  0.064 0.113 0.020 0.625 0.053 0.016 0.059 0.052 
257    C4238    (0)    5 :  0.025 0.038 0.017 0.059 0.093 0.623 0.111 0.033 
258    C4241    (0)    5 :  0.024 0.022 0.017 0.013 0.037 0.818 0.042 0.026 
259    C4247    (9)    5 :  0.131 0.045 0.130 0.294 0.134 0.142 0.105 0.020 
260    C4257    (0)    5 :  0.015 0.054 0.017 0.019 0.187 0.657 0.032 0.019 
261    C4383    (0)    5 :  0.030 0.069 0.261 0.068 0.294 0.042 0.160 0.077 
262    C4397    (9)    5 :  0.022 0.014 0.012 0.016 0.457 0.112 0.328 0.039 
263    C4514    (0)    5 :  0.017 0.013 0.023 0.015 0.355 0.026 0.536 0.015 
264    C4519    (0)    5 :  0.019 0.110 0.015 0.007 0.024 0.060 0.743 0.022 
265    C4527    (0)    5 :  0.021 0.018 0.027 0.019 0.114 0.479 0.299 0.022 
266    C4534    (0)    5 :  0.084 0.093 0.073 0.018 0.230 0.250 0.205 0.047 
267    C4699    (0)    5 :  0.015 0.012 0.022 0.040 0.010 0.025 0.859 0.016 
268    C1541    (9)    5 :  0.012 0.009 0.013 0.013 0.152 0.767 0.019 0.015 
269    C1542    (9)    5 :  0.013 0.015 0.011 0.017 0.119 0.794 0.015 0.016 
270    C1544    (0)    5 :  0.019 0.038 0.014 0.042 0.521 0.301 0.040 0.026 
271    C1547    (9)    5 :  0.063 0.302 0.128 0.090 0.220 0.064 0.036 0.096 
272    C1553    (9)    5 :  0.183 0.154 0.125 0.050 0.015 0.135 0.251 0.088 
273    C1555    (9)    5 :  0.034 0.055 0.015 0.031 0.199 0.595 0.037 0.033 
274    C1557    (0)    5 :  0.020 0.022 0.028 0.038 0.214 0.574 0.066 0.039 
275    C1560    (0)    5 :  0.015 0.056 0.015 0.010 0.110 0.764 0.016 0.014 
276    C1565    (0)    5 :  0.041 0.017 0.044 0.011 0.091 0.726 0.027 0.043 
277    C1567    (0)    5 :  0.016 0.077 0.033 0.036 0.177 0.591 0.036 0.034 
278    C1569    (0)    5 :  0.015 0.015 0.021 0.015 0.067 0.805 0.041 0.021 
279    C1571    (0)    5 :  0.047 0.113 0.032 0.074 0.108 0.568 0.037 0.021 
280    C1576    (0)    5 :  0.023 0.039 0.025 0.067 0.543 0.115 0.154 0.035 
281    C1577    (9)    5 :  0.023 0.039 0.014 0.033 0.069 0.774 0.025 0.024 
282    C1579    (0)    5 :  0.037 0.017 0.016 0.018 0.273 0.585 0.024 0.029 
283    C3990    (0)    6 :  0.007 0.007 0.008 0.007 0.011 0.021 0.931 0.008 
284    C3991    (0)    6 :  0.042 0.024 0.045 0.045 0.075 0.022 0.717 0.030 
285    C3992    (0)    6 :  0.036 0.047 0.015 0.026 0.015 0.019 0.812 0.031 
286    C3994    (0)    6 :  0.103 0.023 0.092 0.032 0.520 0.060 0.142 0.028 
287    C4172    (0)    6 :  0.061 0.045 0.047 0.069 0.009 0.012 0.715 0.042 
288    C4173    (9)    6 :  0.021 0.016 0.424 0.012 0.022 0.032 0.453 0.020 
289    C4232    (9)    6 :  0.008 0.010 0.008 0.008 0.084 0.862 0.012 0.007 
290    C4234    (9)    6 :  0.016 0.011 0.009 0.013 0.451 0.469 0.020 0.010 
291    C4259    (0)    6 :  0.016 0.011 0.017 0.014 0.227 0.664 0.035 0.016 
292    C4260    (0)    6 :  0.012 0.010 0.008 0.008 0.075 0.842 0.038 0.008 
293    C4261    (9)    6 :  0.066 0.078 0.096 0.027 0.028 0.486 0.086 0.133 
294    C4262    (0)    6 :  0.028 0.034 0.074 0.012 0.099 0.374 0.314 0.064 
295    C4263    (0)    6 :  0.021 0.012 0.026 0.056 0.174 0.660 0.029 0.022 
296    C4267    (9)    6 :  0.015 0.013 0.013 0.031 0.773 0.084 0.056 0.017 
297    C4269    (0)    6 :  0.036 0.015 0.058 0.023 0.168 0.347 0.299 0.054 
298    C4272    (0)    6 :  0.015 0.012 0.012 0.008 0.852 0.066 0.020 0.014 
299    C4274    (0)    6 :  0.021 0.422 0.013 0.012 0.253 0.196 0.027 0.056 
300    C4276    (9)    6 :  0.031 0.799 0.027 0.040 0.017 0.052 0.010 0.024 
301    C4278    (0)    6 :  0.077 0.049 0.035 0.020 0.545 0.143 0.100 0.029 
302    C4280    (0)    6 :  0.062 0.024 0.016 0.014 0.147 0.502 0.192 0.042 
303    C4281    (0)    6 :  0.018 0.019 0.031 0.023 0.361 0.457 0.052 0.040 
304    C4282    (0)    6 :  0.188 0.023 0.213 0.044 0.025 0.413 0.018 0.075 
305    C4284    (9)    6 :  0.011 0.009 0.011 0.010 0.314 0.238 0.394 0.013 
306    C4286    (9)    6 :  0.050 0.103 0.027 0.027 0.082 0.422 0.246 0.043 
307    C4287    (0)    6 :  0.073 0.050 0.060 0.012 0.056 0.544 0.152 0.053 
308    C4290    (0)    6 :  0.036 0.429 0.076 0.142 0.177 0.029 0.026 0.084 
309    C4307   (18)    6 :  0.297 0.021 0.022 0.015 0.166 0.241 0.224 0.014 
310    C4310    (9)    6 :  0.019 0.059 0.014 0.056 0.089 0.678 0.067 0.017 
311    C4311   (18)    6 :  0.027 0.033 0.016 0.015 0.042 0.826 0.023 0.018 
312    C4312    (0)    6 :  0.009 0.010 0.008 0.012 0.026 0.905 0.019 0.010 
313    C4314    (0)    6 :  0.018 0.020 0.011 0.135 0.477 0.288 0.022 0.029 
314    C4318    (9)    6 :  0.156 0.022 0.063 0.013 0.296 0.370 0.052 0.028 
315    C4321    (9)    6 :  0.043 0.082 0.059 0.013 0.125 0.418 0.238 0.022 
316    C4324    (0)    6 :  0.019 0.023 0.027 0.009 0.746 0.116 0.045 0.015 
317    C4334    (0)    6 :  0.022 0.016 0.036 0.009 0.799 0.033 0.075 0.012 
318    C4529    (0)    6 :  0.034 0.023 0.023 0.034 0.704 0.135 0.022 0.026 
319    C1582    (9)    6 :  0.013 0.021 0.019 0.017 0.161 0.564 0.183 0.021 
320    C1583    (0)    6 :  0.037 0.029 0.020 0.073 0.087 0.699 0.031 0.023 
321    C1584    (9)    6 :  0.021 0.048 0.012 0.026 0.430 0.393 0.056 0.014 
322    C1585    (0)    6 :  0.010 0.013 0.007 0.013 0.848 0.036 0.065 0.006 
323    C1586    (0)    6 :  0.048 0.017 0.129 0.029 0.164 0.553 0.040 0.021 
324    C1589    (0)    6 :  0.010 0.013 0.013 0.012 0.508 0.262 0.169 0.013 
325    C1591    (0)    6 :  0.011 0.012 0.011 0.010 0.775 0.121 0.050 0.009 
326    C1592    (0)    6 :  0.030 0.023 0.027 0.028 0.216 0.625 0.016 0.035 
327    C1594    (0)    6 :  0.017 0.018 0.017 0.060 0.129 0.694 0.041 0.024 
328    C1597    (9)    6 :  0.026 0.053 0.026 0.025 0.069 0.726 0.036 0.038 
329    C1598    (9)    6 :  0.021 0.019 0.014 0.037 0.485 0.185 0.220 0.018 
330    C1599    (0)    6 :  0.031 0.034 0.014 0.011 0.109 0.767 0.020 0.014 
331    C1601    (0)    6 :  0.045 0.022 0.021 0.062 0.074 0.341 0.349 0.087 
332    C1605    (0)    6 :  0.432 0.099 0.035 0.063 0.257 0.040 0.050 0.025 
333    C1609    (0)    6 :  0.011 0.012 0.010 0.010 0.814 0.070 0.062 0.010 
334    C1610    (0)    6 :  0.066 0.075 0.013 0.065 0.049 0.644 0.013 0.075 
335    C1611    (0)    6 :  0.031 0.010 0.034 0.010 0.011 0.880 0.011 0.012 
336    C1612    (0)    6 :  0.009 0.007 0.006 0.008 0.009 0.945 0.009 0.007 
337    C1613    (0)    6 :  0.022 0.033 0.044 0.026 0.189 0.638 0.026 0.022 
338    C3173    (9)    6 :  0.059 0.043 0.041 0.033 0.150 0.588 0.037 0.050 
339    C3204    (0)    6 :  0.016 0.014 0.013 0.015 0.030 0.878 0.020 0.013 
340    C3223    (9)    6 :  0.355 0.239 0.088 0.016 0.042 0.212 0.025 0.023 
341    C3262    (0)    6 :  0.038 0.038 0.026 0.062 0.038 0.753 0.027 0.019 
342    C3270    (0)    6 :  0.028 0.022 0.017 0.015 0.057 0.626 0.211 0.024 
343    C3300    (0)    6 :  0.015 0.013 0.010 0.010 0.334 0.123 0.485 0.009 
344    C3330    (0)    6 :  0.073 0.018 0.014 0.010 0.683 0.115 0.059 0.028 
345    C3390    (9)    6 :  0.032 0.021 0.030 0.018 0.152 0.579 0.140 0.029 
346    C3424    (9)    6 :  0.056 0.020 0.016 0.017 0.067 0.730 0.036 0.058 
347    C3958    (0)    6 :  0.011 0.009 0.014 0.007 0.030 0.026 0.890 0.013 
348    C3962    (0)    6 :  0.017 0.009 0.010 0.006 0.053 0.015 0.859 0.032 
349    C4019    (0)    6 :  0.188 0.021 0.034 0.024 0.009 0.012 0.128 0.584 
350    C3995   (18)    6 :  0.022 0.014 0.036 0.019 0.028 0.023 0.838 0.021 
351    C4000    (0)    6 :  0.066 0.022 0.067 0.014 0.020 0.044 0.646 0.121 
352    C4002    (0)    6 :  0.014 0.009 0.016 0.013 0.016 0.044 0.866 0.021 
353    C1692    (0)    7 :  0.595 0.089 0.028 0.035 0.032 0.014 0.098 0.109 
354    C1693    (0)    7 :  0.435 0.108 0.104 0.012 0.225 0.056 0.031 0.029 
355    C1694    (0)    7 :  0.092 0.104 0.284 0.075 0.310 0.020 0.016 0.098 
356    C1698    (0)    7 :  0.314 0.065 0.133 0.063 0.070 0.009 0.007 0.338 
357    C1699    (0)    7 :  0.426 0.072 0.042 0.342 0.029 0.022 0.021 0.045 
358    C1700    (0)    7 :  0.081 0.069 0.131 0.050 0.030 0.046 0.069 0.524 
359    C1701    (0)    7 :  0.318 0.024 0.024 0.321 0.018 0.021 0.011 0.263 
360    C1702    (0)    7 :  0.661 0.056 0.048 0.068 0.011 0.011 0.013 0.132 
361    C1703    (0)    7 :  0.064 0.120 0.240 0.051 0.018 0.009 0.021 0.477 
362    C1704    (0)    7 :  0.112 0.088 0.258 0.024 0.314 0.026 0.027 0.151 
363    C1705    (0)    7 :  0.046 0.163 0.419 0.015 0.015 0.009 0.280 0.054 
364    C1706    (0)    7 :  0.368 0.099 0.036 0.401 0.018 0.016 0.009 0.053 
365    C1707    (0)    7 :  0.067 0.339 0.041 0.131 0.045 0.322 0.024 0.032 
366    C1708    (0)    7 :  0.276 0.019 0.550 0.024 0.021 0.012 0.013 0.084 
367    C1709    (0)    7 :  0.072 0.016 0.704 0.022 0.023 0.017 0.067 0.080 
368    C1710    (0)    7 :  0.382 0.034 0.062 0.070 0.025 0.025 0.019 0.382 
369    C1712    (0)    7 :  0.098 0.034 0.506 0.012 0.011 0.010 0.034 0.296 
370    C1714    (0)    7 :  0.119 0.019 0.776 0.018 0.021 0.011 0.014 0.021 
371    C1715    (0)    7 :  0.303 0.392 0.023 0.102 0.012 0.029 0.018 0.122 
372    C1717    (0)    7 :  0.150 0.503 0.065 0.024 0.025 0.106 0.015 0.112 
373    C1718   (18)    7 :  0.209 0.179 0.035 0.049 0.039 0.029 0.016 0.445 
374    C1719    (0)    7 :  0.029 0.022 0.569 0.016 0.034 0.074 0.083 0.173 
375    C1656    (0)    8 :  0.238 0.044 0.050 0.464 0.011 0.009 0.055 0.128 
376    C1657   (18)    8 :  0.174 0.071 0.407 0.204 0.016 0.026 0.021 0.082 
377    C1658    (0)    8 :  0.077 0.189 0.028 0.106 0.013 0.008 0.010 0.570 
378    C1659    (0)    8 :  0.230 0.511 0.019 0.089 0.018 0.061 0.024 0.046 
379    C1661    (9)    8 :  0.191 0.107 0.053 0.066 0.126 0.046 0.021 0.389 
380    C1665    (0)    8 :  0.200 0.089 0.041 0.213 0.026 0.024 0.014 0.393 
381    C1667    (9)    8 :  0.057 0.016 0.835 0.018 0.007 0.008 0.006 0.053 
382    C1676    (9)    8 :  0.225 0.036 0.115 0.233 0.015 0.017 0.029 0.329 
383    C1681    (9)    8 :  0.107 0.264 0.110 0.259 0.062 0.017 0.016 0.164 
384    C1682    (0)    8 :  0.186 0.060 0.458 0.104 0.018 0.013 0.019 0.142 
385    C1685    (0)    8 :  0.454 0.017 0.038 0.084 0.013 0.035 0.033 0.326 
386    C4707    (0)    9 :  0.097 0.018 0.028 0.023 0.029 0.026 0.073 0.706 
387    C4747    (0)    9 :  0.179 0.064 0.419 0.017 0.023 0.136 0.127 0.036 
388    C4772    (0)    9 :  0.041 0.049 0.030 0.069 0.036 0.078 0.382 0.315 
389    C4781    (0)    9 :  0.054 0.024 0.764 0.014 0.038 0.014 0.028 0.063 
390    C4782    (0)    9 :  0.082 0.118 0.092 0.058 0.222 0.027 0.062 0.339 
391    C4787    (0)    9 :  0.183 0.539 0.054 0.030 0.029 0.016 0.098 0.051 
392    C4790    (0)    9 :  0.095 0.019 0.590 0.039 0.018 0.013 0.092 0.134 
393    C4803    (0)    9 :  0.115 0.214 0.068 0.025 0.053 0.035 0.079 0.409 
394    C4813    (0)    9 :  0.094 0.043 0.028 0.048 0.010 0.019 0.712 0.045 
395    C4837    (0)    9 :  0.241 0.063 0.042 0.026 0.019 0.038 0.165 0.406 
396    C4838    (0)    9 :  0.083 0.585 0.039 0.043 0.010 0.010 0.118 0.112 
397    C4843    (0)    9 :  0.536 0.025 0.026 0.052 0.010 0.029 0.064 0.258 
398    C4857    (0)    9 :  0.026 0.027 0.016 0.019 0.023 0.023 0.849 0.017 
399    C4828    (0)    9 :  0.289 0.137 0.075 0.139 0.082 0.162 0.033 0.082 
400    C4835    (0)    9 :  0.044 0.060 0.021 0.046 0.022 0.010 0.761 0.036 
401    C4836    (9)    9 :  0.215 0.148 0.143 0.035 0.026 0.023 0.238 0.171 
402    C4842    (0)    9 :  0.425 0.035 0.064 0.221 0.008 0.018 0.055 0.173 
403    C4863    (9)    9 :  0.243 0.312 0.181 0.023 0.066 0.016 0.040 0.119 
404    C4744    (0)    9 :  0.411 0.075 0.193 0.086 0.009 0.030 0.024 0.172 
405    C4745    (0)    9 :  0.316 0.089 0.035 0.127 0.016 0.020 0.112 0.285 
406    C4768    (0)    9 :  0.053 0.016 0.222 0.042 0.052 0.028 0.138 0.449 
407    C4769    (0)    9 :  0.081 0.131 0.065 0.425 0.012 0.011 0.177 0.098 
408    C4771    (0)    9 :  0.023 0.036 0.027 0.035 0.011 0.009 0.013 0.847 
409    C4784    (0)    9 :  0.103 0.036 0.494 0.051 0.124 0.014 0.117 0.060 
410    C4785    (0)    9 :  0.107 0.022 0.730 0.042 0.038 0.016 0.025 0.020 
411    C4795    (0)    9 :  0.076 0.062 0.657 0.024 0.021 0.037 0.096 0.027 
412    C4796    (0)    9 :  0.032 0.064 0.081 0.020 0.018 0.012 0.011 0.762 
413    C4800    (0)    9 :  0.169 0.309 0.015 0.019 0.017 0.009 0.342 0.121 
414    C4801    (0)    9 :  0.089 0.057 0.048 0.247 0.036 0.013 0.464 0.045 
415    C4802    (0)    9 :  0.026 0.025 0.013 0.042 0.836 0.014 0.015 0.031 
416    C4805    (0)    9 :  0.041 0.026 0.065 0.122 0.011 0.012 0.080 0.643 
417    C4806    (0)    9 :  0.015 0.057 0.014 0.082 0.010 0.009 0.026 0.786 
418    C4850    (0)    9 :  0.267 0.044 0.027 0.037 0.032 0.075 0.134 0.383 
419    C4748    (0)   10 :  0.096 0.057 0.085 0.549 0.009 0.008 0.179 0.018 
420    C4753    (0)   10 :  0.482 0.060 0.086 0.061 0.035 0.012 0.039 0.225 
421    C4754    (0)   10 :  0.138 0.022 0.069 0.036 0.024 0.016 0.119 0.576 
422    C4760    (0)   10 :  0.131 0.153 0.028 0.016 0.092 0.082 0.286 0.211 
423    C4761    (0)   10 :  0.045 0.042 0.098 0.423 0.021 0.010 0.301 0.061 
424    C4762    (0)   10 :  0.034 0.122 0.528 0.035 0.018 0.012 0.192 0.058 
425    C4791    (0)   10 :  0.065 0.293 0.062 0.031 0.016 0.007 0.166 0.360 
426    C4810    (0)   10 :  0.032 0.044 0.018 0.741 0.078 0.037 0.027 0.023 
427    C4812    (0)   10 :  0.051 0.179 0.027 0.236 0.023 0.053 0.042 0.389 
428    C4821    (0)   10 :  0.313 0.061 0.059 0.029 0.015 0.133 0.142 0.248 
429    C4864    (0)   10 :  0.041 0.020 0.021 0.019 0.034 0.039 0.631 0.195 
430    C4866    (0)   10 :  0.052 0.225 0.035 0.542 0.009 0.021 0.038 0.077 
431    C1722    (0)   10 :  0.078 0.366 0.032 0.253 0.028 0.041 0.012 0.188 
432    C1724    (0)   10 :  0.072 0.154 0.012 0.692 0.009 0.007 0.017 0.037 
433    C1725    (0)   10 :  0.325 0.196 0.043 0.285 0.017 0.053 0.011 0.070 
434    C1726    (0)   10 :  0.579 0.121 0.051 0.056 0.009 0.011 0.014 0.157 
435    C1731    (0)   10 :  0.207 0.138 0.085 0.318 0.011 0.044 0.056 0.140 
436    C1733    (9)   10 :  0.185 0.407 0.019 0.250 0.018 0.032 0.029 0.060 
437    C1734    (0)   10 :  0.177 0.352 0.027 0.041 0.014 0.035 0.067 0.286 
438    C1735    (0)   10 :  0.429 0.317 0.025 0.159 0.010 0.011 0.008 0.041 
439    C1738    (0)   10 :  0.056 0.367 0.016 0.360 0.014 0.055 0.039 0.092 
440    C1740    (9)   10 :  0.288 0.092 0.035 0.111 0.043 0.209 0.027 0.195 
441    C1741    (0)   10 :  0.391 0.124 0.101 0.013 0.045 0.042 0.245 0.039 
442    C1742    (0)   10 :  0.030 0.022 0.011 0.027 0.011 0.017 0.017 0.864 
443    C1743    (0)   10 :  0.121 0.192 0.443 0.073 0.016 0.023 0.024 0.109 
444    C1745    (0)   10 :  0.791 0.046 0.019 0.028 0.015 0.015 0.029 0.057 
445    C1746    (0)   10 :  0.151 0.200 0.141 0.213 0.014 0.036 0.101 0.143 
446    C1747    (0)   10 :  0.117 0.225 0.143 0.179 0.258 0.015 0.016 0.046 
447    C4742    (9)   10 :  0.071 0.030 0.118 0.046 0.029 0.024 0.413 0.268 
448    C4752    (0)   10 :  0.028 0.026 0.021 0.042 0.017 0.019 0.835 0.013 
449    C4792    (0)   10 :  0.085 0.042 0.108 0.093 0.040 0.091 0.364 0.177 
450    C4811    (0)   10 :  0.024 0.029 0.014 0.016 0.031 0.021 0.842 0.023 
451    C4814    (0)   10 :  0.129 0.026 0.096 0.047 0.040 0.022 0.499 0.141 
452    C4815    (0)   10 :  0.176 0.457 0.042 0.022 0.161 0.020 0.056 0.066 
453    C4818    (0)   10 :  0.078 0.209 0.069 0.100 0.026 0.136 0.288 0.094 
454    C4819    (0)   10 :  0.266 0.020 0.040 0.132 0.014 0.047 0.402 0.081 
455    C4826    (0)   10 :  0.210 0.096 0.053 0.063 0.014 0.008 0.031 0.525 
456    C4829    (0)   10 :  0.132 0.065 0.259 0.043 0.056 0.036 0.019 0.390 
457    C4830    (0)   10 :  0.106 0.029 0.120 0.010 0.009 0.018 0.034 0.674 
458    C4831    (0)   10 :  0.021 0.014 0.045 0.040 0.019 0.034 0.777 0.051 
459    C4832    (0)   10 :  0.052 0.042 0.351 0.071 0.014 0.014 0.035 0.421 
460    C4858    (0)   10 :  0.051 0.060 0.533 0.013 0.075 0.008 0.201 0.059 
