

----------------------------------------------------
STRUCTURE by Pritchard, Stephens and Donnelly (2000)
     and Falush, Stephens and Pritchard (2003)
       Code by Pritchard, Falush and Hubisz
             Version 2.3.4 (Jul 2012)
----------------------------------------------------



Command line arguments:   bin\structure -m C:\Users\eschumacher\Documents\Butternut\butternut_STRUCTURE_withQU\50-50\mainparams -e C:\Users\eschumacher\Documents\Butternut\butternut_STRUCTURE_withQU\50-50\extraparams 
Input File:    C:\Users\eschumacher\Documents\Butternut\butternut_STRUCTURE_withQU\project_data

Run parameters:
   1015 individuals
   11 loci
   4 populations assumed
   50000 Burn-in period
   50000 Reps


--------------------------------------------
Proportion of membership of each pre-defined
 population in each of the 4 clusters

Given    Inferred Clusters              Number of
 Pop       1      2      3      4      Individuals

  1:     0.233  0.073  0.628  0.066       40
  2:     0.411  0.039  0.485  0.065       46
  3:     0.230  0.060  0.643  0.068       63
  4:     0.415  0.074  0.468  0.044       48
  5:     0.295  0.080  0.566  0.060       85
  6:     0.215  0.061  0.671  0.054       70
  7:     0.115  0.290  0.082  0.513       22
  8:     0.042  0.466  0.032  0.460       11
  9:     0.382  0.237  0.068  0.313       33
 10:     0.352  0.359  0.055  0.235       48
 11:     0.514  0.180  0.056  0.250       48
 12:     0.820  0.085  0.028  0.067       13
 13:     0.782  0.140  0.045  0.033        9
 14:     0.066  0.357  0.090  0.487       90
 15:     0.046  0.200  0.045  0.710       63
 16:     0.089  0.342  0.154  0.415       16
 17:     0.161  0.459  0.163  0.217       31
 18:     0.081  0.801  0.020  0.098       16
 19:     0.046  0.164  0.163  0.627       24
 20:     0.057  0.266  0.114  0.563       12
 21:     0.071  0.380  0.088  0.461       54
 22:     0.078  0.583  0.089  0.250       96
 23:     0.035  0.554  0.085  0.326       22
 24:     0.156  0.676  0.099  0.070       23
 25:     0.066  0.626  0.039  0.269       13
 26:     0.098  0.290  0.111  0.501       19
--------------------------------------------

Allele-freq. divergence among pops (Net nucleotide distance),
computed using point estimates of P.

      1       2       3       4      
 1      -    0.0283  0.0235  0.0226  
 2   0.0283     -    0.0270  0.0082  
 3   0.0235  0.0270     -    0.0240  
 4   0.0226  0.0082  0.0240     -    

Average distances (expected heterozygosity) between individuals in same cluster:
cluster  1  : 0.8456 
cluster  2  : 0.8429 
cluster  3  : 0.8237 
cluster  4  : 0.8569 

--------------------------------------------
Estimated Ln Prob of Data   = -47967.6
Mean value of ln likelihood = -47199.8
Variance of ln likelihood   = 1535.5
Mean value of alpha         = 0.0645

Mean value of Fst_1         = 0.0355
Mean value of Fst_2         = 0.0216
Mean value of Fst_3         = 0.0440
Mean value of Fst_4         = 0.0137


Inferred ancestry of individuals:
        Label (%Miss) Pop:  Inferred clusters
  1    C3984    (0)    1 :  0.164 0.011 0.805 0.019 
  2    C3985    (0)    1 :  0.350 0.019 0.614 0.017 
  3    C3986    (0)    1 :  0.743 0.009 0.234 0.014 
  4    C4231    (0)    1 :  0.662 0.021 0.291 0.026 
  5    C4344    (0)    1 :  0.039 0.018 0.913 0.031 
  6    C4347   (18)    1 :  0.027 0.033 0.927 0.014 
  7    C4352   (18)    1 :  0.349 0.021 0.592 0.038 
  8    C4355    (9)    1 :  0.055 0.019 0.905 0.022 
  9    C4358   (18)    1 :  0.070 0.121 0.047 0.762 
 10    C4419    (9)    1 :  0.625 0.039 0.300 0.036 
 11    C4428    (9)    1 :  0.067 0.018 0.902 0.013 
 12    C4436    (0)    1 :  0.199 0.016 0.771 0.014 
 13    C4437   (18)    1 :  0.399 0.085 0.486 0.030 
 14    C4450    (0)    1 :  0.176 0.099 0.600 0.125 
 15    C4531    (0)    1 :  0.933 0.025 0.018 0.023 
 16    C1615    (0)    1 :  0.512 0.105 0.282 0.102 
 17    C1616    (0)    1 :  0.112 0.558 0.276 0.054 
 18    C1617    (9)    1 :  0.015 0.021 0.952 0.012 
 19    C1618    (0)    1 :  0.744 0.047 0.149 0.060 
 20    C1619    (0)    1 :  0.409 0.060 0.361 0.170 
 21    C1620    (9)    1 :  0.426 0.043 0.408 0.123 
 22    C1621    (0)    1 :  0.053 0.549 0.275 0.122 
 23    C1623    (9)    1 :  0.600 0.177 0.035 0.188 
 24    C1625    (0)    1 :  0.189 0.097 0.570 0.144 
 25    C1626    (0)    1 :  0.070 0.298 0.539 0.093 
 26    C1627    (9)    1 :  0.126 0.044 0.795 0.035 
 27    C1633    (0)    1 :  0.045 0.025 0.911 0.018 
 28    C1637    (0)    1 :  0.022 0.030 0.931 0.017 
 29    C1650    (0)    1 :  0.558 0.050 0.369 0.023 
 30    C3202    (0)    1 :  0.021 0.023 0.939 0.016 
 31    C3248    (0)    1 :  0.013 0.014 0.952 0.021 
 32    C3304    (9)    1 :  0.015 0.027 0.942 0.016 
 33    C3326    (0)    1 :  0.131 0.051 0.764 0.054 
 34    C3333    (0)    1 :  0.016 0.029 0.933 0.023 
 35    C3339   (18)    1 :  0.017 0.029 0.920 0.034 
 36    C3346    (0)    1 :  0.015 0.009 0.965 0.011 
 37    C3349    (0)    1 :  0.019 0.023 0.918 0.041 
 38    C3367   (18)    1 :  0.247 0.039 0.690 0.025 
 39    C3374    (0)    1 :  0.028 0.009 0.951 0.012 
 40    C3405    (0)    1 :  0.040 0.030 0.892 0.039 
 41    C4543    (0)    2 :  0.931 0.014 0.042 0.014 
 42    C4545    (9)    2 :  0.945 0.008 0.029 0.017 
 43    C4551    (9)    2 :  0.827 0.025 0.051 0.097 
 44    C4491    (0)    2 :  0.609 0.043 0.236 0.113 
 45    C4494    (0)    2 :  0.073 0.009 0.905 0.012 
 46    C4495    (0)    2 :  0.166 0.036 0.591 0.207 
 47    C4497    (9)    2 :  0.038 0.014 0.926 0.021 
 48    C4501    (0)    2 :  0.135 0.073 0.650 0.142 
 49    C4502    (0)    2 :  0.574 0.016 0.380 0.030 
 50    C4503    (0)    2 :  0.937 0.016 0.011 0.036 
 51    C4504    (0)    2 :  0.134 0.076 0.203 0.588 
 52    C4470    (0)    2 :  0.272 0.069 0.499 0.159 
 53    C4471    (0)    2 :  0.850 0.015 0.109 0.026 
 54    C4474    (9)    2 :  0.945 0.019 0.011 0.025 
 55    C4476    (0)    2 :  0.289 0.022 0.662 0.026 
 56    C4478    (0)    2 :  0.883 0.015 0.076 0.026 
 57    C4479    (0)    2 :  0.073 0.036 0.880 0.012 
 58    C4482    (0)    2 :  0.575 0.107 0.292 0.026 
 59    C4483    (0)    2 :  0.963 0.012 0.010 0.015 
 60    C4484    (0)    2 :  0.642 0.039 0.257 0.062 
 61    C4485    (0)    2 :  0.115 0.078 0.695 0.112 
 62    C4489    (0)    2 :  0.199 0.023 0.749 0.028 
 63    C4505    (0)    2 :  0.213 0.034 0.711 0.042 
 64    C4507    (0)    2 :  0.718 0.027 0.122 0.133 
 65    C4535    (0)    2 :  0.946 0.018 0.015 0.021 
 66    C4542    (0)    2 :  0.878 0.055 0.014 0.053 
 67    C4553    (9)    2 :  0.789 0.021 0.166 0.024 
 68    C4562   (18)    2 :  0.684 0.028 0.243 0.045 
 69    C4582   (18)    2 :  0.904 0.023 0.049 0.023 
 70    C4693    (0)    2 :  0.949 0.013 0.028 0.010 
 71    C4696    (0)    2 :  0.736 0.033 0.156 0.076 
 72    C3179    (0)    2 :  0.019 0.018 0.859 0.103 
 73    C3181    (0)    2 :  0.023 0.033 0.905 0.039 
 74    C3188    (0)    2 :  0.020 0.032 0.911 0.036 
 75    C3190    (0)    2 :  0.036 0.048 0.891 0.024 
 76    C3193    (0)    2 :  0.017 0.023 0.944 0.016 
 77    C3232    (0)    2 :  0.064 0.012 0.911 0.014 
 78    C3236    (0)    2 :  0.022 0.009 0.959 0.010 
 79    C3249    (0)    2 :  0.031 0.030 0.903 0.037 
 80    C3250    (0)    2 :  0.023 0.017 0.948 0.012 
 81    C3253    (0)    2 :  0.033 0.022 0.925 0.021 
 82    C3255    (0)    2 :  0.039 0.012 0.934 0.014 
 83    C3277    (0)    2 :  0.037 0.097 0.802 0.065 
 84    C3315    (0)    2 :  0.288 0.288 0.169 0.256 
 85    C3288    (0)    2 :  0.072 0.028 0.879 0.021 
 86    C3293    (0)    2 :  0.168 0.112 0.598 0.122 
 87    C4018    (0)    3 :  0.703 0.011 0.276 0.010 
 88    C3980    (0)    3 :  0.920 0.015 0.053 0.012 
 89    C3987    (0)    3 :  0.900 0.012 0.076 0.011 
 90    C3988    (0)    3 :  0.747 0.012 0.228 0.013 
 91    C3989    (0)    3 :  0.079 0.016 0.852 0.053 
 92    C4011    (0)    3 :  0.453 0.008 0.531 0.008 
 93    C4017    (0)    3 :  0.942 0.008 0.041 0.009 
 94    C4296    (0)    3 :  0.185 0.188 0.380 0.246 
 95    C4301    (9)    3 :  0.025 0.584 0.062 0.329 
 96    C4303    (0)    3 :  0.036 0.426 0.482 0.055 
 97    C4453    (0)    3 :  0.199 0.057 0.682 0.062 
 98    C4455    (9)    3 :  0.151 0.056 0.764 0.029 
 99    C4456   (18)    3 :  0.653 0.180 0.094 0.073 
100    C4457    (9)    3 :  0.044 0.178 0.724 0.054 
101    C4459    (9)    3 :  0.168 0.022 0.792 0.018 
102    C4464   (18)    3 :  0.054 0.010 0.924 0.013 
103    C4468    (9)    3 :  0.037 0.039 0.905 0.019 
104    C4783    (0)    3 :  0.868 0.016 0.086 0.031 
105    C4786    (0)    3 :  0.431 0.023 0.529 0.016 
106    C4789    (9)    3 :  0.377 0.021 0.587 0.015 
107    C4891    (0)    3 :  0.341 0.039 0.542 0.078 
108    C4896    (0)    3 :  0.841 0.037 0.082 0.040 
109    C4898    (0)    3 :  0.887 0.014 0.078 0.022 
110    C4901    (0)    3 :  0.656 0.021 0.311 0.011 
111    C4903    (9)    3 :  0.339 0.109 0.512 0.039 
112    C4904    (0)    3 :  0.816 0.011 0.132 0.040 
113    C3263    (0)    3 :  0.016 0.018 0.914 0.052 
114    C3271    (0)    3 :  0.015 0.014 0.953 0.017 
115    C3272    (0)    3 :  0.017 0.021 0.921 0.042 
116    C3276    (0)    3 :  0.045 0.176 0.652 0.126 
117    C3280    (9)    3 :  0.091 0.070 0.597 0.242 
118    C3305    (9)    3 :  0.021 0.015 0.942 0.022 
119    C3306    (0)    3 :  0.044 0.036 0.868 0.053 
120    C3324    (0)    3 :  0.035 0.021 0.383 0.561 
121    C3329    (0)    3 :  0.471 0.060 0.393 0.076 
122    C3336    (0)    3 :  0.026 0.029 0.912 0.033 
123    C3341   (18)    3 :  0.221 0.106 0.095 0.577 
124    C3409   (18)    3 :  0.122 0.082 0.694 0.103 
125    C3168    (9)    3 :  0.024 0.013 0.947 0.016 
126    C3170    (0)    3 :  0.026 0.016 0.934 0.024 
127    C3214   (18)    3 :  0.027 0.129 0.830 0.014 
128    C3227    (0)    3 :  0.028 0.035 0.924 0.013 
129    C3228    (0)    3 :  0.114 0.051 0.787 0.047 
130    C3278    (0)    3 :  0.011 0.021 0.941 0.027 
131    C3279    (0)    3 :  0.022 0.033 0.909 0.036 
132    C3321    (0)    3 :  0.025 0.009 0.957 0.009 
133    C3322    (0)    3 :  0.112 0.233 0.587 0.069 
134    C3303    (0)    3 :  0.019 0.033 0.901 0.047 
135    C3317    (0)    3 :  0.028 0.016 0.931 0.025 
136    C3355    (0)    3 :  0.021 0.011 0.953 0.016 
137    C3376    (9)    3 :  0.036 0.031 0.915 0.017 
138    C3401    (0)    3 :  0.030 0.035 0.899 0.035 
139    C3203    (9)    3 :  0.034 0.054 0.873 0.038 
140    C3245    (0)    3 :  0.014 0.027 0.939 0.020 
141    C3302    (0)    3 :  0.025 0.029 0.899 0.046 
142    C3307    (0)    3 :  0.380 0.046 0.437 0.137 
143    C3310    (0)    3 :  0.016 0.017 0.944 0.024 
144    C3312    (9)    3 :  0.080 0.043 0.821 0.055 
145    C3345    (0)    3 :  0.021 0.015 0.941 0.023 
146    C3371    (0)    3 :  0.021 0.016 0.893 0.071 
147    C3372    (0)    3 :  0.035 0.018 0.908 0.039 
148    C3380    (9)    3 :  0.030 0.010 0.952 0.008 
149    C3417    (0)    3 :  0.305 0.051 0.414 0.230 
150    C4569    (9)    4 :  0.858 0.049 0.024 0.069 
151    C4570    (9)    4 :  0.945 0.011 0.028 0.015 
152    C4571    (9)    4 :  0.775 0.027 0.181 0.016 
153    C4572    (9)    4 :  0.947 0.018 0.021 0.013 
154    C4573    (9)    4 :  0.320 0.542 0.066 0.071 
155    C4575    (9)    4 :  0.864 0.071 0.034 0.030 
156    C4577    (9)    4 :  0.949 0.010 0.029 0.012 
157    C4578    (9)    4 :  0.810 0.086 0.053 0.051 
158    C4600   (18)    4 :  0.763 0.054 0.071 0.111 
159    C4612    (9)    4 :  0.908 0.050 0.023 0.019 
160    C4621    (0)    4 :  0.861 0.016 0.114 0.008 
161    C4622    (9)    4 :  0.944 0.011 0.032 0.012 
162    C4623    (0)    4 :  0.664 0.049 0.169 0.118 
163    C4624    (0)    4 :  0.937 0.025 0.022 0.015 
164    C4625    (0)    4 :  0.232 0.656 0.069 0.044 
165    C4627    (0)    4 :  0.900 0.027 0.057 0.017 
166    C4631    (0)    4 :  0.933 0.016 0.013 0.038 
167    C4632    (0)    4 :  0.869 0.019 0.092 0.020 
168    C3939    (0)    4 :  0.920 0.013 0.054 0.013 
169    C3940    (0)    4 :  0.930 0.015 0.027 0.028 
170    C3945    (0)    4 :  0.921 0.009 0.057 0.014 
171    C4520    (0)    4 :  0.096 0.251 0.462 0.190 
172    C4522    (0)    4 :  0.763 0.012 0.213 0.012 
173    C3182    (0)    4 :  0.026 0.016 0.938 0.020 
174    C3189    (0)    4 :  0.044 0.211 0.672 0.073 
175    C3191    (9)    4 :  0.017 0.041 0.915 0.026 
176    C3196    (0)    4 :  0.015 0.032 0.930 0.023 
177    C3208    (0)    4 :  0.252 0.058 0.645 0.046 
178    C3211    (0)    4 :  0.027 0.028 0.908 0.037 
179    C3212    (0)    4 :  0.139 0.103 0.302 0.455 
180    C3213    (0)    4 :  0.010 0.017 0.930 0.043 
181    C3215    (0)    4 :  0.175 0.355 0.414 0.056 
182    C3217    (0)    4 :  0.019 0.021 0.922 0.038 
183    C3225    (9)    4 :  0.023 0.042 0.897 0.038 
184    C3226    (0)    4 :  0.053 0.012 0.921 0.014 
185    C3238    (9)    4 :  0.081 0.024 0.880 0.015 
186    C3239    (0)    4 :  0.023 0.017 0.937 0.024 
187    C3269   (18)    4 :  0.217 0.241 0.498 0.043 
188    C3273    (0)    4 :  0.017 0.029 0.941 0.012 
189    C3274    (0)    4 :  0.286 0.063 0.596 0.055 
190    C3354    (0)    4 :  0.026 0.023 0.927 0.024 
191    C3361    (0)    4 :  0.025 0.020 0.941 0.014 
192    C3289    (0)    4 :  0.026 0.020 0.936 0.018 
193    C3169    (0)    4 :  0.025 0.012 0.952 0.011 
194    C3199    (9)    4 :  0.182 0.043 0.755 0.019 
195    C3224    (0)    4 :  0.017 0.029 0.939 0.016 
196    C3261   (18)    4 :  0.034 0.010 0.936 0.021 
197    C3320    (0)    4 :  0.034 0.027 0.910 0.029 
198    C4151    (0)    5 :  0.953 0.010 0.029 0.009 
199    C4152    (0)    5 :  0.936 0.016 0.036 0.012 
200    C4153    (0)    5 :  0.466 0.034 0.480 0.020 
201    C4154   (18)    5 :  0.574 0.017 0.368 0.041 
202    C4157    (0)    5 :  0.328 0.027 0.604 0.042 
203    C4158    (0)    5 :  0.955 0.011 0.024 0.009 
204    C4163    (0)    5 :  0.957 0.008 0.026 0.009 
205    C4165    (0)    5 :  0.547 0.038 0.072 0.343 
206    C4248    (9)    5 :  0.023 0.029 0.913 0.034 
207    C4371    (9)    5 :  0.168 0.023 0.751 0.057 
208    C3936    (0)    5 :  0.920 0.014 0.046 0.021 
209    C3937    (0)    5 :  0.938 0.014 0.037 0.011 
210    C3944    (0)    5 :  0.764 0.008 0.218 0.010 
211    C3954    (0)    5 :  0.047 0.029 0.914 0.010 
212    C3955    (9)    5 :  0.247 0.032 0.706 0.015 
213    C3961    (0)    5 :  0.856 0.014 0.084 0.045 
214    C3974    (0)    5 :  0.897 0.027 0.054 0.023 
215    C4024    (0)    5 :  0.470 0.017 0.457 0.056 
216    C4025    (0)    5 :  0.935 0.014 0.035 0.015 
217    C4028    (0)    5 :  0.793 0.087 0.096 0.024 
218    C4032   (18)    5 :  0.056 0.013 0.917 0.014 
219    C4033   (18)    5 :  0.035 0.016 0.934 0.016 
220    C4034    (0)    5 :  0.049 0.034 0.817 0.100 
221    C4041    (9)    5 :  0.083 0.071 0.697 0.149 
222    C4043    (9)    5 :  0.167 0.018 0.793 0.023 
223    C4044    (9)    5 :  0.122 0.126 0.195 0.558 
224    C4045    (9)    5 :  0.091 0.034 0.857 0.018 
225    C4046    (9)    5 :  0.056 0.025 0.881 0.038 
226    C4047    (0)    5 :  0.032 0.105 0.814 0.049 
227    C4048    (9)    5 :  0.043 0.108 0.766 0.083 
228    C4055    (9)    5 :  0.132 0.057 0.771 0.040 
229    C4057   (18)    5 :  0.020 0.011 0.938 0.030 
230    C4059    (0)    5 :  0.060 0.030 0.897 0.013 
231    C4060    (9)    5 :  0.109 0.024 0.842 0.025 
232    C4064    (9)    5 :  0.259 0.252 0.419 0.070 
233    C4067    (0)    5 :  0.033 0.088 0.815 0.065 
234    C4068    (9)    5 :  0.027 0.025 0.928 0.020 
235    C4070    (9)    5 :  0.297 0.031 0.567 0.104 
236    C4075   (18)    5 :  0.067 0.023 0.882 0.028 
237    C4081    (9)    5 :  0.037 0.038 0.894 0.030 
238    C4082    (0)    5 :  0.132 0.064 0.774 0.030 
239    C4083    (0)    5 :  0.181 0.089 0.350 0.380 
240    C4086    (0)    5 :  0.043 0.137 0.792 0.028 
241    C4088    (9)    5 :  0.097 0.787 0.090 0.026 
242    C4092    (0)    5 :  0.216 0.016 0.701 0.068 
243    C4099    (9)    5 :  0.053 0.071 0.824 0.052 
244    C4104    (0)    5 :  0.321 0.025 0.598 0.056 
245    C4108   (18)    5 :  0.020 0.794 0.015 0.171 
246    C4118    (0)    5 :  0.086 0.268 0.493 0.153 
247    C4131    (0)    5 :  0.699 0.068 0.202 0.031 
248    C4133    (0)    5 :  0.021 0.021 0.939 0.020 
249    C4135    (0)    5 :  0.175 0.008 0.805 0.012 
250    C4136    (0)    5 :  0.749 0.175 0.034 0.042 
251    C4137    (9)    5 :  0.478 0.032 0.458 0.033 
252    C4139    (0)    5 :  0.833 0.010 0.144 0.014 
253    C4140    (9)    5 :  0.600 0.014 0.356 0.030 
254    C4167    (0)    5 :  0.920 0.026 0.038 0.016 
255    C4236    (0)    5 :  0.040 0.057 0.866 0.037 
256    C4237    (0)    5 :  0.073 0.830 0.050 0.047 
257    C4238    (0)    5 :  0.092 0.061 0.825 0.022 
258    C4241    (0)    5 :  0.045 0.019 0.914 0.022 
259    C4247    (9)    5 :  0.088 0.182 0.563 0.167 
260    C4257    (0)    5 :  0.053 0.034 0.894 0.020 
261    C4383    (0)    5 :  0.325 0.111 0.314 0.251 
262    C4397    (9)    5 :  0.096 0.017 0.873 0.014 
263    C4514    (0)    5 :  0.816 0.013 0.150 0.021 
264    C4519    (0)    5 :  0.907 0.016 0.061 0.016 
265    C4527    (0)    5 :  0.208 0.016 0.756 0.020 
266    C4534    (0)    5 :  0.238 0.033 0.616 0.113 
267    C4699    (0)    5 :  0.906 0.040 0.034 0.020 
268    C1541    (9)    5 :  0.016 0.010 0.959 0.015 
269    C1542    (9)    5 :  0.015 0.018 0.950 0.017 
270    C1544    (0)    5 :  0.021 0.034 0.927 0.018 
271    C1547    (9)    5 :  0.074 0.378 0.298 0.249 
272    C1553    (9)    5 :  0.326 0.238 0.150 0.286 
273    C1555    (9)    5 :  0.070 0.039 0.860 0.032 
274    C1557    (0)    5 :  0.066 0.029 0.880 0.025 
275    C1560    (0)    5 :  0.016 0.026 0.939 0.019 
276    C1565    (0)    5 :  0.034 0.018 0.891 0.057 
277    C1567    (0)    5 :  0.040 0.074 0.854 0.032 
278    C1569    (0)    5 :  0.044 0.016 0.922 0.018 
279    C1571    (0)    5 :  0.034 0.135 0.791 0.040 
280    C1576    (0)    5 :  0.186 0.070 0.720 0.025 
281    C1577    (9)    5 :  0.023 0.053 0.899 0.025 
282    C1579    (0)    5 :  0.019 0.018 0.943 0.021 
283    C3990    (0)    6 :  0.896 0.010 0.084 0.010 
284    C3991    (0)    6 :  0.890 0.030 0.052 0.027 
285    C3992    (0)    6 :  0.938 0.025 0.026 0.011 
286    C3994    (0)    6 :  0.292 0.048 0.538 0.122 
287    C4172    (0)    6 :  0.916 0.049 0.011 0.024 
288    C4173    (9)    6 :  0.921 0.018 0.020 0.041 
289    C4232    (9)    6 :  0.013 0.009 0.969 0.009 
290    C4234    (9)    6 :  0.013 0.011 0.964 0.012 
291    C4259    (0)    6 :  0.021 0.013 0.953 0.012 
292    C4260    (0)    6 :  0.026 0.010 0.955 0.009 
293    C4261    (9)    6 :  0.206 0.143 0.455 0.197 
294    C4262    (0)    6 :  0.423 0.020 0.507 0.051 
295    C4263    (0)    6 :  0.033 0.038 0.894 0.035 
296    C4267    (9)    6 :  0.193 0.033 0.752 0.022 
297    C4269    (0)    6 :  0.300 0.025 0.635 0.041 
298    C4272    (0)    6 :  0.027 0.014 0.936 0.023 
299    C4274    (0)    6 :  0.068 0.168 0.738 0.026 
300    C4276    (9)    6 :  0.015 0.872 0.081 0.032 
301    C4278    (0)    6 :  0.068 0.036 0.838 0.058 
302    C4280    (0)    6 :  0.110 0.021 0.836 0.034 
303    C4281    (0)    6 :  0.080 0.029 0.872 0.019 
304    C4282    (0)    6 :  0.020 0.066 0.505 0.408 
305    C4284    (9)    6 :  0.120 0.010 0.858 0.011 
306    C4286    (9)    6 :  0.450 0.053 0.461 0.036 
307    C4287    (0)    6 :  0.191 0.024 0.703 0.082 
308    C4290    (0)    6 :  0.126 0.688 0.086 0.100 
309    C4307   (18)    6 :  0.154 0.023 0.715 0.108 
310    C4310    (9)    6 :  0.051 0.064 0.869 0.016 
311    C4311   (18)    6 :  0.040 0.031 0.899 0.030 
312    C4312    (0)    6 :  0.017 0.021 0.948 0.014 
313    C4314    (0)    6 :  0.055 0.101 0.823 0.021 
314    C4318    (9)    6 :  0.076 0.016 0.805 0.103 
315    C4321    (9)    6 :  0.106 0.025 0.823 0.046 
316    C4324    (0)    6 :  0.161 0.023 0.770 0.045 
317    C4334    (0)    6 :  0.051 0.014 0.886 0.049 
318    C4529    (0)    6 :  0.045 0.038 0.882 0.035 
319    C1582    (9)    6 :  0.086 0.019 0.882 0.013 
320    C1583    (0)    6 :  0.033 0.055 0.882 0.029 
321    C1584    (9)    6 :  0.032 0.038 0.915 0.015 
322    C1585    (0)    6 :  0.027 0.016 0.946 0.011 
323    C1586    (0)    6 :  0.030 0.027 0.872 0.071 
324    C1589    (0)    6 :  0.196 0.014 0.777 0.013 
325    C1591    (0)    6 :  0.029 0.013 0.947 0.011 
326    C1592    (0)    6 :  0.027 0.026 0.905 0.041 
327    C1594    (0)    6 :  0.042 0.041 0.902 0.016 
328    C1597    (9)    6 :  0.032 0.040 0.896 0.032 
329    C1598    (9)    6 :  0.204 0.041 0.734 0.022 
330    C1599    (0)    6 :  0.012 0.013 0.961 0.015 
331    C1601    (0)    6 :  0.469 0.064 0.394 0.073 
332    C1605    (0)    6 :  0.269 0.289 0.307 0.135 
333    C1609    (0)    6 :  0.025 0.013 0.950 0.012 
334    C1610    (0)    6 :  0.022 0.154 0.776 0.049 
335    C1611    (0)    6 :  0.019 0.013 0.924 0.044 
336    C1612    (0)    6 :  0.011 0.011 0.969 0.009 
337    C1613    (0)    6 :  0.029 0.024 0.919 0.029 
338    C3173    (9)    6 :  0.029 0.045 0.841 0.085 
339    C3204    (0)    6 :  0.025 0.025 0.930 0.019 
340    C3223    (9)    6 :  0.029 0.070 0.524 0.376 
341    C3262    (0)    6 :  0.032 0.061 0.875 0.032 
342    C3270    (0)    6 :  0.049 0.020 0.907 0.023 
343    C3300    (0)    6 :  0.068 0.011 0.910 0.011 
344    C3330    (0)    6 :  0.085 0.020 0.863 0.033 
345    C3390    (9)    6 :  0.023 0.016 0.942 0.020 
346    C3424    (9)    6 :  0.084 0.023 0.867 0.027 
347    C3958    (0)    6 :  0.892 0.010 0.082 0.015 
348    C3962    (0)    6 :  0.936 0.008 0.041 0.014 
349    C4019    (0)    6 :  0.368 0.152 0.031 0.449 
350    C3995   (18)    6 :  0.903 0.019 0.045 0.033 
351    C4000    (0)    6 :  0.910 0.015 0.029 0.046 
352    C4002    (0)    6 :  0.888 0.013 0.073 0.025 
353    C1692    (0)    7 :  0.605 0.177 0.025 0.193 
354    C1693    (0)    7 :  0.102 0.075 0.419 0.404 
355    C1694    (0)    7 :  0.038 0.344 0.110 0.508 
356    C1698    (0)    7 :  0.013 0.159 0.020 0.808 
357    C1699    (0)    7 :  0.042 0.802 0.031 0.126 
358    C1700    (0)    7 :  0.200 0.154 0.129 0.518 
359    C1701    (0)    7 :  0.025 0.632 0.024 0.318 
360    C1702    (0)    7 :  0.047 0.372 0.018 0.563 
361    C1703    (0)    7 :  0.039 0.227 0.013 0.721 
362    C1704    (0)    7 :  0.078 0.128 0.158 0.635 
363    C1705    (0)    7 :  0.767 0.078 0.013 0.142 
364    C1706    (0)    7 :  0.017 0.628 0.021 0.333 
365    C1707    (0)    7 :  0.073 0.468 0.408 0.051 
366    C1708    (0)    7 :  0.019 0.017 0.016 0.947 
367    C1709    (0)    7 :  0.089 0.041 0.027 0.844 
368    C1710    (0)    7 :  0.048 0.205 0.039 0.709 
369    C1712    (0)    7 :  0.053 0.028 0.010 0.909 
370    C1714    (0)    7 :  0.028 0.035 0.019 0.918 
371    C1715    (0)    7 :  0.023 0.868 0.027 0.082 
372    C1717    (0)    7 :  0.031 0.364 0.132 0.472 
373    C1718   (18)    7 :  0.023 0.531 0.055 0.392 
374    C1719    (0)    7 :  0.164 0.046 0.093 0.697 
375    C1656    (0)    8 :  0.125 0.644 0.013 0.218 
376    C1657   (18)    8 :  0.028 0.427 0.025 0.520 
377    C1658    (0)    8 :  0.022 0.676 0.011 0.291 
378    C1659    (0)    8 :  0.027 0.869 0.067 0.037 
379    C1661    (9)    8 :  0.059 0.270 0.083 0.588 
380    C1665    (0)    8 :  0.023 0.577 0.031 0.369 
381    C1667    (9)    8 :  0.008 0.022 0.009 0.961 
382    C1676    (9)    8 :  0.055 0.400 0.021 0.524 
383    C1681    (9)    8 :  0.031 0.745 0.034 0.189 
384    C1682    (0)    8 :  0.029 0.143 0.017 0.810 
385    C1685    (0)    8 :  0.053 0.352 0.040 0.555 
386    C4707    (0)    9 :  0.443 0.133 0.027 0.398 
387    C4747    (0)    9 :  0.400 0.056 0.168 0.377 
388    C4772    (0)    9 :  0.808 0.067 0.065 0.059 
389    C4781    (0)    9 :  0.457 0.066 0.028 0.449 
390    C4782    (0)    9 :  0.274 0.214 0.140 0.372 
391    C4787    (0)    9 :  0.268 0.458 0.048 0.225 
392    C4790    (0)    9 :  0.148 0.067 0.024 0.761 
393    C4803    (0)    9 :  0.298 0.194 0.062 0.446 
394    C4813    (0)    9 :  0.937 0.025 0.012 0.026 
395    C4837    (0)    9 :  0.688 0.066 0.042 0.205 
396    C4838    (0)    9 :  0.228 0.610 0.019 0.142 
397    C4843    (0)    9 :  0.297 0.290 0.040 0.374 
398    C4857    (0)    9 :  0.823 0.044 0.107 0.026 
399    C4828    (0)    9 :  0.144 0.386 0.299 0.171 
400    C4835    (0)    9 :  0.904 0.057 0.018 0.021 
401    C4836    (9)    9 :  0.648 0.108 0.039 0.204 
402    C4842    (0)    9 :  0.077 0.536 0.016 0.371 
403    C4863    (9)    9 :  0.255 0.162 0.041 0.542 
404    C4744    (0)    9 :  0.037 0.261 0.032 0.670 
405    C4745    (0)    9 :  0.183 0.564 0.032 0.222 
406    C4768    (0)    9 :  0.418 0.072 0.046 0.464 
407    C4769    (0)    9 :  0.284 0.653 0.012 0.050 
408    C4771    (0)    9 :  0.110 0.558 0.016 0.316 
409    C4784    (0)    9 :  0.449 0.073 0.043 0.435 
410    C4785    (0)    9 :  0.042 0.040 0.034 0.884 
411    C4795    (0)    9 :  0.383 0.097 0.083 0.438 
412    C4796    (0)    9 :  0.077 0.137 0.022 0.764 
413    C4800    (0)    9 :  0.834 0.105 0.016 0.045 
414    C4801    (0)    9 :  0.596 0.297 0.026 0.080 
415    C4802    (0)    9 :  0.068 0.263 0.578 0.091 
416    C4805    (0)    9 :  0.235 0.339 0.021 0.405 
417    C4806    (0)    9 :  0.189 0.659 0.014 0.138 
418    C4850    (0)    9 :  0.600 0.164 0.075 0.161 
419    C4748    (0)   10 :  0.375 0.554 0.012 0.059 
420    C4753    (0)   10 :  0.096 0.229 0.034 0.641 
421    C4754    (0)   10 :  0.689 0.063 0.015 0.233 
422    C4760    (0)   10 :  0.838 0.040 0.068 0.053 
423    C4761    (0)   10 :  0.600 0.283 0.018 0.099 
424    C4762    (0)   10 :  0.677 0.116 0.014 0.194 
425    C4791    (0)   10 :  0.513 0.185 0.011 0.290 
426    C4810    (0)   10 :  0.099 0.759 0.100 0.042 
427    C4812    (0)   10 :  0.085 0.822 0.042 0.051 
428    C4821    (0)   10 :  0.558 0.099 0.110 0.232 
429    C4864    (0)   10 :  0.901 0.031 0.040 0.028 
430    C4866    (0)   10 :  0.048 0.920 0.012 0.021 
431    C1722    (0)   10 :  0.017 0.892 0.041 0.051 
432    C1724    (0)   10 :  0.024 0.946 0.009 0.022 
433    C1725    (0)   10 :  0.014 0.757 0.046 0.183 
434    C1726    (0)   10 :  0.040 0.493 0.013 0.454 
435    C1731    (0)   10 :  0.079 0.728 0.026 0.167 
436    C1733    (9)   10 :  0.048 0.880 0.033 0.040 
437    C1734    (0)   10 :  0.286 0.480 0.037 0.198 
438    C1735    (0)   10 :  0.013 0.750 0.015 0.221 
439    C1738    (0)   10 :  0.057 0.888 0.028 0.028 
440    C1740    (9)   10 :  0.066 0.538 0.170 0.226 
441    C1741    (0)   10 :  0.632 0.050 0.121 0.198 
442    C1742    (0)   10 :  0.058 0.317 0.041 0.584 
443    C1743    (0)   10 :  0.031 0.252 0.029 0.688 
444    C1745    (0)   10 :  0.248 0.238 0.038 0.477 
445    C1746    (0)   10 :  0.183 0.618 0.038 0.161 
446    C1747    (0)   10 :  0.037 0.671 0.091 0.201 
447    C4742    (9)   10 :  0.873 0.032 0.020 0.075 
448    C4752    (0)   10 :  0.902 0.046 0.031 0.021 
449    C4792    (0)   10 :  0.680 0.124 0.111 0.084 
450    C4811    (0)   10 :  0.932 0.019 0.034 0.015 
451    C4814    (0)   10 :  0.879 0.041 0.024 0.055 
452    C4815    (0)   10 :  0.435 0.270 0.138 0.157 
453    C4818    (0)   10 :  0.331 0.466 0.122 0.081 
454    C4819    (0)   10 :  0.619 0.145 0.052 0.184 
455    C4826    (0)   10 :  0.147 0.277 0.013 0.563 
456    C4829    (0)   10 :  0.067 0.133 0.076 0.723 
457    C4830    (0)   10 :  0.125 0.051 0.020 0.803 
458    C4831    (0)   10 :  0.893 0.028 0.048 0.031 
459    C4832    (0)   10 :  0.336 0.201 0.017 0.447 
460    C4858    (0)   10 :  0.608 0.048 0.019 0.324 
461    C4757    (0)   10 :  0.321 0.419 0.109 0.151 
462    C4770    (9)   10 :  0.371 0.074 0.478 0.077 
463    C4808    (0)   10 :  0.808 0.055 0.020 0.118 
464    C4809    (0)   10 :  0.065 0.571 0.012 0.351 
465    C4820    (0)   10 :  0.069 0.546 0.027 0.358 
466    C4824    (0)   10 :  0.102 0.087 0.014 0.796 
467    C4706    (0)   11 :  0.064 0.793 0.012 0.130 
468    C4708    (0)   11 :  0.932 0.009 0.046 0.013 
469    C4709    (0)   11 :  0.190 0.062 0.019 0.728 
470    C4714    (0)   11 :  0.682 0.046 0.047 0.224 
471    C4722    (0)   11 :  0.290 0.136 0.022 0.552 
472    C4726    (0)   11 :  0.423 0.423 0.100 0.054 
473    C4733    (0)   11 :  0.857 0.047 0.043 0.054 
474    C4734    (0)   11 :  0.420 0.451 0.020 0.109 
475    C4737    (0)   11 :  0.099 0.025 0.020 0.856 
476    C4882    (0)   11 :  0.061 0.554 0.017 0.369 
477    C4883    (0)   11 :  0.748 0.014 0.023 0.215 
478    C4702    (9)   11 :  0.308 0.111 0.155 0.426 
479    C4703    (0)   11 :  0.870 0.032 0.033 0.065 
480    C4727    (0)   11 :  0.222 0.483 0.014 0.281 
481    C4732    (0)   11 :  0.248 0.061 0.020 0.670 
482    C4735    (0)   11 :  0.629 0.097 0.026 0.248 
483    C4736    (0)   11 :  0.936 0.019 0.023 0.022 
484    C4746    (0)   11 :  0.809 0.038 0.015 0.138 
485    C4777    (0)   11 :  0.017 0.702 0.034 0.247 
486    C4846    (0)   11 :  0.521 0.048 0.241 0.190 
487    C4847    (0)   11 :  0.282 0.395 0.013 0.310 
488    C4884    (0)   11 :  0.318 0.109 0.024 0.549 
489    C4705    (0)   11 :  0.795 0.116 0.045 0.044 
490    C4711    (0)   11 :  0.294 0.385 0.018 0.302 
491    C4713    (9)   11 :  0.316 0.504 0.080 0.100 
492    C4716    (0)   11 :  0.668 0.151 0.028 0.152 
493    C4717    (0)   11 :  0.880 0.049 0.042 0.028 
494    C4719    (0)   11 :  0.075 0.116 0.018 0.791 
495    C4721    (0)   11 :  0.927 0.020 0.037 0.017 
496    C4729    (0)   11 :  0.864 0.062 0.012 0.062 
497    C4730    (0)   11 :  0.915 0.029 0.020 0.037 
498    C4773    (0)   11 :  0.932 0.024 0.032 0.011 
499    C4861    (0)   11 :  0.090 0.270 0.028 0.612 
500    C4890    (0)   11 :  0.915 0.030 0.014 0.041 
501    C4718    (0)   11 :  0.361 0.259 0.030 0.350 
502    C4724    (0)   11 :  0.839 0.097 0.016 0.049 
503    C4738    (0)   11 :  0.767 0.184 0.020 0.029 
504    C4739    (0)   11 :  0.148 0.580 0.057 0.215 
505    C4844    (0)   11 :  0.712 0.116 0.046 0.125 
506    C4845    (0)   11 :  0.309 0.056 0.025 0.610 
507    C4681    (0)   11 :  0.689 0.020 0.270 0.021 
508    C4682    (0)   11 :  0.420 0.270 0.175 0.135 
509    C4683    (0)   11 :  0.751 0.038 0.144 0.067 
510    C4685    (0)   11 :  0.447 0.048 0.031 0.475 
511    C4715    (0)   11 :  0.422 0.156 0.080 0.341 
512    C4725    (0)   11 :  0.026 0.280 0.017 0.677 
513    C4799    (0)   11 :  0.276 0.075 0.422 0.227 
514    C4889    (9)   11 :  0.897 0.055 0.014 0.034 
515    C4641    (0)   12 :  0.962 0.016 0.008 0.014 
516    C4651    (0)   12 :  0.531 0.402 0.035 0.032 
517    C4657    (0)   12 :  0.971 0.009 0.010 0.011 
518    C4658    (0)   12 :  0.910 0.032 0.020 0.038 
519    C4660    (0)   12 :  0.773 0.078 0.024 0.125 
520    C4665    (0)   12 :  0.956 0.017 0.012 0.014 
521    C4666    (0)   12 :  0.555 0.135 0.022 0.287 
522    C4667    (0)   12 :  0.957 0.015 0.010 0.017 
523    C4668    (0)   12 :  0.888 0.066 0.029 0.018 
524    C4669    (0)   12 :  0.958 0.019 0.009 0.015 
525    C4670    (0)   12 :  0.841 0.041 0.008 0.110 
526    C4671    (0)   12 :  0.844 0.020 0.038 0.098 
527    C4672    (0)   12 :  0.520 0.258 0.135 0.087 
528    C4633    (0)   13 :  0.949 0.013 0.024 0.014 
529    C4635    (0)   13 :  0.930 0.041 0.010 0.019 
530    C4653    (0)   13 :  0.730 0.117 0.108 0.045 
531    C4654    (0)   13 :  0.950 0.015 0.016 0.019 
532    C4675    (0)   13 :  0.794 0.134 0.025 0.047 
533    C4679    (0)   13 :  0.016 0.874 0.013 0.097 
534    C4684    (0)   13 :  0.863 0.030 0.088 0.019 
535    C4686    (0)   13 :  0.937 0.017 0.026 0.020 
536    C4687    (0)   13 :  0.871 0.022 0.091 0.017 
537    U1941    (0)   14 :  0.018 0.851 0.093 0.038 
538    U1942    (0)   14 :  0.425 0.112 0.166 0.297 
539    U1957    (9)   14 :  0.044 0.169 0.679 0.109 
540    U2016    (0)   14 :  0.008 0.616 0.014 0.362 
541    U2021    (9)   14 :  0.045 0.121 0.040 0.794 
542    U2022    (0)   14 :  0.014 0.031 0.024 0.931 
543    U2023    (0)   14 :  0.031 0.213 0.014 0.742 
544    U2024    (0)   14 :  0.045 0.050 0.034 0.871 
545    U2025    (9)   14 :  0.019 0.035 0.049 0.897 
546    U2026    (0)   14 :  0.027 0.032 0.255 0.686 
547    U2027    (0)   14 :  0.091 0.518 0.044 0.346 
548    U2028    (0)   14 :  0.010 0.037 0.010 0.943 
549    U2029    (0)   14 :  0.044 0.043 0.011 0.902 
550    U2030    (0)   14 :  0.016 0.348 0.013 0.624 
551    U2031    (0)   14 :  0.020 0.555 0.015 0.409 
552    U1943    (0)   14 :  0.066 0.039 0.033 0.863 
553    U1944    (0)   14 :  0.040 0.421 0.022 0.517 
554    U1945    (0)   14 :  0.016 0.176 0.019 0.789 
555    U1946    (0)   14 :  0.028 0.820 0.029 0.123 
556    U1947    (0)   14 :  0.019 0.109 0.023 0.850 
557    U1948    (0)   14 :  0.092 0.236 0.179 0.493 
558    U1949    (0)   14 :  0.021 0.411 0.025 0.542 
559    U1955    (0)   14 :  0.049 0.659 0.194 0.098 
560    U2005    (0)   14 :  0.011 0.059 0.262 0.668 
561    U2006    (0)   14 :  0.012 0.722 0.019 0.247 
562    U2007    (0)   14 :  0.020 0.282 0.114 0.584 
563    U2008    (0)   14 :  0.011 0.174 0.013 0.802 
564    U2010    (9)   14 :  0.041 0.112 0.243 0.604 
565    U2011    (0)   14 :  0.013 0.883 0.025 0.079 
566    U2012    (0)   14 :  0.017 0.249 0.019 0.715 
567    U2014    (0)   14 :  0.193 0.127 0.023 0.657 
568    U2702    (0)   14 :  0.036 0.034 0.033 0.897 
569    U2703    (0)   14 :  0.183 0.039 0.027 0.751 
570    U2704    (0)   14 :  0.039 0.137 0.124 0.700 
571    U2706   (18)   14 :  0.082 0.383 0.024 0.511 
572    U2707    (0)   14 :  0.033 0.813 0.018 0.136 
573    U2708    (0)   14 :  0.056 0.048 0.017 0.879 
574    U2698    (0)   14 :  0.138 0.548 0.164 0.149 
575    U2700    (0)   14 :  0.025 0.223 0.045 0.707 
576    U1924    (0)   14 :  0.117 0.309 0.028 0.546 
577    U1930    (0)   14 :  0.019 0.920 0.022 0.039 
578    U1931    (0)   14 :  0.280 0.247 0.044 0.429 
579    U1933    (0)   14 :  0.049 0.506 0.018 0.426 
580    U1934    (0)   14 :  0.043 0.144 0.474 0.338 
581    U1935    (0)   14 :  0.080 0.176 0.519 0.225 
582    U1936    (9)   14 :  0.024 0.098 0.011 0.868 
583    U1938    (0)   14 :  0.152 0.333 0.036 0.479 
584    U1939    (0)   14 :  0.246 0.295 0.160 0.299 
585    U1950    (0)   14 :  0.038 0.833 0.019 0.111 
586    U1951    (0)   14 :  0.121 0.065 0.049 0.765 
587    U1953    (0)   14 :  0.010 0.872 0.020 0.098 
588    U1954    (0)   14 :  0.015 0.643 0.011 0.331 
589    U2044    (0)   14 :  0.014 0.014 0.054 0.918 
590    U2045    (0)   14 :  0.017 0.562 0.012 0.408 
591    U2046    (9)   14 :  0.029 0.099 0.031 0.841 
592    U2047    (0)   14 :  0.013 0.020 0.026 0.942 
593    U2048    (0)   14 :  0.021 0.150 0.032 0.797 
594    U2050    (0)   14 :  0.024 0.095 0.024 0.858 
595    U2051    (0)   14 :  0.016 0.107 0.016 0.861 
596    U2056    (0)   14 :  0.012 0.909 0.014 0.065 
597    U2057    (0)   14 :  0.027 0.702 0.093 0.178 
598    U2058    (0)   14 :  0.068 0.349 0.055 0.529 
599    U2059    (9)   14 :  0.185 0.673 0.095 0.047 
600    U2060    (0)   14 :  0.019 0.848 0.011 0.123 
601    U2061    (0)   14 :  0.011 0.753 0.017 0.219 
602    U2062    (9)   14 :  0.010 0.893 0.012 0.084 
603    U2063    (9)   14 :  0.016 0.900 0.020 0.064 
604    U2065    (0)   14 :  0.036 0.117 0.017 0.830 
605    U2067    (0)   14 :  0.073 0.669 0.032 0.225 
606    U2068    (0)   14 :  0.055 0.282 0.165 0.498 
607    U2069    (0)   14 :  0.015 0.631 0.014 0.340 
608    U2070    (0)   14 :  0.023 0.845 0.029 0.103 
609    U2071    (0)   14 :  0.015 0.069 0.022 0.894 
610    U2076    (0)   14 :  0.037 0.583 0.024 0.357 
611    U2077    (0)   14 :  0.188 0.276 0.208 0.327 
612    U2082    (0)   14 :  0.057 0.594 0.122 0.227 
613    U2084    (0)   14 :  0.031 0.246 0.342 0.381 
614    U2089    (0)   14 :  0.132 0.552 0.087 0.228 
615    U2090    (0)   14 :  0.645 0.214 0.049 0.092 
616    U2098    (0)   14 :  0.012 0.595 0.018 0.374 
617    U2108    (0)   14 :  0.127 0.020 0.216 0.638 
618    U2111    (0)   14 :  0.053 0.096 0.032 0.819 
619    U2113    (0)   14 :  0.062 0.085 0.054 0.799 
620    U2114    (0)   14 :  0.021 0.548 0.045 0.387 
621    U2115    (0)   14 :  0.015 0.048 0.013 0.924 
622    U2116    (9)   14 :  0.037 0.856 0.009 0.098 
623    U2117    (0)   14 :  0.228 0.052 0.634 0.086 
624    U2119    (0)   14 :  0.220 0.018 0.028 0.734 
625    U2120    (0)   14 :  0.023 0.728 0.092 0.157 
626    U2664    (0)   14 :  0.037 0.070 0.784 0.110 
627    U1198    (9)   15 :  0.371 0.273 0.064 0.292 
628    U1199    (0)   15 :  0.158 0.110 0.027 0.705 
629    U1200    (0)   15 :  0.014 0.023 0.015 0.948 
630    U1201    (0)   15 :  0.016 0.022 0.016 0.946 
631    U1202    (0)   15 :  0.016 0.035 0.019 0.930 
632    U1203    (0)   15 :  0.019 0.021 0.017 0.943 
633    U1205    (0)   15 :  0.015 0.101 0.032 0.852 
634    U1206    (0)   15 :  0.132 0.118 0.033 0.717 
635    U1207    (0)   15 :  0.037 0.033 0.020 0.910 
636    U1208    (0)   15 :  0.078 0.073 0.025 0.823 
637    U1209    (0)   15 :  0.014 0.056 0.046 0.884 
638    U1210    (0)   15 :  0.016 0.064 0.025 0.894 
639    U1211    (0)   15 :  0.022 0.023 0.072 0.883 
640    U1212    (0)   15 :  0.022 0.253 0.059 0.666 
641    U1213    (0)   15 :  0.024 0.180 0.050 0.746 
642    U1214    (9)   15 :  0.022 0.010 0.028 0.941 
643    U1215    (0)   15 :  0.086 0.016 0.015 0.883 
644    U1220    (0)   15 :  0.018 0.015 0.055 0.912 
645    U1224    (0)   15 :  0.017 0.111 0.020 0.852 
646    U1227    (0)   15 :  0.086 0.788 0.014 0.112 
647    U1229    (0)   15 :  0.038 0.023 0.010 0.928 
648    U1230    (0)   15 :  0.013 0.481 0.011 0.495 
649    U1231    (0)   15 :  0.017 0.271 0.015 0.697 
650    U1232    (0)   15 :  0.010 0.018 0.007 0.964 
651    U1233    (9)   15 :  0.326 0.092 0.025 0.558 
652    U1234    (0)   15 :  0.013 0.104 0.018 0.865 
653    U1235    (0)   15 :  0.011 0.024 0.007 0.959 
654    U1236    (0)   15 :  0.037 0.171 0.084 0.709 
655    U1238    (0)   15 :  0.017 0.039 0.017 0.928 
656    U1239    (0)   15 :  0.031 0.049 0.043 0.877 
657    U1240    (0)   15 :  0.026 0.051 0.022 0.901 
658    U1242    (0)   15 :  0.048 0.037 0.128 0.787 
659    U1243    (0)   15 :  0.014 0.042 0.015 0.929 
660    U1245    (0)   15 :  0.027 0.118 0.022 0.833 
661    U1246    (0)   15 :  0.027 0.030 0.025 0.917 
662    U1251    (0)   15 :  0.009 0.037 0.008 0.946 
663    U1273   (18)   15 :  0.049 0.838 0.017 0.096 
664    U1274    (0)   15 :  0.072 0.651 0.012 0.265 
665    U1294    (0)   15 :  0.032 0.033 0.011 0.924 
666    U1304   (18)   15 :  0.136 0.140 0.020 0.704 
667    U1307    (9)   15 :  0.016 0.042 0.065 0.877 
668    U1314    (9)   15 :  0.057 0.118 0.046 0.779 
669    U1315    (0)   15 :  0.025 0.301 0.019 0.655 
670    U1319    (0)   15 :  0.039 0.723 0.090 0.148 
671    U1320    (0)   15 :  0.019 0.660 0.014 0.307 
672    U1324    (0)   15 :  0.017 0.040 0.013 0.931 
673    U1331    (9)   15 :  0.026 0.137 0.014 0.824 
674    U1333    (9)   15 :  0.049 0.231 0.169 0.550 
675    U1340    (0)   15 :  0.015 0.180 0.023 0.782 
676    U1341    (9)   15 :  0.034 0.149 0.030 0.787 
677    U1344    (9)   15 :  0.021 0.431 0.116 0.432 
678    U1345    (0)   15 :  0.064 0.533 0.023 0.380 
679    U1346    (0)   15 :  0.011 0.037 0.008 0.944 
680    U1347    (0)   15 :  0.012 0.897 0.009 0.083 
681    U1348    (0)   15 :  0.022 0.011 0.013 0.954 
682    U1349    (0)   15 :  0.016 0.062 0.011 0.910 
683    U1354    (0)   15 :  0.017 0.019 0.009 0.954 
684    U1375    (0)   15 :  0.024 0.900 0.017 0.058 
685    U1383    (9)   15 :  0.018 0.555 0.014 0.413 
686    U1385    (0)   15 :  0.042 0.051 0.836 0.070 
687    U1386    (0)   15 :  0.013 0.619 0.026 0.342 
688    U1413    (9)   15 :  0.069 0.105 0.014 0.812 
689    U1417    (9)   15 :  0.119 0.233 0.062 0.586 
690    U1852    (0)   16 :  0.023 0.054 0.024 0.899 
691    U1853    (0)   16 :  0.096 0.267 0.062 0.575 
692    U1854    (0)   16 :  0.150 0.643 0.132 0.075 
693    U1855    (0)   16 :  0.100 0.605 0.082 0.213 
694    U1856    (0)   16 :  0.027 0.648 0.009 0.316 
695    U1858    (0)   16 :  0.015 0.069 0.026 0.890 
696    U1859    (0)   16 :  0.018 0.040 0.021 0.922 
697    U1860    (0)   16 :  0.041 0.821 0.020 0.119 
