

----------------------------------------------------
STRUCTURE by Pritchard, Stephens and Donnelly (2000)
     and Falush, Stephens and Pritchard (2003)
       Code by Pritchard, Falush and Hubisz
             Version 2.3.4 (Jul 2012)
----------------------------------------------------



Command line arguments:   bin\structure -m C:\Users\eschumacher\Documents\Butternut\butternut_STRUCTURE_withQU\50-50\mainparams -e C:\Users\eschumacher\Documents\Butternut\butternut_STRUCTURE_withQU\50-50\extraparams 
Input File:    C:\Users\eschumacher\Documents\Butternut\butternut_STRUCTURE_withQU\project_data

Run parameters:
   1015 individuals
   11 loci
   5 populations assumed
   50000 Burn-in period
   50000 Reps


--------------------------------------------
Proportion of membership of each pre-defined
 population in each of the 5 clusters

Given    Inferred Clusters                     Number of
 Pop       1      2      3      4      5      Individuals

  1:     0.597  0.073  0.062  0.061  0.207       40
  2:     0.430  0.072  0.036  0.061  0.400       46
  3:     0.595  0.067  0.044  0.068  0.227       63
  4:     0.437  0.069  0.066  0.037  0.390       48
  5:     0.506  0.052  0.079  0.059  0.305       85
  6:     0.618  0.074  0.042  0.047  0.219       70
  7:     0.060  0.320  0.185  0.365  0.070       22
  8:     0.027  0.242  0.406  0.299  0.027       11
  9:     0.055  0.231  0.221  0.256  0.238       33
 10:     0.050  0.258  0.283  0.172  0.236       48
 11:     0.044  0.184  0.193  0.206  0.373       48
 12:     0.024  0.116  0.088  0.045  0.727       13
 13:     0.034  0.066  0.132  0.028  0.740        9
 14:     0.065  0.372  0.217  0.304  0.042       90
 15:     0.038  0.200  0.084  0.649  0.030       63
 16:     0.107  0.378  0.201  0.260  0.054       16
 17:     0.124  0.409  0.200  0.153  0.114       31
 18:     0.018  0.044  0.804  0.065  0.070       16
 19:     0.137  0.184  0.093  0.554  0.032       24
 20:     0.093  0.403  0.212  0.253  0.040       12
 21:     0.071  0.292  0.256  0.337  0.043       54
 22:     0.076  0.283  0.447  0.135  0.059       96
 23:     0.068  0.236  0.441  0.228  0.026       22
 24:     0.084  0.092  0.656  0.042  0.125       23
 25:     0.045  0.233  0.518  0.171  0.034       13
 26:     0.076  0.356  0.188  0.325  0.055       19
--------------------------------------------

Allele-freq. divergence among pops (Net nucleotide distance),
computed using point estimates of P.

      1       2       3       4       5      
 1      -    0.0242  0.0303  0.0273  0.0252  
 2   0.0242     -    0.0092  0.0075  0.0294  
 3   0.0303  0.0092     -    0.0122  0.0334  
 4   0.0273  0.0075  0.0122     -    0.0274  
 5   0.0252  0.0294  0.0334  0.0274     -    

Average distances (expected heterozygosity) between individuals in same cluster:
cluster  1  : 0.8199 
cluster  2  : 0.8531 
cluster  3  : 0.8400 
cluster  4  : 0.8545 
cluster  5  : 0.8387 

--------------------------------------------
Estimated Ln Prob of Data   = -47974.3
Mean value of ln likelihood = -46911.6
Variance of ln likelihood   = 2125.4
Mean value of alpha         = 0.0618

Mean value of Fst_1         = 0.0486
Mean value of Fst_2         = 0.0147
Mean value of Fst_3         = 0.0253
Mean value of Fst_4         = 0.0195
Mean value of Fst_5         = 0.0483


Inferred ancestry of individuals:
        Label (%Miss) Pop:  Inferred clusters
  1    C3984    (0)    1 :  0.659 0.024 0.008 0.018 0.291 
  2    C3985    (0)    1 :  0.513 0.017 0.023 0.019 0.429 
  3    C3986    (0)    1 :  0.164 0.011 0.009 0.016 0.799 
  4    C4231    (0)    1 :  0.245 0.042 0.026 0.023 0.664 
  5    C4344    (0)    1 :  0.892 0.026 0.016 0.033 0.033 
  6    C4347   (18)    1 :  0.914 0.016 0.036 0.011 0.023 
  7    C4352   (18)    1 :  0.542 0.021 0.024 0.044 0.370 
  8    C4355    (9)    1 :  0.885 0.028 0.015 0.024 0.047 
  9    C4358   (18)    1 :  0.038 0.406 0.085 0.421 0.050 
 10    C4419    (9)    1 :  0.331 0.252 0.022 0.034 0.361 
 11    C4428    (9)    1 :  0.831 0.019 0.016 0.014 0.120 
 12    C4436    (0)    1 :  0.795 0.011 0.017 0.015 0.162 
 13    C4437   (18)    1 :  0.457 0.075 0.078 0.030 0.360 
 14    C4450    (0)    1 :  0.500 0.142 0.079 0.118 0.160 
 15    C4531    (0)    1 :  0.016 0.030 0.033 0.031 0.891 
 16    C1615    (0)    1 :  0.254 0.064 0.196 0.102 0.384 
 17    C1616    (0)    1 :  0.215 0.428 0.248 0.028 0.082 
 18    C1617    (9)    1 :  0.944 0.018 0.015 0.011 0.013 
 19    C1618    (0)    1 :  0.158 0.019 0.065 0.091 0.667 
 20    C1619    (0)    1 :  0.362 0.071 0.072 0.227 0.269 
 21    C1620    (9)    1 :  0.445 0.047 0.085 0.169 0.254 
 22    C1621    (0)    1 :  0.239 0.156 0.478 0.085 0.041 
 23    C1623    (9)    1 :  0.034 0.110 0.180 0.278 0.399 
 24    C1625    (0)    1 :  0.586 0.045 0.113 0.181 0.076 
 25    C1626    (0)    1 :  0.434 0.297 0.176 0.061 0.032 
 26    C1627    (9)    1 :  0.786 0.027 0.052 0.035 0.099 
 27    C1633    (0)    1 :  0.905 0.022 0.025 0.016 0.031 
 28    C1637    (0)    1 :  0.915 0.022 0.025 0.016 0.022 
 29    C1650    (0)    1 :  0.249 0.041 0.040 0.018 0.652 
 30    C3202    (0)    1 :  0.927 0.013 0.024 0.016 0.020 
 31    C3248    (0)    1 :  0.934 0.019 0.015 0.018 0.013 
 32    C3304    (9)    1 :  0.900 0.056 0.013 0.016 0.015 
 33    C3326    (0)    1 :  0.722 0.103 0.054 0.031 0.089 
 34    C3333    (0)    1 :  0.915 0.026 0.025 0.019 0.015 
 35    C3339   (18)    1 :  0.890 0.042 0.018 0.034 0.016 
 36    C3346    (0)    1 :  0.955 0.011 0.008 0.012 0.015 
 37    C3349    (0)    1 :  0.886 0.040 0.019 0.037 0.018 
 38    C3367   (18)    1 :  0.675 0.030 0.034 0.026 0.234 
 39    C3374    (0)    1 :  0.929 0.012 0.009 0.012 0.039 
 40    C3405    (0)    1 :  0.830 0.074 0.019 0.040 0.036 
 41    C4543    (0)    2 :  0.028 0.018 0.010 0.015 0.929 
 42    C4545    (9)    2 :  0.024 0.010 0.009 0.023 0.935 
 43    C4551    (9)    2 :  0.050 0.051 0.034 0.114 0.751 
 44    C4491    (0)    2 :  0.140 0.079 0.044 0.097 0.641 
 45    C4494    (0)    2 :  0.817 0.012 0.010 0.013 0.148 
 46    C4495    (0)    2 :  0.556 0.055 0.047 0.214 0.128 
 47    C4497    (9)    2 :  0.889 0.023 0.018 0.020 0.050 
 48    C4501    (0)    2 :  0.365 0.420 0.028 0.073 0.114 
 49    C4502    (0)    2 :  0.334 0.021 0.012 0.049 0.583 
 50    C4503    (0)    2 :  0.011 0.014 0.021 0.072 0.881 
 51    C4504    (0)    2 :  0.131 0.172 0.037 0.514 0.145 
 52    C4470    (0)    2 :  0.355 0.176 0.064 0.116 0.288 
 53    C4471    (0)    2 :  0.065 0.029 0.012 0.019 0.875 
 54    C4474    (9)    2 :  0.009 0.017 0.029 0.020 0.924 
 55    C4476    (0)    2 :  0.487 0.032 0.020 0.035 0.425 
 56    C4478    (0)    2 :  0.042 0.032 0.009 0.035 0.883 
 57    C4479    (0)    2 :  0.853 0.014 0.040 0.012 0.081 
 58    C4482    (0)    2 :  0.191 0.082 0.130 0.018 0.580 
 59    C4483    (0)    2 :  0.009 0.014 0.012 0.015 0.949 
 60    C4484    (0)    2 :  0.148 0.091 0.025 0.058 0.678 
 61    C4485    (0)    2 :  0.501 0.177 0.070 0.078 0.174 
 62    C4489    (0)    2 :  0.646 0.050 0.018 0.026 0.261 
 63    C4505    (0)    2 :  0.574 0.048 0.036 0.031 0.310 
 64    C4507    (0)    2 :  0.087 0.124 0.026 0.209 0.554 
 65    C4535    (0)    2 :  0.012 0.022 0.020 0.025 0.920 
 66    C4542    (0)    2 :  0.019 0.475 0.043 0.045 0.419 
 67    C4553    (9)    2 :  0.120 0.025 0.025 0.023 0.808 
 68    C4562   (18)    2 :  0.235 0.022 0.042 0.061 0.640 
 69    C4582   (18)    2 :  0.050 0.029 0.040 0.023 0.858 
 70    C4693    (0)    2 :  0.028 0.010 0.012 0.010 0.940 
 71    C4696    (0)    2 :  0.185 0.043 0.062 0.084 0.627 
 72    C3179    (0)    2 :  0.814 0.035 0.016 0.112 0.023 
 73    C3181    (0)    2 :  0.853 0.070 0.025 0.027 0.025 
 74    C3188    (0)    2 :  0.853 0.049 0.029 0.039 0.030 
 75    C3190    (0)    2 :  0.833 0.088 0.027 0.018 0.034 
 76    C3193    (0)    2 :  0.918 0.018 0.030 0.013 0.021 
 77    C3232    (0)    2 :  0.869 0.015 0.011 0.013 0.091 
 78    C3236    (0)    2 :  0.946 0.009 0.009 0.009 0.027 
 79    C3249    (0)    2 :  0.870 0.042 0.026 0.031 0.031 
 80    C3250    (0)    2 :  0.928 0.019 0.014 0.012 0.028 
 81    C3253    (0)    2 :  0.866 0.031 0.029 0.017 0.057 
 82    C3255    (0)    2 :  0.900 0.017 0.012 0.014 0.058 
 83    C3277    (0)    2 :  0.701 0.120 0.091 0.056 0.032 
 84    C3315    (0)    2 :  0.116 0.222 0.235 0.202 0.225 
 85    C3288    (0)    2 :  0.882 0.015 0.031 0.022 0.050 
 86    C3293    (0)    2 :  0.464 0.178 0.086 0.091 0.181 
 87    C4018    (0)    3 :  0.135 0.014 0.008 0.009 0.834 
 88    C3980    (0)    3 :  0.040 0.017 0.014 0.010 0.919 
 89    C3987    (0)    3 :  0.056 0.013 0.013 0.013 0.905 
 90    C3988    (0)    3 :  0.199 0.013 0.015 0.013 0.760 
 91    C3989    (0)    3 :  0.669 0.195 0.018 0.021 0.097 
 92    C4011    (0)    3 :  0.325 0.008 0.007 0.007 0.653 
 93    C4017    (0)    3 :  0.021 0.008 0.007 0.007 0.957 
 94    C4296    (0)    3 :  0.290 0.236 0.114 0.216 0.144 
 95    C4301    (9)    3 :  0.026 0.846 0.044 0.069 0.015 
 96    C4303    (0)    3 :  0.461 0.050 0.403 0.058 0.028 
 97    C4453    (0)    3 :  0.604 0.046 0.043 0.088 0.219 
 98    C4455    (9)    3 :  0.705 0.040 0.085 0.031 0.140 
 99    C4456   (18)    3 :  0.093 0.062 0.156 0.141 0.548 
100    C4457    (9)    3 :  0.694 0.132 0.096 0.037 0.041 
101    C4459    (9)    3 :  0.624 0.020 0.025 0.015 0.316 
102    C4464   (18)    3 :  0.886 0.012 0.010 0.012 0.079 
103    C4468    (9)    3 :  0.875 0.018 0.042 0.018 0.047 
104    C4783    (0)    3 :  0.080 0.023 0.021 0.024 0.852 
105    C4786    (0)    3 :  0.420 0.026 0.018 0.014 0.522 
106    C4789    (9)    3 :  0.539 0.047 0.016 0.012 0.385 
107    C4891    (0)    3 :  0.481 0.056 0.056 0.068 0.339 
108    C4896    (0)    3 :  0.091 0.073 0.055 0.043 0.738 
109    C4898    (0)    3 :  0.063 0.017 0.017 0.021 0.882 
110    C4901    (0)    3 :  0.257 0.022 0.020 0.010 0.691 
111    C4903    (9)    3 :  0.471 0.117 0.089 0.029 0.294 
112    C4904    (0)    3 :  0.076 0.040 0.010 0.020 0.855 
113    C3263    (0)    3 :  0.869 0.014 0.019 0.085 0.012 
114    C3271    (0)    3 :  0.937 0.020 0.013 0.016 0.014 
115    C3272    (0)    3 :  0.869 0.069 0.014 0.031 0.017 
116    C3276    (0)    3 :  0.495 0.362 0.046 0.066 0.031 
117    C3280    (9)    3 :  0.482 0.072 0.050 0.319 0.077 
118    C3305    (9)    3 :  0.901 0.036 0.013 0.019 0.031 
119    C3306    (0)    3 :  0.834 0.037 0.047 0.055 0.027 
120    C3324    (0)    3 :  0.338 0.069 0.020 0.545 0.027 
121    C3329    (0)    3 :  0.372 0.094 0.068 0.124 0.342 
122    C3336    (0)    3 :  0.869 0.052 0.023 0.031 0.024 
123    C3341   (18)    3 :  0.077 0.072 0.071 0.676 0.103 
124    C3409   (18)    3 :  0.612 0.156 0.057 0.076 0.099 
125    C3168    (9)    3 :  0.935 0.015 0.011 0.015 0.025 
126    C3170    (0)    3 :  0.900 0.034 0.013 0.024 0.030 
127    C3214   (18)    3 :  0.770 0.162 0.031 0.012 0.025 
128    C3227    (0)    3 :  0.914 0.026 0.023 0.013 0.025 
129    C3228    (0)    3 :  0.742 0.037 0.050 0.056 0.115 
130    C3278    (0)    3 :  0.911 0.040 0.014 0.025 0.010 
131    C3279    (0)    3 :  0.871 0.070 0.024 0.021 0.014 
132    C3321    (0)    3 :  0.949 0.010 0.008 0.009 0.025 
133    C3322    (0)    3 :  0.500 0.117 0.243 0.048 0.092 
134    C3303    (0)    3 :  0.860 0.051 0.023 0.049 0.017 
135    C3317    (0)    3 :  0.913 0.017 0.017 0.026 0.027 
136    C3355    (0)    3 :  0.943 0.010 0.011 0.015 0.021 
137    C3376    (9)    3 :  0.881 0.047 0.021 0.017 0.033 
138    C3401    (0)    3 :  0.875 0.030 0.036 0.033 0.026 
139    C3203    (9)    3 :  0.833 0.054 0.032 0.048 0.034 
140    C3245    (0)    3 :  0.917 0.029 0.023 0.019 0.011 
141    C3302    (0)    3 :  0.870 0.028 0.031 0.052 0.020 
142    C3307    (0)    3 :  0.411 0.023 0.090 0.237 0.238 
143    C3310    (0)    3 :  0.920 0.017 0.020 0.029 0.014 
144    C3312    (9)    3 :  0.781 0.029 0.081 0.030 0.079 
145    C3345    (0)    3 :  0.917 0.015 0.014 0.031 0.022 
146    C3371    (0)    3 :  0.859 0.018 0.014 0.093 0.015 
147    C3372    (0)    3 :  0.900 0.022 0.019 0.036 0.023 
148    C3380    (9)    3 :  0.935 0.010 0.009 0.008 0.037 
149    C3417    (0)    3 :  0.340 0.075 0.040 0.260 0.285 
150    C4569    (9)    4 :  0.025 0.151 0.050 0.106 0.667 
151    C4570    (9)    4 :  0.021 0.012 0.013 0.014 0.940 
152    C4571    (9)    4 :  0.140 0.019 0.030 0.015 0.797 
153    C4572    (9)    4 :  0.018 0.013 0.023 0.014 0.931 
154    C4573    (9)    4 :  0.061 0.172 0.515 0.056 0.197 
155    C4575    (9)    4 :  0.029 0.048 0.044 0.029 0.850 
156    C4577    (9)    4 :  0.026 0.015 0.011 0.013 0.936 
157    C4578    (9)    4 :  0.037 0.099 0.047 0.035 0.782 
158    C4600   (18)    4 :  0.070 0.139 0.119 0.069 0.602 
159    C4612    (9)    4 :  0.018 0.068 0.016 0.016 0.883 
160    C4621    (0)    4 :  0.075 0.011 0.021 0.007 0.885 
161    C4622    (9)    4 :  0.018 0.009 0.010 0.011 0.952 
162    C4623    (0)    4 :  0.212 0.076 0.063 0.291 0.358 
163    C4624    (0)    4 :  0.023 0.014 0.037 0.019 0.907 
164    C4625    (0)    4 :  0.055 0.085 0.680 0.024 0.157 
165    C4627    (0)    4 :  0.037 0.026 0.025 0.017 0.895 
166    C4631    (0)    4 :  0.011 0.014 0.021 0.067 0.887 
167    C4632    (0)    4 :  0.056 0.017 0.021 0.020 0.886 
168    C3939    (0)    4 :  0.047 0.022 0.011 0.013 0.907 
169    C3940    (0)    4 :  0.027 0.070 0.013 0.026 0.864 
170    C3945    (0)    4 :  0.028 0.011 0.009 0.012 0.939 
171    C4520    (0)    4 :  0.280 0.435 0.087 0.133 0.065 
172    C4522    (0)    4 :  0.119 0.013 0.013 0.012 0.842 
173    C3182    (0)    4 :  0.919 0.016 0.016 0.021 0.028 
174    C3189    (0)    4 :  0.532 0.189 0.176 0.052 0.051 
175    C3191    (9)    4 :  0.873 0.034 0.043 0.031 0.020 
176    C3196    (0)    4 :  0.915 0.028 0.025 0.017 0.015 
177    C3208    (0)    4 :  0.626 0.045 0.049 0.053 0.228 
178    C3211    (0)    4 :  0.875 0.040 0.019 0.031 0.035 
179    C3212    (0)    4 :  0.150 0.578 0.014 0.164 0.094 
180    C3213    (0)    4 :  0.903 0.038 0.015 0.034 0.010 
181    C3215    (0)    4 :  0.353 0.066 0.360 0.053 0.168 
182    C3217    (0)    4 :  0.896 0.026 0.020 0.038 0.021 
183    C3225    (9)    4 :  0.845 0.058 0.041 0.034 0.023 
184    C3226    (0)    4 :  0.867 0.012 0.015 0.013 0.093 
185    C3238    (9)    4 :  0.847 0.020 0.021 0.013 0.099 
186    C3239    (0)    4 :  0.891 0.038 0.014 0.028 0.029 
187    C3269   (18)    4 :  0.437 0.143 0.218 0.030 0.172 
188    C3273    (0)    4 :  0.921 0.027 0.025 0.010 0.017 
189    C3274    (0)    4 :  0.594 0.232 0.046 0.027 0.101 
190    C3354    (0)    4 :  0.906 0.034 0.019 0.020 0.022 
191    C3361    (0)    4 :  0.916 0.022 0.021 0.014 0.027 
192    C3289    (0)    4 :  0.904 0.031 0.018 0.015 0.031 
193    C3169    (0)    4 :  0.937 0.015 0.010 0.011 0.027 
194    C3199    (9)    4 :  0.727 0.029 0.038 0.019 0.187 
195    C3224    (0)    4 :  0.922 0.021 0.026 0.015 0.017 
196    C3261   (18)    4 :  0.908 0.018 0.011 0.019 0.044 
197    C3320    (0)    4 :  0.886 0.029 0.032 0.020 0.033 
198    C4151    (0)    5 :  0.020 0.010 0.009 0.009 0.952 
199    C4152    (0)    5 :  0.031 0.017 0.013 0.012 0.928 
200    C4153    (0)    5 :  0.360 0.040 0.028 0.016 0.556 
201    C4154   (18)    5 :  0.271 0.038 0.015 0.035 0.640 
202    C4157    (0)    5 :  0.603 0.057 0.047 0.030 0.264 
203    C4158    (0)    5 :  0.020 0.009 0.014 0.009 0.949 
204    C4163    (0)    5 :  0.018 0.008 0.009 0.008 0.958 
205    C4165    (0)    5 :  0.066 0.064 0.064 0.417 0.389 
206    C4248    (9)    5 :  0.890 0.030 0.032 0.025 0.023 
207    C4371    (9)    5 :  0.592 0.049 0.023 0.066 0.269 
208    C3936    (0)    5 :  0.027 0.013 0.014 0.019 0.927 
209    C3937    (0)    5 :  0.027 0.010 0.014 0.011 0.938 
210    C3944    (0)    5 :  0.133 0.009 0.008 0.011 0.839 
211    C3954    (0)    5 :  0.865 0.016 0.028 0.009 0.081 
212    C3955    (9)    5 :  0.512 0.032 0.033 0.010 0.412 
213    C3961    (0)    5 :  0.047 0.018 0.012 0.055 0.868 
214    C3974    (0)    5 :  0.045 0.031 0.026 0.018 0.880 
215    C4024    (0)    5 :  0.325 0.030 0.016 0.076 0.552 
216    C4025    (0)    5 :  0.027 0.014 0.015 0.020 0.924 
217    C4028    (0)    5 :  0.077 0.042 0.109 0.024 0.749 
218    C4032   (18)    5 :  0.870 0.014 0.014 0.013 0.088 
219    C4033   (18)    5 :  0.909 0.014 0.017 0.013 0.046 
220    C4034    (0)    5 :  0.706 0.049 0.028 0.166 0.051 
221    C4041    (9)    5 :  0.498 0.246 0.023 0.165 0.069 
222    C4043    (9)    5 :  0.692 0.021 0.018 0.024 0.245 
223    C4044    (9)    5 :  0.154 0.093 0.086 0.547 0.120 
224    C4045    (9)    5 :  0.794 0.022 0.048 0.016 0.120 
225    C4046    (9)    5 :  0.846 0.016 0.036 0.048 0.054 
226    C4047    (0)    5 :  0.715 0.067 0.147 0.031 0.040 
227    C4048    (9)    5 :  0.631 0.122 0.132 0.066 0.047 
228    C4055    (9)    5 :  0.692 0.042 0.057 0.037 0.172 
229    C4057   (18)    5 :  0.876 0.022 0.012 0.038 0.052 
230    C4059    (0)    5 :  0.881 0.025 0.020 0.015 0.060 
231    C4060    (9)    5 :  0.743 0.049 0.025 0.022 0.161 
232    C4064    (9)    5 :  0.380 0.080 0.368 0.048 0.124 
233    C4067    (0)    5 :  0.742 0.040 0.107 0.078 0.033 
234    C4068    (9)    5 :  0.909 0.024 0.029 0.016 0.023 
235    C4070    (9)    5 :  0.493 0.034 0.034 0.177 0.262 
236    C4075   (18)    5 :  0.837 0.034 0.025 0.026 0.077 
237    C4081    (9)    5 :  0.847 0.035 0.042 0.037 0.039 
238    C4082    (0)    5 :  0.651 0.050 0.069 0.035 0.195 
239    C4083    (0)    5 :  0.302 0.097 0.105 0.317 0.178 
240    C4086    (0)    5 :  0.663 0.053 0.192 0.023 0.069 
241    C4088    (9)    5 :  0.053 0.034 0.856 0.016 0.041 
242    C4092    (0)    5 :  0.494 0.041 0.015 0.070 0.379 
243    C4099    (9)    5 :  0.764 0.105 0.041 0.053 0.038 
244    C4104    (0)    5 :  0.468 0.028 0.029 0.052 0.424 
245    C4108   (18)    5 :  0.015 0.408 0.456 0.107 0.014 
246    C4118    (0)    5 :  0.322 0.213 0.269 0.119 0.077 
247    C4131    (0)    5 :  0.157 0.034 0.080 0.026 0.703 
248    C4133    (0)    5 :  0.913 0.022 0.016 0.019 0.029 
249    C4135    (0)    5 :  0.625 0.012 0.008 0.011 0.345 
250    C4136    (0)    5 :  0.042 0.096 0.193 0.048 0.621 
251    C4137    (9)    5 :  0.315 0.031 0.038 0.025 0.591 
252    C4139    (0)    5 :  0.073 0.013 0.009 0.012 0.893 
253    C4140    (9)    5 :  0.271 0.019 0.017 0.026 0.667 
254    C4167    (0)    5 :  0.049 0.016 0.068 0.027 0.840 
255    C4236    (0)    5 :  0.848 0.034 0.050 0.029 0.038 
256    C4237    (0)    5 :  0.038 0.076 0.810 0.032 0.044 
257    C4238    (0)    5 :  0.747 0.045 0.065 0.020 0.124 
258    C4241    (0)    5 :  0.902 0.023 0.017 0.020 0.037 
259    C4247    (9)    5 :  0.465 0.064 0.169 0.209 0.092 
260    C4257    (0)    5 :  0.861 0.040 0.027 0.019 0.052 
261    C4383    (0)    5 :  0.244 0.130 0.077 0.281 0.267 
262    C4397    (9)    5 :  0.824 0.014 0.021 0.014 0.127 
263    C4514    (0)    5 :  0.095 0.014 0.014 0.022 0.855 
264    C4519    (0)    5 :  0.052 0.089 0.011 0.016 0.833 
265    C4527    (0)    5 :  0.576 0.022 0.022 0.023 0.357 
266    C4534    (0)    5 :  0.423 0.143 0.021 0.090 0.322 
267    C4699    (0)    5 :  0.033 0.015 0.066 0.022 0.864 
268    C1541    (9)    5 :  0.943 0.011 0.013 0.015 0.018 
269    C1542    (9)    5 :  0.930 0.018 0.019 0.016 0.017 
270    C1544    (0)    5 :  0.899 0.028 0.028 0.018 0.027 
271    C1547    (9)    5 :  0.242 0.196 0.253 0.238 0.072 
272    C1553    (9)    5 :  0.102 0.214 0.296 0.184 0.203 
273    C1555    (9)    5 :  0.829 0.049 0.051 0.024 0.046 
274    C1557    (0)    5 :  0.850 0.021 0.036 0.028 0.063 
275    C1560    (0)    5 :  0.911 0.036 0.018 0.017 0.018 
276    C1565    (0)    5 :  0.880 0.025 0.017 0.052 0.026 
277    C1567    (0)    5 :  0.840 0.038 0.056 0.031 0.035 
278    C1569    (0)    5 :  0.911 0.015 0.019 0.018 0.037 
279    C1571    (0)    5 :  0.718 0.099 0.097 0.035 0.051 
280    C1576    (0)    5 :  0.666 0.032 0.099 0.029 0.173 
281    C1577    (9)    5 :  0.872 0.034 0.049 0.019 0.025 
282    C1579    (0)    5 :  0.931 0.017 0.019 0.016 0.017 
283    C3990    (0)    6 :  0.041 0.009 0.009 0.010 0.931 
284    C3991    (0)    6 :  0.036 0.027 0.035 0.034 0.868 
285    C3992    (0)    6 :  0.023 0.032 0.028 0.012 0.904 
286    C3994    (0)    6 :  0.392 0.083 0.045 0.130 0.350 
287    C4172    (0)    6 :  0.012 0.072 0.105 0.039 0.772 
288    C4173    (9)    6 :  0.019 0.016 0.013 0.088 0.865 
289    C4232    (9)    6 :  0.962 0.009 0.008 0.008 0.013 
290    C4234    (9)    6 :  0.951 0.012 0.012 0.011 0.014 
291    C4259    (0)    6 :  0.943 0.010 0.013 0.013 0.020 
292    C4260    (0)    6 :  0.928 0.013 0.008 0.008 0.043 
293    C4261    (9)    6 :  0.341 0.115 0.193 0.198 0.153 
294    C4262    (0)    6 :  0.386 0.030 0.018 0.053 0.513 
295    C4263    (0)    6 :  0.854 0.015 0.051 0.040 0.040 
296    C4267    (9)    6 :  0.663 0.019 0.038 0.021 0.259 
297    C4269    (0)    6 :  0.568 0.022 0.034 0.049 0.327 
298    C4272    (0)    6 :  0.909 0.026 0.015 0.023 0.027 
299    C4274    (0)    6 :  0.520 0.401 0.024 0.019 0.036 
300    C4276    (9)    6 :  0.077 0.764 0.113 0.032 0.014 
301    C4278    (0)    6 :  0.756 0.059 0.028 0.059 0.098 
302    C4280    (0)    6 :  0.771 0.046 0.022 0.031 0.130 
303    C4281    (0)    6 :  0.861 0.016 0.029 0.021 0.074 
304    C4282    (0)    6 :  0.456 0.047 0.093 0.389 0.015 
305    C4284    (9)    6 :  0.783 0.010 0.012 0.012 0.183 
306    C4286    (9)    6 :  0.439 0.078 0.033 0.035 0.414 
307    C4287    (0)    6 :  0.633 0.095 0.020 0.070 0.181 
308    C4290    (0)    6 :  0.092 0.376 0.266 0.158 0.108 
309    C4307   (18)    6 :  0.617 0.074 0.020 0.080 0.209 
310    C4310    (9)    6 :  0.845 0.034 0.054 0.015 0.052 
311    C4311   (18)    6 :  0.873 0.044 0.024 0.025 0.034 
312    C4312    (0)    6 :  0.936 0.015 0.020 0.014 0.015 
313    C4314    (0)    6 :  0.799 0.030 0.105 0.020 0.047 
314    C4318    (9)    6 :  0.754 0.103 0.013 0.068 0.063 
315    C4321    (9)    6 :  0.717 0.073 0.017 0.051 0.143 
316    C4324    (0)    6 :  0.631 0.038 0.016 0.051 0.264 
317    C4334    (0)    6 :  0.742 0.029 0.012 0.060 0.157 
318    C4529    (0)    6 :  0.810 0.035 0.044 0.039 0.072 
319    C1582    (9)    6 :  0.854 0.018 0.018 0.015 0.095 
320    C1583    (0)    6 :  0.861 0.036 0.048 0.027 0.028 
321    C1584    (9)    6 :  0.894 0.029 0.030 0.013 0.033 
322    C1585    (0)    6 :  0.877 0.014 0.016 0.010 0.084 
323    C1586    (0)    6 :  0.806 0.025 0.027 0.106 0.036 
324    C1589    (0)    6 :  0.738 0.013 0.013 0.013 0.223 
325    C1591    (0)    6 :  0.907 0.014 0.013 0.011 0.055 
326    C1592    (0)    6 :  0.871 0.035 0.025 0.040 0.029 
327    C1594    (0)    6 :  0.885 0.018 0.045 0.018 0.035 
328    C1597    (9)    6 :  0.853 0.042 0.035 0.031 0.039 
329    C1598    (9)    6 :  0.620 0.021 0.048 0.019 0.292 
330    C1599    (0)    6 :  0.937 0.028 0.010 0.013 0.012 
331    C1601    (0)    6 :  0.329 0.037 0.095 0.058 0.480 
332    C1605    (0)    6 :  0.169 0.541 0.122 0.049 0.119 
333    C1609    (0)    6 :  0.906 0.013 0.012 0.012 0.057 
334    C1610    (0)    6 :  0.719 0.147 0.092 0.024 0.018 
335    C1611    (0)    6 :  0.875 0.027 0.014 0.068 0.015 
336    C1612    (0)    6 :  0.959 0.011 0.011 0.009 0.010 
337    C1613    (0)    6 :  0.896 0.022 0.021 0.033 0.029 
338    C3173    (9)    6 :  0.800 0.055 0.048 0.072 0.025 
339    C3204    (0)    6 :  0.906 0.018 0.030 0.017 0.029 
340    C3223    (9)    6 :  0.233 0.611 0.019 0.116 0.021 
341    C3262    (0)    6 :  0.839 0.049 0.057 0.026 0.029 
342    C3270    (0)    6 :  0.861 0.025 0.019 0.021 0.075 
343    C3300    (0)    6 :  0.782 0.016 0.012 0.010 0.180 
344    C3330    (0)    6 :  0.769 0.046 0.017 0.028 0.139 
345    C3390    (9)    6 :  0.904 0.022 0.016 0.020 0.039 
346    C3424    (9)    6 :  0.841 0.043 0.024 0.020 0.072 
347    C3958    (0)    6 :  0.054 0.013 0.009 0.016 0.908 
348    C3962    (0)    6 :  0.029 0.012 0.010 0.017 0.932 
349    C4019    (0)    6 :  0.023 0.224 0.350 0.223 0.180 
350    C3995   (18)    6 :  0.033 0.017 0.019 0.034 0.897 
351    C4000    (0)    6 :  0.030 0.029 0.020 0.076 0.845 
352    C4002    (0)    6 :  0.055 0.017 0.017 0.027 0.884 
353    C1692    (0)    7 :  0.020 0.676 0.063 0.042 0.199 
354    C1693    (0)    7 :  0.177 0.599 0.018 0.143 0.063 
355    C1694    (0)    7 :  0.068 0.399 0.108 0.394 0.032 
356    C1698    (0)    7 :  0.019 0.477 0.124 0.368 0.012 
357    C1699    (0)    7 :  0.031 0.349 0.505 0.080 0.035 
358    C1700    (0)    7 :  0.079 0.208 0.209 0.377 0.127 
359    C1701    (0)    7 :  0.025 0.269 0.594 0.097 0.014 
360    C1702    (0)    7 :  0.015 0.585 0.258 0.120 0.021 
361    C1703    (0)    7 :  0.012 0.153 0.150 0.655 0.029 
362    C1704    (0)    7 :  0.116 0.248 0.070 0.514 0.051 
363    C1705    (0)    7 :  0.012 0.187 0.022 0.245 0.534 
364    C1706    (0)    7 :  0.021 0.439 0.386 0.139 0.014 
365    C1707    (0)    7 :  0.385 0.348 0.185 0.045 0.037 
366    C1708    (0)    7 :  0.018 0.071 0.024 0.870 0.017 
367    C1709    (0)    7 :  0.022 0.068 0.026 0.809 0.075 
368    C1710    (0)    7 :  0.041 0.298 0.268 0.355 0.038 
369    C1712    (0)    7 :  0.009 0.054 0.023 0.886 0.028 
370    C1714    (0)    7 :  0.015 0.033 0.019 0.917 0.015 
371    C1715    (0)    7 :  0.028 0.547 0.378 0.030 0.017 
372    C1717    (0)    7 :  0.079 0.717 0.063 0.123 0.018 
373    C1718   (18)    7 :  0.058 0.266 0.532 0.123 0.021 
374    C1719    (0)    7 :  0.073 0.043 0.037 0.697 0.149 
375    C1656    (0)    8 :  0.011 0.046 0.856 0.051 0.037 
376    C1657   (18)    8 :  0.025 0.115 0.250 0.584 0.026 
377    C1658    (0)    8 :  0.010 0.462 0.403 0.111 0.014 
378    C1659    (0)    8 :  0.053 0.724 0.184 0.018 0.021 
379    C1661    (9)    8 :  0.067 0.459 0.189 0.234 0.051 
380    C1665    (0)    8 :  0.026 0.331 0.479 0.146 0.019 
381    C1667    (9)    8 :  0.008 0.028 0.016 0.941 0.007 
382    C1676    (9)    8 :  0.014 0.070 0.688 0.194 0.034 
383    C1681    (9)    8 :  0.033 0.280 0.499 0.162 0.025 
384    C1682    (0)    8 :  0.015 0.071 0.128 0.761 0.025 
385    C1685    (0)    8 :  0.035 0.072 0.769 0.085 0.039 
386    C4707    (0)    9 :  0.029 0.052 0.532 0.218 0.168 
387    C4747    (0)    9 :  0.124 0.154 0.037 0.463 0.222 
388    C4772    (0)    9 :  0.065 0.074 0.133 0.057 0.671 
389    C4781    (0)    9 :  0.027 0.094 0.036 0.756 0.087 
390    C4782    (0)    9 :  0.100 0.228 0.191 0.326 0.156 
391    C4787    (0)    9 :  0.028 0.681 0.094 0.065 0.132 
392    C4790    (0)    9 :  0.021 0.058 0.117 0.703 0.101 
393    C4803    (0)    9 :  0.044 0.499 0.067 0.203 0.187 
394    C4813    (0)    9 :  0.015 0.061 0.046 0.036 0.842 
395    C4837    (0)    9 :  0.039 0.376 0.129 0.103 0.353 
396    C4838    (0)    9 :  0.014 0.591 0.219 0.070 0.105 
397    C4843    (0)    9 :  0.034 0.352 0.343 0.154 0.118 
398    C4857    (0)    9 :  0.095 0.039 0.046 0.028 0.793 
399    C4828    (0)    9 :  0.250 0.242 0.300 0.136 0.072 
400    C4835    (0)    9 :  0.016 0.130 0.055 0.022 0.777 
401    C4836    (9)    9 :  0.033 0.339 0.076 0.159 0.394 
402    C4842    (0)    9 :  0.015 0.236 0.529 0.176 0.044 
403    C4863    (9)    9 :  0.028 0.666 0.037 0.158 0.111 
404    C4744    (0)    9 :  0.024 0.175 0.343 0.428 0.029 
405    C4745    (0)    9 :  0.021 0.584 0.234 0.064 0.097 
406    C4768    (0)    9 :  0.047 0.061 0.090 0.505 0.297 
407    C4769    (0)    9 :  0.012 0.097 0.607 0.088 0.195 
408    C4771    (0)    9 :  0.014 0.105 0.588 0.245 0.048 
409    C4784    (0)    9 :  0.031 0.057 0.058 0.663 0.191 
410    C4785    (0)    9 :  0.030 0.032 0.040 0.863 0.035 
411    C4795    (0)    9 :  0.055 0.122 0.042 0.660 0.122 
412    C4796    (0)    9 :  0.018 0.247 0.183 0.518 0.033 
413    C4800    (0)    9 :  0.011 0.597 0.031 0.018 0.342 
414    C4801    (0)    9 :  0.032 0.076 0.324 0.102 0.467 
415    C4802    (0)    9 :  0.445 0.181 0.256 0.048 0.070 
416    C4805    (0)    9 :  0.017 0.065 0.539 0.280 0.099 
417    C4806    (0)    9 :  0.012 0.092 0.790 0.048 0.057 
418    C4850    (0)    9 :  0.071 0.259 0.167 0.073 0.429 
419    C4748    (0)   10 :  0.010 0.102 0.619 0.093 0.177 
420    C4753    (0)   10 :  0.028 0.323 0.272 0.317 0.059 
421    C4754    (0)   10 :  0.019 0.064 0.274 0.326 0.317 
422    C4760    (0)   10 :  0.098 0.185 0.062 0.084 0.571 
423    C4761    (0)   10 :  0.017 0.034 0.512 0.101 0.336 
424    C4762    (0)   10 :  0.013 0.122 0.081 0.289 0.495 
425    C4791    (0)   10 :  0.009 0.464 0.109 0.115 0.303 
426    C4810    (0)   10 :  0.092 0.117 0.705 0.032 0.054 
427    C4812    (0)   10 :  0.050 0.248 0.599 0.041 0.062 
428    C4821    (0)   10 :  0.132 0.284 0.145 0.210 0.229 
429    C4864    (0)   10 :  0.051 0.035 0.081 0.038 0.796 
430    C4866    (0)   10 :  0.013 0.078 0.848 0.024 0.038 
431    C1722    (0)   10 :  0.042 0.159 0.731 0.053 0.014 
432    C1724    (0)   10 :  0.009 0.301 0.651 0.017 0.023 
433    C1725    (0)   10 :  0.052 0.377 0.439 0.120 0.013 
434    C1726    (0)   10 :  0.013 0.464 0.329 0.171 0.023 
435    C1731    (0)   10 :  0.026 0.196 0.607 0.126 0.046 
436    C1733    (9)   10 :  0.029 0.735 0.185 0.021 0.031 
437    C1734    (0)   10 :  0.028 0.621 0.157 0.083 0.111 
438    C1735    (0)   10 :  0.011 0.800 0.136 0.044 0.009 
439    C1738    (0)   10 :  0.028 0.413 0.495 0.018 0.045 
440    C1740    (9)   10 :  0.163 0.380 0.316 0.098 0.043 
441    C1741    (0)   10 :  0.099 0.390 0.030 0.156 0.326 
442    C1742    (0)   10 :  0.032 0.214 0.449 0.266 0.039 
443    C1743    (0)   10 :  0.024 0.217 0.107 0.624 0.028 
444    C1745    (0)   10 :  0.029 0.812 0.051 0.054 0.054 
445    C1746    (0)   10 :  0.040 0.197 0.474 0.179 0.109 
446    C1747    (0)   10 :  0.071 0.313 0.338 0.250 0.028 
447    C4742    (9)   10 :  0.020 0.052 0.054 0.102 0.771 
448    C4752    (0)   10 :  0.031 0.038 0.051 0.032 0.848 
449    C4792    (0)   10 :  0.141 0.091 0.299 0.113 0.355 
450    C4811    (0)   10 :  0.026 0.033 0.016 0.018 0.907 
451    C4814    (0)   10 :  0.023 0.090 0.056 0.063 0.767 
452    C4815    (0)   10 :  0.042 0.764 0.034 0.044 0.116 
453    C4818    (0)   10 :  0.102 0.136 0.367 0.088 0.307 
454    C4819    (0)   10 :  0.061 0.121 0.275 0.197 0.345 
455    C4826    (0)   10 :  0.012 0.454 0.259 0.221 0.055 
456    C4829    (0)   10 :  0.065 0.186 0.116 0.606 0.027 
457    C4830    (0)   10 :  0.019 0.099 0.066 0.754 0.062 
458    C4831    (0)   10 :  0.063 0.023 0.064 0.062 0.787 
459    C4832    (0)   10 :  0.014 0.089 0.183 0.588 0.127 
460    C4858    (0)   10 :  0.016 0.094 0.026 0.474 0.389 
461    C4757    (0)   10 :  0.054 0.224 0.496 0.053 0.172 
462    C4770    (9)   10 :  0.424 0.285 0.023 0.061 0.207 
463    C4808    (0)   10 :  0.020 0.099 0.119 0.173 0.588 
464    C4809    (0)   10 :  0.010 0.108 0.817 0.032 0.033 
465    C4820    (0)   10 :  0.023 0.199 0.454 0.280 0.044 
466    C4824    (0)   10 :  0.010 0.566 0.022 0.354 0.048 
467    C4706    (0)   11 :  0.012 0.422 0.448 0.086 0.032 
468    C4708    (0)   11 :  0.038 0.012 0.011 0.014 0.926 
469    C4709    (0)   11 :  0.016 0.098 0.029 0.739 0.118 
470    C4714    (0)   11 :  0.048 0.060 0.063 0.458 0.372 
471    C4722    (0)   11 :  0.020 0.075 0.179 0.563 0.162 
472    C4726    (0)   11 :  0.087 0.226 0.402 0.044 0.241 
473    C4733    (0)   11 :  0.046 0.041 0.213 0.106 0.593 
474    C4734    (0)   11 :  0.018 0.077 0.641 0.085 0.180 
475    C4737    (0)   11 :  0.016 0.041 0.023 0.851 0.069 
476    C4882    (0)   11 :  0.017 0.195 0.583 0.179 0.026 
477    C4883    (0)   11 :  0.021 0.025 0.015 0.584 0.355 
478    C4702    (9)   11 :  0.119 0.249 0.159 0.264 0.209 
479    C4703    (0)   11 :  0.025 0.047 0.024 0.054 0.850 
480    C4727    (0)   11 :  0.011 0.108 0.635 0.169 0.077 
481    C4732    (0)   11 :  0.016 0.107 0.034 0.740 0.103 
482    C4735    (0)   11 :  0.018 0.770 0.024 0.066 0.122 
483    C4736    (0)   11 :  0.019 0.014 0.021 0.033 0.913 
484    C4746    (0)   11 :  0.015 0.112 0.052 0.305 0.516 
485    C4777    (0)   11 :  0.022 0.638 0.285 0.045 0.010 
486    C4846    (0)   11 :  0.203 0.078 0.068 0.173 0.479 
487    C4847    (0)   11 :  0.012 0.146 0.555 0.163 0.124 
488    C4884    (0)   11 :  0.021 0.356 0.055 0.365 0.203 
489    C4705    (0)   11 :  0.027 0.533 0.027 0.016 0.397 
490    C4711    (0)   11 :  0.021 0.060 0.509 0.237 0.173 
491    C4713    (9)   11 :  0.069 0.427 0.226 0.103 0.174 
492    C4716    (0)   11 :  0.023 0.276 0.163 0.166 0.372 
493    C4717    (0)   11 :  0.029 0.028 0.087 0.027 0.828 
494    C4719    (0)   11 :  0.017 0.118 0.507 0.314 0.044 
495    C4721    (0)   11 :  0.039 0.017 0.023 0.019 0.902 
496    C4729    (0)   11 :  0.014 0.419 0.098 0.053 0.416 
497    C4730    (0)   11 :  0.022 0.033 0.038 0.046 0.862 
498    C4773    (0)   11 :  0.030 0.011 0.044 0.012 0.904 
499    C4861    (0)   11 :  0.026 0.268 0.525 0.133 0.048 
500    C4890    (0)   11 :  0.015 0.057 0.044 0.050 0.835 
501    C4718    (0)   11 :  0.026 0.340 0.165 0.304 0.165 
502    C4724    (0)   11 :  0.016 0.171 0.088 0.051 0.674 
503    C4738    (0)   11 :  0.015 0.022 0.529 0.020 0.413 
504    C4739    (0)   11 :  0.039 0.051 0.786 0.064 0.061 
505    C4844    (0)   11 :  0.039 0.137 0.114 0.065 0.644 
506    C4845    (0)   11 :  0.021 0.085 0.037 0.751 0.106 
507    C4681    (0)   11 :  0.225 0.018 0.030 0.021 0.707 
508    C4682    (0)   11 :  0.167 0.211 0.172 0.291 0.159 
509    C4683    (0)   11 :  0.090 0.048 0.041 0.056 0.765 
510    C4685    (0)   11 :  0.034 0.225 0.055 0.314 0.372 
511    C4715    (0)   11 :  0.041 0.661 0.030 0.172 0.096 
512    C4725    (0)   11 :  0.015 0.287 0.304 0.373 0.022 
513    C4799    (0)   11 :  0.237 0.379 0.040 0.107 0.238 
514    C4889    (9)   11 :  0.014 0.030 0.079 0.038 0.839 
515    C4641    (0)   12 :  0.008 0.018 0.018 0.015 0.942 
516    C4651    (0)   12 :  0.027 0.026 0.466 0.029 0.452 
517    C4657    (0)   12 :  0.009 0.006 0.009 0.012 0.963 
518    C4658    (0)   12 :  0.020 0.033 0.033 0.045 0.869 
519    C4660    (0)   12 :  0.023 0.079 0.109 0.113 0.677 
520    C4665    (0)   12 :  0.010 0.016 0.014 0.012 0.948 
521    C4666    (0)   12 :  0.013 0.779 0.022 0.024 0.162 
522    C4667    (0)   12 :  0.009 0.016 0.019 0.020 0.935 
523    C4668    (0)   12 :  0.037 0.053 0.071 0.015 0.824 
524    C4669    (0)   12 :  0.009 0.019 0.013 0.018 0.942 
525    C4670    (0)   12 :  0.008 0.086 0.091 0.148 0.668 
526    C4671    (0)   12 :  0.040 0.248 0.017 0.071 0.624 
527    C4672    (0)   12 :  0.106 0.129 0.258 0.067 0.440 
528    C4633    (0)   13 :  0.020 0.016 0.014 0.014 0.937 
529    C4635    (0)   13 :  0.011 0.018 0.053 0.023 0.895 
530    C4653    (0)   13 :  0.070 0.176 0.069 0.028 0.657 
531    C4654    (0)   13 :  0.018 0.015 0.018 0.030 0.920 
532    C4675    (0)   13 :  0.025 0.180 0.145 0.035 0.616 
533    C4679    (0)   13 :  0.010 0.069 0.840 0.068 0.013 
534    C4684    (0)   13 :  0.068 0.063 0.017 0.014 0.838 
535    C4686    (0)   13 :  0.023 0.031 0.015 0.019 0.912 
536    C4687    (0)   13 :  0.065 0.027 0.016 0.018 0.873 
537    U1941    (0)   14 :  0.034 0.914 0.029 0.012 0.011 
538    U1942    (0)   14 :  0.131 0.528 0.065 0.112 0.164 
539    U1957    (9)   14 :  0.559 0.220 0.083 0.085 0.053 
540    U2016    (0)   14 :  0.012 0.366 0.448 0.167 0.007 
541    U2021    (9)   14 :  0.032 0.237 0.051 0.652 0.028 
542    U2022    (0)   14 :  0.023 0.152 0.030 0.782 0.012 
543    U2023    (0)   14 :  0.012 0.446 0.195 0.327 0.020 
544    U2024    (0)   14 :  0.034 0.093 0.119 0.714 0.040 
545    U2025    (9)   14 :  0.053 0.443 0.047 0.438 0.019 
546    U2026    (0)   14 :  0.258 0.351 0.036 0.331 0.024 
547    U2027    (0)   14 :  0.026 0.082 0.777 0.086 0.029 
548    U2028    (0)   14 :  0.011 0.155 0.275 0.549 0.010 
549    U2029    (0)   14 :  0.012 0.042 0.072 0.836 0.038 
550    U2030    (0)   14 :  0.012 0.169 0.429 0.377 0.013 
551    U2031    (0)   14 :  0.013 0.236 0.528 0.205 0.017 
552    U1943    (0)   14 :  0.022 0.062 0.020 0.860 0.036 
553    U1944    (0)   14 :  0.019 0.106 0.195 0.648 0.032 
554    U1945    (0)   14 :  0.017 0.211 0.161 0.596 0.015 
555    U1946    (0)   14 :  0.026 0.163 0.677 0.112 0.022 
556    U1947    (0)   14 :  0.021 0.500 0.047 0.414 0.018 
557    U1948    (0)   14 :  0.068 0.742 0.070 0.076 0.045 
558    U1949    (0)   14 :  0.023 0.343 0.282 0.332 0.019 
559    U1955    (0)   14 :  0.155 0.425 0.340 0.040 0.041 
560    U2005    (0)   14 :  0.104 0.692 0.015 0.181 0.008 
561    U2006    (0)   14 :  0.015 0.905 0.047 0.024 0.010 
562    U2007    (0)   14 :  0.033 0.902 0.021 0.033 0.012 
563    U2008    (0)   14 :  0.008 0.951 0.012 0.022 0.007 
564    U2010    (9)   14 :  0.119 0.653 0.024 0.178 0.026 
565    U2011    (0)   14 :  0.026 0.627 0.299 0.036 0.012 
566    U2012    (0)   14 :  0.016 0.694 0.056 0.221 0.012 
567    U2014    (0)   14 :  0.018 0.549 0.070 0.273 0.090 
568    U2702    (0)   14 :  0.027 0.016 0.022 0.911 0.023 
569    U2703    (0)   14 :  0.024 0.083 0.031 0.748 0.114 
570    U2704    (0)   14 :  0.064 0.543 0.050 0.310 0.033 
571    U2706   (18)   14 :  0.018 0.632 0.170 0.133 0.048 
572    U2707    (0)   14 :  0.017 0.154 0.598 0.206 0.025 
573    U2708    (0)   14 :  0.016 0.129 0.101 0.703 0.050 
574    U2698    (0)   14 :  0.165 0.243 0.365 0.133 0.093 
575    U2700    (0)   14 :  0.048 0.434 0.290 0.202 0.026 
576    U1924    (0)   14 :  0.024 0.511 0.164 0.266 0.036 
577    U1930    (0)   14 :  0.024 0.287 0.632 0.037 0.020 
578    U1931    (0)   14 :  0.030 0.473 0.114 0.212 0.170 
579    U1933    (0)   14 :  0.012 0.698 0.126 0.120 0.044 
580    U1934    (0)   14 :  0.263 0.585 0.038 0.081 0.034 
581    U1935    (0)   14 :  0.213 0.637 0.032 0.074 0.045 
582    U1936    (9)   14 :  0.011 0.389 0.055 0.524 0.021 
583    U1938    (0)   14 :  0.026 0.494 0.255 0.154 0.071 
584    U1939    (0)   14 :  0.119 0.123 0.598 0.053 0.108 
585    U1950    (0)   14 :  0.014 0.543 0.366 0.055 0.021 
586    U1951    (0)   14 :  0.043 0.181 0.091 0.628 0.057 
587    U1953    (0)   14 :  0.019 0.048 0.850 0.076 0.008 
588    U1954    (0)   14 :  0.009 0.705 0.136 0.138 0.012 
589    U2044    (0)   14 :  0.064 0.113 0.015 0.797 0.010 
590    U2045    (0)   14 :  0.011 0.444 0.415 0.117 0.013 
591    U2046    (9)   14 :  0.030 0.338 0.088 0.520 0.024 
592    U2047    (0)   14 :  0.025 0.028 0.014 0.923 0.011 
593    U2048    (0)   14 :  0.035 0.195 0.238 0.514 0.018 
594    U2050    (0)   14 :  0.024 0.152 0.097 0.705 0.021 
595    U2051    (0)   14 :  0.014 0.364 0.086 0.524 0.012 
596    U2056    (0)   14 :  0.014 0.159 0.772 0.046 0.009 
597    U2057    (0)   14 :  0.050 0.793 0.098 0.040 0.019 
598    U2058    (0)   14 :  0.037 0.558 0.122 0.251 0.031 
599    U2059    (9)   14 :  0.078 0.479 0.287 0.033 0.123 
600    U2060    (0)   14 :  0.010 0.517 0.425 0.031 0.017 
601    U2061    (0)   14 :  0.014 0.084 0.785 0.108 0.008 
602    U2062    (9)   14 :  0.011 0.054 0.875 0.051 0.009 
603    U2063    (9)   14 :  0.022 0.213 0.714 0.037 0.014 
604    U2065    (0)   14 :  0.013 0.083 0.059 0.822 0.023 
605    U2067    (0)   14 :  0.034 0.315 0.438 0.164 0.049 
606    U2068    (0)   14 :  0.145 0.223 0.146 0.452 0.033 
607    U2069    (0)   14 :  0.010 0.784 0.099 0.094 0.014 
608    U2070    (0)   14 :  0.030 0.543 0.339 0.066 0.023 
609    U2071    (0)   14 :  0.020 0.148 0.043 0.777 0.012 
610    U2076    (0)   14 :  0.023 0.185 0.593 0.171 0.028 
611    U2077    (0)   14 :  0.184 0.143 0.345 0.196 0.132 
612    U2082    (0)   14 :  0.043 0.858 0.038 0.038 0.023 
613    U2084    (0)   14 :  0.162 0.720 0.037 0.057 0.023 
614    U2089    (0)   14 :  0.068 0.439 0.198 0.207 0.089 
615    U2090    (0)   14 :  0.041 0.351 0.215 0.057 0.336 
616    U2098    (0)   14 :  0.020 0.570 0.158 0.243 0.009 
617    U2108    (0)   14 :  0.182 0.036 0.016 0.631 0.135 
618    U2111    (0)   14 :  0.026 0.126 0.061 0.741 0.046 
619    U2113    (0)   14 :  0.046 0.168 0.093 0.657 0.036 
620    U2114    (0)   14 :  0.026 0.730 0.107 0.121 0.015 
