

----------------------------------------------------
STRUCTURE by Pritchard, Stephens and Donnelly (2000)
     and Falush, Stephens and Pritchard (2003)
       Code by Pritchard, Falush and Hubisz
             Version 2.3.4 (Jul 2012)
----------------------------------------------------



Command line arguments:   bin\structure -m C:\Users\eschumacher\Documents\Butternut\butternut_STRUCTURE_withQU\50-50\mainparams -e C:\Users\eschumacher\Documents\Butternut\butternut_STRUCTURE_withQU\50-50\extraparams 
Input File:    C:\Users\eschumacher\Documents\Butternut\butternut_STRUCTURE_withQU\project_data

Run parameters:
   1015 individuals
   11 loci
   4 populations assumed
   50000 Burn-in period
   50000 Reps


--------------------------------------------
Proportion of membership of each pre-defined
 population in each of the 4 clusters

Given    Inferred Clusters              Number of
 Pop       1      2      3      4      Individuals

  1:     0.626  0.076  0.235  0.064       40
  2:     0.488  0.038  0.407  0.068       46
  3:     0.645  0.060  0.228  0.067       63
  4:     0.469  0.075  0.414  0.042       48
  5:     0.568  0.080  0.293  0.060       85
  6:     0.671  0.061  0.214  0.054       70
  7:     0.082  0.284  0.116  0.518       22
  8:     0.033  0.480  0.043  0.444       11
  9:     0.069  0.235  0.378  0.317       33
 10:     0.056  0.356  0.352  0.237       48
 11:     0.056  0.180  0.509  0.255       48
 12:     0.029  0.089  0.819  0.064       13
 13:     0.045  0.146  0.780  0.029        9
 14:     0.092  0.359  0.065  0.484       90
 15:     0.045  0.201  0.046  0.707       63
 16:     0.152  0.347  0.088  0.413       16
 17:     0.163  0.465  0.160  0.212       31
 18:     0.020  0.804  0.081  0.095       16
 19:     0.162  0.162  0.046  0.631       24
 20:     0.114  0.250  0.060  0.576       12
 21:     0.089  0.376  0.070  0.465       54
 22:     0.089  0.583  0.077  0.251       96
 23:     0.089  0.546  0.036  0.329       22
 24:     0.102  0.672  0.154  0.073       23
 25:     0.039  0.632  0.064  0.265       13
 26:     0.109  0.286  0.096  0.508       19
--------------------------------------------

Allele-freq. divergence among pops (Net nucleotide distance),
computed using point estimates of P.

      1       2       3       4      
 1      -    0.0271  0.0235  0.0241  
 2   0.0271     -    0.0285  0.0085  
 3   0.0235  0.0285     -    0.0228  
 4   0.0241  0.0085  0.0228     -    

Average distances (expected heterozygosity) between individuals in same cluster:
cluster  1  : 0.8236 
cluster  2  : 0.8428 
cluster  3  : 0.8453 
cluster  4  : 0.8567 

--------------------------------------------
Estimated Ln Prob of Data   = -47948.9
Mean value of ln likelihood = -47192.6
Variance of ln likelihood   = 1512.6
Mean value of alpha         = 0.0653

Mean value of Fst_1         = 0.0441
Mean value of Fst_2         = 0.0216
Mean value of Fst_3         = 0.0362
Mean value of Fst_4         = 0.0142


Inferred ancestry of individuals:
        Label (%Miss) Pop:  Inferred clusters
  1    C3984    (0)    1 :  0.810 0.011 0.160 0.019 
  2    C3985    (0)    1 :  0.610 0.017 0.357 0.016 
  3    C3986    (0)    1 :  0.221 0.010 0.754 0.015 
  4    C4231    (0)    1 :  0.307 0.020 0.647 0.026 
  5    C4344    (0)    1 :  0.913 0.017 0.037 0.034 
  6    C4347   (18)    1 :  0.918 0.039 0.030 0.013 
  7    C4352   (18)    1 :  0.578 0.021 0.367 0.034 
  8    C4355    (9)    1 :  0.914 0.019 0.046 0.022 
  9    C4358   (18)    1 :  0.050 0.126 0.068 0.756 
 10    C4419    (9)    1 :  0.310 0.040 0.612 0.037 
 11    C4428    (9)    1 :  0.907 0.019 0.060 0.014 
 12    C4436    (0)    1 :  0.756 0.015 0.213 0.015 
 13    C4437   (18)    1 :  0.458 0.075 0.440 0.027 
 14    C4450    (0)    1 :  0.602 0.101 0.180 0.117 
 15    C4531    (0)    1 :  0.016 0.022 0.938 0.024 
 16    C1615    (0)    1 :  0.274 0.111 0.526 0.089 
 17    C1616    (0)    1 :  0.277 0.555 0.110 0.058 
 18    C1617    (9)    1 :  0.951 0.022 0.015 0.012 
 19    C1618    (0)    1 :  0.153 0.039 0.750 0.058 
 20    C1619    (0)    1 :  0.350 0.055 0.435 0.159 
 21    C1620    (9)    1 :  0.400 0.045 0.431 0.124 
 22    C1621    (0)    1 :  0.271 0.575 0.057 0.098 
 23    C1623    (9)    1 :  0.039 0.191 0.603 0.167 
 24    C1625    (0)    1 :  0.570 0.100 0.202 0.128 
 25    C1626    (0)    1 :  0.512 0.331 0.062 0.095 
 26    C1627    (9)    1 :  0.797 0.048 0.119 0.036 
 27    C1633    (0)    1 :  0.902 0.029 0.051 0.018 
 28    C1637    (0)    1 :  0.929 0.029 0.026 0.016 
 29    C1650    (0)    1 :  0.385 0.054 0.539 0.022 
 30    C3202    (0)    1 :  0.938 0.023 0.023 0.016 
 31    C3248    (0)    1 :  0.953 0.015 0.013 0.019 
 32    C3304    (9)    1 :  0.941 0.027 0.014 0.018 
 33    C3326    (0)    1 :  0.779 0.050 0.116 0.055 
 34    C3333    (0)    1 :  0.930 0.034 0.015 0.021 
 35    C3339   (18)    1 :  0.915 0.030 0.021 0.035 
 36    C3346    (0)    1 :  0.964 0.009 0.015 0.012 
 37    C3349    (0)    1 :  0.918 0.022 0.019 0.041 
 38    C3367   (18)    1 :  0.687 0.041 0.247 0.024 
 39    C3374    (0)    1 :  0.956 0.009 0.024 0.011 
 40    C3405    (0)    1 :  0.882 0.028 0.046 0.043 
 41    C4543    (0)    2 :  0.040 0.013 0.933 0.014 
 42    C4545    (9)    2 :  0.027 0.008 0.948 0.017 
 43    C4551    (9)    2 :  0.054 0.026 0.808 0.112 
 44    C4491    (0)    2 :  0.239 0.038 0.611 0.112 
 45    C4494    (0)    2 :  0.915 0.009 0.065 0.011 
 46    C4495    (0)    2 :  0.577 0.033 0.175 0.216 
 47    C4497    (9)    2 :  0.932 0.015 0.032 0.021 
 48    C4501    (0)    2 :  0.651 0.070 0.114 0.166 
 49    C4502    (0)    2 :  0.371 0.016 0.583 0.031 
 50    C4503    (0)    2 :  0.013 0.017 0.934 0.036 
 51    C4504    (0)    2 :  0.202 0.080 0.132 0.587 
 52    C4470    (0)    2 :  0.499 0.064 0.268 0.169 
 53    C4471    (0)    2 :  0.122 0.015 0.837 0.026 
 54    C4474    (9)    2 :  0.011 0.023 0.943 0.023 
 55    C4476    (0)    2 :  0.655 0.019 0.297 0.029 
 56    C4478    (0)    2 :  0.064 0.014 0.895 0.027 
 57    C4479    (0)    2 :  0.900 0.028 0.059 0.013 
 58    C4482    (0)    2 :  0.285 0.103 0.582 0.030 
 59    C4483    (0)    2 :  0.011 0.012 0.963 0.014 
 60    C4484    (0)    2 :  0.260 0.038 0.637 0.065 
 61    C4485    (0)    2 :  0.682 0.076 0.123 0.120 
 62    C4489    (0)    2 :  0.765 0.021 0.188 0.026 
 63    C4505    (0)    2 :  0.724 0.033 0.197 0.046 
 64    C4507    (0)    2 :  0.125 0.030 0.684 0.161 
 65    C4535    (0)    2 :  0.017 0.018 0.944 0.022 
 66    C4542    (0)    2 :  0.015 0.057 0.871 0.057 
 67    C4553    (9)    2 :  0.182 0.019 0.776 0.022 
 68    C4562   (18)    2 :  0.282 0.026 0.646 0.045 
 69    C4582   (18)    2 :  0.056 0.028 0.894 0.023 
 70    C4693    (0)    2 :  0.029 0.013 0.949 0.009 
 71    C4696    (0)    2 :  0.155 0.036 0.730 0.079 
 72    C3179    (0)    2 :  0.882 0.019 0.019 0.080 
 73    C3181    (0)    2 :  0.914 0.031 0.020 0.034 
 74    C3188    (0)    2 :  0.906 0.029 0.021 0.045 
 75    C3190    (0)    2 :  0.891 0.047 0.040 0.022 
 76    C3193    (0)    2 :  0.946 0.021 0.017 0.015 
 77    C3232    (0)    2 :  0.917 0.012 0.059 0.013 
 78    C3236    (0)    2 :  0.960 0.009 0.021 0.010 
 79    C3249    (0)    2 :  0.904 0.033 0.027 0.036 
 80    C3250    (0)    2 :  0.947 0.016 0.025 0.013 
 81    C3253    (0)    2 :  0.920 0.021 0.037 0.022 
 82    C3255    (0)    2 :  0.936 0.012 0.035 0.016 
 83    C3277    (0)    2 :  0.794 0.096 0.039 0.070 
 84    C3315    (0)    2 :  0.172 0.267 0.295 0.267 
 85    C3288    (0)    2 :  0.871 0.029 0.081 0.019 
 86    C3293    (0)    2 :  0.613 0.104 0.164 0.118 
 87    C4018    (0)    3 :  0.304 0.011 0.675 0.009 
 88    C3980    (0)    3 :  0.064 0.015 0.906 0.014 
 89    C3987    (0)    3 :  0.076 0.013 0.899 0.011 
 90    C3988    (0)    3 :  0.242 0.012 0.731 0.016 
 91    C3989    (0)    3 :  0.858 0.018 0.058 0.066 
 92    C4011    (0)    3 :  0.510 0.007 0.475 0.008 
 93    C4017    (0)    3 :  0.036 0.008 0.948 0.008 
 94    C4296    (0)    3 :  0.385 0.168 0.174 0.273 
 95    C4301    (9)    3 :  0.057 0.636 0.025 0.282 
 96    C4303    (0)    3 :  0.491 0.418 0.036 0.056 
 97    C4453    (0)    3 :  0.668 0.062 0.213 0.057 
 98    C4455    (9)    3 :  0.770 0.056 0.146 0.028 
 99    C4456   (18)    3 :  0.081 0.181 0.669 0.069 
100    C4457    (9)    3 :  0.742 0.165 0.042 0.051 
101    C4459    (9)    3 :  0.799 0.020 0.163 0.018 
102    C4464   (18)    3 :  0.930 0.010 0.049 0.012 
103    C4468    (9)    3 :  0.893 0.038 0.050 0.019 
104    C4783    (0)    3 :  0.090 0.014 0.866 0.029 
105    C4786    (0)    3 :  0.545 0.022 0.418 0.015 
106    C4789    (9)    3 :  0.634 0.020 0.330 0.015 
107    C4891    (0)    3 :  0.524 0.038 0.368 0.070 
108    C4896    (0)    3 :  0.101 0.038 0.822 0.038 
109    C4898    (0)    3 :  0.082 0.016 0.883 0.020 
110    C4901    (0)    3 :  0.302 0.022 0.665 0.011 
111    C4903    (9)    3 :  0.534 0.096 0.331 0.039 
112    C4904    (0)    3 :  0.125 0.011 0.825 0.039 
113    C3263    (0)    3 :  0.913 0.018 0.017 0.052 
114    C3271    (0)    3 :  0.953 0.015 0.015 0.017 
115    C3272    (0)    3 :  0.926 0.019 0.016 0.039 
116    C3276    (0)    3 :  0.654 0.177 0.050 0.119 
117    C3280    (9)    3 :  0.614 0.065 0.085 0.235 
118    C3305    (9)    3 :  0.937 0.015 0.024 0.024 
119    C3306    (0)    3 :  0.869 0.038 0.039 0.055 
120    C3324    (0)    3 :  0.424 0.022 0.034 0.520 
121    C3329    (0)    3 :  0.390 0.062 0.461 0.088 
122    C3336    (0)    3 :  0.917 0.027 0.023 0.033 
123    C3341   (18)    3 :  0.099 0.109 0.232 0.560 
124    C3409   (18)    3 :  0.695 0.074 0.131 0.100 
125    C3168    (9)    3 :  0.947 0.013 0.024 0.016 
126    C3170    (0)    3 :  0.932 0.018 0.026 0.024 
127    C3214   (18)    3 :  0.833 0.128 0.026 0.014 
128    C3227    (0)    3 :  0.920 0.038 0.028 0.014 
129    C3228    (0)    3 :  0.776 0.058 0.117 0.049 
130    C3278    (0)    3 :  0.937 0.022 0.011 0.030 
131    C3279    (0)    3 :  0.914 0.030 0.021 0.035 
132    C3321    (0)    3 :  0.956 0.010 0.025 0.009 
133    C3322    (0)    3 :  0.587 0.233 0.110 0.069 
134    C3303    (0)    3 :  0.897 0.036 0.019 0.048 
135    C3317    (0)    3 :  0.928 0.018 0.027 0.027 
136    C3355    (0)    3 :  0.952 0.012 0.021 0.015 
137    C3376    (9)    3 :  0.918 0.033 0.030 0.019 
138    C3401    (0)    3 :  0.902 0.033 0.029 0.036 
139    C3203    (9)    3 :  0.868 0.054 0.037 0.042 
140    C3245    (0)    3 :  0.939 0.028 0.013 0.020 
141    C3302    (0)    3 :  0.885 0.037 0.034 0.044 
142    C3307    (0)    3 :  0.427 0.045 0.398 0.130 
143    C3310    (0)    3 :  0.943 0.018 0.015 0.024 
144    C3312    (9)    3 :  0.829 0.048 0.075 0.048 
145    C3345    (0)    3 :  0.936 0.014 0.025 0.025 
146    C3371    (0)    3 :  0.885 0.015 0.024 0.076 
147    C3372    (0)    3 :  0.912 0.019 0.036 0.033 
148    C3380    (9)    3 :  0.950 0.011 0.031 0.007 
149    C3417    (0)    3 :  0.418 0.053 0.297 0.233 
150    C4569    (9)    4 :  0.027 0.054 0.852 0.067 
151    C4570    (9)    4 :  0.027 0.012 0.947 0.014 
152    C4571    (9)    4 :  0.174 0.031 0.778 0.017 
153    C4572    (9)    4 :  0.021 0.017 0.949 0.014 
154    C4573    (9)    4 :  0.068 0.600 0.268 0.064 
155    C4575    (9)    4 :  0.034 0.070 0.868 0.028 
156    C4577    (9)    4 :  0.029 0.011 0.949 0.012 
157    C4578    (9)    4 :  0.052 0.088 0.813 0.048 
158    C4600   (18)    4 :  0.075 0.049 0.762 0.113 
159    C4612    (9)    4 :  0.022 0.046 0.913 0.019 
160    C4621    (0)    4 :  0.114 0.019 0.859 0.008 
161    C4622    (9)    4 :  0.033 0.011 0.945 0.012 
162    C4623    (0)    4 :  0.170 0.046 0.661 0.123 
163    C4624    (0)    4 :  0.020 0.026 0.938 0.016 
164    C4625    (0)    4 :  0.073 0.638 0.250 0.039 
165    C4627    (0)    4 :  0.052 0.026 0.906 0.016 
166    C4631    (0)    4 :  0.014 0.017 0.930 0.039 
167    C4632    (0)    4 :  0.104 0.019 0.856 0.021 
168    C3939    (0)    4 :  0.066 0.015 0.906 0.013 
169    C3940    (0)    4 :  0.029 0.017 0.930 0.025 
170    C3945    (0)    4 :  0.054 0.009 0.922 0.015 
171    C4520    (0)    4 :  0.461 0.249 0.107 0.183 
172    C4522    (0)    4 :  0.199 0.013 0.775 0.013 
173    C3182    (0)    4 :  0.935 0.015 0.027 0.022 
174    C3189    (0)    4 :  0.710 0.171 0.044 0.075 
175    C3191    (9)    4 :  0.907 0.047 0.019 0.027 
176    C3196    (0)    4 :  0.929 0.030 0.015 0.026 
177    C3208    (0)    4 :  0.671 0.059 0.226 0.044 
178    C3211    (0)    4 :  0.906 0.029 0.027 0.038 
179    C3212    (0)    4 :  0.310 0.125 0.160 0.406 
180    C3213    (0)    4 :  0.934 0.017 0.012 0.037 
181    C3215    (0)    4 :  0.395 0.368 0.183 0.054 
182    C3217    (0)    4 :  0.921 0.022 0.020 0.037 
183    C3225    (9)    4 :  0.894 0.043 0.025 0.038 
184    C3226    (0)    4 :  0.917 0.013 0.057 0.014 
185    C3238    (9)    4 :  0.881 0.023 0.082 0.014 
186    C3239    (0)    4 :  0.940 0.018 0.022 0.020 
187    C3269   (18)    4 :  0.501 0.249 0.211 0.040 
188    C3273    (0)    4 :  0.941 0.029 0.017 0.012 
189    C3274    (0)    4 :  0.616 0.068 0.264 0.053 
190    C3354    (0)    4 :  0.930 0.022 0.025 0.023 
191    C3361    (0)    4 :  0.936 0.022 0.028 0.014 
192    C3289    (0)    4 :  0.935 0.021 0.026 0.018 
193    C3169    (0)    4 :  0.953 0.013 0.023 0.011 
194    C3199    (9)    4 :  0.764 0.046 0.171 0.019 
195    C3224    (0)    4 :  0.930 0.033 0.019 0.018 
196    C3261   (18)    4 :  0.931 0.011 0.036 0.022 
197    C3320    (0)    4 :  0.911 0.027 0.034 0.027 
198    C4151    (0)    5 :  0.030 0.010 0.952 0.009 
199    C4152    (0)    5 :  0.034 0.015 0.939 0.011 
200    C4153    (0)    5 :  0.462 0.032 0.485 0.020 
201    C4154   (18)    5 :  0.353 0.017 0.579 0.051 
202    C4157    (0)    5 :  0.601 0.030 0.322 0.047 
203    C4158    (0)    5 :  0.024 0.010 0.957 0.009 
204    C4163    (0)    5 :  0.025 0.008 0.960 0.007 
205    C4165    (0)    5 :  0.069 0.026 0.563 0.342 
206    C4248    (9)    5 :  0.912 0.029 0.023 0.036 
207    C4371    (9)    5 :  0.740 0.022 0.179 0.059 
208    C3936    (0)    5 :  0.051 0.014 0.916 0.019 
209    C3937    (0)    5 :  0.034 0.012 0.944 0.011 
210    C3944    (0)    5 :  0.242 0.008 0.739 0.011 
211    C3954    (0)    5 :  0.919 0.026 0.045 0.009 
212    C3955    (9)    5 :  0.703 0.036 0.246 0.015 
213    C3961    (0)    5 :  0.088 0.016 0.858 0.038 
214    C3974    (0)    5 :  0.048 0.027 0.903 0.022 
215    C4024    (0)    5 :  0.425 0.018 0.501 0.056 
216    C4025    (0)    5 :  0.037 0.016 0.934 0.013 
217    C4028    (0)    5 :  0.090 0.071 0.815 0.024 
218    C4032   (18)    5 :  0.914 0.014 0.057 0.015 
219    C4033   (18)    5 :  0.937 0.016 0.030 0.017 
220    C4034    (0)    5 :  0.800 0.032 0.054 0.114 
221    C4041    (9)    5 :  0.715 0.073 0.070 0.142 
222    C4043    (9)    5 :  0.781 0.018 0.178 0.023 
223    C4044    (9)    5 :  0.205 0.123 0.128 0.544 
224    C4045    (9)    5 :  0.861 0.035 0.086 0.019 
225    C4046    (9)    5 :  0.884 0.026 0.054 0.036 
226    C4047    (0)    5 :  0.825 0.099 0.034 0.043 
227    C4048    (9)    5 :  0.760 0.116 0.037 0.087 
228    C4055    (9)    5 :  0.786 0.057 0.120 0.038 
229    C4057   (18)    5 :  0.935 0.013 0.025 0.027 
230    C4059    (0)    5 :  0.899 0.028 0.060 0.013 
231    C4060    (9)    5 :  0.846 0.021 0.108 0.026 
232    C4064    (9)    5 :  0.420 0.259 0.251 0.071 
233    C4067    (0)    5 :  0.821 0.073 0.033 0.072 
234    C4068    (9)    5 :  0.924 0.029 0.026 0.021 
235    C4070    (9)    5 :  0.580 0.029 0.275 0.116 
236    C4075   (18)    5 :  0.881 0.021 0.070 0.028 
237    C4081    (9)    5 :  0.891 0.039 0.036 0.034 
238    C4082    (0)    5 :  0.788 0.059 0.124 0.029 
239    C4083    (0)    5 :  0.319 0.073 0.165 0.444 
240    C4086    (0)    5 :  0.822 0.111 0.041 0.026 
241    C4088    (9)    5 :  0.090 0.806 0.083 0.021 
242    C4092    (0)    5 :  0.695 0.016 0.219 0.070 
243    C4099    (9)    5 :  0.856 0.060 0.039 0.044 
244    C4104    (0)    5 :  0.619 0.027 0.300 0.054 
245    C4108   (18)    5 :  0.016 0.793 0.017 0.175 
246    C4118    (0)    5 :  0.521 0.248 0.081 0.150 
247    C4131    (0)    5 :  0.235 0.070 0.664 0.031 
248    C4133    (0)    5 :  0.939 0.020 0.021 0.020 
249    C4135    (0)    5 :  0.809 0.008 0.170 0.014 
250    C4136    (0)    5 :  0.039 0.210 0.698 0.054 
251    C4137    (9)    5 :  0.475 0.029 0.463 0.033 
252    C4139    (0)    5 :  0.141 0.009 0.837 0.012 
253    C4140    (9)    5 :  0.370 0.014 0.583 0.033 
254    C4167    (0)    5 :  0.048 0.029 0.903 0.019 
255    C4236    (0)    5 :  0.873 0.049 0.045 0.034 
256    C4237    (0)    5 :  0.048 0.858 0.060 0.033 
257    C4238    (0)    5 :  0.821 0.057 0.101 0.021 
258    C4241    (0)    5 :  0.928 0.016 0.034 0.022 
259    C4247    (9)    5 :  0.558 0.185 0.095 0.162 
260    C4257    (0)    5 :  0.888 0.035 0.057 0.020 
261    C4383    (0)    5 :  0.336 0.110 0.322 0.232 
262    C4397    (9)    5 :  0.859 0.016 0.111 0.014 
263    C4514    (0)    5 :  0.164 0.014 0.802 0.021 
264    C4519    (0)    5 :  0.060 0.018 0.908 0.014 
265    C4527    (0)    5 :  0.771 0.016 0.193 0.021 
266    C4534    (0)    5 :  0.597 0.035 0.261 0.108 
267    C4699    (0)    5 :  0.029 0.037 0.917 0.017 
268    C1541    (9)    5 :  0.959 0.012 0.015 0.014 
269    C1542    (9)    5 :  0.951 0.017 0.016 0.016 
270    C1544    (0)    5 :  0.923 0.035 0.022 0.019 
271    C1547    (9)    5 :  0.302 0.395 0.069 0.234 
272    C1553    (9)    5 :  0.155 0.244 0.312 0.289 
273    C1555    (9)    5 :  0.864 0.040 0.069 0.028 
274    C1557    (0)    5 :  0.870 0.032 0.074 0.024 
275    C1560    (0)    5 :  0.937 0.027 0.018 0.019 
276    C1565    (0)    5 :  0.890 0.018 0.036 0.056 
277    C1567    (0)    5 :  0.860 0.070 0.040 0.030 
278    C1569    (0)    5 :  0.905 0.016 0.058 0.021 
279    C1571    (0)    5 :  0.784 0.136 0.039 0.041 
280    C1576    (0)    5 :  0.732 0.070 0.172 0.026 
281    C1577    (9)    5 :  0.904 0.050 0.024 0.023 
282    C1579    (0)    5 :  0.941 0.020 0.019 0.020 
283    C3990    (0)    6 :  0.084 0.010 0.896 0.010 
284    C3991    (0)    6 :  0.044 0.031 0.903 0.022 
285    C3992    (0)    6 :  0.031 0.024 0.932 0.012 
286    C3994    (0)    6 :  0.547 0.051 0.307 0.095 
287    C4172    (0)    6 :  0.012 0.052 0.906 0.031 
288    C4173    (9)    6 :  0.021 0.016 0.910 0.053 
289    C4232    (9)    6 :  0.969 0.010 0.013 0.009 
290    C4234    (9)    6 :  0.963 0.011 0.014 0.012 
291    C4259    (0)    6 :  0.960 0.012 0.016 0.012 
292    C4260    (0)    6 :  0.953 0.010 0.026 0.010 
293    C4261    (9)    6 :  0.447 0.141 0.201 0.211 
294    C4262    (0)    6 :  0.488 0.020 0.440 0.051 
295    C4263    (0)    6 :  0.888 0.038 0.039 0.035 
296    C4267    (9)    6 :  0.764 0.032 0.185 0.018 
297    C4269    (0)    6 :  0.640 0.025 0.292 0.043 
298    C4272    (0)    6 :  0.941 0.017 0.021 0.021 
299    C4274    (0)    6 :  0.753 0.159 0.062 0.026 
300    C4276    (9)    6 :  0.070 0.889 0.015 0.026 
301    C4278    (0)    6 :  0.837 0.036 0.069 0.058 
302    C4280    (0)    6 :  0.852 0.023 0.096 0.028 
303    C4281    (0)    6 :  0.877 0.023 0.080 0.020 
304    C4282    (0)    6 :  0.514 0.057 0.021 0.409 
305    C4284    (9)    6 :  0.858 0.010 0.120 0.011 
306    C4286    (9)    6 :  0.437 0.058 0.469 0.037 
307    C4287    (0)    6 :  0.689 0.025 0.207 0.079 
308    C4290    (0)    6 :  0.096 0.680 0.130 0.093 
309    C4307   (18)    6 :  0.695 0.021 0.177 0.107 
310    C4310    (9)    6 :  0.874 0.061 0.048 0.017 
311    C4311   (18)    6 :  0.902 0.031 0.034 0.033 
312    C4312    (0)    6 :  0.944 0.023 0.017 0.015 
313    C4314    (0)    6 :  0.815 0.111 0.054 0.020 
314    C4318    (9)    6 :  0.820 0.015 0.075 0.090 
315    C4321    (9)    6 :  0.818 0.029 0.103 0.050 
316    C4324    (0)    6 :  0.767 0.022 0.167 0.043 
317    C4334    (0)    6 :  0.887 0.015 0.052 0.045 
318    C4529    (0)    6 :  0.886 0.037 0.043 0.034 
319    C1582    (9)    6 :  0.877 0.021 0.088 0.014 
320    C1583    (0)    6 :  0.875 0.064 0.031 0.030 
321    C1584    (9)    6 :  0.917 0.035 0.032 0.015 
322    C1585    (0)    6 :  0.948 0.017 0.024 0.011 
323    C1586    (0)    6 :  0.869 0.024 0.030 0.077 
324    C1589    (0)    6 :  0.799 0.014 0.174 0.013 
325    C1591    (0)    6 :  0.946 0.013 0.029 0.011 
326    C1592    (0)    6 :  0.907 0.028 0.027 0.038 
327    C1594    (0)    6 :  0.902 0.043 0.038 0.016 
328    C1597    (9)    6 :  0.897 0.038 0.031 0.034 
329    C1598    (9)    6 :  0.730 0.040 0.208 0.022 
330    C1599    (0)    6 :  0.958 0.013 0.014 0.015 
331    C1601    (0)    6 :  0.423 0.069 0.436 0.072 
332    C1605    (0)    6 :  0.314 0.286 0.267 0.133 
333    C1609    (0)    6 :  0.951 0.014 0.024 0.012 
334    C1610    (0)    6 :  0.780 0.145 0.022 0.054 
335    C1611    (0)    6 :  0.916 0.013 0.018 0.053 
336    C1612    (0)    6 :  0.968 0.012 0.010 0.009 
337    C1613    (0)    6 :  0.915 0.025 0.031 0.029 
338    C3173    (9)    6 :  0.830 0.051 0.031 0.089 
339    C3204    (0)    6 :  0.929 0.021 0.027 0.022 
340    C3223    (9)    6 :  0.534 0.074 0.030 0.362 
341    C3262    (0)    6 :  0.872 0.064 0.030 0.034 
342    C3270    (0)    6 :  0.908 0.019 0.051 0.022 
343    C3300    (0)    6 :  0.919 0.011 0.060 0.011 
344    C3330    (0)    6 :  0.866 0.019 0.081 0.034 
345    C3390    (9)    6 :  0.936 0.017 0.025 0.022 
346    C3424    (9)    6 :  0.866 0.021 0.085 0.028 
347    C3958    (0)    6 :  0.075 0.009 0.901 0.015 
348    C3962    (0)    6 :  0.040 0.008 0.937 0.016 
349    C4019    (0)    6 :  0.026 0.137 0.340 0.497 
350    C3995   (18)    6 :  0.044 0.019 0.904 0.033 
351    C4000    (0)    6 :  0.031 0.016 0.906 0.047 
352    C4002    (0)    6 :  0.080 0.014 0.882 0.024 
353    C1692    (0)    7 :  0.029 0.160 0.612 0.199 
354    C1693    (0)    7 :  0.425 0.069 0.093 0.413 
355    C1694    (0)    7 :  0.106 0.327 0.036 0.531 
356    C1698    (0)    7 :  0.020 0.139 0.013 0.827 
357    C1699    (0)    7 :  0.027 0.820 0.042 0.112 
358    C1700    (0)    7 :  0.126 0.172 0.230 0.472 
359    C1701    (0)    7 :  0.027 0.557 0.022 0.395 
360    C1702    (0)    7 :  0.018 0.359 0.042 0.581 
361    C1703    (0)    7 :  0.014 0.206 0.041 0.739 
362    C1704    (0)    7 :  0.178 0.112 0.071 0.639 
363    C1705    (0)    7 :  0.013 0.074 0.780 0.133 
364    C1706    (0)    7 :  0.023 0.680 0.018 0.278 
365    C1707    (0)    7 :  0.381 0.502 0.072 0.044 
366    C1708    (0)    7 :  0.018 0.019 0.022 0.941 
367    C1709    (0)    7 :  0.026 0.038 0.097 0.838 
368    C1710    (0)    7 :  0.040 0.179 0.044 0.737 
369    C1712    (0)    7 :  0.011 0.028 0.055 0.906 
370    C1714    (0)    7 :  0.018 0.036 0.025 0.922 
371    C1715    (0)    7 :  0.027 0.873 0.024 0.076 
372    C1717    (0)    7 :  0.122 0.345 0.029 0.504 
373    C1718   (18)    7 :  0.054 0.513 0.025 0.409 
374    C1719    (0)    7 :  0.103 0.045 0.153 0.699 
375    C1656    (0)    8 :  0.013 0.688 0.118 0.180 
376    C1657   (18)    8 :  0.027 0.425 0.030 0.519 
377    C1658    (0)    8 :  0.010 0.677 0.023 0.290 
378    C1659    (0)    8 :  0.067 0.866 0.030 0.037 
379    C1661    (9)    8 :  0.092 0.330 0.061 0.517 
380    C1665    (0)    8 :  0.032 0.606 0.022 0.339 
381    C1667    (9)    8 :  0.009 0.020 0.008 0.963 
382    C1676    (9)    8 :  0.021 0.401 0.057 0.521 
383    C1681    (9)    8 :  0.036 0.735 0.035 0.194 
384    C1682    (0)    8 :  0.019 0.164 0.034 0.783 
385    C1685    (0)    8 :  0.041 0.365 0.059 0.535 
386    C4707    (0)    9 :  0.028 0.124 0.421 0.427 
387    C4747    (0)    9 :  0.175 0.070 0.386 0.370 
388    C4772    (0)    9 :  0.063 0.071 0.804 0.063 
389    C4781    (0)    9 :  0.029 0.057 0.473 0.441 
390    C4782    (0)    9 :  0.149 0.222 0.264 0.364 
391    C4787    (0)    9 :  0.051 0.454 0.269 0.226 
392    C4790    (0)    9 :  0.022 0.058 0.116 0.804 
393    C4803    (0)    9 :  0.063 0.183 0.304 0.451 
394    C4813    (0)    9 :  0.013 0.026 0.934 0.027 
395    C4837    (0)    9 :  0.041 0.074 0.680 0.206 
396    C4838    (0)    9 :  0.019 0.635 0.235 0.111 
397    C4843    (0)    9 :  0.039 0.282 0.281 0.399 
398    C4857    (0)    9 :  0.121 0.043 0.813 0.023 
399    C4828    (0)    9 :  0.282 0.450 0.134 0.135 
400    C4835    (0)    9 :  0.017 0.054 0.908 0.021 
401    C4836    (9)    9 :  0.041 0.108 0.651 0.200 
402    C4842    (0)    9 :  0.017 0.507 0.080 0.396 
403    C4863    (9)    9 :  0.037 0.132 0.251 0.579 
404    C4744    (0)    9 :  0.029 0.281 0.036 0.655 
405    C4745    (0)    9 :  0.030 0.547 0.173 0.250 
406    C4768    (0)    9 :  0.049 0.061 0.413 0.477 
407    C4769    (0)    9 :  0.014 0.647 0.287 0.052 
408    C4771    (0)    9 :  0.017 0.510 0.116 0.357 
409    C4784    (0)    9 :  0.048 0.079 0.439 0.434 
410    C4785    (0)    9 :  0.032 0.049 0.048 0.871 
411    C4795    (0)    9 :  0.080 0.101 0.443 0.377 
412    C4796    (0)    9 :  0.021 0.126 0.057 0.796 
413    C4800    (0)    9 :  0.016 0.116 0.815 0.053 
414    C4801    (0)    9 :  0.028 0.287 0.609 0.076 
415    C4802    (0)    9 :  0.601 0.248 0.062 0.090 
416    C4805    (0)    9 :  0.022 0.324 0.224 0.429 
417    C4806    (0)    9 :  0.016 0.650 0.187 0.147 
418    C4850    (0)    9 :  0.077 0.177 0.579 0.167 
419    C4748    (0)   10 :  0.011 0.544 0.404 0.041 
420    C4753    (0)   10 :  0.040 0.207 0.086 0.668 
421    C4754    (0)   10 :  0.015 0.057 0.686 0.242 
422    C4760    (0)   10 :  0.073 0.043 0.826 0.058 
423    C4761    (0)   10 :  0.018 0.288 0.605 0.089 
424    C4762    (0)   10 :  0.013 0.114 0.695 0.178 
425    C4791    (0)   10 :  0.012 0.191 0.521 0.276 
426    C4810    (0)   10 :  0.108 0.757 0.096 0.040 
427    C4812    (0)   10 :  0.044 0.819 0.081 0.056 
428    C4821    (0)   10 :  0.115 0.125 0.563 0.196 
429    C4864    (0)   10 :  0.048 0.030 0.894 0.027 
430    C4866    (0)   10 :  0.012 0.926 0.039 0.023 
431    C1722    (0)   10 :  0.042 0.889 0.018 0.051 
432    C1724    (0)   10 :  0.008 0.941 0.025 0.026 
433    C1725    (0)   10 :  0.044 0.788 0.015 0.154 
434    C1726    (0)   10 :  0.015 0.513 0.036 0.436 
435    C1731    (0)   10 :  0.028 0.742 0.071 0.158 
436    C1733    (9)   10 :  0.032 0.878 0.052 0.038 
437    C1734    (0)   10 :  0.035 0.452 0.278 0.235 
438    C1735    (0)   10 :  0.016 0.771 0.013 0.200 
439    C1738    (0)   10 :  0.032 0.872 0.059 0.037 
440    C1740    (9)   10 :  0.180 0.519 0.070 0.231 
441    C1741    (0)   10 :  0.122 0.054 0.654 0.170 
442    C1742    (0)   10 :  0.036 0.241 0.055 0.668 
443    C1743    (0)   10 :  0.031 0.249 0.031 0.689 
444    C1745    (0)   10 :  0.041 0.250 0.257 0.452 
445    C1746    (0)   10 :  0.042 0.626 0.171 0.162 
446    C1747    (0)   10 :  0.101 0.689 0.033 0.178 
447    C4742    (9)   10 :  0.020 0.032 0.884 0.064 
448    C4752    (0)   10 :  0.030 0.048 0.897 0.025 
449    C4792    (0)   10 :  0.116 0.113 0.687 0.083 
450    C4811    (0)   10 :  0.029 0.016 0.938 0.017 
451    C4814    (0)   10 :  0.024 0.039 0.877 0.059 
452    C4815    (0)   10 :  0.142 0.263 0.433 0.162 
453    C4818    (0)   10 :  0.107 0.483 0.337 0.073 
454    C4819    (0)   10 :  0.056 0.166 0.590 0.188 
455    C4826    (0)   10 :  0.013 0.235 0.134 0.617 
456    C4829    (0)   10 :  0.071 0.134 0.057 0.738 
457    C4830    (0)   10 :  0.020 0.052 0.137 0.791 
458    C4831    (0)   10 :  0.046 0.027 0.893 0.033 
459    C4832    (0)   10 :  0.017 0.185 0.337 0.461 
460    C4858    (0)   10 :  0.020 0.039 0.562 0.379 
461    C4757    (0)   10 :  0.107 0.389 0.347 0.156 
462    C4770    (9)   10 :  0.492 0.079 0.352 0.077 
463    C4808    (0)   10 :  0.019 0.049 0.832 0.100 
464    C4809    (0)   10 :  0.013 0.545 0.075 0.368 
465    C4820    (0)   10 :  0.027 0.513 0.075 0.386 
466    C4824    (0)   10 :  0.014 0.085 0.094 0.807 
467    C4706    (0)   11 :  0.013 0.787 0.070 0.130 
468    C4708    (0)   11 :  0.051 0.011 0.927 0.012 
469    C4709    (0)   11 :  0.021 0.069 0.218 0.692 
470    C4714    (0)   11 :  0.042 0.046 0.643 0.268 
471    C4722    (0)   11 :  0.023 0.129 0.288 0.560 
472    C4726    (0)   11 :  0.099 0.414 0.430 0.057 
473    C4733    (0)   11 :  0.045 0.051 0.843 0.061 
474    C4734    (0)   11 :  0.020 0.451 0.407 0.122 
475    C4737    (0)   11 :  0.020 0.030 0.099 0.851 
476    C4882    (0)   11 :  0.018 0.561 0.059 0.362 
477    C4883    (0)   11 :  0.021 0.013 0.744 0.222 
478    C4702    (9)   11 :  0.161 0.120 0.305 0.414 
479    C4703    (0)   11 :  0.029 0.033 0.884 0.054 
480    C4727    (0)   11 :  0.014 0.463 0.224 0.299 
481    C4732    (0)   11 :  0.021 0.059 0.250 0.670 
482    C4735    (0)   11 :  0.026 0.093 0.606 0.276 
483    C4736    (0)   11 :  0.021 0.018 0.940 0.021 
484    C4746    (0)   11 :  0.016 0.045 0.771 0.169 
485    C4777    (0)   11 :  0.036 0.646 0.016 0.303 
486    C4846    (0)   11 :  0.271 0.050 0.469 0.209 
487    C4847    (0)   11 :  0.014 0.365 0.288 0.334 
488    C4884    (0)   11 :  0.025 0.102 0.288 0.586 
489    C4705    (0)   11 :  0.049 0.123 0.783 0.046 
490    C4711    (0)   11 :  0.019 0.424 0.320 0.237 
491    C4713    (9)   11 :  0.066 0.533 0.317 0.084 
492    C4716    (0)   11 :  0.030 0.134 0.660 0.176 
493    C4717    (0)   11 :  0.036 0.046 0.891 0.026 
494    C4719    (0)   11 :  0.015 0.082 0.069 0.834 
495    C4721    (0)   11 :  0.043 0.018 0.921 0.017 
496    C4729    (0)   11 :  0.012 0.058 0.865 0.066 
497    C4730    (0)   11 :  0.022 0.031 0.911 0.036 
498    C4773    (0)   11 :  0.030 0.028 0.930 0.012 
499    C4861    (0)   11 :  0.026 0.262 0.084 0.627 
500    C4890    (0)   11 :  0.015 0.034 0.896 0.055 
501    C4718    (0)   11 :  0.029 0.269 0.336 0.366 
502    C4724    (0)   11 :  0.019 0.112 0.808 0.061 
503    C4738    (0)   11 :  0.022 0.188 0.760 0.030 
504    C4739    (0)   11 :  0.057 0.555 0.165 0.224 
505    C4844    (0)   11 :  0.043 0.120 0.723 0.114 
506    C4845    (0)   11 :  0.025 0.056 0.293 0.626 
507    C4681    (0)   11 :  0.267 0.021 0.689 0.024 
508    C4682    (0)   11 :  0.173 0.309 0.398 0.119 
509    C4683    (0)   11 :  0.149 0.043 0.742 0.065 
510    C4685    (0)   11 :  0.031 0.044 0.443 0.481 
511    C4715    (0)   11 :  0.073 0.162 0.454 0.310 
512    C4725    (0)   11 :  0.018 0.303 0.029 0.650 
513    C4799    (0)   11 :  0.408 0.073 0.273 0.246 
514    C4889    (9)   11 :  0.016 0.055 0.895 0.034 
515    C4641    (0)   12 :  0.008 0.015 0.962 0.014 
516    C4651    (0)   12 :  0.034 0.413 0.523 0.030 
517    C4657    (0)   12 :  0.011 0.009 0.970 0.010 
518    C4658    (0)   12 :  0.020 0.030 0.914 0.036 
519    C4660    (0)   12 :  0.026 0.083 0.779 0.112 
520    C4665    (0)   12 :  0.014 0.016 0.955 0.014 
521    C4666    (0)   12 :  0.026 0.138 0.559 0.277 
522    C4667    (0)   12 :  0.011 0.014 0.955 0.020 
523    C4668    (0)   12 :  0.030 0.072 0.882 0.016 
524    C4669    (0)   12 :  0.009 0.019 0.958 0.014 
525    C4670    (0)   12 :  0.008 0.039 0.836 0.116 
526    C4671    (0)   12 :  0.041 0.021 0.852 0.086 
527    C4672    (0)   12 :  0.138 0.284 0.495 0.082 
528    C4633    (0)   13 :  0.025 0.012 0.950 0.013 
529    C4635    (0)   13 :  0.011 0.039 0.929 0.021 
530    C4653    (0)   13 :  0.104 0.117 0.740 0.039 
531    C4654    (0)   13 :  0.017 0.014 0.950 0.019 
532    C4675    (0)   13 :  0.025 0.156 0.775 0.043 
533    C4679    (0)   13 :  0.012 0.899 0.014 0.075 
534    C4684    (0)   13 :  0.095 0.038 0.849 0.018 
535    C4686    (0)   13 :  0.023 0.016 0.941 0.020 
536    C4687    (0)   13 :  0.089 0.023 0.872 0.016 
537    U1941    (0)   14 :  0.086 0.866 0.018 0.030 
538    U1942    (0)   14 :  0.149 0.112 0.479 0.261 
539    U1957    (9)   14 :  0.694 0.149 0.041 0.116 
540    U2016    (0)   14 :  0.014 0.611 0.008 0.367 
541    U2021    (9)   14 :  0.044 0.124 0.042 0.790 
542    U2022    (0)   14 :  0.027 0.031 0.013 0.929 
543    U2023    (0)   14 :  0.014 0.180 0.031 0.775 
544    U2024    (0)   14 :  0.039 0.048 0.043 0.870 
545    U2025    (9)   14 :  0.051 0.034 0.020 0.894 
546    U2026    (0)   14 :  0.326 0.028 0.026 0.620 
547    U2027    (0)   14 :  0.044 0.541 0.093 0.322 
548    U2028    (0)   14 :  0.010 0.030 0.010 0.950 
549    U2029    (0)   14 :  0.012 0.042 0.042 0.904 
550    U2030    (0)   14 :  0.013 0.343 0.015 0.629 
551    U2031    (0)   14 :  0.014 0.552 0.020 0.414 
552    U1943    (0)   14 :  0.035 0.032 0.062 0.870 
553    U1944    (0)   14 :  0.023 0.408 0.040 0.529 
554    U1945    (0)   14 :  0.021 0.194 0.016 0.769 
555    U1946    (0)   14 :  0.026 0.826 0.028 0.120 
556    U1947    (0)   14 :  0.025 0.106 0.017 0.851 
557    U1948    (0)   14 :  0.182 0.196 0.077 0.545 
558    U1949    (0)   14 :  0.024 0.389 0.022 0.565 
559    U1955    (0)   14 :  0.208 0.627 0.048 0.117 
560    U2005    (0)   14 :  0.291 0.047 0.010 0.652 
561    U2006    (0)   14 :  0.020 0.664 0.013 0.303 
562    U2007    (0)   14 :  0.118 0.236 0.018 0.629 
563    U2008    (0)   14 :  0.013 0.157 0.011 0.820 
564    U2010    (9)   14 :  0.263 0.092 0.040 0.604 
565    U2011    (0)   14 :  0.025 0.895 0.012 0.068 
566    U2012    (0)   14 :  0.019 0.246 0.017 0.718 
567    U2014    (0)   14 :  0.026 0.152 0.195 0.627 
568    U2702    (0)   14 :  0.032 0.034 0.035 0.900 
569    U2703    (0)   14 :  0.028 0.037 0.168 0.767 
570    U2704    (0)   14 :  0.121 0.135 0.039 0.705 
571    U2706   (18)   14 :  0.025 0.387 0.082 0.505 
572    U2707    (0)   14 :  0.018 0.824 0.032 0.126 
573    U2708    (0)   14 :  0.016 0.061 0.059 0.864 
574    U2698    (0)   14 :  0.169 0.524 0.138 0.169 
575    U2700    (0)   14 :  0.049 0.256 0.025 0.670 
576    U1924    (0)   14 :  0.028 0.317 0.113 0.542 
577    U1930    (0)   14 :  0.023 0.915 0.020 0.042 
578    U1931    (0)   14 :  0.047 0.243 0.309 0.400 
579    U1933    (0)   14 :  0.018 0.568 0.055 0.359 
580    U1934    (0)   14 :  0.482 0.144 0.043 0.330 
581    U1935    (0)   14 :  0.473 0.189 0.094 0.245 
582    U1936    (9)   14 :  0.012 0.125 0.026 0.837 
583    U1938    (0)   14 :  0.034 0.340 0.144 0.482 
584    U1939    (0)   14 :  0.163 0.291 0.247 0.299 
585    U1950    (0)   14 :  0.019 0.843 0.038 0.100 
586    U1951    (0)   14 :  0.051 0.064 0.119 0.766 
587    U1953    (0)   14 :  0.019 0.868 0.010 0.103 
588    U1954    (0)   14 :  0.010 0.647 0.014 0.329 
589    U2044    (0)   14 :  0.068 0.014 0.014 0.904 
590    U2045    (0)   14 :  0.013 0.582 0.018 0.387 
591    U2046    (9)   14 :  0.033 0.086 0.028 0.852 
592    U2047    (0)   14 :  0.027 0.019 0.013 0.941 
593    U2048    (0)   14 :  0.036 0.163 0.018 0.782 
594    U2050    (0)   14 :  0.027 0.082 0.022 0.869 
595    U2051    (0)   14 :  0.017 0.120 0.017 0.845 
596    U2056    (0)   14 :  0.015 0.911 0.012 0.063 
597    U2057    (0)   14 :  0.093 0.705 0.028 0.174 
598    U2058    (0)   14 :  0.054 0.405 0.066 0.474 
599    U2059    (9)   14 :  0.088 0.685 0.183 0.044 
600    U2060    (0)   14 :  0.011 0.817 0.018 0.154 
601    U2061    (0)   14 :  0.016 0.721 0.011 0.251 
602    U2062    (9)   14 :  0.012 0.881 0.010 0.097 
603    U2063    (9)   14 :  0.021 0.891 0.016 0.072 
604    U2065    (0)   14 :  0.018 0.117 0.038 0.828 
605    U2067    (0)   14 :  0.037 0.688 0.064 0.212 
606    U2068    (0)   14 :  0.156 0.297 0.049 0.499 
607    U2069    (0)   14 :  0.014 0.693 0.017 0.276 
608    U2070    (0)   14 :  0.033 0.841 0.025 0.100 
609    U2071    (0)   14 :  0.023 0.071 0.016 0.891 
610    U2076    (0)   14 :  0.024 0.596 0.035 0.344 
611    U2077    (0)   14 :  0.224 0.273 0.183 0.321 
612    U2082    (0)   14 :  0.116 0.631 0.055 0.198 
613    U2084    (0)   14 :  0.331 0.282 0.032 0.355 
614    U2089    (0)   14 :  0.092 0.553 0.132 0.222 
615    U2090    (0)   14 :  0.048 0.227 0.630 0.095 
616    U2098    (0)   14 :  0.022 0.605 0.011 0.363 
617    U2108    (0)   14 :  0.220 0.020 0.135 0.626 
618    U2111    (0)   14 :  0.031 0.085 0.052 0.832 
619    U2113    (0)   14 :  0.051 0.073 0.051 0.824 
620    U2114    (0)   14 :  0.047 0.529 0.018 0.406 
621    U2115    (0)   14 :  0.014 0.045 0.017 0.924 
622    U2116    (9)   14 :  0.009 0.879 0.034 0.078 
623    U2117    (0)   14 :  0.631 0.057 0.227 0.085 
624    U2119    (0)   14 :  0.027 0.018 0.196 0.759 
625    U2120    (0)   14 :  0.087 0.770 0.025 0.118 
626    U2664    (0)   14 :  0.805 0.064 0.030 0.101 
627    U1198    (9)   15 :  0.065 0.287 0.364 0.284 
628    U1199    (0)   15 :  0.029 0.120 0.137 0.714 
629    U1200    (0)   15 :  0.014 0.025 0.013 0.948 
630    U1201    (0)   15 :  0.016 0.025 0.016 0.944 
631    U1202    (0)   15 :  0.019 0.034 0.019 0.928 
632    U1203    (0)   15 :  0.017 0.026 0.021 0.937 
633    U1205    (0)   15 :  0.033 0.071 0.017 0.879 
634    U1206    (0)   15 :  0.037 0.140 0.143 0.680 
635    U1207    (0)   15 :  0.022 0.034 0.042 0.902 
636    U1208    (0)   15 :  0.024 0.086 0.080 0.809 
637    U1209    (0)   15 :  0.047 0.048 0.014 0.892 
638    U1210    (0)   15 :  0.026 0.060 0.019 0.896 
639    U1211    (0)   15 :  0.074 0.021 0.021 0.884 
640    U1212    (0)   15 :  0.060 0.208 0.024 0.708 
641    U1213    (0)   15 :  0.052 0.171 0.023 0.754 
642    U1214    (9)   15 :  0.026 0.010 0.022 0.942 
643    U1215    (0)   15 :  0.016 0.014 0.096 0.874 
644    U1220    (0)   15 :  0.051 0.017 0.018 0.914 
645    U1224    (0)   15 :  0.020 0.124 0.016 0.840 
646    U1227    (0)   15 :  0.015 0.807 0.082 0.095 
647    U1229    (0)   15 :  0.012 0.023 0.039 0.927 
648    U1230    (0)   15 :  0.011 0.568 0.014 0.407 
649    U1231    (0)   15 :  0.016 0.362 0.016 0.606 
650    U1232    (0)   15 :  0.008 0.020 0.009 0.963 
651    U1233    (9)   15 :  0.030 0.081 0.300 0.590 
652    U1234    (0)   15 :  0.020 0.111 0.012 0.857 
653    U1235    (0)   15 :  0.006 0.022 0.010 0.961 
654    U1236    (0)   15 :  0.082 0.149 0.037 0.732 
655    U1238    (0)   15 :  0.017 0.031 0.018 0.934 
656    U1239    (0)   15 :  0.044 0.037 0.028 0.891 
657    U1240    (0)   15 :  0.024 0.047 0.030 0.899 
658    U1242    (0)   15 :  0.138 0.035 0.049 0.778 
659    U1243    (0)   15 :  0.017 0.049 0.015 0.920 
660    U1245    (0)   15 :  0.023 0.120 0.025 0.833 
661    U1246    (0)   15 :  0.024 0.031 0.030 0.916 
662    U1251    (0)   15 :  0.009 0.034 0.008 0.949 
663    U1273   (18)   15 :  0.015 0.867 0.048 0.070 
664    U1274    (0)   15 :  0.012 0.657 0.071 0.260 
665    U1294    (0)   15 :  0.011 0.036 0.032 0.922 
666    U1304   (18)   15 :  0.020 0.131 0.164 0.685 
667    U1307    (9)   15 :  0.056 0.050 0.014 0.880 
668    U1314    (9)   15 :  0.052 0.103 0.055 0.791 
669    U1315    (0)   15 :  0.019 0.278 0.023 0.681 
670    U1319    (0)   15 :  0.093 0.696 0.044 0.166 
671    U1320    (0)   15 :  0.015 0.639 0.023 0.324 
672    U1324    (0)   15 :  0.012 0.053 0.019 0.915 
673    U1331    (9)   15 :  0.016 0.150 0.025 0.809 
674    U1333    (9)   15 :  0.164 0.219 0.054 0.562 
675    U1340    (0)   15 :  0.025 0.159 0.015 0.801 
676    U1341    (9)   15 :  0.032 0.133 0.035 0.800 
677    U1344    (9)   15 :  0.115 0.399 0.021 0.465 
678    U1345    (0)   15 :  0.025 0.541 0.059 0.375 
679    U1346    (0)   15 :  0.008 0.048 0.012 0.931 
680    U1347    (0)   15 :  0.009 0.911 0.012 0.068 
681    U1348    (0)   15 :  0.015 0.012 0.021 0.952 
682    U1349    (0)   15 :  0.012 0.043 0.015 0.930 
683    U1354    (0)   15 :  0.009 0.019 0.018 0.955 
684    U1375    (0)   15 :  0.017 0.903 0.024 0.056 
685    U1383    (9)   15 :  0.014 0.616 0.019 0.351 
686    U1385    (0)   15 :  0.827 0.048 0.043 0.082 
687    U1386    (0)   15 :  0.026 0.593 0.012 0.369 
688    U1413    (9)   15 :  0.015 0.117 0.085 0.783 
689    U1417    (9)   15 :  0.062 0.218 0.121 0.599 
690    U1852    (0)   16 :  0.025 0.060 0.025 0.890 
691    U1853    (0)   16 :  0.060 0.248 0.087 0.605 
692    U1854    (0)   16 :  0.119 0.649 0.162 0.071 
693    U1855    (0)   16 :  0.079 0.612 0.107 0.202 
694    U1856    (0)   16 :  0.010 0.674 0.026 0.290 
695    U1858    (0)   16 :  0.024 0.073 0.016 0.888 
696    U1859    (0)   16 :  0.019 0.038 0.017 0.926 
697    U1860    (0)   16 :  0.020 0.846 0.037 0.097 
