

----------------------------------------------------
STRUCTURE by Pritchard, Stephens and Donnelly (2000)
     and Falush, Stephens and Pritchard (2003)
       Code by Pritchard, Falush and Hubisz
             Version 2.3.4 (Jul 2012)
----------------------------------------------------



Command line arguments:   bin\structure -m C:\Users\eschumacher\Documents\Butternut\butternut_STRUCTURE_withQU\50-50\mainparams -e C:\Users\eschumacher\Documents\Butternut\butternut_STRUCTURE_withQU\50-50\extraparams 
Input File:    C:\Users\eschumacher\Documents\Butternut\butternut_STRUCTURE_withQU\project_data

Run parameters:
   1015 individuals
   11 loci
   6 populations assumed
   50000 Burn-in period
   50000 Reps


--------------------------------------------
Proportion of membership of each pre-defined
 population in each of the 6 clusters

Given    Inferred Clusters                            Number of
 Pop       1      2      3      4      5      6      Individuals

  1:     0.061  0.066  0.489  0.054  0.280  0.049       40
  2:     0.034  0.074  0.299  0.060  0.472  0.061       46
  3:     0.038  0.063  0.551  0.055  0.249  0.044       63
  4:     0.061  0.072  0.394  0.054  0.375  0.044       48
  5:     0.070  0.049  0.358  0.047  0.424  0.053       85
  6:     0.035  0.071  0.457  0.049  0.339  0.049       70
  7:     0.115  0.267  0.058  0.259  0.041  0.260       22
  8:     0.190  0.182  0.024  0.212  0.023  0.369       11
  9:     0.111  0.195  0.045  0.178  0.168  0.302       33
 10:     0.203  0.216  0.048  0.114  0.148  0.271       48
 11:     0.106  0.151  0.042  0.192  0.249  0.259       48
 12:     0.052  0.073  0.024  0.760  0.034  0.057       13
 13:     0.121  0.043  0.058  0.701  0.055  0.022        9
 14:     0.168  0.290  0.060  0.162  0.038  0.281       90
 15:     0.075  0.174  0.038  0.502  0.021  0.190       63
 16:     0.142  0.307  0.083  0.145  0.045  0.278       16
 17:     0.205  0.344  0.106  0.108  0.105  0.133       31
 18:     0.779  0.037  0.021  0.040  0.038  0.085       16
 19:     0.069  0.185  0.152  0.375  0.028  0.191       24
 20:     0.153  0.225  0.093  0.085  0.035  0.408       12
 21:     0.209  0.249  0.050  0.180  0.038  0.273       54
 22:     0.363  0.231  0.061  0.078  0.055  0.212       96
 23:     0.408  0.208  0.047  0.148  0.032  0.158       22
 24:     0.605  0.080  0.055  0.037  0.129  0.094       23
 25:     0.453  0.166  0.043  0.063  0.020  0.256       13
 26:     0.126  0.293  0.074  0.176  0.039  0.292       19
--------------------------------------------

Allele-freq. divergence among pops (Net nucleotide distance),
computed using point estimates of P.

      1       2       3       4       5       6      
 1      -    0.0121  0.0316  0.0156  0.0441  0.0111  
 2   0.0121     -    0.0230  0.0085  0.0348  0.0061  
 3   0.0316  0.0230     -    0.0265  0.0234  0.0269  
 4   0.0156  0.0085  0.0265     -    0.0293  0.0068  
 5   0.0441  0.0348  0.0234  0.0293     -    0.0331  
 6   0.0111  0.0061  0.0269  0.0068  0.0331     -    

Average distances (expected heterozygosity) between individuals in same cluster:
cluster  1  : 0.8337 
cluster  2  : 0.8519 
cluster  3  : 0.8185 
cluster  4  : 0.8578 
cluster  5  : 0.8270 
cluster  6  : 0.8538 

--------------------------------------------
Estimated Ln Prob of Data   = -48159.8
Mean value of ln likelihood = -46708.4
Variance of ln likelihood   = 2902.8
Mean value of alpha         = 0.0598

Mean value of Fst_1         = 0.0320
Mean value of Fst_2         = 0.0172
Mean value of Fst_3         = 0.0529
Mean value of Fst_4         = 0.0203
Mean value of Fst_5         = 0.0687
Mean value of Fst_6         = 0.0175


Inferred ancestry of individuals:
        Label (%Miss) Pop:  Inferred clusters
  1    C3984    (0)    1 :  0.009 0.026 0.029 0.016 0.907 0.014 
  2    C3985    (0)    1 :  0.016 0.016 0.176 0.015 0.754 0.023 
  3    C3986    (0)    1 :  0.007 0.009 0.031 0.012 0.932 0.009 
  4    C4231    (0)    1 :  0.012 0.048 0.139 0.050 0.702 0.048 
  5    C4344    (0)    1 :  0.015 0.032 0.810 0.019 0.094 0.029 
  6    C4347   (18)    1 :  0.038 0.014 0.875 0.011 0.044 0.017 
  7    C4352   (18)    1 :  0.021 0.018 0.199 0.029 0.699 0.034 
  8    C4355    (9)    1 :  0.018 0.042 0.656 0.036 0.236 0.013 
  9    C4358   (18)    1 :  0.070 0.370 0.028 0.119 0.052 0.361 
 10    C4419    (9)    1 :  0.025 0.191 0.114 0.046 0.593 0.031 
 11    C4428    (9)    1 :  0.020 0.021 0.374 0.016 0.557 0.012 
 12    C4436    (0)    1 :  0.016 0.012 0.689 0.014 0.255 0.014 
 13    C4437   (18)    1 :  0.047 0.074 0.255 0.021 0.564 0.039 
 14    C4450    (0)    1 :  0.078 0.169 0.210 0.119 0.332 0.092 
 15    C4531    (0)    1 :  0.032 0.041 0.013 0.041 0.817 0.056 
 16    C1615    (0)    1 :  0.155 0.067 0.215 0.101 0.347 0.116 
 17    C1616    (0)    1 :  0.241 0.336 0.202 0.020 0.116 0.085 
 18    C1617    (9)    1 :  0.019 0.018 0.924 0.011 0.016 0.012 
 19    C1618    (0)    1 :  0.068 0.024 0.144 0.133 0.553 0.077 
 20    C1619    (0)    1 :  0.079 0.076 0.351 0.220 0.182 0.092 
 21    C1620    (9)    1 :  0.068 0.039 0.469 0.165 0.159 0.100 
 22    C1621    (0)    1 :  0.575 0.087 0.175 0.071 0.048 0.044 
 23    C1623    (9)    1 :  0.155 0.089 0.023 0.367 0.269 0.098 
 24    C1625    (0)    1 :  0.124 0.038 0.617 0.120 0.050 0.052 
 25    C1626    (0)    1 :  0.145 0.207 0.483 0.043 0.029 0.092 
 26    C1627    (9)    1 :  0.059 0.026 0.645 0.027 0.216 0.026 
 27    C1633    (0)    1 :  0.042 0.033 0.756 0.027 0.127 0.015 
 28    C1637    (0)    1 :  0.030 0.025 0.874 0.017 0.036 0.018 
 29    C1650    (0)    1 :  0.043 0.034 0.093 0.022 0.786 0.023 
 30    C3202    (0)    1 :  0.028 0.013 0.895 0.014 0.033 0.017 
 31    C3248    (0)    1 :  0.014 0.017 0.918 0.014 0.015 0.022 
 32    C3304    (9)    1 :  0.015 0.092 0.836 0.015 0.031 0.011 
 33    C3326    (0)    1 :  0.031 0.092 0.632 0.026 0.091 0.128 
 34    C3333    (0)    1 :  0.020 0.019 0.916 0.012 0.015 0.018 
 35    C3339   (18)    1 :  0.016 0.052 0.857 0.026 0.026 0.023 
 36    C3346    (0)    1 :  0.007 0.010 0.948 0.010 0.016 0.009 
 37    C3349    (0)    1 :  0.016 0.051 0.853 0.031 0.017 0.032 
 38    C3367   (18)    1 :  0.032 0.032 0.606 0.023 0.285 0.023 
 39    C3374    (0)    1 :  0.008 0.017 0.780 0.018 0.164 0.013 
 40    C3405    (0)    1 :  0.015 0.077 0.761 0.072 0.049 0.025 
 41    C4543    (0)    2 :  0.015 0.028 0.035 0.031 0.875 0.016 
 42    C4545    (9)    2 :  0.009 0.010 0.017 0.049 0.901 0.014 
 43    C4551    (9)    2 :  0.024 0.043 0.041 0.104 0.534 0.255 
 44    C4491    (0)    2 :  0.028 0.077 0.081 0.085 0.574 0.155 
 45    C4494    (0)    2 :  0.011 0.014 0.363 0.018 0.580 0.014 
 46    C4495    (0)    2 :  0.033 0.044 0.354 0.063 0.271 0.235 
 47    C4497    (9)    2 :  0.018 0.039 0.489 0.027 0.400 0.027 
 48    C4501    (0)    2 :  0.020 0.473 0.114 0.091 0.247 0.054 
 49    C4502    (0)    2 :  0.012 0.021 0.119 0.049 0.787 0.012 
 50    C4503    (0)    2 :  0.020 0.017 0.018 0.465 0.448 0.032 
 51    C4504    (0)    2 :  0.077 0.236 0.024 0.132 0.432 0.100 
 52    C4470    (0)    2 :  0.039 0.112 0.153 0.086 0.418 0.192 
 53    C4471    (0)    2 :  0.011 0.025 0.019 0.030 0.901 0.014 
 54    C4474    (9)    2 :  0.036 0.020 0.008 0.038 0.832 0.066 
 55    C4476    (0)    2 :  0.018 0.032 0.177 0.031 0.715 0.026 
 56    C4478    (0)    2 :  0.011 0.045 0.039 0.067 0.827 0.012 
 57    C4479    (0)    2 :  0.048 0.016 0.798 0.016 0.108 0.013 
 58    C4482    (0)    2 :  0.109 0.058 0.058 0.015 0.719 0.041 
 59    C4483    (0)    2 :  0.012 0.020 0.008 0.021 0.923 0.017 
 60    C4484    (0)    2 :  0.024 0.091 0.109 0.088 0.649 0.038 
 61    C4485    (0)    2 :  0.067 0.161 0.327 0.074 0.233 0.137 
 62    C4489    (0)    2 :  0.019 0.048 0.198 0.028 0.691 0.016 
 63    C4505    (0)    2 :  0.032 0.046 0.166 0.035 0.662 0.059 
 64    C4507    (0)    2 :  0.014 0.120 0.042 0.173 0.556 0.094 
 65    C4535    (0)    2 :  0.036 0.038 0.013 0.048 0.824 0.042 
 66    C4542    (0)    2 :  0.037 0.496 0.017 0.061 0.165 0.224 
 67    C4553    (9)    2 :  0.026 0.025 0.056 0.022 0.819 0.052 
 68    C4562   (18)    2 :  0.035 0.022 0.174 0.081 0.634 0.054 
 69    C4582   (18)    2 :  0.036 0.026 0.022 0.023 0.855 0.037 
 70    C4693    (0)    2 :  0.014 0.010 0.027 0.011 0.929 0.009 
 71    C4696    (0)    2 :  0.042 0.032 0.135 0.095 0.577 0.120 
 72    C3179    (0)    2 :  0.018 0.034 0.820 0.048 0.039 0.040 
 73    C3181    (0)    2 :  0.029 0.081 0.736 0.031 0.089 0.035 
 74    C3188    (0)    2 :  0.044 0.106 0.579 0.055 0.169 0.047 
 75    C3190    (0)    2 :  0.029 0.069 0.822 0.016 0.037 0.027 
 76    C3193    (0)    2 :  0.033 0.018 0.866 0.010 0.049 0.023 
 77    C3232    (0)    2 :  0.013 0.021 0.423 0.019 0.510 0.015 
 78    C3236    (0)    2 :  0.009 0.009 0.920 0.009 0.044 0.010 
 79    C3249    (0)    2 :  0.027 0.041 0.829 0.038 0.042 0.023 
 80    C3250    (0)    2 :  0.019 0.022 0.734 0.014 0.199 0.014 
 81    C3253    (0)    2 :  0.029 0.031 0.358 0.022 0.528 0.033 
 82    C3255    (0)    2 :  0.014 0.017 0.617 0.014 0.321 0.016 
 83    C3277    (0)    2 :  0.083 0.114 0.635 0.055 0.036 0.076 
 84    C3315    (0)    2 :  0.184 0.229 0.047 0.180 0.218 0.142 
 85    C3288    (0)    2 :  0.030 0.015 0.857 0.020 0.062 0.016 
 86    C3293    (0)    2 :  0.062 0.161 0.290 0.076 0.301 0.109 
 87    C4018    (0)    3 :  0.007 0.012 0.038 0.008 0.926 0.009 
 88    C3980    (0)    3 :  0.014 0.017 0.023 0.013 0.920 0.014 
 89    C3987    (0)    3 :  0.014 0.015 0.027 0.015 0.916 0.014 
 90    C3988    (0)    3 :  0.013 0.014 0.098 0.013 0.844 0.018 
 91    C3989    (0)    3 :  0.011 0.092 0.416 0.011 0.410 0.060 
 92    C4011    (0)    3 :  0.006 0.007 0.056 0.006 0.918 0.006 
 93    C4017    (0)    3 :  0.007 0.007 0.012 0.008 0.960 0.007 
 94    C4296    (0)    3 :  0.069 0.136 0.254 0.092 0.124 0.325 
 95    C4301    (9)    3 :  0.026 0.838 0.026 0.067 0.013 0.030 
 96    C4303    (0)    3 :  0.334 0.032 0.542 0.027 0.019 0.046 
 97    C4453    (0)    3 :  0.078 0.056 0.369 0.079 0.398 0.020 
 98    C4455    (9)    3 :  0.076 0.031 0.541 0.030 0.294 0.029 
 99    C4456   (18)    3 :  0.177 0.073 0.134 0.150 0.410 0.057 
100    C4457    (9)    3 :  0.099 0.127 0.614 0.031 0.073 0.056 
101    C4459    (9)    3 :  0.024 0.021 0.210 0.013 0.707 0.024 
102    C4464   (18)    3 :  0.010 0.012 0.670 0.012 0.286 0.012 
103    C4468    (9)    3 :  0.073 0.027 0.681 0.020 0.178 0.022 
104    C4783    (0)    3 :  0.018 0.017 0.067 0.017 0.829 0.052 
105    C4786    (0)    3 :  0.017 0.024 0.437 0.018 0.486 0.018 
106    C4789    (9)    3 :  0.020 0.059 0.399 0.014 0.489 0.020 
107    C4891    (0)    3 :  0.023 0.049 0.479 0.031 0.247 0.171 
108    C4896    (0)    3 :  0.116 0.081 0.168 0.078 0.487 0.070 
109    C4898    (0)    3 :  0.022 0.018 0.075 0.029 0.822 0.032 
110    C4901    (0)    3 :  0.020 0.031 0.518 0.016 0.391 0.023 
111    C4903    (9)    3 :  0.063 0.062 0.700 0.026 0.103 0.045 
112    C4904    (0)    3 :  0.009 0.028 0.063 0.014 0.851 0.035 
113    C3263    (0)    3 :  0.018 0.016 0.882 0.054 0.014 0.016 
114    C3271    (0)    3 :  0.011 0.023 0.904 0.012 0.034 0.016 
115    C3272    (0)    3 :  0.011 0.081 0.829 0.024 0.029 0.027 
116    C3276    (0)    3 :  0.042 0.252 0.558 0.088 0.017 0.043 
117    C3280    (9)    3 :  0.049 0.098 0.388 0.168 0.170 0.127 
118    C3305    (9)    3 :  0.016 0.072 0.759 0.028 0.100 0.026 
119    C3306    (0)    3 :  0.030 0.050 0.790 0.047 0.038 0.046 
120    C3324    (0)    3 :  0.022 0.210 0.335 0.176 0.060 0.196 
121    C3329    (0)    3 :  0.042 0.106 0.357 0.106 0.245 0.144 
122    C3336    (0)    3 :  0.019 0.062 0.821 0.022 0.041 0.035 
123    C3341   (18)    3 :  0.030 0.054 0.051 0.757 0.049 0.060 
124    C3409   (18)    3 :  0.043 0.152 0.609 0.101 0.043 0.052 
125    C3168    (9)    3 :  0.010 0.012 0.928 0.014 0.025 0.011 
126    C3170    (0)    3 :  0.012 0.034 0.882 0.014 0.041 0.016 
127    C3214   (18)    3 :  0.033 0.143 0.774 0.014 0.023 0.014 
128    C3227    (0)    3 :  0.020 0.020 0.919 0.012 0.019 0.011 
129    C3228    (0)    3 :  0.048 0.039 0.521 0.084 0.249 0.059 
130    C3278    (0)    3 :  0.014 0.023 0.920 0.012 0.010 0.020 
131    C3279    (0)    3 :  0.015 0.038 0.892 0.013 0.010 0.034 
132    C3321    (0)    3 :  0.008 0.009 0.927 0.009 0.036 0.010 
133    C3322    (0)    3 :  0.130 0.090 0.528 0.026 0.064 0.162 
134    C3303    (0)    3 :  0.017 0.031 0.874 0.024 0.013 0.041 
135    C3317    (0)    3 :  0.016 0.020 0.882 0.021 0.040 0.021 
136    C3355    (0)    3 :  0.009 0.009 0.934 0.015 0.023 0.010 
137    C3376    (9)    3 :  0.024 0.049 0.832 0.018 0.060 0.018 
138    C3401    (0)    3 :  0.031 0.034 0.832 0.026 0.048 0.029 
139    C3203    (9)    3 :  0.046 0.059 0.765 0.065 0.047 0.017 
140    C3245    (0)    3 :  0.020 0.020 0.924 0.011 0.010 0.015 
141    C3302    (0)    3 :  0.022 0.030 0.878 0.022 0.018 0.030 
142    C3307    (0)    3 :  0.100 0.029 0.346 0.273 0.209 0.043 
143    C3310    (0)    3 :  0.012 0.016 0.923 0.015 0.012 0.021 
144    C3312    (9)    3 :  0.043 0.037 0.588 0.031 0.239 0.061 
145    C3345    (0)    3 :  0.016 0.019 0.892 0.026 0.032 0.015 
146    C3371    (0)    3 :  0.015 0.020 0.864 0.059 0.019 0.023 
147    C3372    (0)    3 :  0.024 0.027 0.832 0.049 0.043 0.026 
148    C3380    (9)    3 :  0.009 0.010 0.918 0.011 0.045 0.008 
149    C3417    (0)    3 :  0.043 0.072 0.233 0.209 0.386 0.057 
150    C4569    (9)    4 :  0.061 0.241 0.026 0.191 0.294 0.187 
151    C4570    (9)    4 :  0.014 0.012 0.016 0.015 0.927 0.015 
152    C4571    (9)    4 :  0.030 0.019 0.107 0.034 0.794 0.016 
153    C4572    (9)    4 :  0.023 0.012 0.013 0.019 0.919 0.014 
154    C4573    (9)    4 :  0.479 0.146 0.039 0.102 0.169 0.065 
155    C4575    (9)    4 :  0.146 0.066 0.043 0.072 0.635 0.037 
156    C4577    (9)    4 :  0.011 0.015 0.029 0.021 0.903 0.021 
157    C4578    (9)    4 :  0.077 0.086 0.038 0.044 0.703 0.052 
158    C4600   (18)    4 :  0.057 0.098 0.037 0.034 0.519 0.255 
159    C4612    (9)    4 :  0.032 0.136 0.020 0.052 0.726 0.034 
160    C4621    (0)    4 :  0.019 0.011 0.023 0.007 0.931 0.009 
161    C4622    (9)    4 :  0.011 0.010 0.014 0.014 0.937 0.014 
162    C4623    (0)    4 :  0.059 0.071 0.145 0.502 0.172 0.051 
163    C4624    (0)    4 :  0.075 0.018 0.027 0.051 0.795 0.034 
164    C4625    (0)    4 :  0.485 0.094 0.038 0.035 0.255 0.093 
165    C4627    (0)    4 :  0.029 0.025 0.023 0.019 0.887 0.017 
166    C4631    (0)    4 :  0.020 0.016 0.018 0.485 0.432 0.029 
167    C4632    (0)    4 :  0.016 0.014 0.026 0.011 0.915 0.017 
168    C3939    (0)    4 :  0.014 0.032 0.046 0.019 0.868 0.022 
169    C3940    (0)    4 :  0.011 0.084 0.023 0.031 0.782 0.068 
170    C3945    (0)    4 :  0.007 0.009 0.012 0.008 0.951 0.014 
171    C4520    (0)    4 :  0.043 0.450 0.117 0.088 0.120 0.182 
172    C4522    (0)    4 :  0.010 0.013 0.032 0.010 0.924 0.010 
173    C3182    (0)    4 :  0.013 0.017 0.902 0.016 0.035 0.016 
174    C3189    (0)    4 :  0.211 0.219 0.327 0.040 0.113 0.091 
175    C3191    (9)    4 :  0.065 0.036 0.814 0.032 0.032 0.021 
176    C3196    (0)    4 :  0.025 0.022 0.897 0.017 0.019 0.021 
177    C3208    (0)    4 :  0.054 0.048 0.617 0.063 0.180 0.037 
178    C3211    (0)    4 :  0.015 0.034 0.867 0.025 0.031 0.028 
179    C3212    (0)    4 :  0.013 0.579 0.126 0.105 0.100 0.076 
180    C3213    (0)    4 :  0.014 0.027 0.906 0.018 0.011 0.023 
181    C3215    (0)    4 :  0.206 0.043 0.527 0.084 0.061 0.080 
182    C3217    (0)    4 :  0.015 0.024 0.891 0.023 0.023 0.024 
183    C3225    (9)    4 :  0.031 0.068 0.800 0.024 0.034 0.043 
184    C3226    (0)    4 :  0.012 0.011 0.565 0.012 0.387 0.012 
185    C3238    (9)    4 :  0.025 0.022 0.775 0.017 0.145 0.015 
186    C3239    (0)    4 :  0.025 0.082 0.642 0.044 0.185 0.022 
187    C3269   (18)    4 :  0.218 0.134 0.236 0.049 0.309 0.054 
188    C3273    (0)    4 :  0.035 0.038 0.866 0.010 0.034 0.016 
189    C3274    (0)    4 :  0.023 0.167 0.631 0.017 0.019 0.144 
190    C3354    (0)    4 :  0.015 0.024 0.909 0.013 0.019 0.021 
191    C3361    (0)    4 :  0.016 0.020 0.909 0.013 0.024 0.016 
192    C3289    (0)    4 :  0.021 0.036 0.802 0.014 0.110 0.018 
193    C3169    (0)    4 :  0.015 0.016 0.816 0.014 0.129 0.009 
194    C3199    (9)    4 :  0.046 0.025 0.684 0.023 0.203 0.018 
195    C3224    (0)    4 :  0.027 0.019 0.882 0.014 0.043 0.015 
196    C3261   (18)    4 :  0.009 0.025 0.766 0.012 0.163 0.024 
197    C3320    (0)    4 :  0.027 0.029 0.857 0.021 0.036 0.031 
198    C4151    (0)    5 :  0.010 0.009 0.019 0.009 0.944 0.009 
199    C4152    (0)    5 :  0.014 0.022 0.022 0.014 0.915 0.012 
200    C4153    (0)    5 :  0.036 0.057 0.203 0.025 0.649 0.031 
201    C4154   (18)    5 :  0.010 0.026 0.072 0.020 0.843 0.027 
202    C4157    (0)    5 :  0.018 0.030 0.284 0.014 0.549 0.106 
203    C4158    (0)    5 :  0.017 0.010 0.020 0.011 0.930 0.012 
204    C4163    (0)    5 :  0.008 0.007 0.009 0.007 0.962 0.007 
205    C4165    (0)    5 :  0.050 0.067 0.036 0.121 0.397 0.327 
206    C4248    (9)    5 :  0.027 0.034 0.714 0.017 0.173 0.036 
207    C4371    (9)    5 :  0.021 0.030 0.138 0.077 0.707 0.027 
208    C3936    (0)    5 :  0.015 0.016 0.018 0.018 0.913 0.021 
209    C3937    (0)    5 :  0.011 0.008 0.013 0.010 0.950 0.009 
210    C3944    (0)    5 :  0.008 0.008 0.059 0.012 0.903 0.009 
211    C3954    (0)    5 :  0.027 0.015 0.191 0.009 0.749 0.009 
212    C3955    (9)    5 :  0.034 0.040 0.153 0.011 0.745 0.017 
213    C3961    (0)    5 :  0.016 0.017 0.028 0.027 0.896 0.016 
214    C3974    (0)    5 :  0.019 0.018 0.019 0.015 0.912 0.018 
215    C4024    (0)    5 :  0.016 0.027 0.081 0.040 0.810 0.026 
216    C4025    (0)    5 :  0.019 0.021 0.032 0.073 0.838 0.017 
217    C4028    (0)    5 :  0.060 0.040 0.048 0.038 0.774 0.041 
218    C4032   (18)    5 :  0.017 0.017 0.333 0.019 0.601 0.013 
219    C4033   (18)    5 :  0.015 0.014 0.863 0.013 0.078 0.016 
220    C4034    (0)    5 :  0.022 0.058 0.676 0.066 0.069 0.109 
221    C4041    (9)    5 :  0.021 0.219 0.566 0.076 0.058 0.061 
222    C4043    (9)    5 :  0.024 0.023 0.366 0.032 0.530 0.025 
223    C4044    (9)    5 :  0.095 0.091 0.097 0.494 0.133 0.090 
224    C4045    (9)    5 :  0.047 0.023 0.618 0.020 0.257 0.035 
225    C4046    (9)    5 :  0.031 0.016 0.795 0.046 0.082 0.030 
226    C4047    (0)    5 :  0.070 0.055 0.665 0.019 0.071 0.120 
227    C4048    (9)    5 :  0.077 0.091 0.641 0.060 0.045 0.087 
228    C4055    (9)    5 :  0.046 0.047 0.101 0.025 0.743 0.038 
229    C4057   (18)    5 :  0.015 0.045 0.143 0.068 0.702 0.026 
230    C4059    (0)    5 :  0.018 0.016 0.906 0.010 0.038 0.011 
231    C4060    (9)    5 :  0.020 0.041 0.060 0.019 0.838 0.022 
232    C4064    (9)    5 :  0.258 0.059 0.253 0.035 0.225 0.171 
233    C4067    (0)    5 :  0.102 0.040 0.719 0.064 0.040 0.034 
234    C4068    (9)    5 :  0.029 0.021 0.886 0.018 0.025 0.021 
235    C4070    (9)    5 :  0.032 0.033 0.631 0.091 0.154 0.059 
236    C4075   (18)    5 :  0.024 0.032 0.745 0.033 0.142 0.025 
237    C4081    (9)    5 :  0.030 0.040 0.770 0.031 0.083 0.045 
238    C4082    (0)    5 :  0.053 0.050 0.267 0.026 0.568 0.037 
239    C4083    (0)    5 :  0.064 0.081 0.180 0.307 0.153 0.215 
240    C4086    (0)    5 :  0.315 0.062 0.301 0.022 0.252 0.048 
241    C4088    (9)    5 :  0.861 0.019 0.040 0.016 0.037 0.027 
242    C4092    (0)    5 :  0.016 0.037 0.078 0.057 0.782 0.028 
243    C4099    (9)    5 :  0.040 0.129 0.628 0.047 0.120 0.035 
244    C4104    (0)    5 :  0.016 0.017 0.024 0.019 0.903 0.021 
245    C4108   (18)    5 :  0.223 0.322 0.016 0.042 0.012 0.384 
246    C4118    (0)    5 :  0.155 0.278 0.110 0.049 0.162 0.246 
247    C4131    (0)    5 :  0.104 0.040 0.109 0.030 0.672 0.045 
248    C4133    (0)    5 :  0.022 0.029 0.519 0.019 0.393 0.018 
249    C4135    (0)    5 :  0.006 0.008 0.015 0.007 0.957 0.008 
250    C4136    (0)    5 :  0.240 0.070 0.032 0.048 0.529 0.081 
251    C4137    (9)    5 :  0.024 0.031 0.151 0.021 0.727 0.046 
252    C4139    (0)    5 :  0.008 0.014 0.032 0.010 0.923 0.014 
253    C4140    (9)    5 :  0.010 0.010 0.032 0.012 0.917 0.019 
254    C4167    (0)    5 :  0.074 0.030 0.070 0.112 0.614 0.101 
255    C4236    (0)    5 :  0.042 0.048 0.703 0.034 0.102 0.071 
256    C4237    (0)    5 :  0.704 0.118 0.025 0.034 0.058 0.061 
257    C4238    (0)    5 :  0.079 0.043 0.493 0.021 0.337 0.027 
258    C4241    (0)    5 :  0.014 0.021 0.872 0.014 0.053 0.025 
259    C4247    (9)    5 :  0.335 0.058 0.171 0.122 0.270 0.044 
260    C4257    (0)    5 :  0.024 0.030 0.859 0.021 0.049 0.017 
261    C4383    (0)    5 :  0.090 0.076 0.086 0.187 0.481 0.080 
262    C4397    (9)    5 :  0.016 0.017 0.246 0.011 0.676 0.033 
263    C4514    (0)    5 :  0.011 0.009 0.021 0.018 0.931 0.010 
264    C4519    (0)    5 :  0.011 0.116 0.052 0.021 0.782 0.018 
265    C4527    (0)    5 :  0.021 0.022 0.379 0.021 0.524 0.033 
266    C4534    (0)    5 :  0.025 0.113 0.169 0.091 0.550 0.053 
267    C4699    (0)    5 :  0.070 0.016 0.026 0.025 0.832 0.031 
268    C1541    (9)    5 :  0.012 0.010 0.921 0.013 0.033 0.011 
269    C1542    (9)    5 :  0.019 0.014 0.916 0.012 0.021 0.018 
270    C1544    (0)    5 :  0.047 0.028 0.760 0.017 0.127 0.022 
271    C1547    (9)    5 :  0.182 0.151 0.169 0.330 0.065 0.103 
272    C1553    (9)    5 :  0.122 0.201 0.099 0.098 0.137 0.343 
273    C1555    (9)    5 :  0.038 0.049 0.792 0.022 0.059 0.040 
274    C1557    (0)    5 :  0.035 0.022 0.785 0.024 0.105 0.030 
275    C1560    (0)    5 :  0.016 0.039 0.880 0.019 0.030 0.017 
276    C1565    (0)    5 :  0.013 0.021 0.859 0.037 0.033 0.038 
277    C1567    (0)    5 :  0.053 0.038 0.796 0.033 0.052 0.028 
278    C1569    (0)    5 :  0.017 0.014 0.888 0.018 0.044 0.019 
279    C1571    (0)    5 :  0.098 0.089 0.656 0.041 0.076 0.040 
280    C1576    (0)    5 :  0.107 0.036 0.445 0.046 0.338 0.028 
281    C1577    (9)    5 :  0.037 0.031 0.846 0.017 0.039 0.029 
282    C1579    (0)    5 :  0.015 0.015 0.911 0.012 0.026 0.021 
283    C3990    (0)    6 :  0.008 0.008 0.015 0.009 0.952 0.008 
284    C3991    (0)    6 :  0.044 0.037 0.026 0.073 0.797 0.023 
285    C3992    (0)    6 :  0.035 0.078 0.016 0.018 0.826 0.026 
286    C3994    (0)    6 :  0.046 0.112 0.170 0.133 0.502 0.037 
287    C4172    (0)    6 :  0.156 0.156 0.013 0.122 0.436 0.117 
288    C4173    (9)    6 :  0.017 0.021 0.039 0.562 0.335 0.026 
289    C4232    (9)    6 :  0.008 0.008 0.951 0.008 0.018 0.007 
290    C4234    (9)    6 :  0.012 0.012 0.908 0.010 0.046 0.013 
291    C4259    (0)    6 :  0.011 0.010 0.923 0.010 0.034 0.012 
292    C4260    (0)    6 :  0.009 0.017 0.698 0.009 0.257 0.010 
293    C4261    (9)    6 :  0.055 0.087 0.275 0.116 0.187 0.280 
294    C4262    (0)    6 :  0.013 0.031 0.299 0.080 0.543 0.035 
295    C4263    (0)    6 :  0.060 0.012 0.829 0.028 0.046 0.025 
296    C4267    (9)    6 :  0.046 0.018 0.342 0.026 0.544 0.025 
297    C4269    (0)    6 :  0.020 0.021 0.178 0.039 0.704 0.037 
298    C4272    (0)    6 :  0.016 0.040 0.701 0.020 0.198 0.026 
299    C4274    (0)    6 :  0.021 0.400 0.462 0.024 0.063 0.031 
300    C4276    (9)    6 :  0.111 0.707 0.107 0.031 0.012 0.033 
301    C4278    (0)    6 :  0.034 0.080 0.143 0.058 0.648 0.036 
302    C4280    (0)    6 :  0.017 0.054 0.477 0.025 0.379 0.048 
303    C4281    (0)    6 :  0.021 0.014 0.880 0.026 0.039 0.020 
304    C4282    (0)    6 :  0.058 0.044 0.611 0.085 0.020 0.182 
305    C4284    (9)    6 :  0.012 0.010 0.246 0.011 0.710 0.011 
306    C4286    (9)    6 :  0.039 0.082 0.600 0.060 0.166 0.053 
307    C4287    (0)    6 :  0.015 0.103 0.408 0.085 0.310 0.079 
308    C4290    (0)    6 :  0.242 0.219 0.060 0.349 0.045 0.085 
309    C4307   (18)    6 :  0.020 0.055 0.261 0.032 0.587 0.044 
310    C4310    (9)    6 :  0.052 0.037 0.780 0.015 0.102 0.015 
311    C4311   (18)    6 :  0.018 0.042 0.853 0.017 0.046 0.024 
312    C4312    (0)    6 :  0.019 0.013 0.903 0.012 0.040 0.013 
313    C4314    (0)    6 :  0.120 0.022 0.766 0.035 0.024 0.033 
314    C4318    (9)    6 :  0.014 0.115 0.616 0.111 0.103 0.041 
315    C4321    (9)    6 :  0.017 0.065 0.276 0.034 0.585 0.023 
316    C4324    (0)    6 :  0.014 0.054 0.371 0.095 0.435 0.031 
317    C4334    (0)    6 :  0.010 0.013 0.046 0.020 0.902 0.009 
318    C4529    (0)    6 :  0.070 0.045 0.630 0.071 0.143 0.042 
319    C1582    (9)    6 :  0.020 0.021 0.632 0.016 0.291 0.019 
320    C1583    (0)    6 :  0.063 0.034 0.812 0.025 0.039 0.027 
321    C1584    (9)    6 :  0.039 0.038 0.645 0.020 0.239 0.020 
322    C1585    (0)    6 :  0.017 0.012 0.057 0.011 0.895 0.008 
323    C1586    (0)    6 :  0.039 0.029 0.628 0.097 0.162 0.046 
324    C1589    (0)    6 :  0.014 0.013 0.377 0.017 0.567 0.012 
325    C1591    (0)    6 :  0.017 0.020 0.458 0.018 0.477 0.011 
326    C1592    (0)    6 :  0.023 0.036 0.824 0.051 0.040 0.027 
327    C1594    (0)    6 :  0.051 0.020 0.793 0.018 0.099 0.020 
328    C1597    (9)    6 :  0.028 0.042 0.814 0.022 0.059 0.036 
329    C1598    (9)    6 :  0.026 0.014 0.173 0.017 0.752 0.017 
330    C1599    (0)    6 :  0.013 0.036 0.883 0.016 0.035 0.017 
331    C1601    (0)    6 :  0.073 0.040 0.305 0.047 0.460 0.076 
332    C1605    (0)    6 :  0.114 0.525 0.066 0.062 0.178 0.055 
333    C1609    (0)    6 :  0.014 0.014 0.117 0.017 0.826 0.012 
334    C1610    (0)    6 :  0.074 0.100 0.698 0.020 0.024 0.084 
335    C1611    (0)    6 :  0.011 0.020 0.914 0.027 0.011 0.017 
336    C1612    (0)    6 :  0.009 0.009 0.956 0.007 0.011 0.008 
337    C1613    (0)    6 :  0.023 0.021 0.859 0.042 0.035 0.019 
338    C3173    (9)    6 :  0.041 0.059 0.736 0.033 0.063 0.070 
339    C3204    (0)    6 :  0.022 0.016 0.897 0.017 0.032 0.016 
340    C3223    (9)    6 :  0.019 0.587 0.250 0.064 0.023 0.057 
341    C3262    (0)    6 :  0.053 0.042 0.837 0.024 0.025 0.020 
342    C3270    (0)    6 :  0.019 0.031 0.470 0.019 0.434 0.027 
343    C3300    (0)    6 :  0.008 0.011 0.050 0.008 0.915 0.008 
344    C3330    (0)    6 :  0.014 0.043 0.401 0.024 0.487 0.030 
345    C3390    (9)    6 :  0.019 0.033 0.426 0.022 0.476 0.024 
346    C3424    (9)    6 :  0.015 0.043 0.845 0.018 0.037 0.043 
347    C3958    (0)    6 :  0.009 0.013 0.024 0.013 0.925 0.017 
348    C3962    (0)    6 :  0.007 0.015 0.015 0.013 0.926 0.024 
349    C4019    (0)    6 :  0.051 0.086 0.012 0.026 0.053 0.772 
350    C3995   (18)    6 :  0.021 0.017 0.023 0.033 0.879 0.027 
351    C4000    (0)    6 :  0.018 0.054 0.048 0.089 0.621 0.170 
352    C4002    (0)    6 :  0.016 0.014 0.040 0.021 0.884 0.024 
353    C1692    (0)    7 :  0.047 0.584 0.017 0.036 0.102 0.213 
354    C1693    (0)    7 :  0.017 0.560 0.145 0.180 0.042 0.057 
355    C1694    (0)    7 :  0.136 0.316 0.074 0.319 0.029 0.126 
356    C1698    (0)    7 :  0.077 0.348 0.017 0.164 0.011 0.383 
357    C1699    (0)    7 :  0.471 0.261 0.024 0.081 0.031 0.133 
358    C1700    (0)    7 :  0.081 0.138 0.049 0.116 0.083 0.532 
359    C1701    (0)    7 :  0.338 0.152 0.021 0.050 0.013 0.426 
360    C1702    (0)    7 :  0.084 0.415 0.014 0.090 0.014 0.384 
361    C1703    (0)    7 :  0.085 0.094 0.011 0.417 0.019 0.374 
362    C1704    (0)    7 :  0.061 0.224 0.057 0.327 0.072 0.259 
363    C1705    (0)    7 :  0.026 0.256 0.011 0.488 0.148 0.072 
364    C1706    (0)    7 :  0.435 0.346 0.020 0.069 0.012 0.117 
365    C1707    (0)    7 :  0.183 0.218 0.473 0.057 0.021 0.047 
366    C1708    (0)    7 :  0.021 0.063 0.017 0.774 0.014 0.111 
367    C1709    (0)    7 :  0.032 0.087 0.020 0.599 0.052 0.209 
368    C1710    (0)    7 :  0.086 0.213 0.031 0.086 0.028 0.557 
369    C1712    (0)    7 :  0.019 0.070 0.010 0.430 0.024 0.447 
370    C1714    (0)    7 :  0.038 0.090 0.014 0.734 0.020 0.105 
371    C1715    (0)    7 :  0.138 0.545 0.029 0.023 0.017 0.248 
372    C1717    (0)    7 :  0.034 0.637 0.102 0.054 0.015 0.158 
373    C1718   (18)    7 :  0.089 0.222 0.051 0.037 0.018 0.583 
374    C1719    (0)    7 :  0.026 0.043 0.076 0.573 0.111 0.170 
375    C1656    (0)    8 :  0.512 0.087 0.010 0.120 0.040 0.231 
376    C1657   (18)    8 :  0.336 0.104 0.025 0.307 0.021 0.207 
377    C1658    (0)    8 :  0.147 0.258 0.009 0.079 0.010 0.499 
378    C1659    (0)    8 :  0.160 0.662 0.053 0.021 0.025 0.078 
379    C1661    (9)    8 :  0.080 0.159 0.056 0.351 0.036 0.318 
380    C1665    (0)    8 :  0.201 0.202 0.027 0.045 0.016 0.509 
381    C1667    (9)    8 :  0.031 0.070 0.010 0.696 0.007 0.187 
382    C1676    (9)    8 :  0.154 0.064 0.014 0.103 0.020 0.645 
383    C1681    (9)    8 :  0.264 0.245 0.023 0.210 0.019 0.238 
384    C1682    (0)    8 :  0.135 0.100 0.015 0.380 0.028 0.343 
385    C1685    (0)    8 :  0.070 0.053 0.022 0.022 0.032 0.801 
386    C4707    (0)    9 :  0.028 0.028 0.030 0.049 0.060 0.804 
387    C4747    (0)    9 :  0.032 0.232 0.164 0.373 0.101 0.098 
388    C4772    (0)    9 :  0.096 0.065 0.094 0.054 0.413 0.277 
389    C4781    (0)    9 :  0.018 0.067 0.023 0.826 0.027 0.038 
390    C4782    (0)    9 :  0.101 0.190 0.073 0.261 0.101 0.274 
391    C4787    (0)    9 :  0.061 0.596 0.018 0.073 0.130 0.123 
392    C4790    (0)    9 :  0.059 0.061 0.015 0.352 0.119 0.394 
393    C4803    (0)    9 :  0.054 0.387 0.053 0.207 0.086 0.212 
394    C4813    (0)    9 :  0.069 0.109 0.024 0.143 0.533 0.121 
395    C4837    (0)    9 :  0.027 0.212 0.029 0.040 0.083 0.608 
396    C4838    (0)    9 :  0.090 0.501 0.011 0.056 0.074 0.268 
397    C4843    (0)    9 :  0.086 0.223 0.035 0.037 0.052 0.568 
398    C4857    (0)    9 :  0.030 0.033 0.032 0.018 0.856 0.030 
399    C4828    (0)    9 :  0.199 0.258 0.247 0.099 0.042 0.155 
400    C4835    (0)    9 :  0.067 0.157 0.013 0.023 0.702 0.038 
401    C4836    (9)    9 :  0.039 0.331 0.033 0.082 0.165 0.351 
402    C4842    (0)    9 :  0.276 0.175 0.015 0.036 0.034 0.465 
403    C4863    (9)    9 :  0.034 0.534 0.025 0.277 0.045 0.086 
404    C4744    (0)    9 :  0.132 0.155 0.025 0.123 0.021 0.545 
405    C4745    (0)    9 :  0.145 0.487 0.020 0.035 0.073 0.239 
406    C4768    (0)    9 :  0.069 0.048 0.038 0.171 0.212 0.463 
407    C4769    (0)    9 :  0.595 0.088 0.012 0.067 0.073 0.164 
408    C4771    (0)    9 :  0.071 0.075 0.013 0.051 0.013 0.777 
409    C4784    (0)    9 :  0.075 0.070 0.019 0.592 0.177 0.068 
410    C4785    (0)    9 :  0.051 0.043 0.022 0.815 0.027 0.042 
411    C4795    (0)    9 :  0.044 0.095 0.044 0.681 0.099 0.037 
412    C4796    (0)    9 :  0.031 0.097 0.015 0.103 0.014 0.740 
413    C4800    (0)    9 :  0.029 0.559 0.011 0.023 0.236 0.143 
414    C4801    (0)    9 :  0.302 0.048 0.017 0.038 0.531 0.064 
415    C4802    (0)    9 :  0.279 0.159 0.195 0.043 0.216 0.108 
416    C4805    (0)    9 :  0.197 0.044 0.015 0.051 0.051 0.642 
417    C4806    (0)    9 :  0.235 0.078 0.012 0.022 0.032 0.621 
418    C4850    (0)    9 :  0.049 0.223 0.094 0.054 0.162 0.418 
419    C4748    (0)   10 :  0.737 0.069 0.008 0.076 0.084 0.026 
420    C4753    (0)   10 :  0.071 0.205 0.018 0.087 0.030 0.589 
421    C4754    (0)   10 :  0.040 0.038 0.017 0.087 0.067 0.750 
422    C4760    (0)   10 :  0.029 0.260 0.152 0.083 0.198 0.278 
423    C4761    (0)   10 :  0.537 0.036 0.012 0.131 0.205 0.081 
424    C4762    (0)   10 :  0.071 0.125 0.013 0.492 0.198 0.100 
425    C4791    (0)   10 :  0.052 0.384 0.008 0.084 0.145 0.328 
426    C4810    (0)   10 :  0.715 0.087 0.071 0.040 0.050 0.038 
427    C4812    (0)   10 :  0.361 0.211 0.058 0.030 0.040 0.300 
428    C4821    (0)   10 :  0.031 0.337 0.103 0.089 0.068 0.371 
429    C4864    (0)   10 :  0.026 0.049 0.064 0.058 0.526 0.277 
430    C4866    (0)   10 :  0.787 0.075 0.015 0.032 0.022 0.070 
431    C1722    (0)   10 :  0.481 0.211 0.059 0.034 0.013 0.203 
432    C1724    (0)   10 :  0.795 0.120 0.008 0.013 0.012 0.051 
433    C1725    (0)   10 :  0.482 0.247 0.054 0.041 0.012 0.165 
434    C1726    (0)   10 :  0.074 0.309 0.013 0.056 0.014 0.533 
435    C1731    (0)   10 :  0.421 0.190 0.029 0.067 0.042 0.251 
436    C1733    (9)   10 :  0.252 0.612 0.029 0.023 0.024 0.060 
437    C1734    (0)   10 :  0.089 0.340 0.034 0.043 0.048 0.447 
438    C1735    (0)   10 :  0.224 0.606 0.012 0.025 0.008 0.126 
439    C1738    (0)   10 :  0.569 0.254 0.043 0.022 0.027 0.084 
440    C1740    (9)   10 :  0.168 0.295 0.133 0.092 0.047 0.264 
441    C1741    (0)   10 :  0.023 0.416 0.072 0.104 0.278 0.107 
442    C1742    (0)   10 :  0.077 0.027 0.020 0.013 0.019 0.844 
443    C1743    (0)   10 :  0.134 0.284 0.024 0.292 0.026 0.241 
444    C1745    (0)   10 :  0.043 0.676 0.021 0.025 0.054 0.182 
445    C1746    (0)   10 :  0.338 0.213 0.041 0.068 0.055 0.285 
446    C1747    (0)   10 :  0.354 0.326 0.043 0.153 0.032 0.092 
447    C4742    (9)   10 :  0.065 0.076 0.030 0.236 0.301 0.293 
448    C4752    (0)   10 :  0.090 0.044 0.025 0.027 0.796 0.018 
449    C4792    (0)   10 :  0.154 0.088 0.111 0.120 0.354 0.174 
450    C4811    (0)   10 :  0.020 0.066 0.029 0.025 0.829 0.031 
451    C4814    (0)   10 :  0.045 0.133 0.030 0.193 0.384 0.216 
452    C4815    (0)   10 :  0.026 0.714 0.029 0.090 0.074 0.068 
453    C4818    (0)   10 :  0.230 0.158 0.105 0.119 0.237 0.150 
454    C4819    (0)   10 :  0.266 0.115 0.052 0.053 0.303 0.211 
455    C4826    (0)   10 :  0.084 0.244 0.009 0.056 0.023 0.585 
456    C4829    (0)   10 :  0.066 0.144 0.051 0.389 0.027 0.322 
457    C4830    (0)   10 :  0.013 0.073 0.014 0.079 0.026 0.794 
458    C4831    (0)   10 :  0.069 0.021 0.043 0.068 0.732 0.068 
459    C4832    (0)   10 :  0.127 0.073 0.015 0.437 0.024 0.324 
460    C4858    (0)   10 :  0.018 0.042 0.008 0.635 0.253 0.045 
461    C4757    (0)   10 :  0.162 0.271 0.087 0.062 0.099 0.319 
462    C4770    (9)   10 :  0.021 0.279 0.445 0.080 0.133 0.042 
463    C4808    (0)   10 :  0.037 0.101 0.025 0.101 0.067 0.670 
464    C4809    (0)   10 :  0.050 0.072 0.010 0.021 0.012 0.835 
465    C4820    (0)   10 :  0.209 0.164 0.018 0.183 0.061 0.365 
466    C4824    (0)   10 :  0.017 0.475 0.010 0.143 0.030 0.325 
467    C4706    (0)   11 :  0.335 0.310 0.012 0.052 0.017 0.273 
468    C4708    (0)   11 :  0.014 0.011 0.027 0.017 0.918 0.013 
469    C4709    (0)   11 :  0.030 0.076 0.014 0.786 0.040 0.054 
470    C4714    (0)   11 :  0.038 0.053 0.029 0.500 0.208 0.171 
471    C4722    (0)   11 :  0.148 0.058 0.022 0.377 0.079 0.316 
472    C4726    (0)   11 :  0.358 0.208 0.075 0.055 0.171 0.133 
473    C4733    (0)   11 :  0.079 0.046 0.066 0.245 0.226 0.338 
474    C4734    (0)   11 :  0.338 0.091 0.020 0.136 0.069 0.347 
475    C4737    (0)   11 :  0.028 0.053 0.013 0.652 0.075 0.179 
476    C4882    (0)   11 :  0.086 0.157 0.013 0.062 0.012 0.671 
477    C4883    (0)   11 :  0.016 0.035 0.019 0.674 0.221 0.035 
478    C4702    (9)   11 :  0.092 0.208 0.129 0.328 0.070 0.172 
479    C4703    (0)   11 :  0.034 0.071 0.033 0.183 0.592 0.087 
480    C4727    (0)   11 :  0.381 0.106 0.011 0.045 0.059 0.398 
481    C4732    (0)   11 :  0.044 0.149 0.019 0.548 0.065 0.175 
482    C4735    (0)   11 :  0.020 0.684 0.016 0.068 0.047 0.166 
483    C4736    (0)   11 :  0.036 0.021 0.036 0.372 0.500 0.035 
484    C4746    (0)   11 :  0.040 0.060 0.015 0.662 0.103 0.120 
485    C4777    (0)   11 :  0.080 0.343 0.019 0.023 0.011 0.525 
486    C4846    (0)   11 :  0.054 0.069 0.088 0.065 0.602 0.121 
487    C4847    (0)   11 :  0.153 0.070 0.008 0.042 0.028 0.698 
488    C4884    (0)   11 :  0.038 0.292 0.009 0.150 0.147 0.363 
489    C4705    (0)   11 :  0.018 0.585 0.027 0.025 0.171 0.175 
490    C4711    (0)   11 :  0.579 0.058 0.020 0.136 0.134 0.072 
491    C4713    (9)   11 :  0.225 0.342 0.098 0.195 0.042 0.097 
492    C4716    (0)   11 :  0.073 0.253 0.020 0.175 0.087 0.392 
493    C4717    (0)   11 :  0.061 0.025 0.023 0.032 0.751 0.109 
494    C4719    (0)   11 :  0.032 0.029 0.011 0.032 0.014 0.881 
495    C4721    (0)   11 :  0.024 0.016 0.024 0.018 0.897 0.021 
496    C4729    (0)   11 :  0.030 0.323 0.015 0.040 0.048 0.544 
497    C4730    (0)   11 :  0.060 0.039 0.026 0.129 0.680 0.065 
498    C4773    (0)   11 :  0.068 0.013 0.034 0.019 0.838 0.028 
499    C4861    (0)   11 :  0.064 0.061 0.018 0.024 0.029 0.803 
500    C4890    (0)   11 :  0.029 0.090 0.016 0.188 0.351 0.326 
501    C4718    (0)   11 :  0.073 0.248 0.024 0.110 0.065 0.479 
502    C4724    (0)   11 :  0.077 0.184 0.016 0.094 0.445 0.184 
503    C4738    (0)   11 :  0.466 0.030 0.017 0.024 0.362 0.101 
504    C4739    (0)   11 :  0.123 0.075 0.045 0.027 0.050 0.681 
505    C4844    (0)   11 :  0.065 0.136 0.048 0.050 0.233 0.469 
506    C4845    (0)   11 :  0.029 0.070 0.017 0.742 0.055 0.086 
507    C4681    (0)   11 :  0.027 0.018 0.318 0.027 0.568 0.043 
508    C4682    (0)   11 :  0.166 0.203 0.249 0.262 0.064 0.056 
509    C4683    (0)   11 :  0.040 0.045 0.065 0.058 0.691 0.101 
510    C4685    (0)   11 :  0.037 0.181 0.025 0.229 0.199 0.328 
511    C4715    (0)   11 :  0.017 0.477 0.045 0.286 0.038 0.138 
512    C4725    (0)   11 :  0.059 0.190 0.015 0.109 0.013 0.613 
513    C4799    (0)   11 :  0.027 0.320 0.110 0.067 0.267 0.209 
514    C4889    (9)   11 :  0.172 0.042 0.016 0.093 0.624 0.053 
515    C4641    (0)   12 :  0.012 0.014 0.012 0.911 0.034 0.017 
516    C4651    (0)   12 :  0.342 0.019 0.047 0.527 0.025 0.040 
517    C4657    (0)   12 :  0.010 0.008 0.031 0.812 0.131 0.008 
518    C4658    (0)   12 :  0.015 0.015 0.018 0.909 0.030 0.014 
519    C4660    (0)   12 :  0.026 0.023 0.024 0.861 0.027 0.038 
520    C4665    (0)   12 :  0.028 0.021 0.009 0.889 0.042 0.010 
521    C4666    (0)   12 :  0.013 0.561 0.016 0.225 0.013 0.172 
522    C4667    (0)   12 :  0.019 0.018 0.017 0.888 0.034 0.025 
523    C4668    (0)   12 :  0.065 0.035 0.031 0.811 0.030 0.029 
524    C4669    (0)   12 :  0.013 0.013 0.011 0.932 0.020 0.011 
525    C4670    (0)   12 :  0.023 0.091 0.008 0.550 0.018 0.311 
526    C4671    (0)   12 :  0.010 0.090 0.043 0.790 0.029 0.037 
527    C4672    (0)   12 :  0.099 0.039 0.048 0.776 0.013 0.025 
528    C4633    (0)   13 :  0.020 0.013 0.031 0.900 0.026 0.010 
529    C4635    (0)   13 :  0.048 0.018 0.014 0.830 0.056 0.034 
530    C4653    (0)   13 :  0.067 0.120 0.085 0.608 0.089 0.031 
531    C4654    (0)   13 :  0.017 0.009 0.023 0.925 0.015 0.010 
532    C4675    (0)   13 :  0.039 0.065 0.021 0.836 0.011 0.028 
533    C4679    (0)   13 :  0.847 0.036 0.009 0.068 0.010 0.030 
534    C4684    (0)   13 :  0.019 0.056 0.061 0.754 0.098 0.011 
535    C4686    (0)   13 :  0.014 0.039 0.066 0.779 0.076 0.026 
536    C4687    (0)   13 :  0.015 0.029 0.216 0.613 0.114 0.012 
537    U1941    (0)   14 :  0.050 0.868 0.037 0.011 0.013 0.021 
538    U1942    (0)   14 :  0.045 0.415 0.075 0.076 0.221 0.167 
539    U1957    (9)   14 :  0.092 0.148 0.556 0.068 0.055 0.081 
540    U2016    (0)   14 :  0.123 0.147 0.012 0.020 0.006 0.693 
541    U2021    (9)   14 :  0.045 0.268 0.028 0.252 0.025 0.382 
542    U2022    (0)   14 :  0.022 0.082 0.024 0.061 0.012 0.799 
543    U2023    (0)   14 :  0.075 0.184 0.011 0.038 0.016 0.676 
544    U2024    (0)   14 :  0.038 0.047 0.037 0.023 0.033 0.822 
545    U2025    (9)   14 :  0.022 0.158 0.039 0.029 0.021 0.732 
546    U2026    (0)   14 :  0.020 0.342 0.170 0.091 0.037 0.340 
547    U2027    (0)   14 :  0.249 0.104 0.026 0.130 0.041 0.448 
548    U2028    (0)   14 :  0.018 0.023 0.009 0.020 0.007 0.922 
549    U2029    (0)   14 :  0.067 0.023 0.010 0.197 0.019 0.683 
550    U2030    (0)   14 :  0.140 0.103 0.013 0.068 0.008 0.668 
551    U2031    (0)   14 :  0.125 0.090 0.015 0.060 0.010 0.700 
552    U1943    (0)   14 :  0.030 0.088 0.019 0.714 0.045 0.104 
553    U1944    (0)   14 :  0.282 0.120 0.019 0.456 0.027 0.097 
554    U1945    (0)   14 :  0.094 0.218 0.016 0.204 0.015 0.452 
555    U1946    (0)   14 :  0.527 0.150 0.025 0.084 0.018 0.196 
556    U1947    (0)   14 :  0.015 0.158 0.024 0.027 0.014 0.762 
557    U1948    (0)   14 :  0.048 0.632 0.051 0.045 0.055 0.168 
