

----------------------------------------------------
STRUCTURE by Pritchard, Stephens and Donnelly (2000)
     and Falush, Stephens and Pritchard (2003)
       Code by Pritchard, Falush and Hubisz
             Version 2.3.4 (Jul 2012)
----------------------------------------------------



Command line arguments:   bin\structure -m C:\Users\eschumacher\Documents\Butternut\butternut_STRUCTURE_withQU\50-50\mainparams -e C:\Users\eschumacher\Documents\Butternut\butternut_STRUCTURE_withQU\50-50\extraparams 
Input File:    C:\Users\eschumacher\Documents\Butternut\butternut_STRUCTURE_withQU\project_data

Run parameters:
   1015 individuals
   11 loci
   4 populations assumed
   50000 Burn-in period
   50000 Reps


--------------------------------------------
Proportion of membership of each pre-defined
 population in each of the 4 clusters

Given    Inferred Clusters              Number of
 Pop       1      2      3      4      Individuals

  1:     0.074  0.065  0.621  0.239       40
  2:     0.038  0.067  0.485  0.410       46
  3:     0.058  0.068  0.641  0.233       63
  4:     0.072  0.043  0.470  0.415       48
  5:     0.080  0.060  0.564  0.296       85
  6:     0.061  0.053  0.670  0.216       70
  7:     0.300  0.503  0.083  0.114       22
  8:     0.475  0.452  0.032  0.042       11
  9:     0.239  0.317  0.067  0.377       33
 10:     0.365  0.231  0.056  0.349       48
 11:     0.182  0.256  0.056  0.506       48
 12:     0.085  0.068  0.028  0.819       13
 13:     0.143  0.031  0.044  0.782        9
 14:     0.369  0.477  0.091  0.063       90
 15:     0.200  0.711  0.044  0.045       63
 16:     0.337  0.414  0.160  0.088       16
 17:     0.467  0.213  0.165  0.154       31
 18:     0.785  0.112  0.021  0.082       16
 19:     0.164  0.633  0.158  0.044       24
 20:     0.266  0.567  0.115  0.053       12
 21:     0.386  0.456  0.089  0.069       54
 22:     0.591  0.245  0.088  0.076       96
 23:     0.556  0.323  0.086  0.035       22
 24:     0.678  0.069  0.098  0.154       23
 25:     0.616  0.279  0.040  0.064       13
 26:     0.299  0.499  0.107  0.095       19
--------------------------------------------

Allele-freq. divergence among pops (Net nucleotide distance),
computed using point estimates of P.

      1       2       3       4      
 1      -    0.0082  0.0266  0.0283  
 2   0.0082     -    0.0239  0.0227  
 3   0.0266  0.0239     -    0.0234  
 4   0.0283  0.0227  0.0234     -    

Average distances (expected heterozygosity) between individuals in same cluster:
cluster  1  : 0.8436 
cluster  2  : 0.8568 
cluster  3  : 0.8237 
cluster  4  : 0.8455 

--------------------------------------------
Estimated Ln Prob of Data   = -47975.9
Mean value of ln likelihood = -47197.0
Variance of ln likelihood   = 1557.7
Mean value of alpha         = 0.0632

Mean value of Fst_1         = 0.0207
Mean value of Fst_2         = 0.0142
Mean value of Fst_3         = 0.0438
Mean value of Fst_4         = 0.0363


Inferred ancestry of individuals:
        Label (%Miss) Pop:  Inferred clusters
  1    C3984    (0)    1 :  0.011 0.020 0.801 0.169 
  2    C3985    (0)    1 :  0.017 0.017 0.596 0.370 
  3    C3986    (0)    1 :  0.009 0.014 0.202 0.775 
  4    C4231    (0)    1 :  0.023 0.022 0.303 0.652 
  5    C4344    (0)    1 :  0.019 0.035 0.912 0.033 
  6    C4347   (18)    1 :  0.034 0.013 0.927 0.025 
  7    C4352   (18)    1 :  0.021 0.038 0.535 0.406 
  8    C4355    (9)    1 :  0.020 0.021 0.909 0.049 
  9    C4358   (18)    1 :  0.127 0.774 0.040 0.059 
 10    C4419    (9)    1 :  0.039 0.032 0.279 0.650 
 11    C4428    (9)    1 :  0.017 0.013 0.874 0.096 
 12    C4436    (0)    1 :  0.016 0.014 0.766 0.205 
 13    C4437   (18)    1 :  0.078 0.026 0.456 0.440 
 14    C4450    (0)    1 :  0.106 0.120 0.595 0.179 
 15    C4531    (0)    1 :  0.023 0.021 0.015 0.942 
 16    C1615    (0)    1 :  0.113 0.093 0.293 0.501 
 17    C1616    (0)    1 :  0.561 0.062 0.270 0.107 
 18    C1617    (9)    1 :  0.021 0.011 0.954 0.013 
 19    C1618    (0)    1 :  0.038 0.063 0.146 0.753 
 20    C1619    (0)    1 :  0.061 0.171 0.335 0.433 
 21    C1620    (9)    1 :  0.046 0.106 0.399 0.449 
 22    C1621    (0)    1 :  0.558 0.120 0.267 0.055 
 23    C1623    (9)    1 :  0.176 0.173 0.041 0.610 
 24    C1625    (0)    1 :  0.093 0.152 0.559 0.196 
 25    C1626    (0)    1 :  0.326 0.096 0.504 0.074 
 26    C1627    (9)    1 :  0.041 0.041 0.783 0.134 
 27    C1633    (0)    1 :  0.024 0.017 0.921 0.039 
 28    C1637    (0)    1 :  0.026 0.015 0.932 0.027 
 29    C1650    (0)    1 :  0.051 0.023 0.370 0.556 
 30    C3202    (0)    1 :  0.020 0.016 0.941 0.022 
 31    C3248    (0)    1 :  0.014 0.018 0.955 0.013 
 32    C3304    (9)    1 :  0.027 0.016 0.940 0.016 
 33    C3326    (0)    1 :  0.052 0.051 0.770 0.127 
 34    C3333    (0)    1 :  0.026 0.021 0.937 0.016 
 35    C3339   (18)    1 :  0.031 0.030 0.917 0.021 
 36    C3346    (0)    1 :  0.009 0.012 0.965 0.015 
 37    C3349    (0)    1 :  0.022 0.040 0.919 0.019 
 38    C3367   (18)    1 :  0.038 0.025 0.677 0.259 
 39    C3374    (0)    1 :  0.008 0.011 0.945 0.035 
 40    C3405    (0)    1 :  0.033 0.040 0.890 0.038 
 41    C4543    (0)    2 :  0.012 0.014 0.037 0.937 
 42    C4545    (9)    2 :  0.007 0.016 0.027 0.950 
 43    C4551    (9)    2 :  0.028 0.113 0.050 0.809 
 44    C4491    (0)    2 :  0.041 0.104 0.227 0.627 
 45    C4494    (0)    2 :  0.010 0.012 0.905 0.073 
 46    C4495    (0)    2 :  0.037 0.229 0.581 0.154 
 47    C4497    (9)    2 :  0.016 0.021 0.930 0.034 
 48    C4501    (0)    2 :  0.067 0.169 0.632 0.131 
 49    C4502    (0)    2 :  0.017 0.034 0.339 0.610 
 50    C4503    (0)    2 :  0.017 0.041 0.012 0.930 
 51    C4504    (0)    2 :  0.073 0.624 0.180 0.123 
 52    C4470    (0)    2 :  0.069 0.148 0.540 0.243 
 53    C4471    (0)    2 :  0.015 0.025 0.117 0.844 
 54    C4474    (9)    2 :  0.020 0.027 0.010 0.943 
 55    C4476    (0)    2 :  0.021 0.022 0.661 0.296 
 56    C4478    (0)    2 :  0.014 0.025 0.064 0.897 
 57    C4479    (0)    2 :  0.029 0.013 0.894 0.064 
 58    C4482    (0)    2 :  0.112 0.024 0.268 0.596 
 59    C4483    (0)    2 :  0.011 0.015 0.010 0.964 
 60    C4484    (0)    2 :  0.035 0.064 0.265 0.637 
 61    C4485    (0)    2 :  0.077 0.108 0.706 0.109 
 62    C4489    (0)    2 :  0.021 0.024 0.766 0.189 
 63    C4505    (0)    2 :  0.029 0.041 0.689 0.240 
 64    C4507    (0)    2 :  0.032 0.135 0.113 0.720 
 65    C4535    (0)    2 :  0.016 0.022 0.015 0.947 
 66    C4542    (0)    2 :  0.064 0.065 0.013 0.858 
 67    C4553    (9)    2 :  0.019 0.023 0.174 0.784 
 68    C4562   (18)    2 :  0.025 0.042 0.258 0.675 
 69    C4582   (18)    2 :  0.025 0.023 0.053 0.899 
 70    C4693    (0)    2 :  0.013 0.009 0.034 0.945 
 71    C4696    (0)    2 :  0.035 0.071 0.137 0.758 
 72    C3179    (0)    2 :  0.017 0.083 0.883 0.017 
 73    C3181    (0)    2 :  0.030 0.036 0.914 0.020 
 74    C3188    (0)    2 :  0.032 0.039 0.907 0.022 
 75    C3190    (0)    2 :  0.047 0.024 0.892 0.036 
 76    C3193    (0)    2 :  0.021 0.014 0.949 0.016 
 77    C3232    (0)    2 :  0.012 0.012 0.922 0.054 
 78    C3236    (0)    2 :  0.009 0.009 0.961 0.021 
 79    C3249    (0)    2 :  0.030 0.031 0.911 0.028 
 80    C3250    (0)    2 :  0.015 0.012 0.951 0.022 
 81    C3253    (0)    2 :  0.020 0.022 0.921 0.036 
 82    C3255    (0)    2 :  0.011 0.014 0.945 0.031 
 83    C3277    (0)    2 :  0.101 0.061 0.803 0.035 
 84    C3315    (0)    2 :  0.280 0.268 0.167 0.285 
 85    C3288    (0)    2 :  0.026 0.020 0.891 0.063 
 86    C3293    (0)    2 :  0.106 0.125 0.590 0.180 
 87    C4018    (0)    3 :  0.011 0.009 0.267 0.713 
 88    C3980    (0)    3 :  0.013 0.012 0.058 0.916 
 89    C3987    (0)    3 :  0.014 0.011 0.077 0.899 
 90    C3988    (0)    3 :  0.014 0.014 0.243 0.729 
 91    C3989    (0)    3 :  0.019 0.053 0.832 0.096 
 92    C4011    (0)    3 :  0.007 0.008 0.508 0.477 
 93    C4017    (0)    3 :  0.008 0.008 0.037 0.948 
 94    C4296    (0)    3 :  0.181 0.274 0.359 0.186 
 95    C4301    (9)    3 :  0.596 0.313 0.065 0.026 
 96    C4303    (0)    3 :  0.385 0.064 0.516 0.035 
 97    C4453    (0)    3 :  0.059 0.066 0.650 0.225 
 98    C4455    (9)    3 :  0.056 0.030 0.748 0.166 
 99    C4456   (18)    3 :  0.182 0.075 0.086 0.658 
100    C4457    (9)    3 :  0.169 0.042 0.744 0.046 
101    C4459    (9)    3 :  0.023 0.018 0.786 0.174 
102    C4464   (18)    3 :  0.010 0.012 0.925 0.052 
103    C4468    (9)    3 :  0.042 0.021 0.888 0.049 
104    C4783    (0)    3 :  0.017 0.027 0.072 0.884 
105    C4786    (0)    3 :  0.022 0.016 0.525 0.437 
106    C4789    (9)    3 :  0.019 0.013 0.624 0.344 
107    C4891    (0)    3 :  0.038 0.074 0.493 0.394 
108    C4896    (0)    3 :  0.034 0.038 0.080 0.848 
109    C4898    (0)    3 :  0.014 0.022 0.072 0.893 
110    C4901    (0)    3 :  0.019 0.011 0.276 0.694 
111    C4903    (9)    3 :  0.101 0.033 0.533 0.333 
112    C4904    (0)    3 :  0.010 0.035 0.129 0.825 
113    C3263    (0)    3 :  0.017 0.057 0.911 0.015 
114    C3271    (0)    3 :  0.014 0.017 0.953 0.016 
115    C3272    (0)    3 :  0.022 0.040 0.923 0.016 
116    C3276    (0)    3 :  0.170 0.106 0.675 0.050 
117    C3280    (9)    3 :  0.060 0.242 0.612 0.086 
118    C3305    (9)    3 :  0.015 0.024 0.937 0.024 
119    C3306    (0)    3 :  0.037 0.050 0.875 0.038 
120    C3324    (0)    3 :  0.018 0.575 0.371 0.035 
121    C3329    (0)    3 :  0.058 0.087 0.393 0.463 
122    C3336    (0)    3 :  0.028 0.032 0.917 0.023 
123    C3341   (18)    3 :  0.108 0.564 0.096 0.232 
124    C3409   (18)    3 :  0.075 0.095 0.710 0.120 
125    C3168    (9)    3 :  0.015 0.015 0.949 0.021 
126    C3170    (0)    3 :  0.015 0.022 0.940 0.023 
127    C3214   (18)    3 :  0.115 0.012 0.853 0.019 
128    C3227    (0)    3 :  0.031 0.013 0.929 0.027 
129    C3228    (0)    3 :  0.051 0.054 0.772 0.124 
130    C3278    (0)    3 :  0.023 0.027 0.941 0.009 
131    C3279    (0)    3 :  0.030 0.032 0.918 0.020 
132    C3321    (0)    3 :  0.009 0.009 0.955 0.027 
133    C3322    (0)    3 :  0.230 0.071 0.585 0.115 
134    C3303    (0)    3 :  0.031 0.045 0.904 0.019 
135    C3317    (0)    3 :  0.015 0.025 0.934 0.027 
136    C3355    (0)    3 :  0.011 0.015 0.954 0.020 
137    C3376    (9)    3 :  0.031 0.017 0.921 0.031 
138    C3401    (0)    3 :  0.035 0.031 0.909 0.025 
139    C3203    (9)    3 :  0.055 0.040 0.874 0.031 
140    C3245    (0)    3 :  0.025 0.022 0.941 0.013 
141    C3302    (0)    3 :  0.034 0.045 0.893 0.028 
142    C3307    (0)    3 :  0.038 0.140 0.399 0.423 
143    C3310    (0)    3 :  0.018 0.024 0.942 0.016 
144    C3312    (9)    3 :  0.049 0.047 0.838 0.067 
145    C3345    (0)    3 :  0.014 0.025 0.939 0.022 
146    C3371    (0)    3 :  0.015 0.071 0.889 0.024 
147    C3372    (0)    3 :  0.018 0.043 0.902 0.037 
148    C3380    (9)    3 :  0.011 0.008 0.947 0.034 
149    C3417    (0)    3 :  0.050 0.247 0.392 0.311 
150    C4569    (9)    4 :  0.054 0.075 0.027 0.844 
151    C4570    (9)    4 :  0.011 0.013 0.024 0.952 
152    C4571    (9)    4 :  0.028 0.017 0.169 0.786 
153    C4572    (9)    4 :  0.018 0.014 0.021 0.947 
154    C4573    (9)    4 :  0.552 0.066 0.064 0.319 
155    C4575    (9)    4 :  0.072 0.026 0.036 0.866 
156    C4577    (9)    4 :  0.010 0.014 0.029 0.946 
157    C4578    (9)    4 :  0.084 0.054 0.054 0.808 
158    C4600   (18)    4 :  0.054 0.113 0.069 0.763 
159    C4612    (9)    4 :  0.042 0.018 0.021 0.920 
160    C4621    (0)    4 :  0.018 0.008 0.099 0.875 
161    C4622    (9)    4 :  0.010 0.012 0.028 0.950 
162    C4623    (0)    4 :  0.044 0.136 0.160 0.660 
163    C4624    (0)    4 :  0.023 0.016 0.023 0.937 
164    C4625    (0)    4 :  0.643 0.043 0.063 0.251 
165    C4627    (0)    4 :  0.023 0.016 0.048 0.913 
166    C4631    (0)    4 :  0.017 0.040 0.012 0.931 
167    C4632    (0)    4 :  0.019 0.019 0.104 0.858 
168    C3939    (0)    4 :  0.014 0.013 0.057 0.916 
169    C3940    (0)    4 :  0.014 0.024 0.024 0.938 
170    C3945    (0)    4 :  0.009 0.013 0.046 0.932 
171    C4520    (0)    4 :  0.240 0.201 0.453 0.107 
172    C4522    (0)    4 :  0.013 0.012 0.185 0.790 
173    C3182    (0)    4 :  0.015 0.019 0.939 0.026 
174    C3189    (0)    4 :  0.185 0.068 0.703 0.043 
175    C3191    (9)    4 :  0.036 0.026 0.920 0.018 
176    C3196    (0)    4 :  0.031 0.023 0.931 0.015 
177    C3208    (0)    4 :  0.055 0.044 0.698 0.203 
178    C3211    (0)    4 :  0.027 0.034 0.917 0.023 
179    C3212    (0)    4 :  0.113 0.432 0.321 0.134 
180    C3213    (0)    4 :  0.017 0.041 0.931 0.011 
181    C3215    (0)    4 :  0.339 0.064 0.413 0.184 
182    C3217    (0)    4 :  0.021 0.037 0.924 0.019 
183    C3225    (9)    4 :  0.042 0.035 0.900 0.023 
184    C3226    (0)    4 :  0.011 0.013 0.917 0.059 
185    C3238    (9)    4 :  0.022 0.014 0.891 0.072 
186    C3239    (0)    4 :  0.016 0.021 0.943 0.020 
187    C3269   (18)    4 :  0.243 0.037 0.510 0.209 
188    C3273    (0)    4 :  0.027 0.012 0.944 0.017 
189    C3274    (0)    4 :  0.071 0.053 0.622 0.255 
190    C3354    (0)    4 :  0.020 0.023 0.930 0.026 
191    C3361    (0)    4 :  0.021 0.015 0.942 0.022 
192    C3289    (0)    4 :  0.021 0.017 0.938 0.024 
193    C3169    (0)    4 :  0.011 0.011 0.956 0.021 
194    C3199    (9)    4 :  0.041 0.020 0.760 0.178 
195    C3224    (0)    4 :  0.032 0.017 0.935 0.017 
196    C3261   (18)    4 :  0.010 0.019 0.938 0.032 
197    C3320    (0)    4 :  0.026 0.025 0.914 0.035 
198    C4151    (0)    5 :  0.010 0.009 0.028 0.953 
199    C4152    (0)    5 :  0.016 0.011 0.038 0.935 
200    C4153    (0)    5 :  0.032 0.019 0.445 0.504 
201    C4154   (18)    5 :  0.018 0.043 0.314 0.625 
202    C4157    (0)    5 :  0.027 0.042 0.580 0.351 
203    C4158    (0)    5 :  0.010 0.009 0.024 0.957 
204    C4163    (0)    5 :  0.008 0.008 0.023 0.961 
205    C4165    (0)    5 :  0.027 0.368 0.062 0.542 
206    C4248    (9)    5 :  0.026 0.032 0.917 0.026 
207    C4371    (9)    5 :  0.021 0.061 0.768 0.150 
208    C3936    (0)    5 :  0.016 0.018 0.042 0.923 
209    C3937    (0)    5 :  0.013 0.010 0.032 0.945 
210    C3944    (0)    5 :  0.009 0.010 0.213 0.769 
211    C3954    (0)    5 :  0.027 0.009 0.923 0.042 
212    C3955    (9)    5 :  0.034 0.014 0.684 0.268 
213    C3961    (0)    5 :  0.015 0.042 0.082 0.861 
214    C3974    (0)    5 :  0.025 0.021 0.049 0.906 
215    C4024    (0)    5 :  0.017 0.060 0.412 0.511 
216    C4025    (0)    5 :  0.015 0.015 0.032 0.939 
217    C4028    (0)    5 :  0.071 0.022 0.096 0.810 
218    C4032   (18)    5 :  0.015 0.014 0.913 0.058 
219    C4033   (18)    5 :  0.017 0.016 0.938 0.029 
220    C4034    (0)    5 :  0.034 0.102 0.809 0.055 
221    C4041    (9)    5 :  0.063 0.158 0.710 0.069 
222    C4043    (9)    5 :  0.018 0.023 0.795 0.164 
223    C4044    (9)    5 :  0.121 0.554 0.198 0.127 
224    C4045    (9)    5 :  0.036 0.019 0.854 0.092 
225    C4046    (9)    5 :  0.024 0.035 0.891 0.049 
226    C4047    (0)    5 :  0.104 0.042 0.825 0.030 
227    C4048    (9)    5 :  0.101 0.092 0.771 0.036 
228    C4055    (9)    5 :  0.059 0.038 0.787 0.116 
229    C4057   (18)    5 :  0.013 0.028 0.936 0.023 
230    C4059    (0)    5 :  0.024 0.013 0.906 0.057 
231    C4060    (9)    5 :  0.022 0.027 0.828 0.123 
232    C4064    (9)    5 :  0.269 0.072 0.415 0.244 
233    C4067    (0)    5 :  0.077 0.066 0.826 0.031 
234    C4068    (9)    5 :  0.028 0.019 0.928 0.024 
235    C4070    (9)    5 :  0.030 0.122 0.563 0.285 
236    C4075   (18)    5 :  0.024 0.027 0.857 0.091 
237    C4081    (9)    5 :  0.038 0.030 0.903 0.030 
238    C4082    (0)    5 :  0.058 0.035 0.777 0.130 
239    C4083    (0)    5 :  0.084 0.402 0.347 0.166 
240    C4086    (0)    5 :  0.124 0.027 0.800 0.049 
241    C4088    (9)    5 :  0.784 0.029 0.097 0.090 
242    C4092    (0)    5 :  0.017 0.067 0.693 0.223 
243    C4099    (9)    5 :  0.068 0.046 0.844 0.042 
244    C4104    (0)    5 :  0.029 0.054 0.579 0.337 
245    C4108   (18)    5 :  0.776 0.191 0.015 0.017 
246    C4118    (0)    5 :  0.288 0.132 0.496 0.084 
247    C4131    (0)    5 :  0.064 0.029 0.217 0.690 
248    C4133    (0)    5 :  0.019 0.016 0.942 0.023 
249    C4135    (0)    5 :  0.008 0.013 0.790 0.190 
250    C4136    (0)    5 :  0.243 0.050 0.037 0.670 
251    C4137    (9)    5 :  0.030 0.028 0.450 0.491 
252    C4139    (0)    5 :  0.009 0.014 0.130 0.846 
253    C4140    (9)    5 :  0.014 0.031 0.368 0.587 
254    C4167    (0)    5 :  0.029 0.018 0.037 0.915 
255    C4236    (0)    5 :  0.058 0.035 0.868 0.039 
256    C4237    (0)    5 :  0.845 0.039 0.046 0.070 
257    C4238    (0)    5 :  0.061 0.022 0.803 0.114 
258    C4241    (0)    5 :  0.016 0.019 0.928 0.038 
259    C4247    (9)    5 :  0.177 0.174 0.546 0.103 
260    C4257    (0)    5 :  0.037 0.019 0.890 0.054 
261    C4383    (0)    5 :  0.105 0.257 0.334 0.304 
262    C4397    (9)    5 :  0.018 0.015 0.855 0.112 
263    C4514    (0)    5 :  0.014 0.021 0.160 0.805 
264    C4519    (0)    5 :  0.017 0.015 0.052 0.916 
265    C4527    (0)    5 :  0.017 0.020 0.769 0.194 
266    C4534    (0)    5 :  0.032 0.107 0.617 0.244 
267    C4699    (0)    5 :  0.035 0.017 0.031 0.916 
268    C1541    (9)    5 :  0.011 0.012 0.962 0.015 
269    C1542    (9)    5 :  0.019 0.016 0.949 0.017 
270    C1544    (0)    5 :  0.035 0.019 0.925 0.020 
271    C1547    (9)    5 :  0.389 0.245 0.291 0.075 
272    C1553    (9)    5 :  0.234 0.295 0.150 0.321 
273    C1555    (9)    5 :  0.049 0.027 0.858 0.066 
274    C1557    (0)    5 :  0.028 0.024 0.880 0.068 
275    C1560    (0)    5 :  0.026 0.018 0.938 0.017 
276    C1565    (0)    5 :  0.016 0.051 0.900 0.033 
277    C1567    (0)    5 :  0.064 0.027 0.871 0.038 
278    C1569    (0)    5 :  0.018 0.018 0.917 0.047 
279    C1571    (0)    5 :  0.135 0.040 0.788 0.038 
280    C1576    (0)    5 :  0.073 0.025 0.714 0.188 
281    C1577    (9)    5 :  0.051 0.022 0.904 0.022 
282    C1579    (0)    5 :  0.019 0.019 0.942 0.020 
283    C3990    (0)    6 :  0.010 0.010 0.076 0.905 
284    C3991    (0)    6 :  0.031 0.026 0.049 0.893 
285    C3992    (0)    6 :  0.026 0.012 0.028 0.934 
286    C3994    (0)    6 :  0.049 0.117 0.542 0.291 
287    C4172    (0)    6 :  0.045 0.023 0.010 0.921 
288    C4173    (9)    6 :  0.015 0.050 0.019 0.917 
289    C4232    (9)    6 :  0.009 0.008 0.970 0.013 
290    C4234    (9)    6 :  0.013 0.011 0.963 0.014 
291    C4259    (0)    6 :  0.012 0.012 0.954 0.022 
292    C4260    (0)    6 :  0.010 0.010 0.954 0.026 
293    C4261    (9)    6 :  0.149 0.209 0.406 0.236 
294    C4262    (0)    6 :  0.020 0.048 0.487 0.444 
295    C4263    (0)    6 :  0.036 0.036 0.897 0.031 
296    C4267    (9)    6 :  0.033 0.018 0.780 0.168 
297    C4269    (0)    6 :  0.026 0.040 0.600 0.334 
298    C4272    (0)    6 :  0.016 0.023 0.939 0.022 
299    C4274    (0)    6 :  0.156 0.025 0.771 0.047 
300    C4276    (9)    6 :  0.870 0.030 0.086 0.014 
301    C4278    (0)    6 :  0.037 0.056 0.829 0.077 
302    C4280    (0)    6 :  0.020 0.031 0.835 0.114 
303    C4281    (0)    6 :  0.025 0.017 0.875 0.082 
304    C4282    (0)    6 :  0.063 0.405 0.514 0.018 
305    C4284    (9)    6 :  0.011 0.012 0.851 0.127 
306    C4286    (9)    6 :  0.049 0.034 0.445 0.471 
307    C4287    (0)    6 :  0.027 0.076 0.671 0.226 
308    C4290    (0)    6 :  0.680 0.097 0.100 0.123 
309    C4307   (18)    6 :  0.022 0.099 0.712 0.167 
310    C4310    (9)    6 :  0.060 0.016 0.865 0.059 
311    C4311   (18)    6 :  0.029 0.033 0.907 0.030 
312    C4312    (0)    6 :  0.020 0.014 0.949 0.016 
313    C4314    (0)    6 :  0.102 0.019 0.831 0.048 
314    C4318    (9)    6 :  0.018 0.107 0.799 0.076 
315    C4321    (9)    6 :  0.025 0.049 0.816 0.109 
316    C4324    (0)    6 :  0.020 0.043 0.784 0.153 
317    C4334    (0)    6 :  0.016 0.042 0.886 0.056 
318    C4529    (0)    6 :  0.041 0.034 0.883 0.042 
319    C1582    (9)    6 :  0.020 0.014 0.877 0.089 
320    C1583    (0)    6 :  0.054 0.030 0.886 0.031 
321    C1584    (9)    6 :  0.035 0.016 0.919 0.030 
322    C1585    (0)    6 :  0.016 0.010 0.944 0.030 
323    C1586    (0)    6 :  0.026 0.074 0.866 0.034 
324    C1589    (0)    6 :  0.015 0.013 0.759 0.213 
325    C1591    (0)    6 :  0.013 0.011 0.945 0.031 
326    C1592    (0)    6 :  0.024 0.042 0.907 0.026 
327    C1594    (0)    6 :  0.039 0.016 0.910 0.036 
328    C1597    (9)    6 :  0.038 0.033 0.898 0.031 
329    C1598    (9)    6 :  0.039 0.020 0.741 0.199 
330    C1599    (0)    6 :  0.014 0.015 0.960 0.011 
331    C1601    (0)    6 :  0.065 0.067 0.396 0.473 
332    C1605    (0)    6 :  0.308 0.127 0.323 0.241 
333    C1609    (0)    6 :  0.012 0.012 0.953 0.023 
334    C1610    (0)    6 :  0.148 0.051 0.779 0.023 
335    C1611    (0)    6 :  0.014 0.050 0.918 0.018 
336    C1612    (0)    6 :  0.011 0.009 0.969 0.010 
337    C1613    (0)    6 :  0.027 0.033 0.907 0.034 
338    C3173    (9)    6 :  0.049 0.076 0.848 0.028 
339    C3204    (0)    6 :  0.024 0.020 0.930 0.026 
340    C3223    (9)    6 :  0.071 0.366 0.535 0.028 
341    C3262    (0)    6 :  0.056 0.031 0.881 0.031 
342    C3270    (0)    6 :  0.020 0.021 0.899 0.060 
343    C3300    (0)    6 :  0.010 0.009 0.906 0.074 
344    C3330    (0)    6 :  0.020 0.030 0.861 0.090 
345    C3390    (9)    6 :  0.017 0.021 0.938 0.023 
346    C3424    (9)    6 :  0.022 0.024 0.861 0.092 
347    C3958    (0)    6 :  0.009 0.015 0.082 0.894 
348    C3962    (0)    6 :  0.008 0.014 0.033 0.945 
349    C4019    (0)    6 :  0.178 0.455 0.026 0.340 
350    C3995   (18)    6 :  0.021 0.031 0.044 0.904 
351    C4000    (0)    6 :  0.015 0.045 0.027 0.913 
352    C4002    (0)    6 :  0.014 0.023 0.071 0.893 
353    C1692    (0)    7 :  0.194 0.207 0.024 0.574 
354    C1693    (0)    7 :  0.074 0.390 0.431 0.105 
355    C1694    (0)    7 :  0.377 0.471 0.116 0.036 
356    C1698    (0)    7 :  0.160 0.806 0.020 0.014 
357    C1699    (0)    7 :  0.825 0.109 0.027 0.039 
358    C1700    (0)    7 :  0.177 0.487 0.126 0.210 
359    C1701    (0)    7 :  0.628 0.326 0.025 0.021 
360    C1702    (0)    7 :  0.425 0.520 0.018 0.038 
361    C1703    (0)    7 :  0.228 0.722 0.014 0.037 
362    C1704    (0)    7 :  0.130 0.635 0.161 0.074 
363    C1705    (0)    7 :  0.069 0.126 0.013 0.792 
364    C1706    (0)    7 :  0.626 0.334 0.021 0.018 
365    C1707    (0)    7 :  0.482 0.046 0.399 0.073 
366    C1708    (0)    7 :  0.019 0.938 0.020 0.023 
367    C1709    (0)    7 :  0.042 0.839 0.027 0.091 
368    C1710    (0)    7 :  0.195 0.729 0.034 0.042 
369    C1712    (0)    7 :  0.025 0.905 0.010 0.060 
370    C1714    (0)    7 :  0.031 0.926 0.019 0.024 
371    C1715    (0)    7 :  0.884 0.070 0.026 0.020 
372    C1717    (0)    7 :  0.390 0.444 0.139 0.027 
373    C1718   (18)    7 :  0.573 0.353 0.052 0.021 
374    C1719    (0)    7 :  0.046 0.687 0.102 0.165 
375    C1656    (0)    8 :  0.671 0.201 0.012 0.116 
376    C1657   (18)    8 :  0.405 0.540 0.027 0.028 
377    C1658    (0)    8 :  0.679 0.291 0.011 0.020 
378    C1659    (0)    8 :  0.874 0.033 0.064 0.028 
379    C1661    (9)    8 :  0.337 0.516 0.088 0.060 
380    C1665    (0)    8 :  0.569 0.380 0.030 0.022 
381    C1667    (9)    8 :  0.024 0.960 0.008 0.008 
382    C1676    (9)    8 :  0.399 0.529 0.020 0.053 
383    C1681    (9)    8 :  0.741 0.191 0.034 0.034 
384    C1682    (0)    8 :  0.141 0.813 0.019 0.027 
385    C1685    (0)    8 :  0.382 0.517 0.040 0.061 
386    C4707    (0)    9 :  0.141 0.395 0.023 0.441 
387    C4747    (0)    9 :  0.063 0.351 0.163 0.423 
388    C4772    (0)    9 :  0.069 0.066 0.055 0.809 
389    C4781    (0)    9 :  0.058 0.476 0.027 0.439 
390    C4782    (0)    9 :  0.205 0.357 0.150 0.289 
391    C4787    (0)    9 :  0.472 0.195 0.048 0.285 
392    C4790    (0)    9 :  0.064 0.785 0.021 0.130 
393    C4803    (0)    9 :  0.183 0.485 0.061 0.271 
394    C4813    (0)    9 :  0.029 0.027 0.014 0.931 
395    C4837    (0)    9 :  0.074 0.205 0.036 0.686 
396    C4838    (0)    9 :  0.637 0.110 0.018 0.235 
397    C4843    (0)    9 :  0.302 0.393 0.039 0.266 
398    C4857    (0)    9 :  0.042 0.025 0.105 0.828 
399    C4828    (0)    9 :  0.398 0.153 0.293 0.156 
400    C4835    (0)    9 :  0.059 0.023 0.017 0.901 
401    C4836    (9)    9 :  0.105 0.199 0.037 0.659 
402    C4842    (0)    9 :  0.543 0.368 0.018 0.071 
403    C4863    (9)    9 :  0.196 0.505 0.038 0.261 
404    C4744    (0)    9 :  0.233 0.698 0.030 0.039 
405    C4745    (0)    9 :  0.569 0.231 0.027 0.172 
406    C4768    (0)    9 :  0.061 0.508 0.047 0.384 
407    C4769    (0)    9 :  0.632 0.052 0.012 0.305 
408    C4771    (0)    9 :  0.544 0.330 0.016 0.110 
409    C4784    (0)    9 :  0.063 0.458 0.040 0.440 
410    C4785    (0)    9 :  0.042 0.882 0.034 0.042 
411    C4795    (0)    9 :  0.103 0.458 0.079 0.360 
412    C4796    (0)    9 :  0.132 0.793 0.019 0.056 
413    C4800    (0)    9 :  0.112 0.046 0.016 0.826 
414    C4801    (0)    9 :  0.314 0.088 0.030 0.569 
415    C4802    (0)    9 :  0.260 0.079 0.596 0.065 
416    C4805    (0)    9 :  0.355 0.410 0.020 0.214 
417    C4806    (0)    9 :  0.669 0.133 0.016 0.182 
418    C4850    (0)    9 :  0.169 0.169 0.075 0.587 
419    C4748    (0)   10 :  0.549 0.060 0.011 0.379 
420    C4753    (0)   10 :  0.257 0.616 0.036 0.091 
421    C4754    (0)   10 :  0.071 0.271 0.016 0.642 
422    C4760    (0)   10 :  0.044 0.056 0.085 0.815 
423    C4761    (0)   10 :  0.296 0.094 0.017 0.592 
424    C4762    (0)   10 :  0.114 0.184 0.014 0.688 
425    C4791    (0)   10 :  0.214 0.256 0.011 0.518 
426    C4810    (0)   10 :  0.765 0.042 0.097 0.095 
427    C4812    (0)   10 :  0.816 0.054 0.045 0.085 
428    C4821    (0)   10 :  0.121 0.182 0.114 0.582 
429    C4864    (0)   10 :  0.033 0.028 0.050 0.889 
430    C4866    (0)   10 :  0.920 0.023 0.012 0.046 
431    C1722    (0)   10 :  0.888 0.055 0.041 0.017 
432    C1724    (0)   10 :  0.943 0.024 0.008 0.025 
433    C1725    (0)   10 :  0.781 0.166 0.039 0.013 
434    C1726    (0)   10 :  0.528 0.421 0.016 0.035 
435    C1731    (0)   10 :  0.728 0.165 0.026 0.080 
436    C1733    (9)   10 :  0.879 0.042 0.029 0.050 
437    C1734    (0)   10 :  0.510 0.198 0.035 0.257 
438    C1735    (0)   10 :  0.749 0.224 0.015 0.012 
439    C1738    (0)   10 :  0.895 0.026 0.028 0.051 
440    C1740    (9)   10 :  0.547 0.220 0.171 0.062 
441    C1741    (0)   10 :  0.058 0.192 0.128 0.622 
442    C1742    (0)   10 :  0.303 0.614 0.033 0.050 
443    C1743    (0)   10 :  0.254 0.688 0.029 0.030 
444    C1745    (0)   10 :  0.312 0.414 0.040 0.234 
445    C1746    (0)   10 :  0.606 0.166 0.042 0.186 
446    C1747    (0)   10 :  0.708 0.168 0.092 0.033 
447    C4742    (9)   10 :  0.033 0.080 0.020 0.866 
448    C4752    (0)   10 :  0.045 0.026 0.029 0.900 
449    C4792    (0)   10 :  0.106 0.092 0.112 0.689 
450    C4811    (0)   10 :  0.017 0.016 0.033 0.934 
451    C4814    (0)   10 :  0.042 0.060 0.025 0.873 
452    C4815    (0)   10 :  0.264 0.153 0.151 0.433 
453    C4818    (0)   10 :  0.442 0.080 0.113 0.365 
454    C4819    (0)   10 :  0.144 0.220 0.055 0.581 
455    C4826    (0)   10 :  0.304 0.543 0.013 0.141 
456    C4829    (0)   10 :  0.139 0.710 0.086 0.065 
457    C4830    (0)   10 :  0.051 0.780 0.020 0.149 
458    C4831    (0)   10 :  0.031 0.032 0.051 0.886 
459    C4832    (0)   10 :  0.201 0.449 0.015 0.336 
460    C4858    (0)   10 :  0.048 0.361 0.020 0.572 
461    C4757    (0)   10 :  0.412 0.143 0.099 0.346 
462    C4770    (9)   10 :  0.069 0.070 0.491 0.370 
463    C4808    (0)   10 :  0.052 0.114 0.018 0.816 
464    C4809    (0)   10 :  0.600 0.322 0.013 0.065 
465    C4820    (0)   10 :  0.533 0.371 0.026 0.070 
466    C4824    (0)   10 :  0.098 0.794 0.013 0.095 
467    C4706    (0)   11 :  0.805 0.129 0.012 0.054 
468    C4708    (0)   11 :  0.010 0.013 0.053 0.925 
469    C4709    (0)   11 :  0.053 0.728 0.020 0.198 
470    C4714    (0)   11 :  0.046 0.262 0.045 0.647 
471    C4722    (0)   11 :  0.140 0.568 0.023 0.269 
472    C4726    (0)   11 :  0.424 0.062 0.094 0.419 
473    C4733    (0)   11 :  0.048 0.061 0.043 0.848 
474    C4734    (0)   11 :  0.446 0.131 0.021 0.402 
475    C4737    (0)   11 :  0.029 0.862 0.020 0.088 
476    C4882    (0)   11 :  0.572 0.351 0.017 0.061 
477    C4883    (0)   11 :  0.016 0.262 0.021 0.701 
478    C4702    (9)   11 :  0.155 0.371 0.168 0.305 
479    C4703    (0)   11 :  0.029 0.056 0.028 0.887 
480    C4727    (0)   11 :  0.491 0.294 0.013 0.202 
481    C4732    (0)   11 :  0.063 0.683 0.019 0.235 
482    C4735    (0)   11 :  0.099 0.284 0.022 0.595 
483    C4736    (0)   11 :  0.015 0.022 0.021 0.942 
484    C4746    (0)   11 :  0.040 0.173 0.016 0.772 
485    C4777    (0)   11 :  0.725 0.229 0.031 0.015 
486    C4846    (0)   11 :  0.052 0.201 0.262 0.485 
487    C4847    (0)   11 :  0.381 0.350 0.012 0.257 
488    C4884    (0)   11 :  0.100 0.581 0.024 0.294 
489    C4705    (0)   11 :  0.129 0.041 0.042 0.787 
490    C4711    (0)   11 :  0.355 0.346 0.017 0.282 
491    C4713    (9)   11 :  0.477 0.094 0.080 0.349 
492    C4716    (0)   11 :  0.142 0.178 0.028 0.652 
493    C4717    (0)   11 :  0.049 0.027 0.037 0.888 
494    C4719    (0)   11 :  0.119 0.789 0.015 0.077 
495    C4721    (0)   11 :  0.019 0.017 0.042 0.923 
496    C4729    (0)   11 :  0.061 0.081 0.012 0.847 
497    C4730    (0)   11 :  0.025 0.037 0.020 0.918 
498    C4773    (0)   11 :  0.021 0.011 0.033 0.935 
499    C4861    (0)   11 :  0.305 0.578 0.026 0.091 
500    C4890    (0)   11 :  0.029 0.047 0.016 0.909 
501    C4718    (0)   11 :  0.259 0.369 0.030 0.342 
502    C4724    (0)   11 :  0.099 0.064 0.019 0.817 
503    C4738    (0)   11 :  0.180 0.025 0.019 0.775 
504    C4739    (0)   11 :  0.600 0.202 0.053 0.144 
505    C4844    (0)   11 :  0.123 0.118 0.046 0.713 
506    C4845    (0)   11 :  0.057 0.634 0.024 0.285 
507    C4681    (0)   11 :  0.023 0.024 0.292 0.661 
508    C4682    (0)   11 :  0.254 0.138 0.179 0.429 
509    C4683    (0)   11 :  0.039 0.067 0.131 0.763 
510    C4685    (0)   11 :  0.051 0.464 0.028 0.458 
511    C4715    (0)   11 :  0.155 0.323 0.073 0.449 
512    C4725    (0)   11 :  0.296 0.662 0.016 0.026 
513    C4799    (0)   11 :  0.083 0.237 0.404 0.277 
514    C4889    (9)   11 :  0.052 0.030 0.015 0.903 
515    C4641    (0)   12 :  0.016 0.013 0.008 0.963 
516    C4651    (0)   12 :  0.391 0.037 0.033 0.539 
517    C4657    (0)   12 :  0.008 0.009 0.011 0.972 
518    C4658    (0)   12 :  0.033 0.034 0.017 0.915 
519    C4660    (0)   12 :  0.078 0.120 0.025 0.777 
520    C4665    (0)   12 :  0.016 0.015 0.012 0.957 
521    C4666    (0)   12 :  0.147 0.312 0.021 0.520 
522    C4667    (0)   12 :  0.016 0.018 0.010 0.957 
523    C4668    (0)   12 :  0.063 0.017 0.029 0.890 
524    C4669    (0)   12 :  0.017 0.013 0.009 0.961 
525    C4670    (0)   12 :  0.035 0.112 0.008 0.845 
526    C4671    (0)   12 :  0.020 0.108 0.040 0.833 
527    C4672    (0)   12 :  0.268 0.077 0.136 0.518 
528    C4633    (0)   13 :  0.013 0.013 0.022 0.952 
529    C4635    (0)   13 :  0.039 0.019 0.011 0.931 
530    C4653    (0)   13 :  0.119 0.038 0.100 0.742 
531    C4654    (0)   13 :  0.015 0.019 0.017 0.949 
532    C4675    (0)   13 :  0.147 0.045 0.025 0.783 
533    C4679    (0)   13 :  0.882 0.093 0.012 0.014 
534    C4684    (0)   13 :  0.032 0.017 0.101 0.850 
535    C4686    (0)   13 :  0.017 0.020 0.026 0.938 
536    C4687    (0)   13 :  0.022 0.016 0.079 0.884 
537    U1941    (0)   14 :  0.859 0.035 0.088 0.017 
538    U1942    (0)   14 :  0.140 0.291 0.151 0.418 
539    U1957    (9)   14 :  0.159 0.111 0.689 0.041 
540    U2016    (0)   14 :  0.613 0.366 0.013 0.008 
541    U2021    (9)   14 :  0.144 0.777 0.041 0.038 
542    U2022    (0)   14 :  0.038 0.924 0.025 0.013 
543    U2023    (0)   14 :  0.207 0.748 0.015 0.030 
544    U2024    (0)   14 :  0.045 0.873 0.037 0.046 
545    U2025    (9)   14 :  0.033 0.892 0.056 0.019 
546    U2026    (0)   14 :  0.032 0.603 0.341 0.023 
547    U2027    (0)   14 :  0.582 0.305 0.039 0.074 
548    U2028    (0)   14 :  0.034 0.947 0.010 0.009 
549    U2029    (0)   14 :  0.047 0.897 0.011 0.044 
550    U2030    (0)   14 :  0.375 0.596 0.013 0.015 
551    U2031    (0)   14 :  0.578 0.389 0.015 0.019 
552    U1943    (0)   14 :  0.033 0.883 0.029 0.055 
553    U1944    (0)   14 :  0.401 0.531 0.022 0.046 
554    U1945    (0)   14 :  0.181 0.786 0.018 0.015 
555    U1946    (0)   14 :  0.811 0.135 0.026 0.028 
556    U1947    (0)   14 :  0.106 0.851 0.024 0.019 
557    U1948    (0)   14 :  0.269 0.460 0.188 0.084 
558    U1949    (0)   14 :  0.435 0.517 0.026 0.022 
559    U1955    (0)   14 :  0.641 0.098 0.215 0.045 
560    U2005    (0)   14 :  0.075 0.630 0.285 0.010 
561    U2006    (0)   14 :  0.754 0.215 0.019 0.012 
562    U2007    (0)   14 :  0.354 0.521 0.107 0.018 
563    U2008    (0)   14 :  0.272 0.702 0.015 0.011 
564    U2010    (9)   14 :  0.119 0.568 0.269 0.044 
565    U2011    (0)   14 :  0.885 0.076 0.027 0.012 
566    U2012    (0)   14 :  0.259 0.708 0.018 0.015 
567    U2014    (0)   14 :  0.155 0.638 0.022 0.185 
568    U2702    (0)   14 :  0.033 0.902 0.030 0.034 
569    U2703    (0)   14 :  0.037 0.762 0.030 0.170 
570    U2704    (0)   14 :  0.137 0.726 0.100 0.037 
571    U2706   (18)   14 :  0.413 0.489 0.023 0.074 
572    U2707    (0)   14 :  0.801 0.148 0.018 0.034 
573    U2708    (0)   14 :  0.052 0.872 0.016 0.060 
574    U2698    (0)   14 :  0.551 0.142 0.178 0.129 
575    U2700    (0)   14 :  0.264 0.662 0.048 0.025 
576    U1924    (0)   14 :  0.301 0.554 0.028 0.117 
577    U1930    (0)   14 :  0.924 0.037 0.020 0.019 
578    U1931    (0)   14 :  0.261 0.398 0.046 0.295 
579    U1933    (0)   14 :  0.544 0.383 0.018 0.056 
580    U1934    (0)   14 :  0.157 0.351 0.446 0.046 
581    U1935    (0)   14 :  0.198 0.216 0.499 0.087 
582    U1936    (9)   14 :  0.109 0.857 0.012 0.022 
583    U1938    (0)   14 :  0.331 0.485 0.035 0.149 
584    U1939    (0)   14 :  0.328 0.274 0.147 0.251 
585    U1950    (0)   14 :  0.830 0.114 0.019 0.037 
586    U1951    (0)   14 :  0.058 0.793 0.047 0.103 
587    U1953    (0)   14 :  0.863 0.106 0.021 0.010 
588    U1954    (0)   14 :  0.626 0.350 0.010 0.014 
589    U2044    (0)   14 :  0.014 0.912 0.061 0.013 
590    U2045    (0)   14 :  0.579 0.391 0.012 0.018 
591    U2046    (9)   14 :  0.102 0.839 0.032 0.028 
592    U2047    (0)   14 :  0.017 0.945 0.026 0.011 
593    U2048    (0)   14 :  0.185 0.760 0.035 0.020 
594    U2050    (0)   14 :  0.096 0.857 0.026 0.022 
595    U2051    (0)   14 :  0.112 0.858 0.015 0.014 
596    U2056    (0)   14 :  0.923 0.052 0.013 0.011 
597    U2057    (0)   14 :  0.724 0.162 0.087 0.027 
598    U2058    (0)   14 :  0.384 0.505 0.055 0.055 
599    U2059    (9)   14 :  0.669 0.048 0.083 0.199 
600    U2060    (0)   14 :  0.877 0.097 0.010 0.016 
601    U2061    (0)   14 :  0.780 0.195 0.015 0.010 
602    U2062    (9)   14 :  0.889 0.089 0.012 0.010 
603    U2063    (9)   14 :  0.898 0.066 0.020 0.015 
604    U2065    (0)   14 :  0.114 0.835 0.015 0.037 
605    U2067    (0)   14 :  0.698 0.202 0.035 0.066 
606    U2068    (0)   14 :  0.292 0.516 0.148 0.043 
607    U2069    (0)   14 :  0.654 0.314 0.015 0.017 
608    U2070    (0)   14 :  0.849 0.093 0.034 0.024 
609    U2071    (0)   14 :  0.072 0.888 0.025 0.016 
610    U2076    (0)   14 :  0.624 0.317 0.024 0.035 
611    U2077    (0)   14 :  0.281 0.326 0.216 0.177 
612    U2082    (0)   14 :  0.665 0.176 0.110 0.049 
613    U2084    (0)   14 :  0.262 0.378 0.330 0.031 
614    U2089    (0)   14 :  0.572 0.205 0.097 0.125 
615    U2090    (0)   14 :  0.259 0.102 0.048 0.591 
616    U2098    (0)   14 :  0.586 0.383 0.020 0.011 
617    U2108    (0)   14 :  0.019 0.648 0.210 0.123 
618    U2111    (0)   14 :  0.096 0.826 0.032 0.047 
619    U2113    (0)   14 :  0.084 0.810 0.052 0.054 
620    U2114    (0)   14 :  0.597 0.340 0.045 0.018 
621    U2115    (0)   14 :  0.045 0.925 0.013 0.016 
622    U2116    (9)   14 :  0.839 0.112 0.009 0.040 
623    U2117    (0)   14 :  0.052 0.092 0.612 0.244 
624    U2119    (0)   14 :  0.019 0.754 0.027 0.199 
625    U2120    (0)   14 :  0.723 0.149 0.100 0.027 
626    U2664    (0)   14 :  0.067 0.104 0.796 0.033 
627    U1198    (9)   15 :  0.282 0.284 0.065 0.369 
628    U1199    (0)   15 :  0.118 0.711 0.029 0.141 
629    U1200    (0)   15 :  0.022 0.951 0.013 0.014 
630    U1201    (0)   15 :  0.023 0.948 0.015 0.014 
631    U1202    (0)   15 :  0.037 0.926 0.017 0.020 
632    U1203    (0)   15 :  0.023 0.943 0.016 0.018 
633    U1205    (0)   15 :  0.071 0.883 0.031 0.014 
634    U1206    (0)   15 :  0.111 0.728 0.032 0.130 
635    U1207    (0)   15 :  0.033 0.911 0.018 0.038 
636    U1208    (0)   15 :  0.085 0.804 0.024 0.088 
637    U1209    (0)   15 :  0.040 0.895 0.052 0.014 
638    U1210    (0)   15 :  0.069 0.888 0.025 0.018 
639    U1211    (0)   15 :  0.019 0.884 0.075 0.021 
640    U1212    (0)   15 :  0.236 0.688 0.053 0.024 
641    U1213    (0)   15 :  0.163 0.764 0.049 0.024 
642    U1214    (9)   15 :  0.010 0.944 0.026 0.020 
643    U1215    (0)   15 :  0.014 0.885 0.015 0.086 
644    U1220    (0)   15 :  0.015 0.915 0.052 0.018 
645    U1224    (0)   15 :  0.098 0.866 0.019 0.016 
646    U1227    (0)   15 :  0.803 0.099 0.015 0.083 
647    U1229    (0)   15 :  0.032 0.922 0.011 0.035 
648    U1230    (0)   15 :  0.508 0.469 0.010 0.013 
649    U1231    (0)   15 :  0.312 0.656 0.015 0.018 
650    U1232    (0)   15 :  0.021 0.963 0.007 0.010 
651    U1233    (9)   15 :  0.103 0.571 0.026 0.300 
652    U1234    (0)   15 :  0.102 0.866 0.019 0.012 
653    U1235    (0)   15 :  0.021 0.963 0.007 0.009 
654    U1236    (0)   15 :  0.141 0.741 0.076 0.042 
655    U1238    (0)   15 :  0.034 0.931 0.018 0.016 
656    U1239    (0)   15 :  0.051 0.878 0.042 0.028 
657    U1240    (0)   15 :  0.041 0.911 0.020 0.027 
658    U1242    (0)   15 :  0.042 0.774 0.138 0.046 
659    U1243    (0)   15 :  0.093 0.878 0.015 0.014 
660    U1245    (0)   15 :  0.119 0.835 0.021 0.025 
661    U1246    (0)   15 :  0.028 0.922 0.023 0.027 
662    U1251    (0)   15 :  0.036 0.948 0.008 0.008 
663    U1273   (18)   15 :  0.865 0.072 0.016 0.047 
664    U1274    (0)   15 :  0.659 0.262 0.012 0.067 
665    U1294    (0)   15 :  0.029 0.933 0.010 0.028 
666    U1304   (18)   15 :  0.126 0.706 0.018 0.150 
667    U1307    (9)   15 :  0.038 0.887 0.059 0.015 
668    U1314    (9)   15 :  0.106 0.794 0.046 0.054 
669    U1315    (0)   15 :  0.288 0.673 0.017 0.023 
670    U1319    (0)   15 :  0.724 0.150 0.085 0.041 
671    U1320    (0)   15 :  0.642 0.326 0.014 0.019 
672    U1324    (0)   15 :  0.043 0.927 0.012 0.018 
673    U1331    (9)   15 :  0.119 0.843 0.015 0.023 
674    U1333    (9)   15 :  0.220 0.560 0.169 0.052 
675    U1340    (0)   15 :  0.199 0.765 0.023 0.014 
676    U1341    (9)   15 :  0.116 0.820 0.032 0.033 
677    U1344    (9)   15 :  0.417 0.445 0.121 0.018 
678    U1345    (0)   15 :  0.519 0.397 0.022 0.062 
679    U1346    (0)   15 :  0.041 0.938 0.008 0.013 
680    U1347    (0)   15 :  0.924 0.058 0.008 0.011 
681    U1348    (0)   15 :  0.012 0.954 0.013 0.021 
682    U1349    (0)   15 :  0.050 0.924 0.011 0.015 
683    U1354    (0)   15 :  0.017 0.958 0.008 0.017 
684    U1375    (0)   15 :  0.892 0.065 0.017 0.026 
685    U1383    (9)   15 :  0.534 0.436 0.013 0.018 
686    U1385    (0)   15 :  0.048 0.075 0.830 0.047 
687    U1386    (0)   15 :  0.631 0.330 0.026 0.013 
688    U1413    (9)   15 :  0.103 0.810 0.015 0.072 
689    U1417    (9)   15 :  0.262 0.560 0.060 0.118 
690    U1852    (0)   16 :  0.065 0.887 0.025 0.023 
691    U1853    (0)   16 :  0.286 0.565 0.058 0.092 
692    U1854    (0)   16 :  0.629 0.078 0.140 0.153 
693    U1855    (0)   16 :  0.571 0.235 0.086 0.108 
694    U1856    (0)   16 :  0.653 0.312 0.009 0.026 
695    U1858    (0)   16 :  0.061 0.901 0.023 0.014 
696    U1859    (0)   16 :  0.053 0.914 0.018 0.015 
697    U1860    (0)   16 :  0.829 0.111 0.020 0.040 
