

----------------------------------------------------
STRUCTURE by Pritchard, Stephens and Donnelly (2000)
     and Falush, Stephens and Pritchard (2003)
       Code by Pritchard, Falush and Hubisz
             Version 2.3.4 (Jul 2012)
----------------------------------------------------



Command line arguments:   bin\structure -m C:\Users\eschumacher\Documents\Butternut\butternut_STRUCTURE_withQU\50-50\mainparams -e C:\Users\eschumacher\Documents\Butternut\butternut_STRUCTURE_withQU\50-50\extraparams 
Input File:    C:\Users\eschumacher\Documents\Butternut\butternut_STRUCTURE_withQU\project_data

Run parameters:
   1015 individuals
   11 loci
   8 populations assumed
   50000 Burn-in period
   50000 Reps


--------------------------------------------
Proportion of membership of each pre-defined
 population in each of the 8 clusters

Given    Inferred Clusters                                          Number of
 Pop       1      2      3      4      5      6      7      8      Individuals

  1:     0.062  0.036  0.219  0.109  0.044  0.050  0.041  0.440       40
  2:     0.058  0.039  0.204  0.300  0.028  0.039  0.036  0.297       46
  3:     0.039  0.030  0.481  0.117  0.025  0.042  0.043  0.223       63
  4:     0.050  0.039  0.331  0.318  0.049  0.047  0.027  0.140       48
  5:     0.046  0.039  0.207  0.216  0.053  0.041  0.039  0.358       85
  6:     0.050  0.044  0.244  0.154  0.031  0.050  0.034  0.393       70
  7:     0.206  0.162  0.028  0.043  0.099  0.157  0.247  0.059       22
  8:     0.186  0.220  0.025  0.021  0.184  0.128  0.213  0.021       11
  9:     0.219  0.193  0.034  0.151  0.074  0.127  0.148  0.055       33
 10:     0.205  0.194  0.047  0.144  0.138  0.147  0.088  0.036       48
 11:     0.162  0.161  0.028  0.281  0.080  0.098  0.147  0.043       48
 12:     0.140  0.052  0.014  0.614  0.073  0.058  0.026  0.024       13
 13:     0.033  0.037  0.036  0.663  0.113  0.068  0.022  0.027        9
 14:     0.181  0.213  0.043  0.028  0.125  0.219  0.146  0.045       90
 15:     0.100  0.131  0.029  0.021  0.044  0.127  0.525  0.024       63
 16:     0.216  0.199  0.064  0.032  0.107  0.198  0.108  0.075       16
 17:     0.141  0.109  0.058  0.083  0.159  0.293  0.075  0.082       31
 18:     0.057  0.057  0.011  0.066  0.736  0.026  0.030  0.017       16
 19:     0.146  0.126  0.081  0.022  0.044  0.104  0.391  0.085       24
 20:     0.271  0.250  0.039  0.030  0.129  0.109  0.096  0.077       12
 21:     0.195  0.193  0.034  0.027  0.150  0.161  0.181  0.059       54
 22:     0.148  0.180  0.035  0.040  0.266  0.208  0.064  0.059       96
 23:     0.141  0.145  0.023  0.018  0.277  0.170  0.155  0.070       22
 24:     0.068  0.091  0.041  0.079  0.553  0.069  0.027  0.071       23
 25:     0.112  0.257  0.029  0.024  0.284  0.206  0.062  0.026       13
 26:     0.224  0.222  0.072  0.033  0.092  0.155  0.156  0.046       19
--------------------------------------------

Allele-freq. divergence among pops (Net nucleotide distance),
computed using point estimates of P.

      1       2       3       4       5       6       7       8      
 1      -    0.0033  0.0263  0.0282  0.0119  0.0059  0.0085  0.0260  
 2   0.0033     -    0.0344  0.0344  0.0120  0.0058  0.0105  0.0332  
 3   0.0263  0.0344     -    0.0353  0.0408  0.0314  0.0372  0.0233  
 4   0.0282  0.0344  0.0353     -    0.0441  0.0393  0.0344  0.0334  
 5   0.0119  0.0120  0.0408  0.0441     -    0.0142  0.0229  0.0396  
 6   0.0059  0.0058  0.0314  0.0393  0.0142     -    0.0139  0.0328  
 7   0.0085  0.0105  0.0372  0.0344  0.0229  0.0139     -    0.0343  
 8   0.0260  0.0332  0.0233  0.0334  0.0396  0.0328  0.0343     -    

Average distances (expected heterozygosity) between individuals in same cluster:
cluster  1  : 0.8637 
cluster  2  : 0.8486 
cluster  3  : 0.8180 
cluster  4  : 0.8295 
cluster  5  : 0.8302 
cluster  6  : 0.8450 
cluster  7  : 0.8490 
cluster  8  : 0.8078 

--------------------------------------------
Estimated Ln Prob of Data   = -48152.2
Mean value of ln likelihood = -46163.6
Variance of ln likelihood   = 3977.2
Mean value of alpha         = 0.0543

Mean value of Fst_1         = 0.0142
Mean value of Fst_2         = 0.0274
Mean value of Fst_3         = 0.0685
Mean value of Fst_4         = 0.0631
Mean value of Fst_5         = 0.0427
Mean value of Fst_6         = 0.0304
Mean value of Fst_7         = 0.0329
Mean value of Fst_8         = 0.0657


Inferred ancestry of individuals:
        Label (%Miss) Pop:  Inferred clusters
  1    C3984    (0)    1 :  0.015 0.009 0.024 0.085 0.007 0.016 0.013 0.830 
  2    C3985    (0)    1 :  0.029 0.020 0.084 0.242 0.019 0.013 0.021 0.573 
  3    C3986    (0)    1 :  0.012 0.012 0.318 0.381 0.008 0.012 0.019 0.239 
  4    C4231    (0)    1 :  0.073 0.034 0.061 0.291 0.010 0.037 0.016 0.477 
  5    C4344    (0)    1 :  0.046 0.022 0.536 0.036 0.017 0.023 0.041 0.279 
  6    C4347   (18)    1 :  0.021 0.019 0.394 0.021 0.051 0.022 0.013 0.459 
  7    C4352   (18)    1 :  0.033 0.030 0.084 0.151 0.018 0.017 0.028 0.639 
  8    C4355    (9)    1 :  0.016 0.017 0.117 0.033 0.013 0.043 0.027 0.735 
  9    C4358   (18)    1 :  0.366 0.190 0.016 0.030 0.054 0.172 0.096 0.077 
 10    C4419    (9)    1 :  0.049 0.028 0.017 0.100 0.018 0.097 0.023 0.667 
 11    C4428    (9)    1 :  0.016 0.010 0.150 0.054 0.018 0.017 0.013 0.721 
 12    C4436    (0)    1 :  0.014 0.013 0.064 0.073 0.015 0.011 0.014 0.797 
 13    C4437   (18)    1 :  0.102 0.030 0.067 0.174 0.075 0.066 0.026 0.458 
 14    C4450    (0)    1 :  0.080 0.055 0.029 0.066 0.050 0.072 0.063 0.585 
 15    C4531    (0)    1 :  0.036 0.037 0.009 0.768 0.050 0.033 0.034 0.034 
 16    C1615    (0)    1 :  0.087 0.092 0.060 0.182 0.092 0.050 0.065 0.372 
 17    C1616    (0)    1 :  0.126 0.093 0.059 0.044 0.131 0.313 0.018 0.216 
 18    C1617    (9)    1 :  0.016 0.013 0.074 0.009 0.022 0.027 0.010 0.828 
 19    C1618    (0)    1 :  0.036 0.032 0.032 0.256 0.036 0.019 0.105 0.483 
 20    C1619    (0)    1 :  0.099 0.025 0.053 0.101 0.062 0.029 0.147 0.484 
 21    C1620    (9)    1 :  0.105 0.025 0.027 0.053 0.036 0.017 0.105 0.632 
 22    C1621    (0)    1 :  0.208 0.078 0.046 0.023 0.333 0.117 0.045 0.150 
 23    C1623    (9)    1 :  0.139 0.047 0.015 0.248 0.169 0.057 0.282 0.043 
 24    C1625    (0)    1 :  0.090 0.037 0.039 0.024 0.092 0.023 0.094 0.600 
 25    C1626    (0)    1 :  0.223 0.074 0.028 0.019 0.095 0.194 0.029 0.337 
 26    C1627    (9)    1 :  0.025 0.015 0.019 0.017 0.042 0.015 0.020 0.846 
 27    C1633    (0)    1 :  0.010 0.008 0.012 0.011 0.015 0.013 0.009 0.923 
 28    C1637    (0)    1 :  0.024 0.018 0.033 0.015 0.029 0.028 0.013 0.841 
 29    C1650    (0)    1 :  0.023 0.025 0.079 0.627 0.030 0.043 0.013 0.160 
 30    C3202    (0)    1 :  0.012 0.009 0.917 0.013 0.017 0.009 0.010 0.013 
 31    C3248    (0)    1 :  0.027 0.021 0.109 0.009 0.013 0.014 0.014 0.793 
 32    C3304    (9)    1 :  0.041 0.014 0.571 0.014 0.015 0.067 0.014 0.265 
 33    C3326    (0)    1 :  0.114 0.138 0.395 0.060 0.029 0.060 0.024 0.178 
 34    C3333    (0)    1 :  0.020 0.013 0.883 0.009 0.015 0.017 0.014 0.029 
 35    C3339   (18)    1 :  0.036 0.022 0.126 0.012 0.015 0.047 0.039 0.705 
 36    C3346    (0)    1 :  0.010 0.008 0.928 0.012 0.007 0.009 0.011 0.016 
 37    C3349    (0)    1 :  0.035 0.038 0.704 0.014 0.017 0.082 0.037 0.074 
 38    C3367   (18)    1 :  0.024 0.016 0.839 0.028 0.022 0.019 0.017 0.034 
 39    C3374    (0)    1 :  0.009 0.009 0.031 0.016 0.006 0.009 0.011 0.909 
 40    C3405    (0)    1 :  0.038 0.037 0.694 0.020 0.013 0.065 0.040 0.092 
 41    C4543    (0)    2 :  0.014 0.013 0.048 0.861 0.009 0.018 0.016 0.020 
 42    C4545    (9)    2 :  0.011 0.009 0.016 0.888 0.007 0.009 0.029 0.031 
 43    C4551    (9)    2 :  0.111 0.169 0.015 0.488 0.025 0.035 0.051 0.105 
 44    C4491    (0)    2 :  0.095 0.081 0.065 0.471 0.032 0.041 0.061 0.153 
 45    C4494    (0)    2 :  0.013 0.012 0.667 0.138 0.008 0.011 0.014 0.137 
 46    C4495    (0)    2 :  0.165 0.042 0.661 0.029 0.018 0.015 0.036 0.033 
 47    C4497    (9)    2 :  0.024 0.014 0.052 0.026 0.013 0.021 0.017 0.833 
 48    C4501    (0)    2 :  0.079 0.030 0.022 0.051 0.016 0.177 0.027 0.598 
 49    C4502    (0)    2 :  0.020 0.011 0.075 0.188 0.013 0.022 0.073 0.598 
 50    C4503    (0)    2 :  0.017 0.017 0.009 0.847 0.013 0.010 0.078 0.010 
 51    C4504    (0)    2 :  0.268 0.049 0.109 0.069 0.034 0.157 0.191 0.124 
 52    C4470    (0)    2 :  0.125 0.099 0.029 0.172 0.024 0.043 0.028 0.480 
 53    C4471    (0)    2 :  0.026 0.015 0.034 0.746 0.012 0.029 0.019 0.118 
 54    C4474    (9)    2 :  0.019 0.033 0.008 0.880 0.018 0.014 0.018 0.010 
 55    C4476    (0)    2 :  0.021 0.014 0.018 0.125 0.013 0.019 0.018 0.772 
 56    C4478    (0)    2 :  0.023 0.013 0.174 0.568 0.009 0.061 0.103 0.050 
 57    C4479    (0)    2 :  0.020 0.018 0.132 0.109 0.062 0.023 0.010 0.626 
 58    C4482    (0)    2 :  0.123 0.034 0.270 0.244 0.142 0.057 0.011 0.120 
 59    C4483    (0)    2 :  0.020 0.010 0.008 0.920 0.011 0.011 0.013 0.008 
 60    C4484    (0)    2 :  0.052 0.040 0.167 0.531 0.024 0.055 0.059 0.072 
 61    C4485    (0)    2 :  0.102 0.078 0.388 0.077 0.054 0.069 0.037 0.195 
 62    C4489    (0)    2 :  0.027 0.017 0.146 0.249 0.021 0.036 0.035 0.470 
 63    C4505    (0)    2 :  0.020 0.025 0.020 0.087 0.012 0.019 0.014 0.802 
 64    C4507    (0)    2 :  0.065 0.110 0.012 0.248 0.009 0.055 0.096 0.406 
 65    C4535    (0)    2 :  0.031 0.027 0.013 0.849 0.025 0.019 0.021 0.016 
 66    C4542    (0)    2 :  0.376 0.153 0.021 0.174 0.029 0.194 0.032 0.022 
 67    C4553    (9)    2 :  0.035 0.056 0.101 0.630 0.018 0.020 0.015 0.124 
 68    C4562   (18)    2 :  0.034 0.052 0.071 0.539 0.027 0.020 0.050 0.207 
 69    C4582   (18)    2 :  0.030 0.033 0.040 0.739 0.039 0.031 0.021 0.066 
 70    C4693    (0)    2 :  0.011 0.013 0.027 0.876 0.014 0.013 0.008 0.038 
 71    C4696    (0)    2 :  0.077 0.142 0.050 0.417 0.031 0.023 0.047 0.214 
 72    C3179    (0)    2 :  0.027 0.021 0.706 0.014 0.012 0.020 0.058 0.141 
 73    C3181    (0)    2 :  0.080 0.026 0.419 0.030 0.021 0.043 0.018 0.363 
 74    C3188    (0)    2 :  0.035 0.026 0.122 0.017 0.024 0.035 0.034 0.705 
 75    C3190    (0)    2 :  0.020 0.019 0.854 0.020 0.019 0.043 0.012 0.014 
 76    C3193    (0)    2 :  0.024 0.023 0.264 0.014 0.037 0.013 0.009 0.614 
 77    C3232    (0)    2 :  0.019 0.012 0.170 0.091 0.010 0.016 0.013 0.669 
 78    C3236    (0)    2 :  0.010 0.012 0.851 0.036 0.009 0.009 0.008 0.066 
 79    C3249    (0)    2 :  0.029 0.030 0.430 0.031 0.030 0.056 0.032 0.361 
 80    C3250    (0)    2 :  0.011 0.012 0.050 0.014 0.010 0.015 0.007 0.881 
 81    C3253    (0)    2 :  0.011 0.009 0.009 0.012 0.013 0.009 0.008 0.928 
 82    C3255    (0)    2 :  0.024 0.012 0.336 0.052 0.011 0.014 0.011 0.539 
 83    C3277    (0)    2 :  0.117 0.056 0.066 0.020 0.082 0.060 0.037 0.562 
 84    C3315    (0)    2 :  0.109 0.070 0.017 0.140 0.178 0.075 0.094 0.316 
 85    C3288    (0)    2 :  0.015 0.013 0.882 0.017 0.021 0.013 0.014 0.026 
 86    C3293    (0)    2 :  0.086 0.030 0.731 0.043 0.030 0.033 0.031 0.017 
 87    C4018    (0)    3 :  0.013 0.012 0.501 0.386 0.008 0.021 0.009 0.050 
 88    C3980    (0)    3 :  0.015 0.011 0.044 0.867 0.013 0.013 0.010 0.027 
 89    C3987    (0)    3 :  0.014 0.012 0.025 0.834 0.013 0.012 0.013 0.076 
 90    C3988    (0)    3 :  0.033 0.016 0.113 0.519 0.013 0.010 0.015 0.282 
 91    C3989    (0)    3 :  0.106 0.016 0.794 0.019 0.008 0.025 0.007 0.024 
 92    C4011    (0)    3 :  0.009 0.007 0.315 0.446 0.006 0.007 0.006 0.206 
 93    C4017    (0)    3 :  0.007 0.007 0.021 0.924 0.006 0.007 0.007 0.020 
 94    C4296    (0)    3 :  0.164 0.241 0.028 0.050 0.033 0.102 0.043 0.340 
 95    C4301    (9)    3 :  0.042 0.156 0.076 0.010 0.012 0.642 0.050 0.012 
 96    C4303    (0)    3 :  0.028 0.051 0.532 0.013 0.260 0.045 0.031 0.040 
 97    C4453    (0)    3 :  0.027 0.013 0.702 0.066 0.035 0.023 0.063 0.071 
 98    C4455    (9)    3 :  0.026 0.013 0.867 0.024 0.030 0.012 0.015 0.013 
 99    C4456   (18)    3 :  0.070 0.025 0.485 0.193 0.068 0.029 0.114 0.016 
100    C4457    (9)    3 :  0.096 0.038 0.623 0.022 0.067 0.046 0.025 0.084 
101    C4459    (9)    3 :  0.025 0.028 0.405 0.191 0.020 0.017 0.011 0.303 
102    C4464   (18)    3 :  0.010 0.010 0.664 0.030 0.008 0.010 0.011 0.257 
103    C4468    (9)    3 :  0.023 0.016 0.185 0.039 0.072 0.018 0.017 0.629 
104    C4783    (0)    3 :  0.039 0.023 0.620 0.272 0.014 0.013 0.011 0.008 
105    C4786    (0)    3 :  0.012 0.014 0.795 0.106 0.009 0.016 0.010 0.038 
106    C4789    (9)    3 :  0.019 0.017 0.569 0.218 0.011 0.049 0.009 0.108 
107    C4891    (0)    3 :  0.032 0.024 0.872 0.024 0.009 0.011 0.015 0.013 
108    C4896    (0)    3 :  0.034 0.029 0.609 0.227 0.031 0.039 0.016 0.015 
109    C4898    (0)    3 :  0.040 0.024 0.405 0.442 0.015 0.014 0.015 0.045 
110    C4901    (0)    3 :  0.016 0.009 0.879 0.051 0.009 0.016 0.006 0.013 
111    C4903    (9)    3 :  0.024 0.014 0.857 0.031 0.020 0.030 0.011 0.013 
112    C4904    (0)    3 :  0.033 0.021 0.556 0.333 0.009 0.019 0.010 0.018 
113    C3263    (0)    3 :  0.027 0.013 0.109 0.010 0.020 0.012 0.178 0.631 
114    C3271    (0)    3 :  0.023 0.020 0.035 0.010 0.009 0.020 0.019 0.864 
115    C3272    (0)    3 :  0.026 0.025 0.058 0.012 0.010 0.042 0.019 0.808 
116    C3276    (0)    3 :  0.082 0.092 0.433 0.024 0.024 0.237 0.085 0.024 
117    C3280    (9)    3 :  0.062 0.043 0.023 0.022 0.025 0.031 0.080 0.714 
118    C3305    (9)    3 :  0.011 0.008 0.009 0.011 0.008 0.013 0.009 0.930 
119    C3306    (0)    3 :  0.063 0.021 0.041 0.011 0.021 0.018 0.079 0.747 
120    C3324    (0)    3 :  0.053 0.037 0.016 0.015 0.015 0.022 0.157 0.686 
121    C3329    (0)    3 :  0.154 0.070 0.075 0.073 0.023 0.041 0.064 0.499 
122    C3336    (0)    3 :  0.031 0.035 0.077 0.020 0.015 0.046 0.017 0.761 
123    C3341   (18)    3 :  0.097 0.045 0.029 0.066 0.030 0.028 0.635 0.069 
124    C3409   (18)    3 :  0.126 0.060 0.152 0.058 0.040 0.109 0.063 0.393 
125    C3168    (9)    3 :  0.009 0.008 0.935 0.012 0.008 0.009 0.008 0.011 
126    C3170    (0)    3 :  0.012 0.013 0.893 0.012 0.008 0.018 0.011 0.033 
127    C3214   (18)    3 :  0.029 0.087 0.545 0.023 0.034 0.182 0.011 0.089 
128    C3227    (0)    3 :  0.009 0.012 0.922 0.011 0.010 0.019 0.006 0.011 
129    C3228    (0)    3 :  0.030 0.058 0.041 0.109 0.034 0.037 0.033 0.657 
130    C3278    (0)    3 :  0.011 0.014 0.924 0.006 0.009 0.017 0.010 0.009 
131    C3279    (0)    3 :  0.043 0.023 0.849 0.008 0.013 0.035 0.011 0.019 
132    C3321    (0)    3 :  0.006 0.006 0.944 0.014 0.006 0.006 0.005 0.013 
133    C3322    (0)    3 :  0.029 0.051 0.798 0.028 0.036 0.036 0.011 0.011 
134    C3303    (0)    3 :  0.026 0.055 0.768 0.014 0.015 0.052 0.030 0.040 
135    C3317    (0)    3 :  0.019 0.014 0.034 0.017 0.015 0.014 0.019 0.868 
136    C3355    (0)    3 :  0.017 0.013 0.627 0.034 0.012 0.011 0.023 0.265 
137    C3376    (9)    3 :  0.039 0.027 0.283 0.034 0.026 0.108 0.018 0.464 
138    C3401    (0)    3 :  0.027 0.025 0.050 0.019 0.025 0.023 0.020 0.811 
139    C3203    (9)    3 :  0.048 0.019 0.570 0.030 0.041 0.083 0.060 0.149 
140    C3245    (0)    3 :  0.018 0.017 0.862 0.008 0.023 0.019 0.011 0.042 
141    C3302    (0)    3 :  0.016 0.014 0.908 0.008 0.012 0.014 0.015 0.012 
142    C3307    (0)    3 :  0.088 0.030 0.444 0.124 0.097 0.013 0.139 0.065 
143    C3310    (0)    3 :  0.012 0.010 0.930 0.008 0.008 0.011 0.013 0.009 
144    C3312    (9)    3 :  0.058 0.033 0.413 0.045 0.037 0.019 0.021 0.374 
145    C3345    (0)    3 :  0.015 0.010 0.901 0.013 0.011 0.012 0.020 0.017 
146    C3371    (0)    3 :  0.018 0.010 0.897 0.007 0.009 0.009 0.034 0.016 
147    C3372    (0)    3 :  0.056 0.023 0.655 0.022 0.023 0.017 0.046 0.158 
148    C3380    (9)    3 :  0.007 0.006 0.935 0.016 0.007 0.008 0.006 0.014 
149    C3417    (0)    3 :  0.076 0.024 0.571 0.063 0.026 0.028 0.174 0.039 
150    C4569    (9)    4 :  0.104 0.141 0.014 0.425 0.045 0.143 0.077 0.051 
151    C4570    (9)    4 :  0.017 0.015 0.014 0.871 0.012 0.015 0.014 0.043 
152    C4571    (9)    4 :  0.025 0.016 0.038 0.594 0.029 0.021 0.015 0.263 
153    C4572    (9)    4 :  0.015 0.014 0.013 0.880 0.019 0.015 0.013 0.031 
154    C4573    (9)    4 :  0.121 0.071 0.013 0.119 0.450 0.088 0.028 0.110 
155    C4575    (9)    4 :  0.038 0.021 0.019 0.786 0.057 0.032 0.018 0.028 
156    C4577    (9)    4 :  0.018 0.015 0.014 0.903 0.007 0.010 0.009 0.024 
157    C4578    (9)    4 :  0.066 0.038 0.018 0.672 0.083 0.054 0.022 0.047 
158    C4600   (18)    4 :  0.191 0.280 0.038 0.303 0.040 0.066 0.021 0.061 
159    C4612    (9)    4 :  0.018 0.026 0.020 0.847 0.011 0.052 0.011 0.015 
160    C4621    (0)    4 :  0.015 0.010 0.100 0.785 0.018 0.016 0.007 0.049 
161    C4622    (9)    4 :  0.012 0.011 0.055 0.882 0.009 0.008 0.009 0.014 
162    C4623    (0)    4 :  0.108 0.065 0.127 0.212 0.053 0.044 0.258 0.132 
163    C4624    (0)    4 :  0.015 0.024 0.017 0.847 0.037 0.017 0.013 0.030 
164    C4625    (0)    4 :  0.056 0.061 0.016 0.106 0.530 0.069 0.016 0.147 
165    C4627    (0)    4 :  0.030 0.016 0.165 0.680 0.030 0.028 0.026 0.024 
166    C4631    (0)    4 :  0.017 0.015 0.009 0.849 0.013 0.011 0.078 0.009 
167    C4632    (0)    4 :  0.015 0.022 0.051 0.781 0.021 0.014 0.016 0.080 
168    C3939    (0)    4 :  0.017 0.019 0.130 0.768 0.009 0.022 0.011 0.025 
169    C3940    (0)    4 :  0.051 0.041 0.058 0.716 0.007 0.093 0.018 0.016 
170    C3945    (0)    4 :  0.022 0.016 0.085 0.775 0.006 0.010 0.011 0.074 
171    C4520    (0)    4 :  0.139 0.184 0.065 0.024 0.022 0.393 0.051 0.122 
172    C4522    (0)    4 :  0.021 0.012 0.448 0.434 0.010 0.014 0.012 0.049 
173    C3182    (0)    4 :  0.023 0.018 0.769 0.036 0.014 0.016 0.026 0.098 
174    C3189    (0)    4 :  0.116 0.052 0.062 0.027 0.136 0.066 0.027 0.516 
175    C3191    (9)    4 :  0.038 0.023 0.169 0.018 0.068 0.027 0.030 0.627 
176    C3196    (0)    4 :  0.023 0.021 0.781 0.014 0.026 0.027 0.016 0.093 
177    C3208    (0)    4 :  0.031 0.034 0.596 0.162 0.053 0.045 0.048 0.032 
178    C3211    (0)    4 :  0.013 0.012 0.912 0.015 0.008 0.016 0.011 0.014 
179    C3212    (0)    4 :  0.370 0.054 0.117 0.031 0.009 0.259 0.079 0.081 
180    C3213    (0)    4 :  0.020 0.015 0.901 0.006 0.010 0.019 0.016 0.014 
181    C3215    (0)    4 :  0.013 0.045 0.854 0.022 0.023 0.026 0.010 0.008 
182    C3217    (0)    4 :  0.038 0.022 0.491 0.023 0.015 0.032 0.044 0.335 
183    C3225    (9)    4 :  0.057 0.058 0.256 0.022 0.029 0.069 0.021 0.489 
184    C3226    (0)    4 :  0.012 0.008 0.754 0.076 0.011 0.009 0.013 0.116 
185    C3238    (9)    4 :  0.017 0.016 0.790 0.081 0.018 0.022 0.011 0.043 
186    C3239    (0)    4 :  0.054 0.013 0.163 0.019 0.016 0.041 0.028 0.665 
187    C3269   (18)    4 :  0.052 0.050 0.048 0.140 0.153 0.087 0.023 0.448 
188    C3273    (0)    4 :  0.027 0.018 0.375 0.024 0.047 0.029 0.008 0.472 
189    C3274    (0)    4 :  0.176 0.120 0.535 0.033 0.018 0.083 0.012 0.022 
190    C3354    (0)    4 :  0.048 0.018 0.740 0.020 0.025 0.022 0.013 0.114 
191    C3361    (0)    4 :  0.017 0.020 0.857 0.028 0.015 0.022 0.009 0.032 
192    C3289    (0)    4 :  0.015 0.011 0.915 0.010 0.014 0.014 0.009 0.012 
193    C3169    (0)    4 :  0.010 0.010 0.382 0.029 0.013 0.017 0.010 0.529 
194    C3199    (9)    4 :  0.021 0.017 0.651 0.080 0.040 0.022 0.017 0.153 
195    C3224    (0)    4 :  0.013 0.019 0.738 0.013 0.019 0.026 0.013 0.159 
196    C3261   (18)    4 :  0.023 0.013 0.793 0.028 0.009 0.018 0.014 0.103 
197    C3320    (0)    4 :  0.034 0.029 0.706 0.038 0.032 0.032 0.014 0.116 
198    C4151    (0)    5 :  0.012 0.008 0.021 0.895 0.010 0.008 0.008 0.038 
199    C4152    (0)    5 :  0.017 0.012 0.013 0.771 0.016 0.016 0.012 0.144 
200    C4153    (0)    5 :  0.033 0.027 0.386 0.320 0.024 0.044 0.013 0.153 
201    C4154   (18)    5 :  0.047 0.036 0.273 0.438 0.009 0.024 0.027 0.145 
202    C4157    (0)    5 :  0.068 0.095 0.027 0.055 0.019 0.017 0.018 0.701 
203    C4158    (0)    5 :  0.013 0.008 0.017 0.912 0.013 0.007 0.008 0.022 
204    C4163    (0)    5 :  0.008 0.007 0.019 0.923 0.007 0.007 0.007 0.022 
205    C4165    (0)    5 :  0.545 0.092 0.059 0.159 0.030 0.026 0.060 0.029 
206    C4248    (9)    5 :  0.030 0.025 0.291 0.020 0.024 0.019 0.014 0.577 
207    C4371    (9)    5 :  0.021 0.016 0.019 0.060 0.015 0.014 0.031 0.823 
208    C3936    (0)    5 :  0.018 0.027 0.028 0.842 0.013 0.013 0.018 0.041 
209    C3937    (0)    5 :  0.014 0.010 0.044 0.876 0.012 0.010 0.011 0.024 
210    C3944    (0)    5 :  0.009 0.010 0.094 0.616 0.007 0.009 0.013 0.242 
211    C3954    (0)    5 :  0.011 0.012 0.102 0.046 0.038 0.020 0.007 0.764 
212    C3955    (9)    5 :  0.023 0.021 0.390 0.237 0.024 0.024 0.008 0.274 
213    C3961    (0)    5 :  0.014 0.016 0.102 0.742 0.011 0.020 0.057 0.037 
214    C3974    (0)    5 :  0.023 0.031 0.040 0.801 0.018 0.031 0.019 0.038 
215    C4024    (0)    5 :  0.024 0.023 0.033 0.201 0.011 0.030 0.067 0.611 
216    C4025    (0)    5 :  0.015 0.010 0.010 0.839 0.016 0.013 0.028 0.069 
217    C4028    (0)    5 :  0.062 0.031 0.046 0.634 0.073 0.052 0.028 0.073 
218    C4032   (18)    5 :  0.010 0.010 0.034 0.045 0.012 0.011 0.009 0.870 
219    C4033   (18)    5 :  0.019 0.014 0.604 0.033 0.015 0.013 0.013 0.290 
220    C4034    (0)    5 :  0.054 0.102 0.253 0.042 0.024 0.041 0.085 0.399 
221    C4041    (9)    5 :  0.062 0.067 0.053 0.026 0.015 0.155 0.083 0.538 
222    C4043    (9)    5 :  0.024 0.020 0.106 0.222 0.021 0.018 0.019 0.569 
223    C4044    (9)    5 :  0.076 0.068 0.116 0.111 0.067 0.056 0.415 0.090 
224    C4045    (9)    5 :  0.033 0.029 0.198 0.093 0.040 0.017 0.014 0.577 
225    C4046    (9)    5 :  0.016 0.019 0.086 0.030 0.020 0.012 0.030 0.786 
226    C4047    (0)    5 :  0.033 0.040 0.801 0.014 0.038 0.026 0.016 0.033 
227    C4048    (9)    5 :  0.098 0.057 0.581 0.022 0.068 0.034 0.060 0.081 
228    C4055    (9)    5 :  0.031 0.025 0.031 0.036 0.039 0.025 0.019 0.792 
229    C4057   (18)    5 :  0.015 0.012 0.035 0.013 0.008 0.013 0.029 0.876 
230    C4059    (0)    5 :  0.021 0.016 0.194 0.044 0.031 0.027 0.013 0.655 
231    C4060    (9)    5 :  0.053 0.029 0.126 0.046 0.021 0.049 0.019 0.657 
232    C4064    (9)    5 :  0.123 0.101 0.029 0.027 0.187 0.043 0.018 0.471 
233    C4067    (0)    5 :  0.045 0.031 0.722 0.019 0.078 0.018 0.045 0.042 
234    C4068    (9)    5 :  0.030 0.026 0.781 0.031 0.033 0.023 0.021 0.057 
235    C4070    (9)    5 :  0.073 0.037 0.419 0.121 0.033 0.023 0.126 0.168 
236    C4075   (18)    5 :  0.040 0.018 0.809 0.022 0.016 0.025 0.022 0.048 
237    C4081    (9)    5 :  0.032 0.036 0.048 0.023 0.022 0.029 0.018 0.791 
238    C4082    (0)    5 :  0.021 0.024 0.740 0.064 0.029 0.042 0.016 0.064 
239    C4083    (0)    5 :  0.190 0.116 0.035 0.127 0.052 0.048 0.169 0.263 
240    C4086    (0)    5 :  0.028 0.027 0.092 0.026 0.174 0.035 0.011 0.608 
241    C4088    (9)    5 :  0.027 0.034 0.020 0.028 0.824 0.026 0.009 0.033 
242    C4092    (0)    5 :  0.030 0.016 0.035 0.113 0.009 0.021 0.056 0.720 
243    C4099    (9)    5 :  0.042 0.059 0.154 0.025 0.025 0.122 0.068 0.505 
244    C4104    (0)    5 :  0.042 0.027 0.424 0.209 0.029 0.020 0.091 0.158 
245    C4108   (18)    5 :  0.111 0.288 0.015 0.010 0.049 0.492 0.025 0.010 
246    C4118    (0)    5 :  0.088 0.104 0.010 0.020 0.029 0.045 0.014 0.690 
247    C4131    (0)    5 :  0.060 0.034 0.065 0.435 0.082 0.024 0.019 0.280 
248    C4133    (0)    5 :  0.019 0.011 0.035 0.012 0.010 0.015 0.009 0.889 
249    C4135    (0)    5 :  0.020 0.010 0.081 0.101 0.006 0.009 0.008 0.765 
250    C4136    (0)    5 :  0.046 0.081 0.035 0.587 0.132 0.070 0.024 0.025 
251    C4137    (9)    5 :  0.038 0.023 0.025 0.189 0.021 0.018 0.017 0.668 
252    C4139    (0)    5 :  0.024 0.014 0.068 0.771 0.008 0.015 0.011 0.090 
253    C4140    (9)    5 :  0.030 0.030 0.097 0.536 0.012 0.013 0.020 0.262 
254    C4167    (0)    5 :  0.057 0.060 0.017 0.580 0.048 0.023 0.035 0.180 
255    C4236    (0)    5 :  0.038 0.057 0.033 0.016 0.032 0.032 0.031 0.760 
256    C4237    (0)    5 :  0.061 0.070 0.012 0.047 0.634 0.083 0.021 0.072 
257    C4238    (0)    5 :  0.034 0.037 0.228 0.062 0.051 0.028 0.015 0.545 
258    C4241    (0)    5 :  0.053 0.031 0.340 0.051 0.018 0.033 0.022 0.452 
259    C4247    (9)    5 :  0.062 0.031 0.051 0.050 0.203 0.039 0.136 0.429 
260    C4257    (0)    5 :  0.016 0.027 0.665 0.036 0.027 0.044 0.021 0.163 
261    C4383    (0)    5 :  0.037 0.066 0.039 0.146 0.066 0.072 0.239 0.335 
262    C4397    (9)    5 :  0.010 0.013 0.009 0.023 0.009 0.008 0.008 0.920 
263    C4514    (0)    5 :  0.014 0.014 0.031 0.757 0.012 0.011 0.019 0.143 
264    C4519    (0)    5 :  0.044 0.022 0.425 0.331 0.009 0.121 0.015 0.034 
265    C4527    (0)    5 :  0.015 0.015 0.725 0.152 0.013 0.014 0.017 0.048 
266    C4534    (0)    5 :  0.037 0.039 0.574 0.128 0.017 0.069 0.062 0.074 
267    C4699    (0)    5 :  0.037 0.029 0.137 0.653 0.076 0.015 0.030 0.023 
268    C1541    (9)    5 :  0.017 0.012 0.812 0.015 0.011 0.012 0.011 0.109 
269    C1542    (9)    5 :  0.012 0.014 0.878 0.011 0.014 0.012 0.010 0.049 
270    C1544    (0)    5 :  0.024 0.028 0.300 0.034 0.049 0.044 0.016 0.505 
271    C1547    (9)    5 :  0.102 0.134 0.073 0.046 0.140 0.259 0.142 0.104 
272    C1553    (9)    5 :  0.222 0.142 0.060 0.179 0.066 0.134 0.131 0.066 
273    C1555    (9)    5 :  0.028 0.025 0.022 0.013 0.021 0.038 0.013 0.841 
274    C1557    (0)    5 :  0.015 0.016 0.018 0.020 0.024 0.012 0.016 0.879 
275    C1560    (0)    5 :  0.016 0.025 0.037 0.015 0.011 0.054 0.014 0.828 
276    C1565    (0)    5 :  0.061 0.062 0.484 0.039 0.015 0.027 0.071 0.242 
277    C1567    (0)    5 :  0.022 0.045 0.043 0.033 0.035 0.060 0.027 0.735 
278    C1569    (0)    5 :  0.020 0.021 0.095 0.032 0.018 0.016 0.023 0.776 
279    C1571    (0)    5 :  0.052 0.069 0.374 0.053 0.081 0.104 0.038 0.229 
280    C1576    (0)    5 :  0.041 0.029 0.082 0.116 0.088 0.039 0.022 0.583 
281    C1577    (9)    5 :  0.024 0.027 0.712 0.015 0.034 0.031 0.015 0.142 
282    C1579    (0)    5 :  0.034 0.024 0.345 0.019 0.020 0.022 0.015 0.521 
283    C3990    (0)    6 :  0.008 0.008 0.052 0.848 0.008 0.007 0.009 0.059 
284    C3991    (0)    6 :  0.069 0.019 0.050 0.709 0.057 0.024 0.037 0.034 
285    C3992    (0)    6 :  0.085 0.023 0.078 0.643 0.051 0.073 0.011 0.035 
286    C3994    (0)    6 :  0.156 0.024 0.198 0.116 0.041 0.048 0.107 0.311 
287    C4172    (0)    6 :  0.092 0.044 0.019 0.691 0.071 0.031 0.042 0.009 
288    C4173    (9)    6 :  0.025 0.013 0.031 0.713 0.010 0.011 0.180 0.015 
289    C4232    (9)    6 :  0.009 0.009 0.708 0.011 0.009 0.010 0.008 0.237 
290    C4234    (9)    6 :  0.011 0.011 0.416 0.013 0.011 0.011 0.008 0.519 
291    C4259    (0)    6 :  0.012 0.010 0.102 0.014 0.010 0.009 0.012 0.831 
292    C4260    (0)    6 :  0.009 0.007 0.913 0.019 0.008 0.010 0.007 0.027 
293    C4261    (9)    6 :  0.068 0.070 0.712 0.021 0.024 0.029 0.058 0.018 
294    C4262    (0)    6 :  0.048 0.031 0.076 0.167 0.011 0.029 0.067 0.570 
295    C4263    (0)    6 :  0.020 0.026 0.079 0.041 0.067 0.014 0.025 0.727 
296    C4267    (9)    6 :  0.026 0.023 0.157 0.261 0.041 0.017 0.013 0.461 
297    C4269    (0)    6 :  0.056 0.041 0.253 0.127 0.021 0.017 0.042 0.442 
298    C4272    (0)    6 :  0.015 0.012 0.014 0.012 0.008 0.013 0.013 0.913 
299    C4274    (0)    6 :  0.069 0.132 0.066 0.023 0.013 0.302 0.011 0.385 
300    C4276    (9)    6 :  0.056 0.219 0.023 0.010 0.038 0.611 0.015 0.028 
301    C4278    (0)    6 :  0.057 0.034 0.056 0.051 0.017 0.041 0.027 0.718 
302    C4280    (0)    6 :  0.047 0.042 0.663 0.092 0.013 0.033 0.016 0.096 
303    C4281    (0)    6 :  0.020 0.020 0.046 0.027 0.022 0.013 0.014 0.838 
304    C4282    (0)    6 :  0.132 0.144 0.169 0.014 0.069 0.039 0.304 0.128 
305    C4284    (9)    6 :  0.009 0.010 0.042 0.119 0.008 0.008 0.009 0.795 
306    C4286    (9)    6 :  0.060 0.046 0.397 0.239 0.024 0.078 0.026 0.130 
307    C4287    (0)    6 :  0.090 0.054 0.455 0.101 0.011 0.076 0.074 0.138 
308    C4290    (0)    6 :  0.056 0.172 0.013 0.080 0.142 0.377 0.072 0.088 
309    C4307   (18)    6 :  0.082 0.020 0.663 0.049 0.013 0.028 0.022 0.123 
310    C4310    (9)    6 :  0.029 0.025 0.195 0.036 0.063 0.063 0.012 0.578 
311    C4311   (18)    6 :  0.044 0.028 0.582 0.017 0.022 0.073 0.023 0.211 
312    C4312    (0)    6 :  0.013 0.015 0.540 0.012 0.014 0.013 0.013 0.381 
313    C4314    (0)    6 :  0.030 0.045 0.074 0.044 0.170 0.033 0.011 0.594 
314    C4318    (9)    6 :  0.076 0.017 0.040 0.049 0.011 0.057 0.043 0.707 
315    C4321    (9)    6 :  0.048 0.030 0.429 0.042 0.013 0.072 0.059 0.306 
316    C4324    (0)    6 :  0.027 0.024 0.084 0.129 0.011 0.027 0.042 0.657 
317    C4334    (0)    6 :  0.013 0.011 0.017 0.021 0.009 0.016 0.039 0.873 
318    C4529    (0)    6 :  0.036 0.050 0.337 0.044 0.044 0.036 0.032 0.421 
319    C1582    (9)    6 :  0.017 0.019 0.134 0.071 0.014 0.015 0.012 0.717 
320    C1583    (0)    6 :  0.042 0.025 0.151 0.034 0.069 0.030 0.021 0.628 
321    C1584    (9)    6 :  0.014 0.021 0.040 0.033 0.022 0.037 0.010 0.824 
322    C1585    (0)    6 :  0.009 0.008 0.016 0.021 0.015 0.013 0.007 0.911 
323    C1586    (0)    6 :  0.026 0.019 0.043 0.022 0.024 0.012 0.049 0.805 
324    C1589    (0)    6 :  0.011 0.011 0.064 0.100 0.011 0.011 0.010 0.782 
325    C1591    (0)    6 :  0.009 0.008 0.034 0.025 0.010 0.010 0.009 0.895 
326    C1592    (0)    6 :  0.039 0.025 0.045 0.015 0.017 0.021 0.026 0.813 
327    C1594    (0)    6 :  0.022 0.026 0.139 0.039 0.073 0.018 0.015 0.668 
328    C1597    (9)    6 :  0.033 0.061 0.555 0.028 0.028 0.066 0.027 0.203 
329    C1598    (9)    6 :  0.024 0.020 0.099 0.222 0.047 0.019 0.016 0.552 
330    C1599    (0)    6 :  0.022 0.019 0.280 0.012 0.009 0.031 0.011 0.616 
331    C1601    (0)    6 :  0.055 0.069 0.278 0.305 0.078 0.031 0.030 0.155 
332    C1605    (0)    6 :  0.367 0.066 0.072 0.073 0.111 0.147 0.041 0.123 
333    C1609    (0)    6 :  0.008 0.009 0.024 0.019 0.008 0.009 0.008 0.914 
334    C1610    (0)    6 :  0.097 0.126 0.331 0.013 0.088 0.090 0.013 0.242 
335    C1611    (0)    6 :  0.028 0.014 0.818 0.011 0.013 0.014 0.044 0.057 
336    C1612    (0)    6 :  0.010 0.008 0.869 0.009 0.009 0.010 0.007 0.078 
337    C1613    (0)    6 :  0.020 0.029 0.525 0.038 0.043 0.041 0.065 0.238 
338    C3173    (9)    6 :  0.050 0.069 0.204 0.027 0.035 0.054 0.049 0.513 
339    C3204    (0)    6 :  0.017 0.017 0.866 0.016 0.015 0.021 0.013 0.035 
340    C3223    (9)    6 :  0.107 0.030 0.509 0.018 0.016 0.206 0.088 0.026 
341    C3262    (0)    6 :  0.057 0.029 0.174 0.027 0.097 0.053 0.026 0.537 
342    C3270    (0)    6 :  0.028 0.022 0.528 0.039 0.013 0.020 0.014 0.337 
343    C3300    (0)    6 :  0.012 0.009 0.178 0.052 0.009 0.012 0.009 0.719 
344    C3330    (0)    6 :  0.065 0.033 0.173 0.148 0.014 0.032 0.022 0.514 
345    C3390    (9)    6 :  0.025 0.018 0.241 0.018 0.016 0.015 0.020 0.646 
346    C3424    (9)    6 :  0.071 0.039 0.500 0.020 0.014 0.032 0.015 0.309 
347    C3958    (0)    6 :  0.018 0.014 0.022 0.818 0.007 0.010 0.016 0.094 
348    C3962    (0)    6 :  0.016 0.022 0.020 0.884 0.007 0.009 0.009 0.034 
349    C4019    (0)    6 :  0.295 0.533 0.010 0.050 0.033 0.025 0.037 0.016 
350    C3995   (18)    6 :  0.021 0.020 0.046 0.826 0.019 0.012 0.036 0.020 
351    C4000    (0)    6 :  0.142 0.087 0.178 0.427 0.017 0.034 0.076 0.040 
352    C4002    (0)    6 :  0.023 0.027 0.139 0.712 0.016 0.012 0.026 0.045 
353    C1692    (0)    7 :  0.472 0.150 0.025 0.124 0.041 0.143 0.028 0.016 
354    C1693    (0)    7 :  0.298 0.036 0.115 0.041 0.014 0.291 0.128 0.077 
355    C1694    (0)    7 :  0.175 0.091 0.037 0.021 0.121 0.184 0.286 0.085 
356    C1698    (0)    7 :  0.203 0.257 0.007 0.009 0.068 0.268 0.151 0.037 
357    C1699    (0)    7 :  0.324 0.047 0.024 0.024 0.382 0.114 0.061 0.024 
358    C1700    (0)    7 :  0.189 0.356 0.034 0.062 0.058 0.092 0.154 0.055 
359    C1701    (0)    7 :  0.228 0.273 0.011 0.012 0.372 0.056 0.023 0.025 
360    C1702    (0)    7 :  0.503 0.135 0.012 0.015 0.081 0.174 0.067 0.012 
361    C1703    (0)    7 :  0.108 0.375 0.008 0.027 0.051 0.092 0.321 0.016 
362    C1704    (0)    7 :  0.091 0.120 0.016 0.031 0.024 0.116 0.219 0.382 
363    C1705    (0)    7 :  0.076 0.053 0.010 0.273 0.019 0.147 0.409 0.013 
364    C1706    (0)    7 :  0.245 0.080 0.016 0.010 0.446 0.139 0.049 0.016 
365    C1707    (0)    7 :  0.117 0.063 0.096 0.017 0.140 0.289 0.034 0.242 
366    C1708    (0)    7 :  0.178 0.059 0.019 0.013 0.022 0.047 0.641 0.022 
367    C1709    (0)    7 :  0.084 0.058 0.021 0.060 0.024 0.029 0.705 0.020 
368    C1710    (0)    7 :  0.357 0.319 0.018 0.017 0.071 0.110 0.075 0.033 
369    C1712    (0)    7 :  0.130 0.225 0.011 0.031 0.013 0.034 0.547 0.008 
370    C1714    (0)    7 :  0.063 0.030 0.009 0.013 0.018 0.021 0.823 0.022 
371    C1715    (0)    7 :  0.245 0.193 0.015 0.015 0.117 0.370 0.020 0.025 
372    C1717    (0)    7 :  0.133 0.153 0.035 0.014 0.023 0.540 0.063 0.040 
373    C1718   (18)    7 :  0.214 0.401 0.014 0.014 0.060 0.178 0.041 0.078 
374    C1719    (0)    7 :  0.093 0.089 0.063 0.094 0.019 0.022 0.581 0.040 
375    C1656    (0)    8 :  0.182 0.137 0.013 0.038 0.529 0.040 0.051 0.009 
376    C1657   (18)    8 :  0.112 0.089 0.033 0.018 0.210 0.064 0.459 0.014 
377    C1658    (0)    8 :  0.162 0.377 0.008 0.013 0.125 0.270 0.038 0.009 
378    C1659    (0)    8 :  0.215 0.176 0.066 0.018 0.101 0.380 0.018 0.026 
379    C1661    (9)    8 :  0.224 0.322 0.033 0.039 0.077 0.160 0.080 0.065 
380    C1665    (0)    8 :  0.230 0.334 0.026 0.013 0.245 0.104 0.033 0.015 
381    C1667    (9)    8 :  0.031 0.037 0.007 0.005 0.017 0.020 0.876 0.007 
382    C1676    (9)    8 :  0.252 0.322 0.013 0.031 0.225 0.031 0.113 0.014 
383    C1681    (9)    8 :  0.108 0.154 0.012 0.020 0.304 0.258 0.100 0.044 
384    C1682    (0)    8 :  0.161 0.124 0.015 0.016 0.076 0.056 0.538 0.013 
385    C1685    (0)    8 :  0.373 0.354 0.054 0.023 0.118 0.024 0.042 0.012 
386    C4707    (0)    9 :  0.319 0.472 0.028 0.076 0.024 0.018 0.029 0.035 
387    C4747    (0)    9 :  0.155 0.037 0.143 0.099 0.017 0.107 0.393 0.049 
388    C4772    (0)    9 :  0.075 0.189 0.057 0.512 0.057 0.053 0.024 0.034 
389    C4781    (0)    9 :  0.280 0.029 0.007 0.030 0.014 0.072 0.492 0.076 
390    C4782    (0)    9 :  0.118 0.322 0.020 0.074 0.068 0.168 0.110 0.121 
391    C4787    (0)    9 :  0.117 0.143 0.016 0.071 0.026 0.545 0.048 0.034 
392    C4790    (0)    9 :  0.126 0.117 0.014 0.066 0.036 0.020 0.597 0.024 
393    C4803    (0)    9 :  0.154 0.279 0.052 0.097 0.027 0.292 0.074 0.026 
394    C4813    (0)    9 :  0.060 0.037 0.022 0.763 0.039 0.046 0.025 0.007 
395    C4837    (0)    9 :  0.300 0.371 0.043 0.095 0.018 0.128 0.028 0.017 
396    C4838    (0)    9 :  0.127 0.162 0.012 0.086 0.062 0.491 0.048 0.014 
397    C4843    (0)    9 :  0.650 0.154 0.042 0.026 0.048 0.045 0.023 0.013 
398    C4857    (0)    9 :  0.060 0.044 0.063 0.580 0.050 0.046 0.020 0.138 
399    C4828    (0)    9 :  0.383 0.077 0.190 0.024 0.128 0.113 0.048 0.037 
400    C4835    (0)    9 :  0.147 0.041 0.017 0.507 0.083 0.165 0.020 0.020 
401    C4836    (9)    9 :  0.311 0.116 0.019 0.208 0.031 0.163 0.106 0.046 
402    C4842    (0)    9 :  0.460 0.131 0.022 0.029 0.196 0.065 0.088 0.009 
403    C4863    (9)    9 :  0.310 0.119 0.016 0.055 0.020 0.338 0.105 0.037 
404    C4744    (0)    9 :  0.312 0.174 0.065 0.018 0.091 0.097 0.233 0.009 
405    C4745    (0)    9 :  0.392 0.170 0.012 0.059 0.099 0.211 0.028 0.029 
406    C4768    (0)    9 :  0.164 0.283 0.026 0.146 0.045 0.036 0.225 0.075 
407    C4769    (0)    9 :  0.133 0.105 0.016 0.159 0.418 0.102 0.058 0.010 
408    C4771    (0)    9 :  0.206 0.637 0.010 0.018 0.035 0.050 0.035 0.010 
409    C4784    (0)    9 :  0.117 0.076 0.021 0.163 0.068 0.048 0.451 0.056 
410    C4785    (0)    9 :  0.055 0.020 0.018 0.027 0.047 0.022 0.779 0.031 
411    C4795    (0)    9 :  0.249 0.020 0.022 0.084 0.029 0.058 0.487 0.052 
412    C4796    (0)    9 :  0.165 0.575 0.011 0.014 0.030 0.116 0.074 0.015 
413    C4800    (0)    9 :  0.332 0.110 0.008 0.194 0.015 0.308 0.013 0.020 
414    C4801    (0)    9 :  0.087 0.057 0.010 0.468 0.218 0.054 0.052 0.054 
415    C4802    (0)    9 :  0.048 0.067 0.022 0.024 0.123 0.062 0.016 0.638 
416    C4805    (0)    9 :  0.151 0.480 0.010 0.059 0.130 0.041 0.110 0.018 
417    C4806    (0)    9 :  0.164 0.604 0.008 0.044 0.108 0.048 0.013 0.012 
418    C4850    (0)    9 :  0.493 0.141 0.071 0.110 0.042 0.075 0.023 0.045 
419    C4748    (0)   10 :  0.171 0.033 0.009 0.107 0.544 0.064 0.063 0.008 
420    C4753    (0)   10 :  0.275 0.326 0.011 0.038 0.075 0.118 0.117 0.039 
421    C4754    (0)   10 :  0.235 0.479 0.011 0.129 0.045 0.032 0.042 0.026 
422    C4760    (0)   10 :  0.186 0.238 0.077 0.203 0.018 0.190 0.022 0.065 
423    C4761    (0)   10 :  0.061 0.064 0.009 0.385 0.334 0.037 0.089 0.022 
424    C4762    (0)   10 :  0.042 0.052 0.024 0.234 0.036 0.126 0.475 0.011 
425    C4791    (0)   10 :  0.128 0.280 0.008 0.207 0.032 0.273 0.062 0.011 
426    C4810    (0)   10 :  0.054 0.031 0.035 0.024 0.726 0.044 0.018 0.068 
427    C4812    (0)   10 :  0.136 0.359 0.039 0.032 0.210 0.160 0.025 0.038 
428    C4821    (0)   10 :  0.423 0.237 0.079 0.080 0.024 0.084 0.048 0.026 
429    C4864    (0)   10 :  0.093 0.189 0.038 0.535 0.030 0.040 0.023 0.053 
430    C4866    (0)   10 :  0.134 0.157 0.064 0.026 0.461 0.124 0.026 0.008 
431    C1722    (0)   10 :  0.137 0.234 0.024 0.012 0.244 0.274 0.028 0.047 
432    C1724    (0)   10 :  0.060 0.089 0.010 0.017 0.642 0.162 0.013 0.006 
433    C1725    (0)   10 :  0.196 0.156 0.070 0.011 0.289 0.200 0.048 0.030 
434    C1726    (0)   10 :  0.424 0.229 0.011 0.014 0.045 0.179 0.085 0.012 
435    C1731    (0)   10 :  0.216 0.169 0.068 0.037 0.303 0.108 0.086 0.013 
436    C1733    (9)   10 :  0.331 0.120 0.022 0.027 0.224 0.240 0.015 0.020 
437    C1734    (0)   10 :  0.179 0.292 0.071 0.047 0.036 0.335 0.026 0.014 
438    C1735    (0)   10 :  0.220 0.172 0.017 0.009 0.150 0.402 0.023 0.008 
439    C1738    (0)   10 :  0.074 0.114 0.069 0.027 0.344 0.341 0.014 0.017 
440    C1740    (9)   10 :  0.329 0.172 0.184 0.024 0.105 0.115 0.032 0.039 
441    C1741    (0)   10 :  0.321 0.049 0.046 0.148 0.015 0.226 0.104 0.090 
442    C1742    (0)   10 :  0.219 0.663 0.020 0.015 0.030 0.028 0.011 0.014 
443    C1743    (0)   10 :  0.103 0.156 0.028 0.017 0.077 0.207 0.394 0.018 
444    C1745    (0)   10 :  0.688 0.039 0.018 0.025 0.036 0.156 0.018 0.019 
445    C1746    (0)   10 :  0.223 0.131 0.035 0.048 0.213 0.179 0.128 0.042 
446    C1747    (0)   10 :  0.107 0.107 0.018 0.016 0.216 0.244 0.130 0.162 
447    C4742    (9)   10 :  0.075 0.122 0.028 0.621 0.039 0.029 0.071 0.015 
448    C4752    (0)   10 :  0.047 0.019 0.061 0.716 0.073 0.040 0.023 0.021 
449    C4792    (0)   10 :  0.349 0.129 0.102 0.119 0.103 0.072 0.067 0.060 
450    C4811    (0)   10 :  0.048 0.026 0.047 0.767 0.017 0.035 0.016 0.043 
451    C4814    (0)   10 :  0.277 0.076 0.029 0.471 0.032 0.039 0.059 0.017 
452    C4815    (0)   10 :  0.175 0.067 0.025 0.070 0.026 0.553 0.028 0.056 
453    C4818    (0)   10 :  0.158 0.145 0.184 0.182 0.107 0.132 0.064 0.028 
454    C4819    (0)   10 :  0.330 0.125 0.078 0.181 0.164 0.044 0.052 0.026 
455    C4826    (0)   10 :  0.219 0.458 0.009 0.029 0.061 0.158 0.054 0.011 
456    C4829    (0)   10 :  0.224 0.321 0.020 0.016 0.052 0.106 0.191 0.071 
457    C4830    (0)   10 :  0.248 0.555 0.026 0.022 0.012 0.033 0.094 0.009 
458    C4831    (0)   10 :  0.070 0.084 0.039 0.555 0.054 0.021 0.048 0.129 
459    C4832    (0)   10 :  0.247 0.279 0.013 0.050 0.084 0.046 0.271 0.011 
460    C4858    (0)   10 :  0.070 0.054 0.008 0.320 0.014 0.052 0.453 0.029 
