

----------------------------------------------------
STRUCTURE by Pritchard, Stephens and Donnelly (2000)
     and Falush, Stephens and Pritchard (2003)
       Code by Pritchard, Falush and Hubisz
             Version 2.3.4 (Jul 2012)
----------------------------------------------------



Command line arguments:   bin\structure -m C:\Users\eschumacher\Documents\Butternut\butternut_STRUCTURE_withQU\50-50\mainparams -e C:\Users\eschumacher\Documents\Butternut\butternut_STRUCTURE_withQU\50-50\extraparams 
Input File:    C:\Users\eschumacher\Documents\Butternut\butternut_STRUCTURE_withQU\project_data

Run parameters:
   1015 individuals
   11 loci
   7 populations assumed
   50000 Burn-in period
   50000 Reps


--------------------------------------------
Proportion of membership of each pre-defined
 population in each of the 7 clusters

Given    Inferred Clusters                                   Number of
 Pop       1      2      3      4      5      6      7      Individuals

  1:     0.122  0.455  0.046  0.055  0.046  0.048  0.228       40
  2:     0.309  0.322  0.044  0.042  0.041  0.027  0.214       46
  3:     0.119  0.240  0.028  0.047  0.045  0.026  0.494       63
  4:     0.334  0.162  0.038  0.057  0.030  0.047  0.333       48
  5:     0.223  0.370  0.042  0.040  0.044  0.057  0.224       85
  6:     0.162  0.417  0.044  0.058  0.037  0.033  0.249       70
  7:     0.054  0.068  0.234  0.210  0.284  0.118  0.033       22
  8:     0.027  0.024  0.310  0.172  0.235  0.207  0.026       11
  9:     0.188  0.058  0.263  0.173  0.185  0.094  0.040       33
 10:     0.184  0.041  0.244  0.191  0.110  0.174  0.055       48
 11:     0.329  0.046  0.216  0.127  0.162  0.086  0.033       48
 12:     0.670  0.030  0.089  0.083  0.031  0.081  0.015       13
 13:     0.687  0.031  0.023  0.063  0.023  0.131  0.041        9
 14:     0.033  0.052  0.267  0.268  0.183  0.149  0.048       90
 15:     0.023  0.026  0.140  0.157  0.565  0.058  0.032       63
 16:     0.037  0.086  0.257  0.273  0.146  0.131  0.070       16
 17:     0.087  0.103  0.125  0.337  0.099  0.184  0.064       31
 18:     0.069  0.018  0.077  0.028  0.035  0.762  0.012       16
 19:     0.024  0.098  0.159  0.122  0.453  0.057  0.086       24
 20:     0.036  0.087  0.411  0.158  0.123  0.142  0.043       12
 21:     0.034  0.069  0.244  0.212  0.220  0.183  0.038       54
 22:     0.049  0.067  0.200  0.238  0.081  0.326  0.040       96
 23:     0.021  0.080  0.139  0.176  0.182  0.376  0.026       22
 24:     0.089  0.085  0.092  0.068  0.031  0.583  0.052       23
 25:     0.027  0.029  0.254  0.205  0.076  0.377  0.032       13
 26:     0.043  0.056  0.275  0.211  0.211  0.112  0.092       19
--------------------------------------------

Allele-freq. divergence among pops (Net nucleotide distance),
computed using point estimates of P.

      1       2       3       4       5       6       7      
 1      -    0.0319  0.0295  0.0354  0.0309  0.0417  0.0332  
 2   0.0319     -    0.0300  0.0305  0.0308  0.0374  0.0221  
 3   0.0295  0.0300     -    0.0070  0.0079  0.0119  0.0313  
 4   0.0354  0.0305  0.0070     -    0.0112  0.0139  0.0291  
 5   0.0309  0.0308  0.0079  0.0112     -    0.0197  0.0334  
 6   0.0417  0.0374  0.0119  0.0139  0.0197     -    0.0387  
 7   0.0332  0.0221  0.0313  0.0291  0.0334  0.0387     -    

Average distances (expected heterozygosity) between individuals in same cluster:
cluster  1  : 0.8332 
cluster  2  : 0.8102 
cluster  3  : 0.8545 
cluster  4  : 0.8485 
cluster  5  : 0.8523 
cluster  6  : 0.8312 
cluster  7  : 0.8215 

--------------------------------------------
Estimated Ln Prob of Data   = -47746.9
Mean value of ln likelihood = -46332.5
Variance of ln likelihood   = 2828.8
Mean value of alpha         = 0.0556

Mean value of Fst_1         = 0.0567
Mean value of Fst_2         = 0.0604
Mean value of Fst_3         = 0.0193
Mean value of Fst_4         = 0.0230
Mean value of Fst_5         = 0.0263
Mean value of Fst_6         = 0.0365
Mean value of Fst_7         = 0.0653


Inferred ancestry of individuals:
        Label (%Miss) Pop:  Inferred clusters
  1    C3984    (0)    1 :  0.085 0.834 0.011 0.016 0.014 0.007 0.033 
  2    C3985    (0)    1 :  0.295 0.522 0.022 0.013 0.020 0.018 0.109 
  3    C3986    (0)    1 :  0.376 0.199 0.012 0.011 0.017 0.008 0.378 
  4    C4231    (0)    1 :  0.322 0.511 0.033 0.040 0.021 0.011 0.063 
  5    C4344    (0)    1 :  0.032 0.266 0.032 0.022 0.037 0.016 0.596 
  6    C4347   (18)    1 :  0.021 0.448 0.017 0.019 0.013 0.046 0.436 
  7    C4352   (18)    1 :  0.158 0.646 0.031 0.016 0.031 0.019 0.100 
  8    C4355    (9)    1 :  0.036 0.773 0.013 0.036 0.023 0.015 0.103 
  9    C4358   (18)    1 :  0.036 0.077 0.458 0.206 0.160 0.045 0.018 
 10    C4419    (9)    1 :  0.100 0.698 0.023 0.126 0.022 0.017 0.014 
 11    C4428    (9)    1 :  0.061 0.716 0.010 0.018 0.013 0.017 0.165 
 12    C4436    (0)    1 :  0.077 0.787 0.013 0.010 0.016 0.016 0.082 
 13    C4437   (18)    1 :  0.262 0.410 0.046 0.095 0.029 0.063 0.096 
 14    C4450    (0)    1 :  0.081 0.588 0.062 0.100 0.085 0.051 0.033 
 15    C4531    (0)    1 :  0.853 0.030 0.025 0.027 0.030 0.024 0.011 
 16    C1615    (0)    1 :  0.227 0.376 0.090 0.051 0.082 0.096 0.077 
 17    C1616    (0)    1 :  0.050 0.231 0.113 0.371 0.020 0.152 0.063 
 18    C1617    (9)    1 :  0.011 0.841 0.013 0.025 0.011 0.019 0.080 
 19    C1618    (0)    1 :  0.327 0.451 0.036 0.019 0.102 0.033 0.032 
 20    C1619    (0)    1 :  0.121 0.521 0.044 0.031 0.172 0.058 0.053 
 21    C1620    (9)    1 :  0.078 0.670 0.050 0.021 0.117 0.032 0.032 
 22    C1621    (0)    1 :  0.025 0.239 0.058 0.109 0.044 0.480 0.045 
 23    C1623    (9)    1 :  0.300 0.048 0.069 0.065 0.318 0.180 0.019 
 24    C1625    (0)    1 :  0.033 0.653 0.044 0.020 0.117 0.083 0.051 
 25    C1626    (0)    1 :  0.022 0.489 0.097 0.193 0.039 0.130 0.031 
 26    C1627    (9)    1 :  0.020 0.866 0.020 0.014 0.020 0.037 0.023 
 27    C1633    (0)    1 :  0.009 0.939 0.007 0.010 0.010 0.012 0.012 
 28    C1637    (0)    1 :  0.017 0.873 0.018 0.024 0.014 0.022 0.032 
 29    C1650    (0)    1 :  0.591 0.227 0.020 0.036 0.014 0.036 0.076 
 30    C3202    (0)    1 :  0.011 0.013 0.010 0.010 0.012 0.016 0.930 
 31    C3248    (0)    1 :  0.010 0.857 0.019 0.014 0.013 0.013 0.075 
 32    C3304    (9)    1 :  0.013 0.296 0.013 0.070 0.015 0.013 0.580 
 33    C3326    (0)    1 :  0.084 0.210 0.166 0.103 0.026 0.028 0.384 
 34    C3333    (0)    1 :  0.011 0.026 0.015 0.016 0.013 0.019 0.901 
 35    C3339   (18)    1 :  0.011 0.720 0.021 0.055 0.039 0.015 0.139 
 36    C3346    (0)    1 :  0.012 0.016 0.008 0.009 0.012 0.006 0.937 
 37    C3349    (0)    1 :  0.016 0.091 0.039 0.080 0.037 0.020 0.718 
 38    C3367   (18)    1 :  0.031 0.034 0.018 0.021 0.018 0.022 0.856 
 39    C3374    (0)    1 :  0.015 0.923 0.008 0.009 0.011 0.006 0.028 
 40    C3405    (0)    1 :  0.023 0.103 0.021 0.066 0.043 0.013 0.731 
 41    C4543    (0)    2 :  0.854 0.027 0.011 0.020 0.016 0.010 0.063 
 42    C4545    (9)    2 :  0.896 0.034 0.010 0.009 0.026 0.007 0.017 
 43    C4551    (9)    2 :  0.568 0.110 0.195 0.031 0.058 0.024 0.015 
 44    C4491    (0)    2 :  0.542 0.147 0.088 0.047 0.075 0.028 0.073 
 45    C4494    (0)    2 :  0.107 0.124 0.010 0.012 0.016 0.009 0.721 
 46    C4495    (0)    2 :  0.051 0.038 0.096 0.018 0.062 0.016 0.719 
 47    C4497    (9)    2 :  0.028 0.844 0.019 0.020 0.017 0.013 0.059 
 48    C4501    (0)    2 :  0.046 0.701 0.027 0.170 0.022 0.014 0.022 
 49    C4502    (0)    2 :  0.184 0.645 0.011 0.020 0.062 0.012 0.066 
 50    C4503    (0)    2 :  0.870 0.010 0.018 0.011 0.067 0.015 0.010 
 51    C4504    (0)    2 :  0.077 0.139 0.096 0.106 0.344 0.067 0.171 
 52    C4470    (0)    2 :  0.154 0.611 0.104 0.046 0.036 0.025 0.024 
 53    C4471    (0)    2 :  0.728 0.156 0.016 0.026 0.022 0.012 0.040 
 54    C4474    (9)    2 :  0.898 0.010 0.034 0.015 0.018 0.018 0.008 
 55    C4476    (0)    2 :  0.097 0.830 0.014 0.013 0.017 0.011 0.019 
 56    C4478    (0)    2 :  0.555 0.061 0.013 0.054 0.096 0.010 0.211 
 57    C4479    (0)    2 :  0.080 0.727 0.016 0.017 0.011 0.047 0.101 
 58    C4482    (0)    2 :  0.286 0.107 0.055 0.058 0.012 0.136 0.346 
 59    C4483    (0)    2 :  0.937 0.008 0.011 0.013 0.012 0.011 0.009 
 60    C4484    (0)    2 :  0.500 0.088 0.034 0.072 0.058 0.024 0.224 
 61    C4485    (0)    2 :  0.074 0.238 0.098 0.069 0.042 0.065 0.415 
 62    C4489    (0)    2 :  0.229 0.490 0.019 0.034 0.029 0.018 0.181 
 63    C4505    (0)    2 :  0.069 0.837 0.028 0.016 0.015 0.012 0.024 
 64    C4507    (0)    2 :  0.297 0.408 0.063 0.072 0.134 0.012 0.014 
 65    C4535    (0)    2 :  0.880 0.017 0.029 0.018 0.019 0.022 0.014 
 66    C4542    (0)    2 :  0.271 0.021 0.236 0.389 0.034 0.023 0.025 
 67    C4553    (9)    2 :  0.674 0.123 0.045 0.021 0.017 0.017 0.102 
 68    C4562   (18)    2 :  0.568 0.232 0.049 0.016 0.053 0.026 0.055 
 69    C4582   (18)    2 :  0.773 0.072 0.030 0.023 0.020 0.035 0.048 
 70    C4693    (0)    2 :  0.902 0.029 0.010 0.011 0.008 0.012 0.029 
 71    C4696    (0)    2 :  0.490 0.235 0.126 0.025 0.056 0.028 0.040 
 72    C3179    (0)    2 :  0.011 0.118 0.020 0.019 0.046 0.012 0.773 
 73    C3181    (0)    2 :  0.023 0.400 0.033 0.052 0.019 0.023 0.451 
 74    C3188    (0)    2 :  0.018 0.767 0.025 0.028 0.034 0.022 0.106 
 75    C3190    (0)    2 :  0.020 0.016 0.019 0.044 0.013 0.016 0.871 
 76    C3193    (0)    2 :  0.013 0.678 0.023 0.014 0.010 0.034 0.226 
 77    C3232    (0)    2 :  0.069 0.738 0.011 0.016 0.013 0.010 0.144 
 78    C3236    (0)    2 :  0.030 0.065 0.010 0.009 0.009 0.009 0.868 
 79    C3249    (0)    2 :  0.031 0.432 0.036 0.052 0.036 0.037 0.377 
 80    C3250    (0)    2 :  0.017 0.907 0.010 0.014 0.008 0.012 0.032 
 81    C3253    (0)    2 :  0.013 0.937 0.012 0.009 0.008 0.012 0.009 
 82    C3255    (0)    2 :  0.038 0.566 0.014 0.012 0.012 0.012 0.347 
 83    C3277    (0)    2 :  0.022 0.664 0.071 0.064 0.043 0.070 0.066 
 84    C3315    (0)    2 :  0.159 0.373 0.090 0.099 0.119 0.142 0.017 
 85    C3288    (0)    2 :  0.017 0.026 0.013 0.012 0.015 0.022 0.895 
 86    C3293    (0)    2 :  0.038 0.018 0.033 0.039 0.036 0.031 0.805 
 87    C4018    (0)    3 :  0.356 0.050 0.011 0.019 0.009 0.008 0.547 
 88    C3980    (0)    3 :  0.878 0.023 0.012 0.013 0.011 0.012 0.052 
 89    C3987    (0)    3 :  0.852 0.074 0.011 0.014 0.012 0.010 0.027 
 90    C3988    (0)    3 :  0.621 0.216 0.018 0.011 0.014 0.013 0.107 
 91    C3989    (0)    3 :  0.024 0.047 0.073 0.057 0.011 0.007 0.781 
 92    C4011    (0)    3 :  0.418 0.182 0.007 0.007 0.007 0.006 0.374 
 93    C4017    (0)    3 :  0.931 0.020 0.006 0.007 0.007 0.006 0.022 
 94    C4296    (0)    3 :  0.067 0.464 0.226 0.090 0.078 0.049 0.025 
 95    C4301    (9)    3 :  0.010 0.013 0.023 0.775 0.063 0.015 0.102 
 96    C4303    (0)    3 :  0.013 0.050 0.044 0.038 0.034 0.286 0.535 
 97    C4453    (0)    3 :  0.058 0.087 0.012 0.025 0.060 0.036 0.722 
 98    C4455    (9)    3 :  0.020 0.016 0.013 0.012 0.014 0.025 0.900 
 99    C4456   (18)    3 :  0.217 0.017 0.019 0.040 0.097 0.085 0.525 
100    C4457    (9)    3 :  0.023 0.073 0.036 0.059 0.024 0.063 0.722 
101    C4459    (9)    3 :  0.203 0.283 0.027 0.017 0.012 0.022 0.436 
102    C4464   (18)    3 :  0.031 0.249 0.011 0.010 0.011 0.008 0.680 
103    C4468    (9)    3 :  0.031 0.678 0.015 0.018 0.018 0.044 0.196 
104    C4783    (0)    3 :  0.243 0.009 0.036 0.013 0.011 0.014 0.673 
105    C4786    (0)    3 :  0.085 0.031 0.012 0.016 0.010 0.010 0.837 
106    C4789    (9)    3 :  0.171 0.112 0.016 0.051 0.009 0.011 0.630 
107    C4891    (0)    3 :  0.025 0.012 0.026 0.013 0.016 0.009 0.897 
108    C4896    (0)    3 :  0.226 0.012 0.022 0.031 0.017 0.025 0.667 
109    C4898    (0)    3 :  0.431 0.055 0.027 0.013 0.017 0.018 0.438 
110    C4901    (0)    3 :  0.079 0.013 0.009 0.016 0.006 0.010 0.866 
111    C4903    (9)    3 :  0.030 0.015 0.019 0.025 0.012 0.021 0.878 
112    C4904    (0)    3 :  0.310 0.020 0.029 0.016 0.011 0.009 0.605 
113    C3263    (0)    3 :  0.012 0.656 0.016 0.013 0.162 0.021 0.120 
114    C3271    (0)    3 :  0.012 0.872 0.020 0.024 0.022 0.011 0.038 
115    C3272    (0)    3 :  0.012 0.866 0.020 0.042 0.018 0.010 0.031 
116    C3276    (0)    3 :  0.029 0.030 0.045 0.340 0.080 0.033 0.442 
117    C3280    (9)    3 :  0.024 0.765 0.045 0.027 0.091 0.027 0.020 
118    C3305    (9)    3 :  0.011 0.943 0.009 0.012 0.008 0.008 0.009 
119    C3306    (0)    3 :  0.016 0.771 0.033 0.027 0.077 0.023 0.053 
120    C3324    (0)    3 :  0.015 0.712 0.048 0.024 0.172 0.015 0.014 
121    C3329    (0)    3 :  0.138 0.536 0.088 0.051 0.070 0.033 0.084 
122    C3336    (0)    3 :  0.019 0.818 0.030 0.040 0.017 0.015 0.063 
123    C3341   (18)    3 :  0.083 0.076 0.059 0.040 0.674 0.039 0.030 
124    C3409   (18)    3 :  0.081 0.485 0.082 0.115 0.059 0.046 0.131 
125    C3168    (9)    3 :  0.013 0.012 0.008 0.010 0.008 0.009 0.941 
126    C3170    (0)    3 :  0.012 0.047 0.012 0.017 0.013 0.009 0.890 
127    C3214   (18)    3 :  0.025 0.171 0.018 0.234 0.012 0.036 0.504 
128    C3227    (0)    3 :  0.011 0.011 0.008 0.019 0.007 0.011 0.934 
129    C3228    (0)    3 :  0.083 0.749 0.037 0.033 0.039 0.026 0.034 
130    C3278    (0)    3 :  0.006 0.009 0.012 0.018 0.010 0.011 0.935 
131    C3279    (0)    3 :  0.009 0.021 0.033 0.044 0.012 0.016 0.865 
132    C3321    (0)    3 :  0.013 0.011 0.006 0.006 0.006 0.006 0.952 
133    C3322    (0)    3 :  0.026 0.013 0.035 0.028 0.013 0.051 0.834 
134    C3303    (0)    3 :  0.014 0.046 0.033 0.052 0.037 0.017 0.802 
135    C3317    (0)    3 :  0.017 0.893 0.016 0.011 0.017 0.012 0.033 
136    C3355    (0)    3 :  0.036 0.336 0.016 0.011 0.020 0.012 0.569 
137    C3376    (9)    3 :  0.033 0.587 0.026 0.075 0.017 0.027 0.234 
138    C3401    (0)    3 :  0.025 0.836 0.024 0.028 0.021 0.026 0.041 
139    C3203    (9)    3 :  0.033 0.247 0.019 0.060 0.064 0.046 0.531 
140    C3245    (0)    3 :  0.010 0.049 0.015 0.018 0.011 0.023 0.874 
141    C3302    (0)    3 :  0.008 0.012 0.014 0.015 0.015 0.014 0.922 
142    C3307    (0)    3 :  0.137 0.062 0.044 0.013 0.135 0.078 0.532 
143    C3310    (0)    3 :  0.009 0.009 0.011 0.011 0.012 0.009 0.939 
144    C3312    (9)    3 :  0.048 0.423 0.051 0.021 0.026 0.036 0.395 
145    C3345    (0)    3 :  0.012 0.015 0.010 0.011 0.022 0.011 0.917 
146    C3371    (0)    3 :  0.007 0.015 0.011 0.009 0.032 0.010 0.914 
147    C3372    (0)    3 :  0.026 0.153 0.026 0.018 0.050 0.027 0.700 
148    C3380    (9)    3 :  0.015 0.014 0.006 0.007 0.006 0.008 0.945 
149    C3417    (0)    3 :  0.064 0.049 0.036 0.031 0.179 0.030 0.611 
150    C4569    (9)    4 :  0.586 0.056 0.089 0.126 0.093 0.037 0.014 
151    C4570    (9)    4 :  0.866 0.066 0.014 0.012 0.015 0.012 0.015 
152    C4571    (9)    4 :  0.583 0.305 0.017 0.018 0.016 0.025 0.036 
153    C4572    (9)    4 :  0.898 0.031 0.012 0.012 0.014 0.019 0.014 
154    C4573    (9)    4 :  0.161 0.149 0.081 0.107 0.040 0.449 0.013 
155    C4575    (9)    4 :  0.808 0.031 0.024 0.036 0.024 0.053 0.023 
156    C4577    (9)    4 :  0.920 0.024 0.014 0.010 0.011 0.007 0.015 
157    C4578    (9)    4 :  0.712 0.063 0.057 0.065 0.023 0.058 0.022 
158    C4600   (18)    4 :  0.427 0.078 0.302 0.071 0.032 0.039 0.052 
159    C4612    (9)    4 :  0.874 0.014 0.017 0.051 0.012 0.013 0.018 
160    C4621    (0)    4 :  0.772 0.057 0.011 0.014 0.007 0.019 0.119 
161    C4622    (9)    4 :  0.869 0.014 0.012 0.008 0.008 0.009 0.080 
162    C4623    (0)    4 :  0.310 0.108 0.045 0.060 0.270 0.050 0.157 
163    C4624    (0)    4 :  0.867 0.031 0.021 0.014 0.015 0.036 0.016 
164    C4625    (0)    4 :  0.128 0.151 0.079 0.075 0.018 0.532 0.018 
165    C4627    (0)    4 :  0.716 0.021 0.014 0.031 0.022 0.029 0.167 
166    C4631    (0)    4 :  0.876 0.010 0.017 0.011 0.064 0.013 0.009 
167    C4632    (0)    4 :  0.793 0.083 0.021 0.014 0.018 0.020 0.051 
168    C3939    (0)    4 :  0.762 0.027 0.016 0.021 0.012 0.009 0.153 
169    C3940    (0)    4 :  0.755 0.018 0.051 0.077 0.021 0.008 0.071 
170    C3945    (0)    4 :  0.772 0.052 0.020 0.011 0.011 0.007 0.127 
171    C4520    (0)    4 :  0.035 0.139 0.120 0.516 0.077 0.028 0.085 
172    C4522    (0)    4 :  0.403 0.040 0.013 0.014 0.011 0.010 0.509 
173    C3182    (0)    4 :  0.039 0.099 0.019 0.016 0.024 0.014 0.789 
174    C3189    (0)    4 :  0.027 0.612 0.062 0.072 0.028 0.142 0.057 
175    C3191    (9)    4 :  0.018 0.706 0.019 0.024 0.034 0.060 0.138 
176    C3196    (0)    4 :  0.013 0.099 0.022 0.025 0.017 0.026 0.798 
177    C3208    (0)    4 :  0.236 0.045 0.028 0.043 0.043 0.047 0.558 
178    C3211    (0)    4 :  0.014 0.016 0.012 0.015 0.012 0.008 0.923 
179    C3212    (0)    4 :  0.053 0.105 0.070 0.494 0.123 0.010 0.145 
180    C3213    (0)    4 :  0.007 0.016 0.018 0.023 0.017 0.010 0.908 
181    C3215    (0)    4 :  0.017 0.010 0.017 0.017 0.011 0.042 0.885 
182    C3217    (0)    4 :  0.023 0.410 0.028 0.034 0.042 0.018 0.445 
183    C3225    (9)    4 :  0.022 0.601 0.041 0.068 0.025 0.034 0.210 
184    C3226    (0)    4 :  0.066 0.159 0.009 0.009 0.013 0.011 0.733 
185    C3238    (9)    4 :  0.088 0.058 0.013 0.021 0.012 0.019 0.788 
186    C3239    (0)    4 :  0.020 0.756 0.014 0.033 0.030 0.015 0.132 
187    C3269   (18)    4 :  0.139 0.527 0.036 0.108 0.026 0.119 0.046 
188    C3273    (0)    4 :  0.021 0.599 0.015 0.032 0.010 0.041 0.282 
189    C3274    (0)    4 :  0.063 0.025 0.177 0.157 0.018 0.022 0.538 
190    C3354    (0)    4 :  0.020 0.138 0.027 0.021 0.012 0.021 0.761 
191    C3361    (0)    4 :  0.029 0.042 0.018 0.020 0.011 0.015 0.865 
192    C3289    (0)    4 :  0.012 0.016 0.011 0.016 0.010 0.013 0.922 
193    C3169    (0)    4 :  0.029 0.607 0.009 0.015 0.010 0.013 0.318 
194    C3199    (9)    4 :  0.091 0.155 0.016 0.023 0.015 0.038 0.661 
195    C3224    (0)    4 :  0.012 0.114 0.011 0.022 0.013 0.019 0.810 
196    C3261   (18)    4 :  0.027 0.146 0.022 0.013 0.015 0.009 0.768 
197    C3320    (0)    4 :  0.042 0.131 0.035 0.031 0.017 0.028 0.717 
198    C4151    (0)    5 :  0.913 0.026 0.009 0.009 0.007 0.009 0.027 
199    C4152    (0)    5 :  0.815 0.116 0.011 0.017 0.014 0.013 0.014 
200    C4153    (0)    5 :  0.270 0.104 0.021 0.042 0.013 0.024 0.527 
201    C4154   (18)    5 :  0.422 0.122 0.040 0.030 0.028 0.010 0.348 
202    C4157    (0)    5 :  0.084 0.717 0.115 0.019 0.017 0.017 0.029 
203    C4158    (0)    5 :  0.926 0.021 0.009 0.007 0.008 0.012 0.018 
204    C4163    (0)    5 :  0.923 0.023 0.008 0.007 0.007 0.007 0.025 
205    C4165    (0)    5 :  0.305 0.044 0.290 0.018 0.207 0.041 0.096 
206    C4248    (9)    5 :  0.020 0.608 0.029 0.021 0.018 0.024 0.281 
207    C4371    (9)    5 :  0.050 0.855 0.018 0.017 0.029 0.015 0.015 
208    C3936    (0)    5 :  0.835 0.052 0.023 0.014 0.020 0.014 0.042 
209    C3937    (0)    5 :  0.878 0.023 0.010 0.010 0.011 0.013 0.056 
210    C3944    (0)    5 :  0.651 0.202 0.009 0.008 0.011 0.007 0.111 
211    C3954    (0)    5 :  0.045 0.811 0.009 0.018 0.008 0.034 0.075 
212    C3955    (9)    5 :  0.211 0.256 0.017 0.027 0.008 0.027 0.453 
213    C3961    (0)    5 :  0.683 0.043 0.017 0.019 0.052 0.012 0.173 
214    C3974    (0)    5 :  0.817 0.045 0.021 0.030 0.019 0.020 0.048 
215    C4024    (0)    5 :  0.192 0.598 0.031 0.026 0.077 0.012 0.064 
216    C4025    (0)    5 :  0.881 0.049 0.010 0.013 0.021 0.015 0.011 
217    C4028    (0)    5 :  0.657 0.098 0.039 0.055 0.030 0.067 0.055 
218    C4032   (18)    5 :  0.042 0.895 0.009 0.011 0.010 0.012 0.021 
219    C4033   (18)    5 :  0.028 0.286 0.016 0.013 0.013 0.014 0.630 
220    C4034    (0)    5 :  0.041 0.458 0.075 0.042 0.104 0.024 0.257 
221    C4041    (9)    5 :  0.030 0.605 0.044 0.156 0.094 0.017 0.053 
222    C4043    (9)    5 :  0.185 0.611 0.021 0.018 0.020 0.020 0.124 
223    C4044    (9)    5 :  0.110 0.094 0.061 0.061 0.479 0.080 0.115 
224    C4045    (9)    5 :  0.105 0.574 0.032 0.020 0.014 0.040 0.215 
225    C4046    (9)    5 :  0.028 0.817 0.016 0.012 0.028 0.021 0.078 
226    C4047    (0)    5 :  0.014 0.027 0.034 0.030 0.017 0.037 0.841 
227    C4048    (9)    5 :  0.019 0.092 0.046 0.044 0.070 0.055 0.674 
228    C4055    (9)    5 :  0.042 0.816 0.029 0.026 0.020 0.035 0.033 
229    C4057   (18)    5 :  0.013 0.842 0.014 0.016 0.036 0.010 0.069 
230    C4059    (0)    5 :  0.040 0.707 0.012 0.024 0.013 0.025 0.179 
231    C4060    (9)    5 :  0.056 0.659 0.029 0.054 0.023 0.018 0.162 
232    C4064    (9)    5 :  0.034 0.500 0.142 0.041 0.021 0.232 0.030 
233    C4067    (0)    5 :  0.022 0.037 0.023 0.023 0.047 0.085 0.763 
234    C4068    (9)    5 :  0.032 0.054 0.022 0.025 0.019 0.027 0.820 
235    C4070    (9)    5 :  0.131 0.184 0.057 0.022 0.147 0.027 0.433 
236    C4075   (18)    5 :  0.021 0.050 0.019 0.024 0.022 0.014 0.851 
237    C4081    (9)    5 :  0.021 0.837 0.029 0.026 0.021 0.022 0.044 
238    C4082    (0)    5 :  0.057 0.067 0.020 0.030 0.017 0.030 0.778 
239    C4083    (0)    5 :  0.145 0.297 0.188 0.048 0.218 0.057 0.047 
240    C4086    (0)    5 :  0.025 0.682 0.025 0.025 0.014 0.129 0.099 
241    C4088    (9)    5 :  0.028 0.034 0.026 0.014 0.010 0.870 0.019 
242    C4092    (0)    5 :  0.095 0.764 0.021 0.021 0.047 0.009 0.042 
243    C4099    (9)    5 :  0.026 0.610 0.031 0.110 0.078 0.031 0.114 
244    C4104    (0)    5 :  0.205 0.152 0.031 0.020 0.081 0.028 0.484 
245    C4108   (18)    5 :  0.010 0.012 0.322 0.431 0.040 0.165 0.019 
246    C4118    (0)    5 :  0.022 0.803 0.077 0.040 0.019 0.028 0.012 
247    C4131    (0)    5 :  0.463 0.273 0.044 0.025 0.019 0.085 0.092 
248    C4133    (0)    5 :  0.012 0.910 0.013 0.014 0.009 0.010 0.031 
249    C4135    (0)    5 :  0.117 0.626 0.013 0.010 0.009 0.006 0.220 
250    C4136    (0)    5 :  0.660 0.024 0.075 0.062 0.025 0.115 0.037 
251    C4137    (9)    5 :  0.222 0.665 0.032 0.016 0.019 0.019 0.026 
252    C4139    (0)    5 :  0.780 0.079 0.016 0.015 0.012 0.008 0.090 
253    C4140    (9)    5 :  0.589 0.225 0.041 0.013 0.021 0.010 0.102 
254    C4167    (0)    5 :  0.733 0.137 0.045 0.014 0.029 0.026 0.016 
255    C4236    (0)    5 :  0.017 0.780 0.059 0.028 0.033 0.039 0.044 
256    C4237    (0)    5 :  0.060 0.081 0.060 0.078 0.025 0.683 0.013 
257    C4238    (0)    5 :  0.059 0.553 0.024 0.033 0.015 0.058 0.258 
258    C4241    (0)    5 :  0.045 0.466 0.035 0.033 0.023 0.020 0.379 
259    C4247    (9)    5 :  0.065 0.426 0.032 0.034 0.157 0.227 0.059 
260    C4257    (0)    5 :  0.040 0.185 0.019 0.051 0.021 0.027 0.657 
261    C4383    (0)    5 :  0.136 0.410 0.055 0.069 0.223 0.069 0.039 
262    C4397    (9)    5 :  0.026 0.927 0.013 0.008 0.007 0.009 0.010 
263    C4514    (0)    5 :  0.772 0.140 0.013 0.012 0.019 0.012 0.032 
264    C4519    (0)    5 :  0.353 0.036 0.020 0.124 0.016 0.008 0.443 
265    C4527    (0)    5 :  0.133 0.051 0.015 0.013 0.016 0.012 0.760 
266    C4534    (0)    5 :  0.081 0.075 0.031 0.055 0.056 0.016 0.685 
267    C4699    (0)    5 :  0.701 0.018 0.029 0.013 0.028 0.075 0.137 
268    C1541    (9)    5 :  0.014 0.167 0.015 0.011 0.012 0.016 0.767 
269    C1542    (9)    5 :  0.011 0.072 0.014 0.013 0.011 0.016 0.863 
270    C1544    (0)    5 :  0.028 0.550 0.024 0.031 0.018 0.059 0.291 
271    C1547    (9)    5 :  0.051 0.125 0.102 0.232 0.203 0.170 0.116 
272    C1553    (9)    5 :  0.224 0.075 0.211 0.178 0.137 0.099 0.075 
273    C1555    (9)    5 :  0.017 0.860 0.027 0.036 0.013 0.022 0.026 
274    C1557    (0)    5 :  0.020 0.891 0.019 0.014 0.016 0.021 0.019 
275    C1560    (0)    5 :  0.015 0.849 0.015 0.048 0.015 0.013 0.045 
276    C1565    (0)    5 :  0.040 0.271 0.069 0.028 0.073 0.015 0.504 
277    C1567    (0)    5 :  0.028 0.782 0.028 0.052 0.028 0.040 0.043 
278    C1569    (0)    5 :  0.038 0.792 0.018 0.018 0.022 0.017 0.095 
279    C1571    (0)    5 :  0.037 0.227 0.040 0.111 0.042 0.104 0.440 
280    C1576    (0)    5 :  0.123 0.631 0.025 0.031 0.026 0.081 0.083 
281    C1577    (9)    5 :  0.020 0.134 0.025 0.034 0.015 0.035 0.738 
282    C1579    (0)    5 :  0.020 0.547 0.033 0.021 0.016 0.020 0.342 
283    C3990    (0)    6 :  0.856 0.046 0.008 0.008 0.009 0.008 0.065 
284    C3991    (0)    6 :  0.777 0.037 0.023 0.027 0.038 0.050 0.048 
285    C3992    (0)    6 :  0.762 0.027 0.027 0.067 0.011 0.033 0.072 
286    C3994    (0)    6 :  0.162 0.394 0.034 0.051 0.134 0.041 0.184 
287    C4172    (0)    6 :  0.787 0.008 0.044 0.047 0.037 0.053 0.022 
288    C4173    (9)    6 :  0.762 0.013 0.012 0.012 0.151 0.012 0.038 
289    C4232    (9)    6 :  0.011 0.254 0.008 0.011 0.008 0.009 0.699 
290    C4234    (9)    6 :  0.013 0.592 0.011 0.011 0.010 0.011 0.351 
291    C4259    (0)    6 :  0.014 0.845 0.010 0.008 0.011 0.011 0.101 
292    C4260    (0)    6 :  0.018 0.028 0.008 0.011 0.008 0.009 0.919 
293    C4261    (9)    6 :  0.026 0.020 0.071 0.032 0.056 0.036 0.760 
294    C4262    (0)    6 :  0.220 0.561 0.039 0.035 0.065 0.013 0.068 
295    C4263    (0)    6 :  0.030 0.772 0.022 0.012 0.027 0.058 0.079 
296    C4267    (9)    6 :  0.210 0.576 0.020 0.015 0.015 0.039 0.124 
297    C4269    (0)    6 :  0.148 0.452 0.046 0.017 0.042 0.024 0.269 
298    C4272    (0)    6 :  0.010 0.932 0.012 0.012 0.012 0.008 0.013 
299    C4274    (0)    6 :  0.025 0.458 0.031 0.395 0.014 0.015 0.063 
300    C4276    (9)    6 :  0.010 0.056 0.024 0.775 0.027 0.076 0.031 
301    C4278    (0)    6 :  0.048 0.738 0.037 0.050 0.031 0.021 0.074 
302    C4280    (0)    6 :  0.093 0.109 0.049 0.036 0.020 0.015 0.678 
303    C4281    (0)    6 :  0.034 0.869 0.016 0.012 0.016 0.021 0.031 
304    C4282    (0)    6 :  0.016 0.145 0.207 0.032 0.352 0.061 0.186 
305    C4284    (9)    6 :  0.086 0.836 0.009 0.009 0.009 0.008 0.044 
306    C4286    (9)    6 :  0.249 0.148 0.048 0.082 0.030 0.027 0.415 
307    C4287    (0)    6 :  0.129 0.143 0.075 0.082 0.073 0.012 0.487 
308    C4290    (0)    6 :  0.093 0.137 0.067 0.364 0.099 0.227 0.013 
309    C4307   (18)    6 :  0.046 0.139 0.030 0.024 0.031 0.013 0.717 
310    C4310    (9)    6 :  0.047 0.658 0.020 0.058 0.014 0.055 0.148 
311    C4311   (18)    6 :  0.022 0.188 0.036 0.063 0.028 0.023 0.640 
312    C4312    (0)    6 :  0.013 0.419 0.014 0.013 0.017 0.017 0.508 
313    C4314    (0)    6 :  0.045 0.658 0.032 0.021 0.013 0.180 0.051 
314    C4318    (9)    6 :  0.037 0.803 0.031 0.040 0.040 0.009 0.040 
315    C4321    (9)    6 :  0.050 0.317 0.026 0.072 0.051 0.014 0.470 
316    C4324    (0)    6 :  0.115 0.704 0.019 0.028 0.039 0.011 0.084 
317    C4334    (0)    6 :  0.018 0.884 0.011 0.016 0.037 0.011 0.023 
318    C4529    (0)    6 :  0.040 0.484 0.033 0.027 0.041 0.055 0.319 
319    C1582    (9)    6 :  0.063 0.757 0.013 0.015 0.013 0.014 0.124 
320    C1583    (0)    6 :  0.036 0.721 0.023 0.033 0.022 0.059 0.106 
321    C1584    (9)    6 :  0.027 0.862 0.014 0.029 0.010 0.022 0.036 
322    C1585    (0)    6 :  0.019 0.928 0.007 0.010 0.007 0.014 0.015 
323    C1586    (0)    6 :  0.020 0.837 0.023 0.013 0.054 0.024 0.030 
324    C1589    (0)    6 :  0.130 0.773 0.010 0.011 0.011 0.011 0.053 
325    C1591    (0)    6 :  0.025 0.903 0.007 0.011 0.009 0.010 0.035 
326    C1592    (0)    6 :  0.021 0.863 0.022 0.020 0.026 0.015 0.033 
327    C1594    (0)    6 :  0.035 0.733 0.019 0.020 0.016 0.067 0.108 
328    C1597    (9)    6 :  0.032 0.231 0.051 0.060 0.032 0.031 0.563 
329    C1598    (9)    6 :  0.174 0.620 0.022 0.019 0.018 0.051 0.096 
330    C1599    (0)    6 :  0.011 0.661 0.017 0.031 0.012 0.011 0.257 
331    C1601    (0)    6 :  0.313 0.172 0.076 0.029 0.040 0.070 0.300 
332    C1605    (0)    6 :  0.093 0.180 0.100 0.339 0.055 0.128 0.106 
333    C1609    (0)    6 :  0.017 0.918 0.009 0.010 0.009 0.009 0.028 
334    C1610    (0)    6 :  0.014 0.279 0.123 0.125 0.019 0.100 0.340 
335    C1611    (0)    6 :  0.012 0.056 0.017 0.013 0.049 0.013 0.841 
336    C1612    (0)    6 :  0.009 0.061 0.008 0.010 0.007 0.010 0.896 
337    C1613    (0)    6 :  0.039 0.273 0.026 0.034 0.067 0.039 0.521 
338    C3173    (9)    6 :  0.029 0.525 0.071 0.058 0.059 0.035 0.223 
339    C3204    (0)    6 :  0.016 0.041 0.016 0.020 0.016 0.020 0.872 
340    C3223    (9)    6 :  0.019 0.028 0.040 0.270 0.091 0.018 0.534 
341    C3262    (0)    6 :  0.030 0.626 0.026 0.055 0.033 0.083 0.146 
342    C3270    (0)    6 :  0.039 0.295 0.021 0.021 0.016 0.013 0.595 
343    C3300    (0)    6 :  0.051 0.621 0.009 0.013 0.009 0.009 0.288 
344    C3330    (0)    6 :  0.132 0.577 0.048 0.043 0.027 0.014 0.159 
345    C3390    (9)    6 :  0.021 0.594 0.019 0.017 0.020 0.015 0.314 
346    C3424    (9)    6 :  0.024 0.362 0.048 0.046 0.017 0.015 0.488 
347    C3958    (0)    6 :  0.836 0.092 0.015 0.011 0.013 0.008 0.025 
348    C3962    (0)    6 :  0.893 0.042 0.018 0.009 0.011 0.007 0.022 
349    C4019    (0)    6 :  0.095 0.015 0.732 0.060 0.049 0.036 0.013 
350    C3995   (18)    6 :  0.830 0.022 0.024 0.014 0.035 0.018 0.059 
351    C4000    (0)    6 :  0.511 0.035 0.142 0.037 0.072 0.017 0.186 
352    C4002    (0)    6 :  0.697 0.045 0.030 0.013 0.026 0.015 0.173 
353    C1692    (0)    7 :  0.179 0.020 0.325 0.372 0.027 0.045 0.032 
354    C1693    (0)    7 :  0.054 0.106 0.069 0.433 0.165 0.019 0.155 
355    C1694    (0)    7 :  0.022 0.099 0.106 0.202 0.370 0.157 0.046 
356    C1698    (0)    7 :  0.010 0.042 0.366 0.282 0.213 0.080 0.008 
357    C1699    (0)    7 :  0.028 0.027 0.109 0.184 0.079 0.544 0.029 
358    C1700    (0)    7 :  0.099 0.058 0.377 0.114 0.232 0.077 0.043 
359    C1701    (0)    7 :  0.013 0.029 0.463 0.115 0.039 0.329 0.012 
360    C1702    (0)    7 :  0.020 0.014 0.474 0.296 0.080 0.104 0.013 
361    C1703    (0)    7 :  0.030 0.017 0.374 0.094 0.399 0.076 0.009 
362    C1704    (0)    7 :  0.031 0.467 0.095 0.103 0.255 0.031 0.017 
363    C1705    (0)    7 :  0.376 0.014 0.043 0.199 0.339 0.018 0.012 
364    C1706    (0)    7 :  0.012 0.019 0.161 0.197 0.070 0.526 0.016 
365    C1707    (0)    7 :  0.021 0.270 0.050 0.323 0.036 0.186 0.115 
366    C1708    (0)    7 :  0.013 0.019 0.100 0.035 0.795 0.021 0.016 
367    C1709    (0)    7 :  0.068 0.021 0.076 0.033 0.754 0.026 0.022 
368    C1710    (0)    7 :  0.020 0.043 0.593 0.138 0.101 0.086 0.019 
369    C1712    (0)    7 :  0.039 0.008 0.272 0.042 0.612 0.014 0.012 
370    C1714    (0)    7 :  0.015 0.021 0.034 0.024 0.880 0.017 0.009 
371    C1715    (0)    7 :  0.018 0.022 0.274 0.536 0.022 0.112 0.015 
372    C1717    (0)    7 :  0.017 0.044 0.161 0.648 0.072 0.024 0.034 
373    C1718   (18)    7 :  0.015 0.084 0.530 0.221 0.062 0.075 0.013 
374    C1719    (0)    7 :  0.098 0.050 0.098 0.022 0.640 0.021 0.071 
375    C1656    (0)    8 :  0.063 0.010 0.218 0.067 0.084 0.545 0.013 
376    C1657   (18)    8 :  0.023 0.015 0.100 0.080 0.451 0.297 0.033 
377    C1658    (0)    8 :  0.014 0.009 0.436 0.310 0.052 0.169 0.008 
378    C1659    (0)    8 :  0.020 0.026 0.056 0.670 0.018 0.154 0.055 
379    C1661    (9)    8 :  0.045 0.081 0.466 0.172 0.109 0.088 0.039 
380    C1665    (0)    8 :  0.014 0.018 0.491 0.152 0.043 0.251 0.031 
381    C1667    (9)    8 :  0.006 0.007 0.053 0.017 0.894 0.016 0.007 
382    C1676    (9)    8 :  0.038 0.013 0.539 0.036 0.151 0.209 0.014 
383    C1681    (9)    8 :  0.025 0.049 0.159 0.310 0.120 0.326 0.011 
384    C1682    (0)    8 :  0.019 0.018 0.199 0.050 0.586 0.110 0.019 
385    C1685    (0)    8 :  0.026 0.013 0.688 0.031 0.075 0.114 0.054 
386    C4707    (0)    9 :  0.113 0.033 0.742 0.021 0.030 0.032 0.028 
387    C4747    (0)    9 :  0.134 0.045 0.065 0.119 0.454 0.021 0.162 
388    C4772    (0)    9 :  0.578 0.036 0.194 0.045 0.025 0.057 0.063 
389    C4781    (0)    9 :  0.068 0.079 0.044 0.082 0.698 0.020 0.009 
390    C4782    (0)    9 :  0.119 0.138 0.266 0.178 0.192 0.084 0.023 
391    C4787    (0)    9 :  0.080 0.033 0.083 0.698 0.054 0.035 0.016 
392    C4790    (0)    9 :  0.085 0.025 0.242 0.023 0.575 0.034 0.015 
393    C4803    (0)    9 :  0.114 0.033 0.289 0.348 0.113 0.041 0.063 
394    C4813    (0)    9 :  0.819 0.007 0.049 0.048 0.024 0.031 0.021 
395    C4837    (0)    9 :  0.163 0.020 0.544 0.164 0.039 0.023 0.048 
396    C4838    (0)    9 :  0.092 0.014 0.148 0.620 0.045 0.067 0.013 
397    C4843    (0)    9 :  0.051 0.016 0.551 0.165 0.063 0.095 0.059 
398    C4857    (0)    9 :  0.673 0.116 0.037 0.045 0.024 0.039 0.067 
399    C4828    (0)    9 :  0.038 0.049 0.203 0.182 0.070 0.197 0.262 
400    C4835    (0)    9 :  0.615 0.023 0.056 0.183 0.026 0.072 0.024 
401    C4836    (9)    9 :  0.301 0.040 0.200 0.271 0.131 0.033 0.024 
402    C4842    (0)    9 :  0.036 0.009 0.381 0.157 0.123 0.264 0.031 
403    C4863    (9)    9 :  0.079 0.040 0.182 0.509 0.149 0.024 0.017 
404    C4744    (0)    9 :  0.022 0.010 0.327 0.115 0.309 0.139 0.078 
405    C4745    (0)    9 :  0.087 0.029 0.369 0.344 0.036 0.121 0.015 
406    C4768    (0)    9 :  0.195 0.073 0.345 0.031 0.279 0.049 0.029 
407    C4769    (0)    9 :  0.181 0.010 0.106 0.086 0.066 0.535 0.016 
408    C4771    (0)    9 :  0.032 0.012 0.735 0.065 0.059 0.087 0.011 
409    C4784    (0)    9 :  0.187 0.054 0.072 0.047 0.550 0.069 0.021 
410    C4785    (0)    9 :  0.030 0.033 0.026 0.024 0.824 0.046 0.017 
411    C4795    (0)    9 :  0.100 0.056 0.024 0.079 0.689 0.027 0.024 
412    C4796    (0)    9 :  0.018 0.017 0.658 0.141 0.124 0.032 0.012 
413    C4800    (0)    9 :  0.279 0.018 0.120 0.543 0.014 0.017 0.009 
414    C4801    (0)    9 :  0.498 0.054 0.074 0.053 0.061 0.251 0.010 
415    C4802    (0)    9 :  0.023 0.707 0.059 0.050 0.020 0.123 0.018 
416    C4805    (0)    9 :  0.106 0.024 0.467 0.047 0.172 0.173 0.011 
417    C4806    (0)    9 :  0.077 0.014 0.588 0.074 0.026 0.214 0.008 
418    C4850    (0)    9 :  0.206 0.052 0.442 0.138 0.036 0.046 0.081 
419    C4748    (0)   10 :  0.127 0.009 0.026 0.055 0.088 0.686 0.010 
420    C4753    (0)   10 :  0.046 0.044 0.564 0.128 0.137 0.069 0.012 
421    C4754    (0)   10 :  0.213 0.025 0.633 0.027 0.055 0.036 0.011 
422    C4760    (0)   10 :  0.321 0.092 0.265 0.180 0.031 0.020 0.092 
423    C4761    (0)   10 :  0.420 0.021 0.063 0.027 0.105 0.354 0.009 
424    C4762    (0)   10 :  0.348 0.011 0.050 0.106 0.408 0.048 0.030 
425    C4791    (0)   10 :  0.252 0.012 0.277 0.353 0.060 0.037 0.008 
426    C4810    (0)   10 :  0.031 0.082 0.033 0.069 0.020 0.727 0.038 
427    C4812    (0)   10 :  0.048 0.045 0.309 0.202 0.028 0.318 0.050 
428    C4821    (0)   10 :  0.138 0.035 0.472 0.150 0.073 0.031 0.102 
429    C4864    (0)   10 :  0.648 0.053 0.195 0.021 0.024 0.026 0.033 
430    C4866    (0)   10 :  0.031 0.008 0.057 0.085 0.026 0.721 0.072 
431    C1722    (0)   10 :  0.013 0.051 0.151 0.267 0.037 0.454 0.026 
432    C1724    (0)   10 :  0.018 0.007 0.070 0.153 0.012 0.729 0.011 
433    C1725    (0)   10 :  0.010 0.034 0.140 0.190 0.070 0.475 0.080 
434    C1726    (0)   10 :  0.016 0.012 0.441 0.323 0.126 0.072 0.012 
435    C1731    (0)   10 :  0.047 0.013 0.199 0.174 0.107 0.386 0.074 
436    C1733    (9)   10 :  0.031 0.025 0.090 0.594 0.018 0.214 0.028 
437    C1734    (0)   10 :  0.062 0.014 0.339 0.405 0.028 0.055 0.098 
438    C1735    (0)   10 :  0.009 0.008 0.225 0.557 0.031 0.153 0.016 
439    C1738    (0)   10 :  0.030 0.016 0.091 0.410 0.016 0.365 0.072 
440    C1740    (9)   10 :  0.033 0.053 0.301 0.186 0.059 0.149 0.220 
441    C1741    (0)   10 :  0.214 0.108 0.124 0.327 0.150 0.017 0.059 
442    C1742    (0)   10 :  0.020 0.015 0.845 0.040 0.015 0.047 0.019 
443    C1743    (0)   10 :  0.021 0.021 0.161 0.207 0.452 0.104 0.034 
444    C1745    (0)   10 :  0.046 0.030 0.379 0.438 0.033 0.047 0.026 
445    C1746    (0)   10 :  0.061 0.039 0.225 0.211 0.133 0.293 0.037 
446    C1747    (0)   10 :  0.020 0.223 0.047 0.206 0.180 0.306 0.018 
447    C4742    (9)   10 :  0.724 0.014 0.099 0.030 0.071 0.035 0.027 
448    C4752    (0)   10 :  0.758 0.023 0.020 0.036 0.026 0.075 0.062 
449    C4792    (0)   10 :  0.249 0.078 0.200 0.082 0.110 0.135 0.145 
450    C4811    (0)   10 :  0.801 0.042 0.031 0.038 0.018 0.016 0.055 
451    C4814    (0)   10 :  0.665 0.017 0.112 0.055 0.070 0.045 0.037 
452    C4815    (0)   10 :  0.076 0.053 0.057 0.732 0.032 0.022 0.028 
453    C4818    (0)   10 :  0.216 0.029 0.114 0.136 0.069 0.158 0.277 
454    C4819    (0)   10 :  0.306 0.027 0.242 0.063 0.086 0.192 0.083 
455    C4826    (0)   10 :  0.045 0.010 0.568 0.237 0.072 0.059 0.008 
456    C4829    (0)   10 :  0.021 0.104 0.276 0.146 0.365 0.066 0.022 
457    C4830    (0)   10 :  0.035 0.011 0.699 0.046 0.167 0.014 0.028 
458    C4831    (0)   10 :  0.667 0.108 0.062 0.018 0.054 0.054 0.037 
459    C4832    (0)   10 :  0.089 0.013 0.264 0.054 0.445 0.120 0.014 
460    C4858    (0)   10 :  0.387 0.033 0.057 0.054 0.442 0.018 0.008 
461    C4757    (0)   10 :  0.106 0.042 0.307 0.196 0.053 0.178 0.117 
462    C4770    (9)   10 :  0.051 0.198 0.041 0.312 0.050 0.018 0.331 
463    C4808    (0)   10 :  0.281 0.029 0.521 0.083 0.050 0.023 0.013 
464    C4809    (0)   10 :  0.015 0.012 0.789 0.077 0.023 0.075 0.010 
465    C4820    (0)   10 :  0.041 0.016 0.279 0.217 0.305 0.104 0.038 
466    C4824    (0)   10 :  0.044 0.014 0.211 0.462 0.246 0.014 0.009 
467    C4706    (0)   11 :  0.033 0.010 0.288 0.293 0.050 0.312 0.014 
468    C4708    (0)   11 :  0.907 0.029 0.010 0.008 0.010 0.010 0.026 
469    C4709    (0)   11 :  0.079 0.018 0.044 0.073 0.736 0.031 0.020 
470    C4714    (0)   11 :  0.339 0.052 0.085 0.043 0.418 0.030 0.033 
471    C4722    (0)   11 :  0.179 0.018 0.232 0.040 0.410 0.106 0.016 
472    C4726    (0)   11 :  0.141 0.072 0.123 0.298 0.024 0.255 0.088 
473    C4733    (0)   11 :  0.465 0.084 0.216 0.025 0.108 0.074 0.029 
474    C4734    (0)   11 :  0.229 0.017 0.336 0.072 0.058 0.268 0.020 
475    C4737    (0)   11 :  0.049 0.026 0.061 0.018 0.813 0.023 0.009 
476    C4882    (0)   11 :  0.015 0.010 0.700 0.096 0.063 0.096 0.019 
477    C4883    (0)   11 :  0.234 0.021 0.016 0.015 0.689 0.011 0.014 
478    C4702    (9)   11 :  0.147 0.115 0.229 0.151 0.200 0.084 0.074 
479    C4703    (0)   11 :  0.808 0.026 0.047 0.036 0.048 0.022 0.015 
480    C4727    (0)   11 :  0.097 0.010 0.250 0.093 0.157 0.375 0.019 
481    C4732    (0)   11 :  0.090 0.016 0.080 0.068 0.705 0.023 0.019 
482    C4735    (0)   11 :  0.098 0.028 0.188 0.609 0.042 0.019 0.016 
483    C4736    (0)   11 :  0.893 0.015 0.013 0.011 0.030 0.016 0.021 
484    C4746    (0)   11 :  0.521 0.009 0.103 0.085 0.220 0.036 0.027 
485    C4777    (0)   11 :  0.008 0.017 0.625 0.251 0.023 0.058 0.017 
486    C4846    (0)   11 :  0.397 0.170 0.152 0.039 0.096 0.054 0.092 
487    C4847    (0)   11 :  0.076 0.008 0.627 0.042 0.050 0.181 0.016 
488    C4884    (0)   11 :  0.214 0.022 0.307 0.241 0.177 0.024 0.014 
489    C4705    (0)   11 :  0.335 0.030 0.132 0.449 0.014 0.016 0.024 
490    C4711    (0)   11 :  0.154 0.023 0.087 0.020 0.165 0.532 0.019 
491    C4713    (9)   11 :  0.068 0.020 0.065 0.418 0.072 0.103 0.254 
492    C4716    (0)   11 :  0.263 0.032 0.311 0.180 0.129 0.067 0.019 
493    C4717    (0)   11 :  0.786 0.062 0.047 0.024 0.023 0.042 0.017 
494    C4719    (0)   11 :  0.016 0.014 0.891 0.015 0.034 0.022 0.010 
495    C4721    (0)   11 :  0.869 0.042 0.018 0.016 0.016 0.017 0.021 
496    C4729    (0)   11 :  0.198 0.011 0.481 0.234 0.027 0.028 0.020 
497    C4730    (0)   11 :  0.856 0.014 0.023 0.020 0.038 0.028 0.022 
498    C4773    (0)   11 :  0.858 0.039 0.017 0.009 0.010 0.047 0.019 
499    C4861    (0)   11 :  0.032 0.016 0.819 0.041 0.020 0.054 0.019 
500    C4890    (0)   11 :  0.735 0.021 0.121 0.042 0.048 0.022 0.012 
501    C4718    (0)   11 :  0.113 0.051 0.348 0.255 0.162 0.061 0.010 
502    C4724    (0)   11 :  0.631 0.011 0.112 0.145 0.032 0.043 0.026 
503    C4738    (0)   11 :  0.538 0.019 0.047 0.020 0.018 0.344 0.014 
504    C4739    (0)   11 :  0.063 0.043 0.620 0.054 0.038 0.149 0.033 
505    C4844    (0)   11 :  0.456 0.019 0.331 0.071 0.030 0.044 0.050 
