

----------------------------------------------------
STRUCTURE by Pritchard, Stephens and Donnelly (2000)
     and Falush, Stephens and Pritchard (2003)
       Code by Pritchard, Falush and Hubisz
             Version 2.3.4 (Jul 2012)
----------------------------------------------------



Command line arguments:   bin\structure -m C:\Users\eschumacher\Documents\Butternut\butternut_STRUCTURE_withQU\50-50\mainparams -e C:\Users\eschumacher\Documents\Butternut\butternut_STRUCTURE_withQU\50-50\extraparams 
Input File:    C:\Users\eschumacher\Documents\Butternut\butternut_STRUCTURE_withQU\project_data

Run parameters:
   1015 individuals
   11 loci
   7 populations assumed
   50000 Burn-in period
   50000 Reps


--------------------------------------------
Proportion of membership of each pre-defined
 population in each of the 7 clusters

Given    Inferred Clusters                                   Number of
 Pop       1      2      3      4      5      6      7      Individuals

  1:     0.329  0.111  0.047  0.048  0.367  0.049  0.048       40
  2:     0.237  0.247  0.039  0.041  0.357  0.029  0.048       46
  3:     0.510  0.094  0.050  0.049  0.236  0.028  0.033       63
  4:     0.360  0.259  0.051  0.030  0.209  0.049  0.041       48
  5:     0.266  0.163  0.043  0.042  0.387  0.055  0.042       85
  6:     0.333  0.131  0.056  0.038  0.368  0.031  0.043       70
  7:     0.042  0.062  0.188  0.290  0.056  0.125  0.237       22
  8:     0.024  0.038  0.159  0.244  0.021  0.210  0.303       11
  9:     0.037  0.182  0.139  0.183  0.093  0.104  0.261       33
 10:     0.048  0.168  0.181  0.111  0.076  0.176  0.241       48
 11:     0.034  0.276  0.107  0.167  0.106  0.096  0.215       48
 12:     0.015  0.740  0.049  0.025  0.024  0.064  0.083       13
 13:     0.033  0.719  0.053  0.021  0.031  0.122  0.021        9
 14:     0.052  0.055  0.259  0.181  0.042  0.142  0.269       90
 15:     0.032  0.032  0.161  0.563  0.023  0.054  0.135       63
 16:     0.072  0.106  0.239  0.134  0.064  0.124  0.261       16
 17:     0.073  0.128  0.307  0.093  0.077  0.188  0.134       31
 18:     0.014  0.066  0.026  0.032  0.017  0.772  0.072       16
 19:     0.111  0.034  0.129  0.445  0.064  0.055  0.162       24
 20:     0.060  0.039  0.151  0.120  0.058  0.155  0.417       12
 21:     0.040  0.064  0.210  0.219  0.051  0.176  0.239       54
 22:     0.044  0.061  0.259  0.077  0.056  0.309  0.194       96
 23:     0.031  0.040  0.212  0.175  0.059  0.346  0.137       22
 24:     0.049  0.089  0.070  0.029  0.089  0.589  0.085       23
 25:     0.038  0.040  0.265  0.080  0.021  0.335  0.220       13
 26:     0.082  0.055  0.235  0.200  0.046  0.116  0.266       19
--------------------------------------------

Allele-freq. divergence among pops (Net nucleotide distance),
computed using point estimates of P.

      1       2       3       4       5       6       7      
 1      -    0.0254  0.0266  0.0306  0.0131  0.0340  0.0271  
 2   0.0254     -    0.0243  0.0207  0.0131  0.0271  0.0176  
 3   0.0266  0.0243     -    0.0122  0.0315  0.0127  0.0071  
 4   0.0306  0.0207  0.0122     -    0.0287  0.0195  0.0079  
 5   0.0131  0.0131  0.0315  0.0287     -    0.0364  0.0268  
 6   0.0340  0.0271  0.0127  0.0195  0.0364     -    0.0113  
 7   0.0271  0.0176  0.0071  0.0079  0.0268  0.0113     -    

Average distances (expected heterozygosity) between individuals in same cluster:
cluster  1  : 0.8228 
cluster  2  : 0.8474 
cluster  3  : 0.8461 
cluster  4  : 0.8512 
cluster  5  : 0.8256 
cluster  6  : 0.8334 
cluster  7  : 0.8555 

--------------------------------------------
Estimated Ln Prob of Data   = -48559.6
Mean value of ln likelihood = -46377.9
Variance of ln likelihood   = 4363.5
Mean value of alpha         = 0.0527

Mean value of Fst_1         = 0.0582
Mean value of Fst_2         = 0.0429
Mean value of Fst_3         = 0.0245
Mean value of Fst_4         = 0.0279
Mean value of Fst_5         = 0.0656
Mean value of Fst_6         = 0.0353
Mean value of Fst_7         = 0.0178


Inferred ancestry of individuals:
        Label (%Miss) Pop:  Inferred clusters
  1    C3984    (0)    1 :  0.025 0.046 0.014 0.011 0.886 0.007 0.011 
  2    C3985    (0)    1 :  0.116 0.180 0.011 0.019 0.639 0.018 0.018 
  3    C3986    (0)    1 :  0.202 0.203 0.010 0.015 0.554 0.007 0.010 
  4    C4231    (0)    1 :  0.077 0.235 0.030 0.016 0.588 0.012 0.042 
  5    C4344    (0)    1 :  0.642 0.027 0.025 0.035 0.232 0.015 0.024 
  6    C4347   (18)    1 :  0.648 0.020 0.017 0.012 0.251 0.038 0.014 
  7    C4352   (18)    1 :  0.126 0.104 0.016 0.028 0.679 0.019 0.028 
  8    C4355    (9)    1 :  0.309 0.046 0.041 0.024 0.549 0.016 0.014 
  9    C4358   (18)    1 :  0.018 0.069 0.188 0.179 0.073 0.065 0.408 
 10    C4419    (9)    1 :  0.045 0.253 0.079 0.023 0.555 0.016 0.029 
 11    C4428    (9)    1 :  0.227 0.058 0.018 0.014 0.656 0.017 0.011 
 12    C4436    (0)    1 :  0.324 0.059 0.009 0.013 0.567 0.017 0.011 
 13    C4437   (18)    1 :  0.138 0.174 0.063 0.028 0.498 0.056 0.044 
 14    C4450    (0)    1 :  0.084 0.094 0.098 0.087 0.505 0.051 0.080 
 15    C4531    (0)    1 :  0.012 0.559 0.023 0.031 0.304 0.036 0.035 
 16    C1615    (0)    1 :  0.128 0.168 0.051 0.087 0.367 0.100 0.099 
 17    C1616    (0)    1 :  0.108 0.065 0.320 0.022 0.176 0.140 0.168 
 18    C1617    (9)    1 :  0.480 0.014 0.019 0.010 0.448 0.017 0.012 
 19    C1618    (0)    1 :  0.092 0.209 0.020 0.127 0.461 0.047 0.045 
 20    C1619    (0)    1 :  0.161 0.107 0.025 0.196 0.369 0.080 0.062 
 21    C1620    (9)    1 :  0.193 0.084 0.021 0.143 0.431 0.049 0.079 
 22    C1621    (0)    1 :  0.070 0.180 0.100 0.049 0.125 0.394 0.082 
 23    C1623    (9)    1 :  0.021 0.240 0.055 0.300 0.124 0.185 0.075 
 24    C1625    (0)    1 :  0.271 0.062 0.020 0.121 0.372 0.114 0.040 
 25    C1626    (0)    1 :  0.155 0.191 0.100 0.037 0.258 0.134 0.125 
 26    C1627    (9)    1 :  0.256 0.050 0.012 0.026 0.585 0.050 0.022 
 27    C1633    (0)    1 :  0.272 0.065 0.016 0.015 0.596 0.026 0.010 
 28    C1637    (0)    1 :  0.374 0.046 0.019 0.015 0.500 0.028 0.019 
 29    C1650    (0)    1 :  0.117 0.426 0.036 0.016 0.350 0.034 0.022 
 30    C3202    (0)    1 :  0.920 0.011 0.011 0.012 0.018 0.019 0.011 
 31    C3248    (0)    1 :  0.466 0.017 0.010 0.013 0.465 0.012 0.016 
 32    C3304    (9)    1 :  0.725 0.013 0.066 0.015 0.155 0.013 0.014 
 33    C3326    (0)    1 :  0.481 0.092 0.092 0.024 0.148 0.031 0.131 
 34    C3333    (0)    1 :  0.902 0.009 0.020 0.012 0.024 0.019 0.014 
 35    C3339   (18)    1 :  0.479 0.016 0.050 0.035 0.385 0.015 0.021 
 36    C3346    (0)    1 :  0.942 0.010 0.008 0.010 0.015 0.006 0.009 
 37    C3349    (0)    1 :  0.774 0.019 0.058 0.033 0.061 0.017 0.038 
 38    C3367   (18)    1 :  0.784 0.037 0.025 0.019 0.091 0.027 0.016 
 39    C3374    (0)    1 :  0.332 0.098 0.010 0.010 0.533 0.007 0.010 
 40    C3405    (0)    1 :  0.662 0.095 0.073 0.040 0.093 0.014 0.023 
 41    C4543    (0)    2 :  0.040 0.522 0.020 0.015 0.382 0.011 0.011 
 42    C4545    (9)    2 :  0.016 0.524 0.008 0.032 0.402 0.008 0.010 
 43    C4551    (9)    2 :  0.023 0.560 0.025 0.060 0.142 0.020 0.169 
 44    C4491    (0)    2 :  0.063 0.318 0.046 0.075 0.377 0.030 0.090 
 45    C4494    (0)    2 :  0.468 0.075 0.011 0.013 0.413 0.009 0.012 
 46    C4495    (0)    2 :  0.590 0.067 0.024 0.050 0.112 0.018 0.139 
 47    C4497    (9)    2 :  0.168 0.031 0.018 0.020 0.725 0.015 0.024 
 48    C4501    (0)    2 :  0.039 0.217 0.112 0.038 0.519 0.016 0.058 
 49    C4502    (0)    2 :  0.119 0.172 0.016 0.075 0.592 0.013 0.012 
 50    C4503    (0)    2 :  0.012 0.597 0.012 0.159 0.183 0.016 0.020 
 51    C4504    (0)    2 :  0.085 0.058 0.189 0.218 0.283 0.064 0.103 
 52    C4470    (0)    2 :  0.050 0.322 0.038 0.036 0.415 0.026 0.112 
 53    C4471    (0)    2 :  0.037 0.437 0.023 0.020 0.456 0.011 0.016 
 54    C4474    (9)    2 :  0.007 0.663 0.014 0.018 0.238 0.023 0.038 
 55    C4476    (0)    2 :  0.080 0.172 0.013 0.025 0.678 0.013 0.019 
 56    C4478    (0)    2 :  0.133 0.310 0.044 0.098 0.396 0.009 0.010 
 57    C4479    (0)    2 :  0.376 0.132 0.017 0.010 0.410 0.042 0.013 
 58    C4482    (0)    2 :  0.205 0.171 0.043 0.011 0.376 0.135 0.058 
 59    C4483    (0)    2 :  0.009 0.684 0.015 0.015 0.245 0.014 0.018 
 60    C4484    (0)    2 :  0.157 0.320 0.066 0.063 0.339 0.021 0.034 
 61    C4485    (0)    2 :  0.330 0.109 0.074 0.040 0.283 0.060 0.104 
 62    C4489    (0)    2 :  0.157 0.144 0.031 0.025 0.607 0.018 0.018 
 63    C4505    (0)    2 :  0.047 0.102 0.025 0.017 0.760 0.016 0.032 
 64    C4507    (0)    2 :  0.017 0.349 0.064 0.103 0.396 0.011 0.059 
 65    C4535    (0)    2 :  0.014 0.577 0.020 0.030 0.291 0.032 0.035 
 66    C4542    (0)    2 :  0.019 0.365 0.241 0.030 0.052 0.024 0.269 
 67    C4553    (9)    2 :  0.080 0.433 0.019 0.017 0.383 0.020 0.047 
 68    C4562   (18)    2 :  0.113 0.385 0.018 0.056 0.355 0.029 0.044 
 69    C4582   (18)    2 :  0.036 0.536 0.022 0.019 0.311 0.045 0.031 
 70    C4693    (0)    2 :  0.032 0.693 0.010 0.008 0.234 0.013 0.010 
 71    C4696    (0)    2 :  0.066 0.384 0.022 0.053 0.327 0.033 0.115 
 72    C3179    (0)    2 :  0.741 0.011 0.030 0.072 0.104 0.013 0.029 
 73    C3181    (0)    2 :  0.593 0.060 0.040 0.018 0.239 0.021 0.029 
 74    C3188    (0)    2 :  0.215 0.059 0.046 0.039 0.582 0.029 0.031 
 75    C3190    (0)    2 :  0.858 0.023 0.046 0.012 0.019 0.022 0.020 
 76    C3193    (0)    2 :  0.517 0.016 0.013 0.010 0.388 0.033 0.024 
 77    C3232    (0)    2 :  0.231 0.070 0.015 0.014 0.648 0.009 0.013 
 78    C3236    (0)    2 :  0.884 0.022 0.009 0.008 0.060 0.007 0.010 
 79    C3249    (0)    2 :  0.543 0.035 0.055 0.032 0.276 0.029 0.031 
 80    C3250    (0)    2 :  0.334 0.067 0.015 0.009 0.554 0.011 0.010 
 81    C3253    (0)    2 :  0.092 0.068 0.011 0.010 0.781 0.017 0.021 
 82    C3255    (0)    2 :  0.547 0.065 0.011 0.011 0.341 0.011 0.013 
 83    C3277    (0)    2 :  0.295 0.071 0.057 0.042 0.354 0.090 0.091 
 84    C3315    (0)    2 :  0.024 0.275 0.078 0.099 0.269 0.170 0.085 
 85    C3288    (0)    2 :  0.873 0.021 0.013 0.017 0.042 0.022 0.013 
 86    C3293    (0)    2 :  0.583 0.092 0.068 0.044 0.103 0.043 0.068 
 87    C4018    (0)    3 :  0.295 0.223 0.014 0.008 0.444 0.008 0.009 
 88    C3980    (0)    3 :  0.036 0.493 0.014 0.010 0.423 0.011 0.014 
 89    C3987    (0)    3 :  0.026 0.495 0.013 0.012 0.433 0.011 0.010 
 90    C3988    (0)    3 :  0.111 0.342 0.009 0.013 0.491 0.014 0.020 
 91    C3989    (0)    3 :  0.621 0.053 0.042 0.009 0.136 0.010 0.129 
 92    C4011    (0)    3 :  0.199 0.238 0.006 0.006 0.539 0.005 0.006 
 93    C4017    (0)    3 :  0.017 0.517 0.007 0.006 0.441 0.006 0.007 
 94    C4296    (0)    3 :  0.105 0.210 0.054 0.068 0.260 0.049 0.254 
 95    C4301    (9)    3 :  0.050 0.013 0.847 0.046 0.010 0.013 0.021 
 96    C4303    (0)    3 :  0.567 0.016 0.045 0.029 0.030 0.280 0.033 
 97    C4453    (0)    3 :  0.553 0.042 0.028 0.076 0.233 0.055 0.014 
 98    C4455    (9)    3 :  0.680 0.038 0.020 0.017 0.181 0.047 0.017 
 99    C4456   (18)    3 :  0.366 0.137 0.051 0.141 0.160 0.114 0.030 
100    C4457    (9)    3 :  0.645 0.028 0.096 0.030 0.078 0.080 0.043 
101    C4459    (9)    3 :  0.315 0.121 0.018 0.012 0.490 0.021 0.024 
102    C4464   (18)    3 :  0.616 0.030 0.009 0.011 0.314 0.008 0.012 
103    C4468    (9)    3 :  0.402 0.064 0.018 0.017 0.409 0.073 0.016 
104    C4783    (0)    3 :  0.424 0.171 0.013 0.014 0.314 0.014 0.051 
105    C4786    (0)    3 :  0.619 0.072 0.020 0.011 0.253 0.011 0.014 
106    C4789    (9)    3 :  0.501 0.131 0.063 0.010 0.269 0.011 0.015 
107    C4891    (0)    3 :  0.713 0.035 0.026 0.027 0.126 0.014 0.060 
108    C4896    (0)    3 :  0.444 0.201 0.057 0.022 0.174 0.040 0.063 
109    C4898    (0)    3 :  0.320 0.357 0.013 0.020 0.245 0.017 0.029 
110    C4901    (0)    3 :  0.674 0.042 0.018 0.008 0.231 0.013 0.014 
111    C4903    (9)    3 :  0.764 0.047 0.048 0.015 0.065 0.034 0.027 
112    C4904    (0)    3 :  0.376 0.190 0.017 0.012 0.371 0.008 0.028 
113    C3263    (0)    3 :  0.430 0.013 0.011 0.138 0.375 0.019 0.014 
114    C3271    (0)    3 :  0.419 0.010 0.025 0.019 0.501 0.011 0.016 
115    C3272    (0)    3 :  0.382 0.014 0.059 0.022 0.491 0.009 0.022 
116    C3276    (0)    3 :  0.469 0.028 0.365 0.052 0.023 0.027 0.036 
117    C3280    (9)    3 :  0.149 0.055 0.035 0.161 0.499 0.035 0.066 
118    C3305    (9)    3 :  0.308 0.019 0.033 0.019 0.594 0.010 0.017 
119    C3306    (0)    3 :  0.366 0.028 0.020 0.069 0.457 0.027 0.033 
120    C3324    (0)    3 :  0.145 0.026 0.028 0.289 0.413 0.018 0.082 
121    C3329    (0)    3 :  0.205 0.170 0.046 0.091 0.359 0.033 0.096 
122    C3336    (0)    3 :  0.387 0.024 0.059 0.021 0.467 0.015 0.028 
123    C3341   (18)    3 :  0.040 0.101 0.030 0.666 0.062 0.037 0.063 
124    C3409   (18)    3 :  0.289 0.177 0.106 0.057 0.261 0.039 0.071 
125    C3168    (9)    3 :  0.938 0.012 0.010 0.009 0.015 0.008 0.008 
126    C3170    (0)    3 :  0.884 0.011 0.021 0.015 0.048 0.008 0.013 
127    C3214   (18)    3 :  0.610 0.061 0.173 0.011 0.097 0.032 0.016 
128    C3227    (0)    3 :  0.928 0.011 0.021 0.008 0.012 0.012 0.007 
129    C3228    (0)    3 :  0.201 0.162 0.042 0.040 0.487 0.033 0.036 
130    C3278    (0)    3 :  0.926 0.007 0.020 0.012 0.008 0.010 0.016 
131    C3279    (0)    3 :  0.886 0.012 0.032 0.010 0.013 0.013 0.034 
132    C3321    (0)    3 :  0.941 0.011 0.007 0.006 0.022 0.006 0.007 
133    C3322    (0)    3 :  0.708 0.036 0.093 0.014 0.028 0.048 0.073 
134    C3303    (0)    3 :  0.835 0.015 0.041 0.027 0.035 0.015 0.032 
135    C3317    (0)    3 :  0.421 0.024 0.011 0.019 0.494 0.015 0.017 
136    C3355    (0)    3 :  0.749 0.024 0.009 0.017 0.179 0.010 0.011 
137    C3376    (9)    3 :  0.532 0.053 0.052 0.017 0.298 0.026 0.023 
138    C3401    (0)    3 :  0.400 0.028 0.026 0.019 0.479 0.022 0.027 
139    C3203    (9)    3 :  0.667 0.037 0.061 0.051 0.125 0.041 0.019 
140    C3245    (0)    3 :  0.912 0.010 0.018 0.012 0.017 0.016 0.016 
141    C3302    (0)    3 :  0.904 0.012 0.019 0.019 0.013 0.016 0.017 
142    C3307    (0)    3 :  0.395 0.206 0.013 0.160 0.099 0.083 0.044 
143    C3310    (0)    3 :  0.927 0.009 0.013 0.019 0.011 0.009 0.012 
144    C3312    (9)    3 :  0.388 0.042 0.026 0.023 0.430 0.037 0.053 
145    C3345    (0)    3 :  0.898 0.014 0.012 0.027 0.027 0.011 0.011 
146    C3371    (0)    3 :  0.886 0.009 0.010 0.052 0.018 0.010 0.015 
147    C3372    (0)    3 :  0.728 0.051 0.016 0.051 0.100 0.022 0.030 
148    C3380    (9)    3 :  0.930 0.018 0.008 0.006 0.025 0.007 0.006 
149    C3417    (0)    3 :  0.489 0.058 0.032 0.200 0.147 0.032 0.042 
150    C4569    (9)    4 :  0.017 0.493 0.107 0.116 0.125 0.044 0.099 
151    C4570    (9)    4 :  0.016 0.684 0.010 0.014 0.248 0.013 0.014 
152    C4571    (9)    4 :  0.064 0.568 0.018 0.016 0.294 0.025 0.015 
153    C4572    (9)    4 :  0.012 0.564 0.012 0.015 0.362 0.022 0.013 
154    C4573    (9)    4 :  0.018 0.327 0.085 0.030 0.094 0.376 0.070 
155    C4575    (9)    4 :  0.026 0.731 0.035 0.022 0.095 0.068 0.023 
156    C4577    (9)    4 :  0.025 0.650 0.012 0.014 0.268 0.009 0.021 
157    C4578    (9)    4 :  0.026 0.688 0.046 0.020 0.099 0.064 0.057 
158    C4600   (18)    4 :  0.041 0.270 0.052 0.030 0.209 0.046 0.352 
159    C4612    (9)    4 :  0.018 0.688 0.080 0.013 0.161 0.017 0.024 
160    C4621    (0)    4 :  0.071 0.449 0.013 0.006 0.436 0.016 0.009 
161    C4622    (9)    4 :  0.033 0.505 0.009 0.009 0.421 0.009 0.013 
162    C4623    (0)    4 :  0.108 0.442 0.043 0.215 0.109 0.044 0.040 
163    C4624    (0)    4 :  0.023 0.625 0.018 0.020 0.241 0.048 0.025 
164    C4625    (0)    4 :  0.021 0.090 0.055 0.018 0.202 0.539 0.075 
165    C4627    (0)    4 :  0.084 0.419 0.029 0.020 0.398 0.033 0.016 
166    C4631    (0)    4 :  0.013 0.592 0.013 0.168 0.182 0.015 0.018 
167    C4632    (0)    4 :  0.037 0.472 0.015 0.016 0.417 0.022 0.021 
168    C3939    (0)    4 :  0.102 0.456 0.025 0.013 0.375 0.010 0.019 
169    C3940    (0)    4 :  0.046 0.661 0.060 0.020 0.151 0.008 0.053 
170    C3945    (0)    4 :  0.059 0.441 0.010 0.009 0.458 0.006 0.018 
171    C4520    (0)    4 :  0.077 0.072 0.517 0.068 0.140 0.023 0.101 
172    C4522    (0)    4 :  0.286 0.236 0.011 0.010 0.436 0.009 0.011 
173    C3182    (0)    4 :  0.846 0.027 0.015 0.024 0.060 0.012 0.016 
174    C3189    (0)    4 :  0.141 0.063 0.070 0.032 0.388 0.210 0.097 
175    C3191    (9)    4 :  0.424 0.036 0.021 0.030 0.407 0.062 0.021 
176    C3196    (0)    4 :  0.861 0.014 0.024 0.015 0.047 0.020 0.019 
177    C3208    (0)    4 :  0.612 0.154 0.041 0.046 0.076 0.041 0.030 
178    C3211    (0)    4 :  0.898 0.014 0.023 0.015 0.024 0.010 0.017 
179    C3212    (0)    4 :  0.136 0.180 0.322 0.124 0.091 0.011 0.136 
180    C3213    (0)    4 :  0.908 0.008 0.020 0.019 0.013 0.010 0.021 
181    C3215    (0)    4 :  0.726 0.076 0.066 0.016 0.023 0.070 0.024 
182    C3217    (0)    4 :  0.666 0.020 0.021 0.035 0.214 0.017 0.027 
183    C3225    (9)    4 :  0.514 0.034 0.063 0.023 0.301 0.029 0.036 
184    C3226    (0)    4 :  0.718 0.044 0.009 0.012 0.196 0.010 0.010 
185    C3238    (9)    4 :  0.768 0.054 0.024 0.012 0.107 0.021 0.014 
186    C3239    (0)    4 :  0.320 0.083 0.027 0.032 0.500 0.017 0.021 
187    C3269   (18)    4 :  0.124 0.176 0.133 0.025 0.361 0.145 0.037 
188    C3273    (0)    4 :  0.583 0.019 0.033 0.009 0.302 0.041 0.014 
189    C3274    (0)    4 :  0.587 0.093 0.099 0.015 0.018 0.023 0.166 
190    C3354    (0)    4 :  0.851 0.023 0.016 0.012 0.056 0.017 0.025 
191    C3361    (0)    4 :  0.875 0.031 0.019 0.010 0.033 0.015 0.016 
192    C3289    (0)    4 :  0.871 0.013 0.018 0.011 0.057 0.015 0.014 
193    C3169    (0)    4 :  0.543 0.031 0.017 0.009 0.379 0.013 0.008 
194    C3199    (9)    4 :  0.730 0.063 0.022 0.015 0.119 0.035 0.016 
195    C3224    (0)    4 :  0.813 0.011 0.029 0.013 0.106 0.016 0.012 
196    C3261   (18)    4 :  0.751 0.023 0.012 0.013 0.171 0.009 0.021 
197    C3320    (0)    4 :  0.810 0.033 0.026 0.015 0.056 0.026 0.033 
198    C4151    (0)    5 :  0.021 0.539 0.008 0.007 0.407 0.009 0.009 
199    C4152    (0)    5 :  0.016 0.499 0.013 0.011 0.436 0.014 0.011 
200    C4153    (0)    5 :  0.313 0.230 0.045 0.014 0.349 0.020 0.029 
201    C4154   (18)    5 :  0.171 0.284 0.021 0.023 0.464 0.009 0.027 
202    C4157    (0)    5 :  0.125 0.072 0.018 0.016 0.607 0.017 0.145 
203    C4158    (0)    5 :  0.016 0.563 0.007 0.008 0.381 0.014 0.010 
204    C4163    (0)    5 :  0.016 0.525 0.006 0.007 0.433 0.007 0.006 
205    C4165    (0)    5 :  0.067 0.323 0.019 0.107 0.105 0.040 0.339 
206    C4248    (9)    5 :  0.431 0.019 0.021 0.015 0.458 0.023 0.033 
207    C4371    (9)    5 :  0.046 0.071 0.015 0.035 0.798 0.015 0.020 
208    C3936    (0)    5 :  0.027 0.474 0.012 0.015 0.441 0.013 0.018 
209    C3937    (0)    5 :  0.033 0.531 0.008 0.009 0.396 0.013 0.010 
210    C3944    (0)    5 :  0.069 0.357 0.007 0.010 0.543 0.006 0.008 
211    C3954    (0)    5 :  0.112 0.033 0.015 0.007 0.794 0.029 0.009 
212    C3955    (9)    5 :  0.263 0.121 0.032 0.008 0.536 0.026 0.015 
213    C3961    (0)    5 :  0.106 0.394 0.018 0.041 0.412 0.012 0.016 
214    C3974    (0)    5 :  0.033 0.523 0.030 0.017 0.357 0.019 0.021 
215    C4024    (0)    5 :  0.057 0.108 0.022 0.064 0.714 0.012 0.022 
216    C4025    (0)    5 :  0.017 0.557 0.014 0.032 0.350 0.017 0.011 
217    C4028    (0)    5 :  0.048 0.465 0.043 0.026 0.321 0.059 0.038 
218    C4032   (18)    5 :  0.125 0.060 0.015 0.011 0.769 0.011 0.010 
219    C4033   (18)    5 :  0.715 0.024 0.014 0.013 0.205 0.014 0.015 
220    C4034    (0)    5 :  0.429 0.047 0.049 0.111 0.279 0.022 0.063 
221    C4041    (9)    5 :  0.261 0.060 0.129 0.114 0.373 0.016 0.046 
222    C4043    (9)    5 :  0.168 0.129 0.017 0.019 0.625 0.020 0.022 
223    C4044    (9)    5 :  0.096 0.096 0.065 0.464 0.130 0.073 0.075 
224    C4045    (9)    5 :  0.341 0.111 0.020 0.013 0.445 0.039 0.031 
225    C4046    (9)    5 :  0.415 0.050 0.011 0.034 0.449 0.024 0.017 
226    C4047    (0)    5 :  0.739 0.019 0.056 0.024 0.061 0.046 0.055 
227    C4048    (9)    5 :  0.670 0.023 0.056 0.070 0.065 0.064 0.052 
228    C4055    (9)    5 :  0.053 0.075 0.025 0.023 0.748 0.045 0.031 
229    C4057   (18)    5 :  0.063 0.020 0.018 0.038 0.837 0.010 0.014 
230    C4059    (0)    5 :  0.519 0.034 0.022 0.011 0.383 0.020 0.011 
231    C4060    (9)    5 :  0.113 0.188 0.032 0.018 0.606 0.017 0.026 
232    C4064    (9)    5 :  0.102 0.092 0.036 0.022 0.379 0.245 0.124 
233    C4067    (0)    5 :  0.720 0.026 0.033 0.056 0.049 0.089 0.027 
234    C4068    (9)    5 :  0.849 0.028 0.022 0.017 0.034 0.029 0.021 
235    C4070    (9)    5 :  0.544 0.080 0.020 0.144 0.139 0.031 0.043 
236    C4075   (18)    5 :  0.740 0.033 0.030 0.022 0.141 0.017 0.019 
237    C4081    (9)    5 :  0.330 0.061 0.030 0.023 0.499 0.023 0.033 
238    C4082    (0)    5 :  0.518 0.053 0.041 0.017 0.314 0.033 0.023 
239    C4083    (0)    5 :  0.073 0.191 0.040 0.197 0.228 0.055 0.216 
240    C4086    (0)    5 :  0.125 0.053 0.029 0.014 0.540 0.203 0.036 
241    C4088    (9)    5 :  0.023 0.031 0.024 0.010 0.028 0.863 0.022 
242    C4092    (0)    5 :  0.036 0.059 0.019 0.049 0.806 0.009 0.022 
243    C4099    (9)    5 :  0.341 0.057 0.107 0.074 0.355 0.034 0.033 
244    C4104    (0)    5 :  0.240 0.135 0.017 0.053 0.509 0.021 0.025 
245    C4108   (18)    5 :  0.016 0.013 0.589 0.031 0.011 0.101 0.239 
246    C4118    (0)    5 :  0.023 0.176 0.081 0.023 0.535 0.060 0.101 
247    C4131    (0)    5 :  0.081 0.308 0.020 0.015 0.452 0.084 0.039 
248    C4133    (0)    5 :  0.273 0.023 0.022 0.014 0.640 0.014 0.014 
249    C4135    (0)    5 :  0.085 0.056 0.007 0.007 0.827 0.006 0.012 
250    C4136    (0)    5 :  0.028 0.599 0.056 0.023 0.128 0.096 0.070 
251    C4137    (9)    5 :  0.069 0.130 0.017 0.019 0.708 0.025 0.032 
252    C4139    (0)    5 :  0.050 0.453 0.012 0.011 0.451 0.008 0.015 
253    C4140    (9)    5 :  0.068 0.325 0.012 0.015 0.542 0.010 0.028 
254    C4167    (0)    5 :  0.034 0.602 0.012 0.039 0.227 0.042 0.044 
255    C4236    (0)    5 :  0.271 0.075 0.030 0.027 0.497 0.035 0.065 
256    C4237    (0)    5 :  0.016 0.095 0.118 0.027 0.065 0.611 0.067 
257    C4238    (0)    5 :  0.347 0.052 0.037 0.015 0.466 0.057 0.025 
258    C4241    (0)    5 :  0.573 0.033 0.024 0.019 0.307 0.015 0.029 
259    C4247    (9)    5 :  0.104 0.040 0.058 0.126 0.406 0.236 0.030 
260    C4257    (0)    5 :  0.739 0.059 0.039 0.016 0.110 0.024 0.014 
261    C4383    (0)    5 :  0.045 0.117 0.066 0.240 0.406 0.066 0.059 
262    C4397    (9)    5 :  0.089 0.033 0.009 0.009 0.827 0.011 0.023 
263    C4514    (0)    5 :  0.025 0.426 0.010 0.016 0.500 0.012 0.012 
264    C4519    (0)    5 :  0.245 0.363 0.095 0.017 0.254 0.008 0.018 
265    C4527    (0)    5 :  0.519 0.094 0.016 0.019 0.321 0.014 0.019 
266    C4534    (0)    5 :  0.417 0.083 0.078 0.064 0.305 0.017 0.035 
267    C4699    (0)    5 :  0.099 0.403 0.014 0.030 0.351 0.076 0.026 
268    C1541    (9)    5 :  0.861 0.016 0.008 0.010 0.081 0.012 0.012 
269    C1542    (9)    5 :  0.907 0.012 0.013 0.011 0.031 0.014 0.012 
270    C1544    (0)    5 :  0.502 0.026 0.030 0.014 0.361 0.044 0.023 
271    C1547    (9)    5 :  0.119 0.097 0.271 0.192 0.093 0.131 0.098 
272    C1553    (9)    5 :  0.077 0.147 0.172 0.166 0.112 0.088 0.237 
273    C1555    (9)    5 :  0.341 0.028 0.035 0.016 0.524 0.029 0.028 
274    C1557    (0)    5 :  0.335 0.033 0.015 0.019 0.548 0.029 0.021 
275    C1560    (0)    5 :  0.410 0.014 0.047 0.014 0.491 0.009 0.015 
276    C1565    (0)    5 :  0.640 0.038 0.020 0.065 0.170 0.012 0.054 
277    C1567    (0)    5 :  0.384 0.030 0.057 0.025 0.450 0.032 0.022 
278    C1569    (0)    5 :  0.458 0.034 0.012 0.019 0.447 0.014 0.016 
279    C1571    (0)    5 :  0.484 0.032 0.125 0.040 0.199 0.086 0.034 
280    C1576    (0)    5 :  0.198 0.258 0.032 0.024 0.388 0.079 0.021 
281    C1577    (9)    5 :  0.778 0.022 0.038 0.014 0.091 0.034 0.024 
282    C1579    (0)    5 :  0.604 0.018 0.017 0.013 0.315 0.014 0.020 
283    C3990    (0)    6 :  0.032 0.483 0.007 0.008 0.454 0.009 0.007 
284    C3991    (0)    6 :  0.038 0.610 0.020 0.034 0.230 0.042 0.026 
285    C3992    (0)    6 :  0.044 0.513 0.047 0.013 0.314 0.033 0.036 
286    C3994    (0)    6 :  0.176 0.187 0.037 0.112 0.403 0.042 0.043 
287    C4172    (0)    6 :  0.018 0.610 0.043 0.045 0.112 0.111 0.060 
288    C4173    (9)    6 :  0.029 0.475 0.016 0.294 0.159 0.011 0.016 
289    C4232    (9)    6 :  0.825 0.011 0.009 0.008 0.133 0.008 0.008 
290    C4234    (9)    6 :  0.613 0.013 0.011 0.009 0.332 0.012 0.011 
291    C4259    (0)    6 :  0.475 0.013 0.009 0.011 0.473 0.010 0.009 
292    C4260    (0)    6 :  0.795 0.015 0.011 0.008 0.156 0.008 0.008 
293    C4261    (9)    6 :  0.529 0.095 0.060 0.079 0.084 0.034 0.118 
294    C4262    (0)    6 :  0.154 0.163 0.025 0.059 0.546 0.012 0.042 
295    C4263    (0)    6 :  0.402 0.027 0.013 0.026 0.447 0.059 0.025 
296    C4267    (9)    6 :  0.265 0.210 0.016 0.015 0.436 0.037 0.021 
297    C4269    (0)    6 :  0.202 0.150 0.016 0.036 0.536 0.023 0.038 
298    C4272    (0)    6 :  0.271 0.022 0.018 0.017 0.642 0.010 0.019 
299    C4274    (0)    6 :  0.128 0.244 0.291 0.012 0.280 0.012 0.031 
300    C4276    (9)    6 :  0.044 0.040 0.801 0.022 0.032 0.043 0.018 
301    C4278    (0)    6 :  0.075 0.059 0.055 0.035 0.718 0.024 0.035 
302    C4280    (0)    6 :  0.594 0.123 0.031 0.016 0.176 0.014 0.046 
303    C4281    (0)    6 :  0.395 0.055 0.012 0.019 0.481 0.019 0.019 
304    C4282    (0)    6 :  0.315 0.017 0.036 0.322 0.080 0.067 0.164 
305    C4284    (9)    6 :  0.122 0.055 0.008 0.009 0.789 0.008 0.010 
306    C4286    (9)    6 :  0.421 0.293 0.069 0.028 0.114 0.024 0.050 
307    C4287    (0)    6 :  0.394 0.193 0.070 0.067 0.194 0.012 0.071 
308    C4290    (0)    6 :  0.029 0.240 0.325 0.079 0.080 0.187 0.060 
309    C4307   (18)    6 :  0.552 0.038 0.028 0.031 0.301 0.016 0.033 
310    C4310    (9)    6 :  0.481 0.034 0.047 0.012 0.347 0.062 0.017 
311    C4311   (18)    6 :  0.730 0.018 0.046 0.022 0.140 0.019 0.025 
312    C4312    (0)    6 :  0.717 0.011 0.011 0.012 0.222 0.015 0.011 
313    C4314    (0)    6 :  0.332 0.097 0.021 0.013 0.361 0.145 0.031 
314    C4318    (9)    6 :  0.259 0.076 0.028 0.056 0.515 0.014 0.052 
315    C4321    (9)    6 :  0.428 0.046 0.058 0.046 0.383 0.014 0.025 
316    C4324    (0)    6 :  0.143 0.104 0.030 0.048 0.644 0.011 0.019 
317    C4334    (0)    6 :  0.021 0.014 0.013 0.028 0.906 0.009 0.009 
318    C4529    (0)    6 :  0.356 0.078 0.039 0.037 0.388 0.059 0.042 
319    C1582    (9)    6 :  0.350 0.057 0.018 0.014 0.530 0.017 0.015 
320    C1583    (0)    6 :  0.474 0.038 0.031 0.019 0.352 0.058 0.027 
321    C1584    (9)    6 :  0.310 0.028 0.038 0.013 0.577 0.019 0.015 
322    C1585    (0)    6 :  0.029 0.015 0.013 0.007 0.917 0.012 0.007 
323    C1586    (0)    6 :  0.306 0.020 0.016 0.087 0.522 0.023 0.026 
324    C1589    (0)    6 :  0.186 0.099 0.010 0.011 0.673 0.010 0.010 
325    C1591    (0)    6 :  0.145 0.026 0.013 0.012 0.784 0.012 0.009 
326    C1592    (0)    6 :  0.366 0.063 0.022 0.028 0.478 0.017 0.027 
327    C1594    (0)    6 :  0.434 0.045 0.019 0.015 0.407 0.061 0.019 
328    C1597    (9)    6 :  0.662 0.022 0.054 0.028 0.164 0.030 0.040 
329    C1598    (9)    6 :  0.147 0.133 0.016 0.016 0.624 0.043 0.020 
330    C1599    (0)    6 :  0.522 0.018 0.031 0.013 0.390 0.010 0.017 
331    C1601    (0)    6 :  0.316 0.207 0.028 0.035 0.272 0.069 0.072 
332    C1605    (0)    6 :  0.090 0.200 0.277 0.052 0.169 0.126 0.087 
333    C1609    (0)    6 :  0.063 0.023 0.010 0.010 0.875 0.009 0.009 
334    C1610    (0)    6 :  0.478 0.024 0.120 0.017 0.172 0.077 0.112 
335    C1611    (0)    6 :  0.895 0.011 0.011 0.036 0.021 0.011 0.014 
336    C1612    (0)    6 :  0.933 0.007 0.008 0.007 0.028 0.009 0.008 
337    C1613    (0)    6 :  0.688 0.035 0.033 0.044 0.152 0.029 0.018 
338    C3173    (9)    6 :  0.447 0.025 0.052 0.052 0.332 0.033 0.058 
339    C3204    (0)    6 :  0.878 0.016 0.017 0.014 0.042 0.018 0.015 
340    C3223    (9)    6 :  0.428 0.025 0.368 0.091 0.024 0.018 0.046 
341    C3262    (0)    6 :  0.519 0.028 0.043 0.028 0.291 0.070 0.022 
342    C3270    (0)    6 :  0.493 0.031 0.019 0.017 0.399 0.015 0.026 
343    C3300    (0)    6 :  0.154 0.026 0.009 0.008 0.788 0.007 0.008 
344    C3330    (0)    6 :  0.296 0.127 0.030 0.024 0.462 0.015 0.047 
345    C3390    (9)    6 :  0.361 0.019 0.018 0.022 0.538 0.015 0.026 
346    C3424    (9)    6 :  0.652 0.031 0.032 0.015 0.200 0.015 0.056 
347    C3958    (0)    6 :  0.026 0.476 0.009 0.015 0.453 0.007 0.014 
348    C3962    (0)    6 :  0.015 0.505 0.009 0.010 0.437 0.006 0.018 
349    C4019    (0)    6 :  0.012 0.076 0.083 0.069 0.042 0.047 0.672 
350    C3995   (18)    6 :  0.039 0.491 0.014 0.044 0.369 0.019 0.023 
351    C4000    (0)    6 :  0.115 0.342 0.030 0.096 0.250 0.015 0.152 
352    C4002    (0)    6 :  0.077 0.440 0.010 0.022 0.413 0.014 0.024 
353    C1692    (0)    7 :  0.023 0.203 0.311 0.033 0.055 0.061 0.313 
354    C1693    (0)    7 :  0.161 0.118 0.334 0.178 0.093 0.017 0.100 
355    C1694    (0)    7 :  0.055 0.058 0.201 0.328 0.076 0.161 0.121 
356    C1698    (0)    7 :  0.010 0.026 0.200 0.224 0.031 0.094 0.416 
357    C1699    (0)    7 :  0.024 0.037 0.171 0.059 0.030 0.544 0.135 
358    C1700    (0)    7 :  0.045 0.124 0.075 0.225 0.071 0.088 0.373 
359    C1701    (0)    7 :  0.015 0.037 0.064 0.029 0.022 0.409 0.424 
360    C1702    (0)    7 :  0.014 0.028 0.189 0.085 0.012 0.116 0.557 
361    C1703    (0)    7 :  0.010 0.044 0.125 0.406 0.016 0.074 0.326 
362    C1704    (0)    7 :  0.029 0.074 0.138 0.278 0.333 0.031 0.118 
363    C1705    (0)    7 :  0.011 0.259 0.166 0.452 0.050 0.020 0.043 
364    C1706    (0)    7 :  0.017 0.026 0.159 0.050 0.014 0.570 0.164 
365    C1707    (0)    7 :  0.246 0.066 0.297 0.038 0.144 0.159 0.050 
366    C1708    (0)    7 :  0.018 0.022 0.032 0.753 0.018 0.021 0.137 
367    C1709    (0)    7 :  0.019 0.046 0.031 0.747 0.040 0.027 0.090 
368    C1710    (0)    7 :  0.021 0.024 0.091 0.104 0.031 0.084 0.645 
369    C1712    (0)    7 :  0.011 0.028 0.032 0.716 0.013 0.014 0.186 
370    C1714    (0)    7 :  0.010 0.014 0.019 0.881 0.021 0.019 0.036 
371    C1715    (0)    7 :  0.019 0.018 0.529 0.024 0.019 0.119 0.272 
372    C1717    (0)    7 :  0.066 0.022 0.647 0.069 0.031 0.025 0.140 
373    C1718   (18)    7 :  0.026 0.025 0.294 0.047 0.056 0.074 0.476 
374    C1719    (0)    7 :  0.067 0.076 0.024 0.657 0.062 0.017 0.096 
375    C1656    (0)    8 :  0.012 0.063 0.052 0.083 0.019 0.550 0.222 
376    C1657   (18)    8 :  0.027 0.016 0.081 0.464 0.017 0.287 0.107 
377    C1658    (0)    8 :  0.008 0.021 0.246 0.068 0.009 0.164 0.484 
378    C1659    (0)    8 :  0.054 0.024 0.699 0.015 0.022 0.109 0.077 
379    C1661    (9)    8 :  0.041 0.130 0.134 0.107 0.052 0.080 0.457 
380    C1665    (0)    8 :  0.025 0.025 0.119 0.052 0.015 0.349 0.414 
381    C1667    (9)    8 :  0.008 0.007 0.015 0.907 0.006 0.016 0.042 
382    C1676    (9)    8 :  0.013 0.033 0.037 0.169 0.015 0.229 0.504 
383    C1681    (9)    8 :  0.018 0.050 0.287 0.143 0.036 0.284 0.182 
384    C1682    (0)    8 :  0.016 0.029 0.054 0.601 0.019 0.100 0.181 
385    C1685    (0)    8 :  0.039 0.022 0.029 0.076 0.024 0.145 0.665 
386    C4707    (0)    9 :  0.025 0.156 0.016 0.030 0.033 0.024 0.716 
387    C4747    (0)    9 :  0.141 0.090 0.099 0.515 0.071 0.021 0.064 
388    C4772    (0)    9 :  0.070 0.509 0.043 0.027 0.097 0.056 0.197 
389    C4781    (0)    9 :  0.012 0.138 0.040 0.668 0.062 0.017 0.062 
390    C4782    (0)    9 :  0.030 0.197 0.132 0.170 0.120 0.087 0.263 
391    C4787    (0)    9 :  0.014 0.073 0.685 0.056 0.071 0.036 0.065 
392    C4790    (0)    9 :  0.012 0.051 0.029 0.619 0.074 0.046 0.169 
393    C4803    (0)    9 :  0.060 0.199 0.278 0.093 0.045 0.037 0.287 
394    C4813    (0)    9 :  0.021 0.640 0.051 0.032 0.139 0.045 0.072 
395    C4837    (0)    9 :  0.037 0.235 0.125 0.038 0.034 0.021 0.510 
396    C4838    (0)    9 :  0.011 0.076 0.549 0.053 0.042 0.097 0.171 
397    C4843    (0)    9 :  0.046 0.063 0.091 0.056 0.029 0.122 0.592 
398    C4857    (0)    9 :  0.045 0.408 0.036 0.020 0.431 0.032 0.027 
399    C4828    (0)    9 :  0.232 0.154 0.132 0.066 0.041 0.195 0.181 
400    C4835    (0)    9 :  0.016 0.413 0.111 0.023 0.280 0.103 0.054 
401    C4836    (9)    9 :  0.025 0.246 0.188 0.143 0.091 0.038 0.270 
402    C4842    (0)    9 :  0.020 0.034 0.092 0.106 0.018 0.348 0.382 
403    C4863    (9)    9 :  0.019 0.226 0.383 0.104 0.033 0.023 0.212 
404    C4744    (0)    9 :  0.052 0.023 0.110 0.307 0.014 0.133 0.360 
405    C4745    (0)    9 :  0.016 0.129 0.238 0.036 0.039 0.135 0.406 
406    C4768    (0)    9 :  0.029 0.162 0.021 0.273 0.099 0.051 0.365 
407    C4769    (0)    9 :  0.014 0.119 0.092 0.065 0.034 0.588 0.090 
408    C4771    (0)    9 :  0.011 0.045 0.095 0.058 0.011 0.068 0.712 
409    C4784    (0)    9 :  0.016 0.224 0.034 0.505 0.102 0.062 0.057 
410    C4785    (0)    9 :  0.018 0.031 0.018 0.835 0.031 0.039 0.027 
411    C4795    (0)    9 :  0.030 0.126 0.065 0.657 0.066 0.029 0.026 
412    C4796    (0)    9 :  0.013 0.052 0.102 0.171 0.015 0.043 0.604 
413    C4800    (0)    9 :  0.009 0.328 0.354 0.014 0.084 0.020 0.191 
414    C4801    (0)    9 :  0.013 0.329 0.066 0.055 0.206 0.262 0.070 
415    C4802    (0)    9 :  0.042 0.122 0.057 0.021 0.549 0.147 0.061 
416    C4805    (0)    9 :  0.011 0.078 0.048 0.173 0.032 0.242 0.415 
417    C4806    (0)    9 :  0.009 0.102 0.117 0.023 0.017 0.226 0.507 
418    C4850    (0)    9 :  0.093 0.240 0.075 0.032 0.070 0.049 0.440 
419    C4748    (0)   10 :  0.009 0.085 0.063 0.081 0.034 0.704 0.023 
420    C4753    (0)   10 :  0.014 0.055 0.151 0.153 0.041 0.094 0.492 
421    C4754    (0)   10 :  0.012 0.286 0.028 0.064 0.033 0.046 0.531 
422    C4760    (0)   10 :  0.078 0.417 0.172 0.026 0.086 0.018 0.203 
423    C4761    (0)   10 :  0.010 0.288 0.031 0.090 0.077 0.440 0.064 
424    C4762    (0)   10 :  0.021 0.183 0.113 0.535 0.064 0.041 0.043 
425    C4791    (0)   10 :  0.007 0.207 0.333 0.070 0.062 0.046 0.275 
426    C4810    (0)   10 :  0.044 0.070 0.055 0.021 0.054 0.722 0.035 
427    C4812    (0)   10 :  0.050 0.068 0.260 0.029 0.038 0.283 0.271 
428    C4821    (0)   10 :  0.090 0.238 0.119 0.076 0.039 0.035 0.402 
429    C4864    (0)   10 :  0.040 0.568 0.023 0.026 0.175 0.026 0.144 
430    C4866    (0)   10 :  0.043 0.032 0.181 0.028 0.012 0.641 0.063 
431    C1722    (0)   10 :  0.037 0.023 0.316 0.035 0.031 0.418 0.140 
432    C1724    (0)   10 :  0.009 0.016 0.163 0.013 0.009 0.740 0.050 
433    C1725    (0)   10 :  0.069 0.013 0.308 0.051 0.024 0.412 0.122 
434    C1726    (0)   10 :  0.011 0.018 0.328 0.097 0.016 0.075 0.456 
435    C1731    (0)   10 :  0.046 0.046 0.160 0.104 0.022 0.471 0.151 
436    C1733    (9)   10 :  0.027 0.135 0.428 0.017 0.022 0.254 0.117 
437    C1734    (0)   10 :  0.060 0.073 0.408 0.029 0.026 0.046 0.358 
438    C1735    (0)   10 :  0.013 0.013 0.586 0.031 0.008 0.152 0.198 
439    C1738    (0)   10 :  0.053 0.038 0.400 0.016 0.019 0.349 0.125 
440    C1740    (9)   10 :  0.161 0.111 0.131 0.045 0.039 0.174 0.338 
441    C1741    (0)   10 :  0.057 0.174 0.259 0.150 0.215 0.021 0.125 
442    C1742    (0)   10 :  0.018 0.020 0.042 0.015 0.016 0.034 0.855 
443    C1743    (0)   10 :  0.026 0.020 0.230 0.474 0.020 0.099 0.131 
444    C1745    (0)   10 :  0.020 0.105 0.254 0.029 0.036 0.077 0.479 
445    C1746    (0)   10 :  0.032 0.055 0.204 0.167 0.042 0.315 0.185 
446    C1747    (0)   10 :  0.029 0.062 0.259 0.158 0.140 0.290 0.063 
447    C4742    (9)   10 :  0.025 0.557 0.036 0.096 0.095 0.044 0.147 
448    C4752    (0)   10 :  0.052 0.457 0.034 0.027 0.326 0.083 0.021 
449    C4792    (0)   10 :  0.105 0.384 0.052 0.067 0.101 0.119 0.172 
450    C4811    (0)   10 :  0.043 0.470 0.042 0.018 0.378 0.018 0.032 
451    C4814    (0)   10 :  0.027 0.612 0.033 0.060 0.077 0.038 0.154 
452    C4815    (0)   10 :  0.031 0.150 0.598 0.036 0.071 0.029 0.085 
453    C4818    (0)   10 :  0.193 0.204 0.169 0.070 0.106 0.140 0.118 
454    C4819    (0)   10 :  0.064 0.198 0.044 0.072 0.118 0.268 0.236 
455    C4826    (0)   10 :  0.009 0.051 0.173 0.065 0.013 0.071 0.618 
456    C4829    (0)   10 :  0.034 0.104 0.085 0.329 0.062 0.058 0.328 
457    C4830    (0)   10 :  0.019 0.042 0.038 0.193 0.016 0.014 0.678 
458    C4831    (0)   10 :  0.041 0.423 0.020 0.054 0.355 0.050 0.058 
459    C4832    (0)   10 :  0.014 0.106 0.053 0.440 0.015 0.103 0.269 
460    C4858    (0)   10 :  0.008 0.301 0.065 0.407 0.149 0.017 0.052 
461    C4757    (0)   10 :  0.111 0.110 0.141 0.055 0.065 0.173 0.346 
462    C4770    (9)   10 :  0.377 0.058 0.253 0.061 0.186 0.017 0.049 
463    C4808    (0)   10 :  0.015 0.299 0.047 0.036 0.035 0.018 0.550 
464    C4809    (0)   10 :  0.009 0.035 0.115 0.016 0.011 0.049 0.765 
465    C4820    (0)   10 :  0.027 0.037 0.313 0.284 0.035 0.105 0.200 
466    C4824    (0)   10 :  0.008 0.048 0.358 0.297 0.021 0.020 0.248 
467    C4706    (0)   11 :  0.013 0.049 0.227 0.043 0.010 0.399 0.259 
468    C4708    (0)   11 :  0.039 0.545 0.009 0.011 0.372 0.013 0.012 
469    C4709    (0)   11 :  0.014 0.059 0.049 0.780 0.029 0.028 0.041 
470    C4714    (0)   11 :  0.025 0.431 0.034 0.336 0.070 0.028 0.078 
471    C4722    (0)   11 :  0.017 0.119 0.034 0.467 0.041 0.116 0.206 
472    C4726    (0)   11 :  0.079 0.174 0.249 0.027 0.106 0.262 0.103 
473    C4733    (0)   11 :  0.034 0.473 0.023 0.098 0.084 0.063 0.224 
474    C4734    (0)   11 :  0.017 0.325 0.070 0.046 0.027 0.229 0.285 
475    C4737    (0)   11 :  0.009 0.040 0.015 0.808 0.037 0.022 0.069 
476    C4882    (0)   11 :  0.015 0.042 0.108 0.075 0.011 0.107 0.642 
477    C4883    (0)   11 :  0.014 0.139 0.012 0.735 0.070 0.012 0.018 
478    C4702    (9)   11 :  0.084 0.180 0.141 0.144 0.079 0.081 0.291 
479    C4703    (0)   11 :  0.020 0.766 0.026 0.042 0.068 0.024 0.052 
480    C4727    (0)   11 :  0.013 0.055 0.085 0.155 0.030 0.470 0.192 
481    C4732    (0)   11 :  0.015 0.049 0.053 0.785 0.025 0.021 0.052 
482    C4735    (0)   11 :  0.015 0.213 0.445 0.039 0.036 0.019 0.233 
483    C4736    (0)   11 :  0.025 0.729 0.013 0.063 0.134 0.020 0.016 
484    C4746    (0)   11 :  0.019 0.492 0.063 0.233 0.034 0.032 0.128 
485    C4777    (0)   11 :  0.016 0.013 0.327 0.019 0.014 0.071 0.541 
486    C4846    (0)   11 :  0.084 0.245 0.029 0.078 0.308 0.062 0.195 
487    C4847    (0)   11 :  0.012 0.086 0.043 0.049 0.015 0.161 0.635 
488    C4884    (0)   11 :  0.010 0.163 0.222 0.187 0.064 0.022 0.333 
489    C4705    (0)   11 :  0.025 0.353 0.340 0.014 0.066 0.017 0.185 
490    C4711    (0)   11 :  0.017 0.123 0.018 0.123 0.049 0.594 0.077 
491    C4713    (9)   11 :  0.171 0.205 0.379 0.077 0.022 0.097 0.049 
492    C4716    (0)   11 :  0.017 0.413 0.112 0.099 0.036 0.055 0.268 
493    C4717    (0)   11 :  0.017 0.526 0.024 0.029 0.294 0.048 0.063 
494    C4719    (0)   11 :  0.010 0.031 0.013 0.037 0.014 0.028 0.868 
495    C4721    (0)   11 :  0.023 0.520 0.016 0.014 0.388 0.020 0.019 
496    C4729    (0)   11 :  0.017 0.257 0.116 0.023 0.020 0.031 0.537 
497    C4730    (0)   11 :  0.019 0.623 0.021 0.058 0.202 0.043 0.034 
498    C4773    (0)   11 :  0.027 0.555 0.010 0.011 0.315 0.063 0.019 
499    C4861    (0)   11 :  0.015 0.044 0.035 0.017 0.020 0.045 0.825 
500    C4890    (0)   11 :  0.012 0.598 0.045 0.074 0.099 0.021 0.151 
501    C4718    (0)   11 :  0.015 0.188 0.181 0.180 0.043 0.070 0.322 
502    C4724    (0)   11 :  0.019 0.448 0.154 0.033 0.176 0.046 0.126 
503    C4738    (0)   11 :  0.014 0.304 0.018 0.017 0.112 0.485 0.050 
504    C4739    (0)   11 :  0.037 0.055 0.085 0.053 0.043 0.163 0.564 
505    C4844    (0)   11 :  0.045 0.323 0.074 0.031 0.101 0.057 0.369 
