

----------------------------------------------------
STRUCTURE by Pritchard, Stephens and Donnelly (2000)
     and Falush, Stephens and Pritchard (2003)
       Code by Pritchard, Falush and Hubisz
             Version 2.3.4 (Jul 2012)
----------------------------------------------------



Command line arguments:   bin\structure -m C:\Users\eschumacher\Documents\Butternut\butternut_STRUCTURE_withQU\50-50\mainparams -e C:\Users\eschumacher\Documents\Butternut\butternut_STRUCTURE_withQU\50-50\extraparams 
Input File:    C:\Users\eschumacher\Documents\Butternut\butternut_STRUCTURE_withQU\project_data

Run parameters:
   1015 individuals
   11 loci
   7 populations assumed
   50000 Burn-in period
   50000 Reps


--------------------------------------------
Proportion of membership of each pre-defined
 population in each of the 7 clusters

Given    Inferred Clusters                                   Number of
 Pop       1      2      3      4      5      6      7      Individuals

  1:     0.114  0.466  0.042  0.046  0.056  0.049  0.227       40
  2:     0.310  0.309  0.041  0.043  0.045  0.027  0.224       46
  3:     0.120  0.235  0.028  0.044  0.047  0.027  0.500       63
  4:     0.335  0.146  0.040  0.030  0.057  0.047  0.345       48
  5:     0.224  0.370  0.042  0.044  0.038  0.057  0.225       85
  6:     0.164  0.416  0.042  0.037  0.060  0.033  0.248       70
  7:     0.051  0.066  0.230  0.284  0.236  0.101  0.033       22
  8:     0.026  0.023  0.350  0.232  0.165  0.177  0.026       11
  9:     0.184  0.060  0.262  0.183  0.186  0.087  0.038       33
 10:     0.183  0.042  0.248  0.108  0.192  0.173  0.053       48
 11:     0.322  0.049  0.223  0.162  0.129  0.082  0.032       48
 12:     0.671  0.029  0.082  0.032  0.091  0.080  0.015       13
 13:     0.690  0.030  0.025  0.023  0.059  0.132  0.040        9
 14:     0.033  0.050  0.261  0.182  0.271  0.152  0.050       90
 15:     0.023  0.026  0.137  0.568  0.155  0.060  0.031       63
 16:     0.037  0.084  0.250  0.142  0.278  0.134  0.074       16
 17:     0.091  0.097  0.122  0.099  0.341  0.184  0.067       31
 18:     0.069  0.019  0.082  0.033  0.031  0.752  0.013       16
 19:     0.024  0.100  0.148  0.453  0.125  0.060  0.089       24
 20:     0.038  0.088  0.381  0.123  0.182  0.143  0.046       12
 21:     0.034  0.067  0.239  0.222  0.215  0.184  0.039       54
 22:     0.048  0.067  0.215  0.081  0.226  0.323  0.041       96
 23:     0.020  0.080  0.138  0.184  0.173  0.381  0.025       22
 24:     0.092  0.079  0.105  0.031  0.066  0.574  0.053       23
 25:     0.027  0.028  0.241  0.077  0.184  0.411  0.032       13
 26:     0.041  0.057  0.256  0.213  0.225  0.115  0.093       19
--------------------------------------------

Allele-freq. divergence among pops (Net nucleotide distance),
computed using point estimates of P.

      1       2       3       4       5       6       7      
 1      -    0.0316  0.0299  0.0312  0.0346  0.0417  0.0332  
 2   0.0316     -    0.0308  0.0310  0.0301  0.0379  0.0222  
 3   0.0299  0.0308     -    0.0086  0.0071  0.0117  0.0317  
 4   0.0312  0.0310  0.0086     -    0.0109  0.0197  0.0333  
 5   0.0346  0.0301  0.0071  0.0109     -    0.0140  0.0282  
 6   0.0417  0.0379  0.0117  0.0197  0.0140     -    0.0380  
 7   0.0332  0.0222  0.0317  0.0333  0.0282  0.0380     -    

Average distances (expected heterozygosity) between individuals in same cluster:
cluster  1  : 0.8331 
cluster  2  : 0.8104 
cluster  3  : 0.8531 
cluster  4  : 0.8521 
cluster  5  : 0.8502 
cluster  6  : 0.8308 
cluster  7  : 0.8210 

--------------------------------------------
Estimated Ln Prob of Data   = -47836.9
Mean value of ln likelihood = -46334.1
Variance of ln likelihood   = 3005.6
Mean value of alpha         = 0.0555

Mean value of Fst_1         = 0.0564
Mean value of Fst_2         = 0.0613
Mean value of Fst_3         = 0.0200
Mean value of Fst_4         = 0.0272
Mean value of Fst_5         = 0.0212
Mean value of Fst_6         = 0.0367
Mean value of Fst_7         = 0.0627


Inferred ancestry of individuals:
        Label (%Miss) Pop:  Inferred clusters
  1    C3984    (0)    1 :  0.081 0.844 0.011 0.014 0.016 0.008 0.026 
  2    C3985    (0)    1 :  0.286 0.552 0.023 0.020 0.015 0.015 0.088 
  3    C3986    (0)    1 :  0.360 0.258 0.012 0.019 0.012 0.007 0.333 
  4    C4231    (0)    1 :  0.265 0.546 0.043 0.018 0.043 0.011 0.074 
  5    C4344    (0)    1 :  0.036 0.285 0.025 0.038 0.025 0.014 0.576 
  6    C4347   (18)    1 :  0.021 0.514 0.017 0.013 0.020 0.046 0.369 
  7    C4352   (18)    1 :  0.128 0.689 0.034 0.029 0.016 0.019 0.085 
  8    C4355    (9)    1 :  0.034 0.774 0.012 0.027 0.036 0.015 0.102 
  9    C4358   (18)    1 :  0.034 0.092 0.371 0.200 0.230 0.057 0.016 
 10    C4419    (9)    1 :  0.090 0.692 0.021 0.024 0.138 0.017 0.017 
 11    C4428    (9)    1 :  0.061 0.710 0.012 0.013 0.019 0.017 0.168 
 12    C4436    (0)    1 :  0.061 0.828 0.012 0.012 0.010 0.015 0.063 
 13    C4437   (18)    1 :  0.206 0.513 0.046 0.028 0.082 0.049 0.077 
 14    C4450    (0)    1 :  0.074 0.604 0.062 0.073 0.100 0.050 0.036 
 15    C4531    (0)    1 :  0.840 0.033 0.028 0.033 0.025 0.031 0.010 
 16    C1615    (0)    1 :  0.207 0.417 0.085 0.073 0.051 0.106 0.061 
 17    C1616    (0)    1 :  0.048 0.244 0.097 0.020 0.363 0.169 0.059 
 18    C1617    (9)    1 :  0.012 0.831 0.013 0.011 0.025 0.021 0.087 
 19    C1618    (0)    1 :  0.260 0.530 0.040 0.088 0.017 0.033 0.033 
 20    C1619    (0)    1 :  0.121 0.539 0.040 0.152 0.036 0.052 0.059 
 21    C1620    (9)    1 :  0.060 0.714 0.047 0.098 0.020 0.030 0.032 
 22    C1621    (0)    1 :  0.030 0.191 0.052 0.052 0.100 0.516 0.059 
 23    C1623    (9)    1 :  0.314 0.052 0.058 0.334 0.061 0.163 0.018 
 24    C1625    (0)    1 :  0.026 0.665 0.045 0.101 0.019 0.094 0.049 
 25    C1626    (0)    1 :  0.022 0.477 0.091 0.040 0.204 0.127 0.040 
 26    C1627    (9)    1 :  0.019 0.869 0.017 0.023 0.014 0.033 0.026 
 27    C1633    (0)    1 :  0.010 0.934 0.008 0.010 0.011 0.013 0.014 
 28    C1637    (0)    1 :  0.016 0.864 0.020 0.014 0.024 0.025 0.036 
 29    C1650    (0)    1 :  0.615 0.166 0.023 0.015 0.038 0.034 0.109 
 30    C3202    (0)    1 :  0.012 0.014 0.010 0.011 0.009 0.016 0.929 
 31    C3248    (0)    1 :  0.010 0.813 0.022 0.015 0.015 0.013 0.112 
 32    C3304    (9)    1 :  0.013 0.295 0.012 0.016 0.084 0.013 0.567 
 33    C3326    (0)    1 :  0.062 0.209 0.162 0.026 0.102 0.024 0.415 
 34    C3333    (0)    1 :  0.012 0.025 0.013 0.014 0.019 0.018 0.900 
 35    C3339   (18)    1 :  0.011 0.717 0.016 0.035 0.061 0.017 0.144 
 36    C3346    (0)    1 :  0.012 0.015 0.008 0.011 0.009 0.006 0.939 
 37    C3349    (0)    1 :  0.016 0.079 0.034 0.040 0.084 0.015 0.733 
 38    C3367   (18)    1 :  0.032 0.038 0.017 0.017 0.024 0.024 0.848 
 39    C3374    (0)    1 :  0.018 0.918 0.007 0.010 0.009 0.006 0.031 
 40    C3405    (0)    1 :  0.021 0.094 0.023 0.048 0.064 0.013 0.736 
 41    C4543    (0)    2 :  0.864 0.025 0.011 0.016 0.019 0.010 0.054 
 42    C4545    (9)    2 :  0.894 0.036 0.010 0.027 0.008 0.006 0.018 
 43    C4551    (9)    2 :  0.594 0.107 0.170 0.057 0.034 0.023 0.015 
 44    C4491    (0)    2 :  0.510 0.158 0.107 0.071 0.058 0.025 0.071 
 45    C4494    (0)    2 :  0.110 0.136 0.012 0.014 0.012 0.009 0.707 
 46    C4495    (0)    2 :  0.050 0.035 0.088 0.068 0.015 0.016 0.729 
 47    C4497    (9)    2 :  0.030 0.844 0.018 0.018 0.021 0.013 0.056 
 48    C4501    (0)    2 :  0.044 0.698 0.029 0.024 0.175 0.013 0.018 
 49    C4502    (0)    2 :  0.218 0.601 0.010 0.063 0.021 0.012 0.076 
 50    C4503    (0)    2 :  0.867 0.011 0.016 0.072 0.012 0.014 0.009 
 51    C4504    (0)    2 :  0.087 0.123 0.056 0.419 0.128 0.073 0.116 
 52    C4470    (0)    2 :  0.189 0.567 0.103 0.039 0.048 0.025 0.029 
 53    C4471    (0)    2 :  0.729 0.157 0.015 0.020 0.029 0.012 0.037 
 54    C4474    (9)    2 :  0.899 0.011 0.032 0.019 0.012 0.020 0.008 
 55    C4476    (0)    2 :  0.095 0.835 0.013 0.016 0.012 0.010 0.019 
 56    C4478    (0)    2 :  0.580 0.054 0.011 0.093 0.053 0.011 0.199 
 57    C4479    (0)    2 :  0.100 0.661 0.018 0.011 0.015 0.065 0.129 
 58    C4482    (0)    2 :  0.302 0.114 0.050 0.011 0.073 0.130 0.320 
 59    C4483    (0)    2 :  0.937 0.008 0.010 0.013 0.013 0.011 0.009 
 60    C4484    (0)    2 :  0.515 0.073 0.037 0.063 0.076 0.026 0.210 
 61    C4485    (0)    2 :  0.068 0.217 0.083 0.043 0.094 0.059 0.436 
 62    C4489    (0)    2 :  0.247 0.485 0.016 0.029 0.039 0.019 0.164 
 63    C4505    (0)    2 :  0.068 0.845 0.025 0.014 0.015 0.014 0.019 
 64    C4507    (0)    2 :  0.241 0.495 0.058 0.127 0.056 0.010 0.012 
 65    C4535    (0)    2 :  0.889 0.013 0.025 0.021 0.020 0.019 0.013 
 66    C4542    (0)    2 :  0.250 0.022 0.229 0.034 0.417 0.027 0.022 
 67    C4553    (9)    2 :  0.660 0.142 0.047 0.018 0.020 0.018 0.095 
 68    C4562   (18)    2 :  0.568 0.246 0.049 0.050 0.017 0.024 0.046 
 69    C4582   (18)    2 :  0.783 0.067 0.029 0.020 0.026 0.033 0.041 
 70    C4693    (0)    2 :  0.896 0.033 0.010 0.009 0.011 0.012 0.030 
 71    C4696    (0)    2 :  0.462 0.255 0.124 0.056 0.028 0.031 0.043 
 72    C3179    (0)    2 :  0.012 0.109 0.017 0.056 0.019 0.013 0.774 
 73    C3181    (0)    2 :  0.022 0.242 0.025 0.018 0.049 0.026 0.618 
 74    C3188    (0)    2 :  0.018 0.723 0.028 0.029 0.038 0.025 0.139 
 75    C3190    (0)    2 :  0.020 0.013 0.017 0.012 0.040 0.019 0.880 
 76    C3193    (0)    2 :  0.014 0.649 0.022 0.010 0.014 0.033 0.258 
 77    C3232    (0)    2 :  0.079 0.671 0.011 0.013 0.017 0.010 0.199 
 78    C3236    (0)    2 :  0.033 0.056 0.010 0.009 0.010 0.009 0.872 
 79    C3249    (0)    2 :  0.027 0.392 0.032 0.037 0.050 0.033 0.428 
 80    C3250    (0)    2 :  0.018 0.898 0.010 0.008 0.013 0.011 0.042 
 81    C3253    (0)    2 :  0.013 0.937 0.010 0.009 0.011 0.012 0.009 
 82    C3255    (0)    2 :  0.038 0.365 0.013 0.011 0.014 0.013 0.547 
 83    C3277    (0)    2 :  0.023 0.655 0.062 0.040 0.080 0.069 0.070 
 84    C3315    (0)    2 :  0.160 0.372 0.079 0.130 0.097 0.143 0.019 
 85    C3288    (0)    2 :  0.018 0.029 0.014 0.017 0.012 0.020 0.890 
 86    C3293    (0)    2 :  0.039 0.017 0.037 0.034 0.036 0.029 0.807 
 87    C4018    (0)    3 :  0.395 0.051 0.011 0.009 0.018 0.008 0.508 
 88    C3980    (0)    3 :  0.877 0.021 0.013 0.011 0.015 0.012 0.052 
 89    C3987    (0)    3 :  0.843 0.083 0.010 0.012 0.014 0.010 0.027 
 90    C3988    (0)    3 :  0.577 0.269 0.019 0.013 0.012 0.011 0.098 
 91    C3989    (0)    3 :  0.025 0.035 0.054 0.009 0.080 0.008 0.789 
 92    C4011    (0)    3 :  0.456 0.196 0.007 0.007 0.007 0.006 0.321 
 93    C4017    (0)    3 :  0.931 0.019 0.007 0.007 0.007 0.006 0.023 
 94    C4296    (0)    3 :  0.053 0.484 0.216 0.080 0.088 0.049 0.030 
 95    C4301    (9)    3 :  0.010 0.011 0.024 0.051 0.767 0.015 0.121 
 96    C4303    (0)    3 :  0.013 0.047 0.041 0.033 0.034 0.266 0.566 
 97    C4453    (0)    3 :  0.070 0.077 0.012 0.055 0.027 0.043 0.716 
 98    C4455    (9)    3 :  0.025 0.013 0.011 0.013 0.012 0.026 0.899 
 99    C4456   (18)    3 :  0.196 0.020 0.023 0.100 0.041 0.079 0.541 
100    C4457    (9)    3 :  0.023 0.086 0.039 0.030 0.068 0.064 0.689 
101    C4459    (9)    3 :  0.193 0.261 0.028 0.012 0.019 0.021 0.466 
102    C4464   (18)    3 :  0.038 0.274 0.010 0.010 0.010 0.008 0.650 
103    C4468    (9)    3 :  0.043 0.624 0.016 0.017 0.020 0.055 0.226 
104    C4783    (0)    3 :  0.270 0.009 0.034 0.011 0.013 0.014 0.648 
105    C4786    (0)    3 :  0.085 0.028 0.013 0.008 0.016 0.010 0.838 
106    C4789    (9)    3 :  0.163 0.104 0.015 0.009 0.045 0.012 0.653 
107    C4891    (0)    3 :  0.028 0.012 0.027 0.016 0.014 0.010 0.893 
108    C4896    (0)    3 :  0.223 0.014 0.023 0.016 0.038 0.040 0.646 
109    C4898    (0)    3 :  0.415 0.031 0.021 0.017 0.012 0.014 0.490 
110    C4901    (0)    3 :  0.073 0.015 0.010 0.007 0.013 0.010 0.872 
111    C4903    (9)    3 :  0.033 0.013 0.016 0.010 0.026 0.020 0.882 
112    C4904    (0)    3 :  0.347 0.018 0.026 0.012 0.020 0.009 0.568 
113    C3263    (0)    3 :  0.011 0.674 0.015 0.151 0.014 0.021 0.115 
114    C3271    (0)    3 :  0.011 0.867 0.019 0.021 0.022 0.010 0.050 
115    C3272    (0)    3 :  0.012 0.850 0.020 0.020 0.045 0.010 0.043 
116    C3276    (0)    3 :  0.024 0.025 0.040 0.081 0.316 0.036 0.477 
117    C3280    (9)    3 :  0.027 0.759 0.043 0.090 0.034 0.026 0.020 
118    C3305    (9)    3 :  0.011 0.940 0.009 0.010 0.013 0.008 0.009 
119    C3306    (0)    3 :  0.013 0.784 0.030 0.070 0.025 0.020 0.058 
120    C3324    (0)    3 :  0.019 0.720 0.052 0.151 0.024 0.017 0.017 
121    C3329    (0)    3 :  0.137 0.543 0.084 0.066 0.054 0.029 0.087 
122    C3336    (0)    3 :  0.022 0.800 0.036 0.018 0.042 0.015 0.068 
123    C3341   (18)    3 :  0.076 0.075 0.064 0.674 0.048 0.033 0.030 
124    C3409   (18)    3 :  0.092 0.463 0.068 0.064 0.128 0.047 0.139 
125    C3168    (9)    3 :  0.013 0.011 0.008 0.008 0.008 0.008 0.943 
126    C3170    (0)    3 :  0.011 0.054 0.012 0.013 0.017 0.008 0.885 
127    C3214   (18)    3 :  0.024 0.140 0.015 0.012 0.187 0.044 0.578 
128    C3227    (0)    3 :  0.011 0.011 0.007 0.008 0.014 0.010 0.939 
129    C3228    (0)    3 :  0.085 0.735 0.043 0.035 0.033 0.032 0.037 
130    C3278    (0)    3 :  0.006 0.008 0.011 0.010 0.018 0.009 0.937 
131    C3279    (0)    3 :  0.009 0.017 0.028 0.010 0.047 0.013 0.877 
132    C3321    (0)    3 :  0.013 0.012 0.006 0.006 0.006 0.006 0.950 
133    C3322    (0)    3 :  0.026 0.012 0.049 0.012 0.021 0.055 0.824 
134    C3303    (0)    3 :  0.015 0.039 0.037 0.035 0.042 0.016 0.815 
135    C3317    (0)    3 :  0.017 0.883 0.015 0.017 0.013 0.013 0.042 
136    C3355    (0)    3 :  0.034 0.292 0.016 0.022 0.011 0.012 0.612 
137    C3376    (9)    3 :  0.040 0.490 0.024 0.020 0.081 0.025 0.321 
138    C3401    (0)    3 :  0.022 0.824 0.026 0.020 0.024 0.025 0.059 
139    C3203    (9)    3 :  0.030 0.152 0.017 0.060 0.072 0.044 0.626 
140    C3245    (0)    3 :  0.010 0.026 0.014 0.012 0.021 0.022 0.894 
141    C3302    (0)    3 :  0.009 0.012 0.017 0.017 0.015 0.015 0.917 
142    C3307    (0)    3 :  0.141 0.065 0.035 0.137 0.015 0.094 0.513 
143    C3310    (0)    3 :  0.008 0.009 0.011 0.013 0.010 0.009 0.940 
144    C3312    (9)    3 :  0.045 0.412 0.056 0.028 0.021 0.034 0.404 
145    C3345    (0)    3 :  0.015 0.018 0.011 0.019 0.012 0.010 0.914 
146    C3371    (0)    3 :  0.007 0.013 0.012 0.031 0.010 0.010 0.917 
147    C3372    (0)    3 :  0.023 0.199 0.031 0.046 0.019 0.027 0.654 
148    C3380    (9)    3 :  0.016 0.015 0.006 0.007 0.008 0.008 0.941 
149    C3417    (0)    3 :  0.066 0.045 0.032 0.183 0.037 0.026 0.611 
150    C4569    (9)    4 :  0.563 0.057 0.093 0.096 0.137 0.041 0.014 
151    C4570    (9)    4 :  0.890 0.046 0.013 0.014 0.010 0.012 0.015 
152    C4571    (9)    4 :  0.621 0.262 0.015 0.015 0.017 0.029 0.041 
153    C4572    (9)    4 :  0.889 0.035 0.015 0.014 0.012 0.022 0.014 
154    C4573    (9)    4 :  0.174 0.134 0.082 0.045 0.117 0.431 0.017 
155    C4575    (9)    4 :  0.804 0.031 0.021 0.024 0.037 0.060 0.024 
156    C4577    (9)    4 :  0.911 0.029 0.016 0.010 0.010 0.008 0.016 
157    C4578    (9)    4 :  0.770 0.042 0.039 0.024 0.058 0.045 0.021 
158    C4600   (18)    4 :  0.387 0.082 0.347 0.030 0.088 0.031 0.035 
159    C4612    (9)    4 :  0.871 0.014 0.017 0.012 0.054 0.014 0.018 
160    C4621    (0)    4 :  0.798 0.065 0.010 0.007 0.013 0.017 0.090 
161    C4622    (9)    4 :  0.894 0.015 0.011 0.010 0.008 0.009 0.054 
162    C4623    (0)    4 :  0.260 0.145 0.044 0.289 0.066 0.058 0.137 
163    C4624    (0)    4 :  0.868 0.032 0.020 0.016 0.014 0.034 0.017 
164    C4625    (0)    4 :  0.152 0.151 0.111 0.019 0.067 0.484 0.017 
165    C4627    (0)    4 :  0.725 0.025 0.017 0.023 0.031 0.025 0.152 
166    C4631    (0)    4 :  0.870 0.011 0.017 0.070 0.010 0.013 0.009 
167    C4632    (0)    4 :  0.803 0.086 0.019 0.016 0.014 0.017 0.046 
168    C3939    (0)    4 :  0.791 0.028 0.015 0.011 0.023 0.009 0.124 
169    C3940    (0)    4 :  0.761 0.015 0.051 0.019 0.075 0.009 0.069 
170    C3945    (0)    4 :  0.783 0.069 0.021 0.012 0.011 0.007 0.097 
171    C4520    (0)    4 :  0.026 0.160 0.154 0.080 0.461 0.030 0.089 
172    C4522    (0)    4 :  0.420 0.054 0.013 0.013 0.014 0.009 0.478 
173    C3182    (0)    4 :  0.035 0.093 0.020 0.026 0.017 0.013 0.795 
174    C3189    (0)    4 :  0.030 0.557 0.073 0.033 0.092 0.148 0.066 
175    C3191    (9)    4 :  0.020 0.668 0.017 0.029 0.026 0.068 0.172 
176    C3196    (0)    4 :  0.015 0.081 0.020 0.017 0.025 0.025 0.816 
177    C3208    (0)    4 :  0.189 0.029 0.029 0.040 0.039 0.055 0.618 
178    C3211    (0)    4 :  0.013 0.016 0.011 0.011 0.016 0.010 0.922 
179    C3212    (0)    4 :  0.050 0.098 0.068 0.114 0.515 0.013 0.142 
180    C3213    (0)    4 :  0.007 0.014 0.017 0.018 0.022 0.010 0.912 
181    C3215    (0)    4 :  0.017 0.009 0.018 0.011 0.014 0.045 0.885 
182    C3217    (0)    4 :  0.025 0.323 0.026 0.044 0.034 0.018 0.530 
183    C3225    (9)    4 :  0.022 0.492 0.044 0.028 0.068 0.032 0.314 
184    C3226    (0)    4 :  0.056 0.120 0.009 0.012 0.009 0.011 0.783 
185    C3238    (9)    4 :  0.090 0.050 0.015 0.011 0.021 0.020 0.792 
186    C3239    (0)    4 :  0.022 0.701 0.014 0.028 0.041 0.015 0.180 
187    C3269   (18)    4 :  0.133 0.487 0.042 0.026 0.112 0.149 0.052 
188    C3273    (0)    4 :  0.025 0.463 0.016 0.009 0.035 0.041 0.411 
189    C3274    (0)    4 :  0.054 0.020 0.166 0.016 0.151 0.021 0.572 
190    C3354    (0)    4 :  0.020 0.106 0.021 0.012 0.022 0.018 0.801 
191    C3361    (0)    4 :  0.025 0.037 0.018 0.011 0.019 0.017 0.874 
192    C3289    (0)    4 :  0.010 0.014 0.010 0.010 0.015 0.013 0.928 
193    C3169    (0)    4 :  0.033 0.555 0.008 0.010 0.017 0.014 0.362 
194    C3199    (9)    4 :  0.080 0.114 0.014 0.015 0.023 0.034 0.719 
195    C3224    (0)    4 :  0.011 0.146 0.013 0.014 0.018 0.020 0.778 
196    C3261   (18)    4 :  0.027 0.125 0.016 0.014 0.016 0.009 0.794 
197    C3320    (0)    4 :  0.039 0.094 0.036 0.018 0.027 0.030 0.756 
198    C4151    (0)    5 :  0.915 0.030 0.009 0.007 0.009 0.009 0.022 
199    C4152    (0)    5 :  0.809 0.121 0.011 0.014 0.017 0.013 0.014 
200    C4153    (0)    5 :  0.277 0.123 0.022 0.014 0.048 0.025 0.490 
201    C4154   (18)    5 :  0.464 0.153 0.034 0.026 0.029 0.011 0.282 
202    C4157    (0)    5 :  0.077 0.748 0.097 0.015 0.019 0.016 0.027 
203    C4158    (0)    5 :  0.927 0.021 0.009 0.007 0.008 0.011 0.018 
204    C4163    (0)    5 :  0.918 0.032 0.007 0.007 0.008 0.006 0.021 
205    C4165    (0)    5 :  0.307 0.040 0.220 0.268 0.031 0.044 0.091 
206    C4248    (9)    5 :  0.019 0.622 0.030 0.016 0.022 0.022 0.269 
207    C4371    (9)    5 :  0.053 0.853 0.016 0.029 0.016 0.014 0.018 
208    C3936    (0)    5 :  0.867 0.046 0.017 0.016 0.013 0.012 0.028 
209    C3937    (0)    5 :  0.890 0.023 0.011 0.010 0.009 0.010 0.047 
210    C3944    (0)    5 :  0.598 0.276 0.009 0.013 0.008 0.007 0.089 
211    C3954    (0)    5 :  0.048 0.789 0.011 0.008 0.017 0.036 0.092 
212    C3955    (9)    5 :  0.232 0.288 0.018 0.008 0.031 0.024 0.399 
213    C3961    (0)    5 :  0.675 0.044 0.015 0.059 0.019 0.015 0.173 
214    C3974    (0)    5 :  0.817 0.046 0.025 0.018 0.031 0.019 0.044 
215    C4024    (0)    5 :  0.153 0.668 0.022 0.068 0.030 0.013 0.047 
216    C4025    (0)    5 :  0.875 0.054 0.010 0.022 0.014 0.014 0.010 
217    C4028    (0)    5 :  0.674 0.089 0.040 0.032 0.044 0.064 0.057 
218    C4032   (18)    5 :  0.038 0.896 0.009 0.010 0.013 0.011 0.023 
219    C4033   (18)    5 :  0.030 0.254 0.016 0.013 0.013 0.016 0.659 
220    C4034    (0)    5 :  0.046 0.430 0.076 0.092 0.044 0.021 0.292 
221    C4041    (9)    5 :  0.029 0.618 0.045 0.098 0.137 0.017 0.055 
222    C4043    (9)    5 :  0.170 0.605 0.019 0.020 0.021 0.020 0.146 
223    C4044    (9)    5 :  0.112 0.094 0.065 0.452 0.071 0.084 0.122 
224    C4045    (9)    5 :  0.095 0.596 0.031 0.015 0.018 0.038 0.207 
225    C4046    (9)    5 :  0.027 0.807 0.017 0.025 0.011 0.023 0.088 
226    C4047    (0)    5 :  0.014 0.024 0.040 0.015 0.020 0.037 0.850 
227    C4048    (9)    5 :  0.021 0.088 0.056 0.060 0.035 0.051 0.689 
228    C4055    (9)    5 :  0.054 0.801 0.031 0.020 0.026 0.039 0.030 
229    C4057   (18)    5 :  0.014 0.890 0.012 0.028 0.014 0.008 0.034 
230    C4059    (0)    5 :  0.038 0.683 0.012 0.012 0.024 0.028 0.203 
231    C4060    (9)    5 :  0.072 0.689 0.028 0.021 0.058 0.019 0.113 
232    C4064    (9)    5 :  0.039 0.513 0.152 0.021 0.039 0.208 0.028 
233    C4067    (0)    5 :  0.019 0.035 0.025 0.044 0.022 0.077 0.778 
234    C4068    (9)    5 :  0.031 0.050 0.026 0.020 0.024 0.031 0.818 
235    C4070    (9)    5 :  0.116 0.189 0.045 0.155 0.021 0.028 0.446 
236    C4075   (18)    5 :  0.021 0.039 0.016 0.022 0.020 0.014 0.869 
237    C4081    (9)    5 :  0.020 0.826 0.038 0.023 0.024 0.022 0.047 
238    C4082    (0)    5 :  0.064 0.063 0.020 0.018 0.027 0.030 0.777 
239    C4083    (0)    5 :  0.141 0.337 0.167 0.214 0.054 0.047 0.040 
240    C4086    (0)    5 :  0.028 0.649 0.029 0.014 0.026 0.152 0.102 
241    C4088    (9)    5 :  0.032 0.037 0.026 0.011 0.017 0.859 0.018 
242    C4092    (0)    5 :  0.089 0.776 0.018 0.046 0.023 0.009 0.039 
243    C4099    (9)    5 :  0.027 0.605 0.042 0.077 0.094 0.028 0.127 
244    C4104    (0)    5 :  0.244 0.180 0.036 0.081 0.024 0.026 0.409 
245    C4108   (18)    5 :  0.012 0.012 0.403 0.040 0.338 0.178 0.019 
246    C4118    (0)    5 :  0.020 0.815 0.073 0.016 0.033 0.031 0.012 
247    C4131    (0)    5 :  0.477 0.245 0.046 0.019 0.026 0.096 0.090 
248    C4133    (0)    5 :  0.013 0.903 0.012 0.010 0.016 0.012 0.033 
249    C4135    (0)    5 :  0.118 0.746 0.015 0.009 0.011 0.006 0.096 
250    C4136    (0)    5 :  0.618 0.033 0.068 0.027 0.049 0.161 0.044 
251    C4137    (9)    5 :  0.216 0.664 0.033 0.018 0.018 0.019 0.032 
252    C4139    (0)    5 :  0.820 0.079 0.014 0.011 0.014 0.007 0.056 
253    C4140    (9)    5 :  0.542 0.278 0.040 0.018 0.014 0.012 0.096 
254    C4167    (0)    5 :  0.700 0.166 0.045 0.030 0.015 0.029 0.014 
255    C4236    (0)    5 :  0.016 0.792 0.062 0.030 0.024 0.032 0.044 
256    C4237    (0)    5 :  0.057 0.092 0.085 0.026 0.097 0.631 0.013 
257    C4238    (0)    5 :  0.057 0.565 0.024 0.016 0.033 0.058 0.246 
258    C4241    (0)    5 :  0.052 0.463 0.032 0.024 0.031 0.021 0.377 
259    C4247    (9)    5 :  0.059 0.435 0.025 0.133 0.034 0.254 0.059 
260    C4257    (0)    5 :  0.035 0.158 0.018 0.020 0.040 0.027 0.702 
261    C4383    (0)    5 :  0.185 0.371 0.054 0.210 0.067 0.069 0.044 
262    C4397    (9)    5 :  0.029 0.925 0.013 0.007 0.008 0.007 0.010 
263    C4514    (0)    5 :  0.744 0.154 0.014 0.021 0.013 0.014 0.040 
264    C4519    (0)    5 :  0.409 0.039 0.020 0.017 0.130 0.009 0.376 
265    C4527    (0)    5 :  0.151 0.044 0.016 0.018 0.014 0.012 0.746 
266    C4534    (0)    5 :  0.089 0.061 0.028 0.062 0.070 0.017 0.672 
267    C4699    (0)    5 :  0.680 0.024 0.035 0.029 0.015 0.073 0.143 
268    C1541    (9)    5 :  0.015 0.112 0.013 0.009 0.011 0.013 0.826 
269    C1542    (9)    5 :  0.011 0.029 0.013 0.010 0.011 0.014 0.912 
270    C1544    (0)    5 :  0.029 0.440 0.022 0.017 0.033 0.057 0.402 
271    C1547    (9)    5 :  0.052 0.115 0.122 0.210 0.193 0.181 0.126 
272    C1553    (9)    5 :  0.219 0.079 0.225 0.141 0.171 0.088 0.076 
273    C1555    (9)    5 :  0.017 0.853 0.027 0.014 0.035 0.026 0.027 
274    C1557    (0)    5 :  0.021 0.887 0.018 0.016 0.012 0.026 0.020 
275    C1560    (0)    5 :  0.016 0.843 0.017 0.018 0.048 0.014 0.044 
276    C1565    (0)    5 :  0.042 0.245 0.069 0.075 0.030 0.017 0.523 
277    C1567    (0)    5 :  0.032 0.759 0.032 0.031 0.046 0.050 0.049 
278    C1569    (0)    5 :  0.039 0.794 0.017 0.020 0.014 0.017 0.099 
279    C1571    (0)    5 :  0.040 0.180 0.038 0.042 0.104 0.113 0.483 
280    C1576    (0)    5 :  0.125 0.616 0.024 0.028 0.029 0.092 0.087 
281    C1577    (9)    5 :  0.017 0.105 0.026 0.016 0.028 0.031 0.777 
282    C1579    (0)    5 :  0.019 0.470 0.030 0.016 0.022 0.019 0.424 
283    C3990    (0)    6 :  0.869 0.046 0.008 0.008 0.007 0.008 0.054 
284    C3991    (0)    6 :  0.786 0.038 0.023 0.040 0.023 0.042 0.047 
285    C3992    (0)    6 :  0.781 0.027 0.024 0.012 0.066 0.030 0.060 
286    C3994    (0)    6 :  0.159 0.389 0.032 0.131 0.058 0.043 0.188 
287    C4172    (0)    6 :  0.770 0.010 0.044 0.045 0.059 0.051 0.022 
288    C4173    (9)    6 :  0.791 0.014 0.012 0.132 0.013 0.010 0.028 
289    C4232    (9)    6 :  0.011 0.247 0.008 0.008 0.009 0.008 0.707 
290    C4234    (9)    6 :  0.013 0.539 0.012 0.009 0.011 0.012 0.405 
291    C4259    (0)    6 :  0.013 0.866 0.011 0.010 0.010 0.011 0.080 
292    C4260    (0)    6 :  0.019 0.028 0.007 0.007 0.012 0.009 0.919 
293    C4261    (9)    6 :  0.028 0.020 0.085 0.067 0.031 0.028 0.742 
294    C4262    (0)    6 :  0.215 0.571 0.040 0.064 0.029 0.012 0.069 
295    C4263    (0)    6 :  0.033 0.728 0.024 0.027 0.012 0.071 0.105 
296    C4267    (9)    6 :  0.256 0.476 0.020 0.016 0.015 0.042 0.174 
297    C4269    (0)    6 :  0.132 0.497 0.043 0.043 0.019 0.024 0.242 
298    C4272    (0)    6 :  0.011 0.932 0.013 0.011 0.011 0.007 0.014 
299    C4274    (0)    6 :  0.022 0.494 0.025 0.012 0.378 0.015 0.054 
300    C4276    (9)    6 :  0.010 0.071 0.030 0.026 0.743 0.084 0.036 
301    C4278    (0)    6 :  0.044 0.773 0.028 0.033 0.049 0.018 0.055 
302    C4280    (0)    6 :  0.090 0.106 0.040 0.019 0.038 0.014 0.693 
303    C4281    (0)    6 :  0.026 0.873 0.016 0.013 0.012 0.017 0.043 
304    C4282    (0)    6 :  0.016 0.159 0.195 0.334 0.039 0.070 0.186 
305    C4284    (9)    6 :  0.095 0.822 0.009 0.008 0.008 0.008 0.050 
306    C4286    (9)    6 :  0.231 0.154 0.048 0.030 0.086 0.030 0.421 
307    C4287    (0)    6 :  0.112 0.185 0.066 0.071 0.096 0.012 0.457 
308    C4290    (0)    6 :  0.101 0.130 0.073 0.132 0.309 0.236 0.018 
309    C4307   (18)    6 :  0.049 0.147 0.025 0.030 0.037 0.014 0.699 
310    C4310    (9)    6 :  0.046 0.610 0.022 0.015 0.056 0.071 0.181 
311    C4311   (18)    6 :  0.021 0.211 0.028 0.027 0.061 0.021 0.630 
312    C4312    (0)    6 :  0.013 0.429 0.013 0.015 0.013 0.016 0.502 
313    C4314    (0)    6 :  0.046 0.621 0.040 0.012 0.025 0.186 0.069 
314    C4318    (9)    6 :  0.041 0.818 0.024 0.032 0.040 0.010 0.035 
315    C4321    (9)    6 :  0.041 0.360 0.023 0.055 0.076 0.015 0.431 
316    C4324    (0)    6 :  0.119 0.692 0.019 0.044 0.028 0.011 0.088 
317    C4334    (0)    6 :  0.020 0.885 0.011 0.038 0.015 0.010 0.020 
318    C4529    (0)    6 :  0.041 0.469 0.030 0.040 0.029 0.063 0.329 
319    C1582    (9)    6 :  0.056 0.776 0.015 0.013 0.014 0.014 0.112 
320    C1583    (0)    6 :  0.034 0.686 0.023 0.020 0.037 0.058 0.141 
321    C1584    (9)    6 :  0.032 0.859 0.015 0.011 0.023 0.025 0.035 
322    C1585    (0)    6 :  0.022 0.924 0.007 0.007 0.010 0.014 0.016 
323    C1586    (0)    6 :  0.022 0.829 0.020 0.056 0.013 0.024 0.037 
324    C1589    (0)    6 :  0.108 0.788 0.011 0.011 0.011 0.011 0.060 
325    C1591    (0)    6 :  0.027 0.902 0.007 0.009 0.011 0.011 0.033 
326    C1592    (0)    6 :  0.018 0.869 0.023 0.023 0.021 0.015 0.030 
327    C1594    (0)    6 :  0.042 0.723 0.021 0.018 0.020 0.069 0.107 
328    C1597    (9)    6 :  0.031 0.207 0.053 0.034 0.047 0.032 0.595 
329    C1598    (9)    6 :  0.196 0.578 0.022 0.018 0.019 0.048 0.119 
330    C1599    (0)    6 :  0.011 0.646 0.017 0.011 0.029 0.010 0.275 
331    C1601    (0)    6 :  0.305 0.164 0.071 0.034 0.032 0.066 0.327 
332    C1605    (0)    6 :  0.086 0.141 0.081 0.053 0.443 0.106 0.091 
333    C1609    (0)    6 :  0.017 0.926 0.008 0.008 0.010 0.008 0.023 
334    C1610    (0)    6 :  0.015 0.261 0.127 0.015 0.135 0.100 0.347 
335    C1611    (0)    6 :  0.010 0.038 0.015 0.040 0.017 0.013 0.868 
336    C1612    (0)    6 :  0.009 0.044 0.008 0.007 0.009 0.009 0.914 
337    C1613    (0)    6 :  0.041 0.220 0.024 0.069 0.033 0.045 0.569 
338    C3173    (9)    6 :  0.027 0.536 0.071 0.060 0.052 0.033 0.219 
339    C3204    (0)    6 :  0.019 0.044 0.017 0.015 0.019 0.020 0.867 
340    C3223    (9)    6 :  0.019 0.027 0.031 0.083 0.316 0.020 0.504 
341    C3262    (0)    6 :  0.035 0.598 0.027 0.032 0.058 0.093 0.158 
342    C3270    (0)    6 :  0.042 0.355 0.021 0.017 0.021 0.014 0.529 
343    C3300    (0)    6 :  0.057 0.722 0.009 0.009 0.013 0.008 0.182 
344    C3330    (0)    6 :  0.140 0.549 0.042 0.024 0.051 0.014 0.181 
345    C3390    (9)    6 :  0.019 0.685 0.020 0.017 0.018 0.014 0.226 
346    C3424    (9)    6 :  0.030 0.327 0.047 0.017 0.048 0.016 0.514 
347    C3958    (0)    6 :  0.855 0.076 0.015 0.013 0.010 0.007 0.024 
348    C3962    (0)    6 :  0.885 0.047 0.020 0.011 0.010 0.007 0.021 
349    C4019    (0)    6 :  0.080 0.019 0.734 0.047 0.083 0.026 0.012 
350    C3995   (18)    6 :  0.834 0.020 0.020 0.035 0.014 0.018 0.058 
351    C4000    (0)    6 :  0.544 0.040 0.128 0.084 0.038 0.016 0.150 
352    C4002    (0)    6 :  0.718 0.047 0.027 0.026 0.016 0.016 0.150 
353    C1692    (0)    7 :  0.156 0.020 0.261 0.026 0.470 0.038 0.029 
354    C1693    (0)    7 :  0.048 0.093 0.049 0.155 0.491 0.017 0.147 
355    C1694    (0)    7 :  0.025 0.086 0.099 0.370 0.227 0.147 0.047 
356    C1698    (0)    7 :  0.009 0.042 0.332 0.198 0.350 0.060 0.008 
357    C1699    (0)    7 :  0.028 0.030 0.103 0.070 0.255 0.485 0.029 
358    C1700    (0)    7 :  0.095 0.065 0.409 0.205 0.124 0.060 0.043 
359    C1701    (0)    7 :  0.013 0.029 0.505 0.031 0.132 0.277 0.013 
360    C1702    (0)    7 :  0.019 0.014 0.454 0.069 0.358 0.073 0.013 
361    C1703    (0)    7 :  0.030 0.017 0.348 0.414 0.106 0.075 0.010 
362    C1704    (0)    7 :  0.032 0.413 0.102 0.297 0.110 0.030 0.016 
363    C1705    (0)    7 :  0.333 0.016 0.037 0.361 0.222 0.019 0.011 
364    C1706    (0)    7 :  0.011 0.017 0.177 0.085 0.288 0.406 0.017 
365    C1707    (0)    7 :  0.022 0.279 0.055 0.036 0.302 0.186 0.119 
366    C1708    (0)    7 :  0.013 0.022 0.080 0.793 0.054 0.021 0.016 
367    C1709    (0)    7 :  0.068 0.020 0.074 0.739 0.053 0.023 0.023 
368    C1710    (0)    7 :  0.022 0.042 0.553 0.101 0.188 0.076 0.019 
369    C1712    (0)    7 :  0.033 0.010 0.262 0.624 0.043 0.015 0.013 
370    C1714    (0)    7 :  0.014 0.026 0.026 0.874 0.031 0.019 0.010 
371    C1715    (0)    7 :  0.017 0.027 0.275 0.022 0.540 0.100 0.018 
372    C1717    (0)    7 :  0.016 0.045 0.128 0.085 0.660 0.029 0.038 
373    C1718   (18)    7 :  0.016 0.090 0.626 0.050 0.160 0.045 0.014 
374    C1719    (0)    7 :  0.098 0.054 0.103 0.636 0.023 0.019 0.067 
375    C1656    (0)    8 :  0.064 0.010 0.312 0.080 0.064 0.454 0.014 
376    C1657   (18)    8 :  0.021 0.016 0.110 0.472 0.060 0.288 0.033 
377    C1658    (0)    8 :  0.013 0.008 0.514 0.049 0.285 0.122 0.008 
378    C1659    (0)    8 :  0.019 0.024 0.079 0.017 0.664 0.130 0.068 
379    C1661    (9)    8 :  0.042 0.076 0.477 0.112 0.162 0.094 0.037 
380    C1665    (0)    8 :  0.014 0.018 0.482 0.055 0.174 0.227 0.029 
381    C1667    (9)    8 :  0.006 0.007 0.043 0.899 0.022 0.016 0.008 
382    C1676    (9)    8 :  0.033 0.015 0.644 0.117 0.039 0.139 0.013 
383    C1681    (9)    8 :  0.025 0.055 0.229 0.125 0.258 0.294 0.013 
384    C1682    (0)    8 :  0.020 0.016 0.187 0.582 0.058 0.120 0.017 
385    C1685    (0)    8 :  0.026 0.014 0.770 0.046 0.031 0.066 0.049 
386    C4707    (0)    9 :  0.084 0.031 0.792 0.027 0.016 0.026 0.025 
387    C4747    (0)    9 :  0.123 0.048 0.064 0.449 0.140 0.020 0.157 
388    C4772    (0)    9 :  0.577 0.036 0.196 0.028 0.045 0.062 0.058 
389    C4781    (0)    9 :  0.044 0.110 0.044 0.709 0.066 0.019 0.008 
390    C4782    (0)    9 :  0.110 0.139 0.284 0.196 0.172 0.075 0.024 
391    C4787    (0)    9 :  0.083 0.035 0.086 0.053 0.686 0.039 0.017 
392    C4790    (0)    9 :  0.075 0.029 0.241 0.578 0.026 0.036 0.015 
393    C4803    (0)    9 :  0.113 0.031 0.211 0.121 0.427 0.039 0.058 
394    C4813    (0)    9 :  0.823 0.008 0.044 0.023 0.051 0.030 0.019 
395    C4837    (0)    9 :  0.154 0.022 0.508 0.033 0.211 0.024 0.049 
396    C4838    (0)    9 :  0.091 0.015 0.215 0.048 0.551 0.067 0.014 
397    C4843    (0)    9 :  0.045 0.016 0.519 0.051 0.225 0.084 0.059 
398    C4857    (0)    9 :  0.667 0.125 0.038 0.024 0.052 0.034 0.060 
399    C4828    (0)    9 :  0.040 0.045 0.195 0.057 0.199 0.203 0.260 
400    C4835    (0)    9 :  0.646 0.020 0.042 0.021 0.189 0.065 0.017 
401    C4836    (9)    9 :  0.327 0.041 0.197 0.101 0.282 0.028 0.023 
402    C4842    (0)    9 :  0.038 0.010 0.367 0.115 0.205 0.236 0.031 
403    C4863    (9)    9 :  0.078 0.039 0.087 0.135 0.619 0.026 0.016 
404    C4744    (0)    9 :  0.021 0.011 0.327 0.308 0.134 0.128 0.072 
405    C4745    (0)    9 :  0.078 0.029 0.289 0.040 0.446 0.101 0.016 
406    C4768    (0)    9 :  0.192 0.083 0.278 0.318 0.038 0.064 0.028 
407    C4769    (0)    9 :  0.188 0.010 0.134 0.072 0.090 0.490 0.016 
408    C4771    (0)    9 :  0.027 0.012 0.807 0.040 0.041 0.064 0.010 
409    C4784    (0)    9 :  0.187 0.057 0.070 0.545 0.046 0.075 0.020 
410    C4785    (0)    9 :  0.031 0.031 0.029 0.824 0.023 0.045 0.016 
411    C4795    (0)    9 :  0.101 0.056 0.026 0.667 0.094 0.032 0.024 
412    C4796    (0)    9 :  0.018 0.019 0.690 0.127 0.104 0.031 0.011 
413    C4800    (0)    9 :  0.250 0.018 0.100 0.013 0.596 0.016 0.008 
414    C4801    (0)    9 :  0.485 0.062 0.058 0.071 0.052 0.262 0.010 
415    C4802    (0)    9 :  0.029 0.708 0.054 0.022 0.052 0.116 0.019 
416    C4805    (0)    9 :  0.090 0.022 0.535 0.156 0.042 0.145 0.011 
417    C4806    (0)    9 :  0.058 0.012 0.709 0.016 0.051 0.145 0.009 
418    C4850    (0)    9 :  0.213 0.049 0.406 0.040 0.157 0.045 0.090 
419    C4748    (0)   10 :  0.143 0.008 0.025 0.098 0.061 0.655 0.010 
420    C4753    (0)   10 :  0.047 0.044 0.526 0.161 0.146 0.067 0.011 
421    C4754    (0)   10 :  0.208 0.028 0.648 0.043 0.029 0.033 0.011 
422    C4760    (0)   10 :  0.368 0.077 0.262 0.028 0.175 0.022 0.068 
423    C4761    (0)   10 :  0.406 0.022 0.075 0.095 0.031 0.362 0.009 
424    C4762    (0)   10 :  0.339 0.011 0.051 0.441 0.080 0.049 0.029 
425    C4791    (0)   10 :  0.249 0.013 0.307 0.060 0.330 0.033 0.008 
426    C4810    (0)   10 :  0.029 0.067 0.033 0.019 0.069 0.742 0.041 
427    C4812    (0)   10 :  0.049 0.043 0.367 0.030 0.160 0.307 0.045 
428    C4821    (0)   10 :  0.144 0.034 0.479 0.061 0.176 0.023 0.083 
429    C4864    (0)   10 :  0.668 0.047 0.187 0.020 0.025 0.019 0.034 
430    C4866    (0)   10 :  0.029 0.008 0.103 0.028 0.062 0.701 0.069 
431    C1722    (0)   10 :  0.013 0.059 0.239 0.043 0.226 0.391 0.029 
432    C1724    (0)   10 :  0.019 0.007 0.045 0.013 0.147 0.760 0.009 
433    C1725    (0)   10 :  0.011 0.029 0.135 0.063 0.202 0.481 0.080 
434    C1726    (0)   10 :  0.017 0.014 0.441 0.105 0.345 0.067 0.012 
435    C1731    (0)   10 :  0.048 0.014 0.253 0.107 0.196 0.309 0.074 
436    C1733    (9)   10 :  0.027 0.024 0.065 0.017 0.627 0.215 0.026 
437    C1734    (0)   10 :  0.066 0.013 0.325 0.034 0.394 0.065 0.103 
438    C1735    (0)   10 :  0.009 0.008 0.159 0.032 0.602 0.174 0.017 
439    C1738    (0)   10 :  0.036 0.016 0.098 0.015 0.301 0.454 0.080 
440    C1740    (9)   10 :  0.030 0.050 0.293 0.047 0.239 0.124 0.217 
441    C1741    (0)   10 :  0.207 0.123 0.089 0.133 0.376 0.019 0.053 
442    C1742    (0)   10 :  0.019 0.015 0.849 0.014 0.027 0.056 0.020 
443    C1743    (0)   10 :  0.020 0.018 0.124 0.507 0.184 0.116 0.032 
444    C1745    (0)   10 :  0.042 0.030 0.223 0.029 0.598 0.054 0.024 
445    C1746    (0)   10 :  0.073 0.040 0.235 0.147 0.174 0.296 0.035 
446    C1747    (0)   10 :  0.020 0.201 0.061 0.208 0.189 0.302 0.020 
447    C4742    (9)   10 :  0.726 0.014 0.102 0.063 0.031 0.036 0.028 
448    C4752    (0)   10 :  0.731 0.023 0.018 0.029 0.049 0.083 0.067 
449    C4792    (0)   10 :  0.232 0.105 0.202 0.077 0.096 0.156 0.131 
450    C4811    (0)   10 :  0.806 0.040 0.024 0.017 0.041 0.018 0.054 
451    C4814    (0)   10 :  0.648 0.017 0.107 0.062 0.080 0.045 0.039 
452    C4815    (0)   10 :  0.077 0.064 0.048 0.032 0.724 0.024 0.029 
453    C4818    (0)   10 :  0.209 0.033 0.132 0.069 0.137 0.154 0.265 
454    C4819    (0)   10 :  0.294 0.032 0.216 0.078 0.103 0.193 0.084 
455    C4826    (0)   10 :  0.043 0.011 0.578 0.068 0.224 0.068 0.008 
456    C4829    (0)   10 :  0.022 0.108 0.316 0.311 0.161 0.058 0.024 
457    C4830    (0)   10 :  0.037 0.009 0.728 0.131 0.055 0.013 0.027 
458    C4831    (0)   10 :  0.628 0.130 0.070 0.059 0.018 0.058 0.037 
459    C4832    (0)   10 :  0.090 0.013 0.315 0.410 0.035 0.123 0.016 
460    C4858    (0)   10 :  0.363 0.033 0.060 0.464 0.055 0.018 0.008 
461    C4757    (0)   10 :  0.100 0.038 0.334 0.046 0.227 0.144 0.111 
462    C4770    (9)   10 :  0.059 0.200 0.038 0.046 0.313 0.018 0.326 
463    C4808    (0)   10 :  0.305 0.032 0.521 0.055 0.050 0.024 0.013 
464    C4809    (0)   10 :  0.015 0.012 0.877 0.013 0.032 0.042 0.010 
465    C4820    (0)   10 :  0.032 0.019 0.323 0.353 0.127 0.114 0.031 
466    C4824    (0)   10 :  0.045 0.017 0.199 0.221 0.497 0.013 0.008 
467    C4706    (0)   11 :  0.034 0.009 0.252 0.053 0.342 0.297 0.014 
468    C4708    (0)   11 :  0.907 0.027 0.010 0.010 0.008 0.009 0.028 
469    C4709    (0)   11 :  0.074 0.020 0.051 0.736 0.069 0.030 0.021 
470    C4714    (0)   11 :  0.318 0.059 0.089 0.434 0.041 0.026 0.034 
471    C4722    (0)   11 :  0.170 0.020 0.230 0.415 0.044 0.104 0.017 
472    C4726    (0)   11 :  0.144 0.084 0.143 0.027 0.230 0.300 0.072 
473    C4733    (0)   11 :  0.445 0.101 0.249 0.090 0.024 0.063 0.028 
474    C4734    (0)   11 :  0.206 0.019 0.389 0.056 0.064 0.244 0.022 
475    C4737    (0)   11 :  0.047 0.032 0.062 0.803 0.022 0.026 0.008 
476    C4882    (0)   11 :  0.017 0.010 0.744 0.056 0.081 0.073 0.018 
477    C4883    (0)   11 :  0.211 0.024 0.014 0.707 0.018 0.011 0.015 
478    C4702    (9)   11 :  0.148 0.134 0.221 0.162 0.181 0.081 0.073 
479    C4703    (0)   11 :  0.808 0.027 0.042 0.048 0.037 0.023 0.015 
480    C4727    (0)   11 :  0.085 0.010 0.292 0.165 0.122 0.308 0.017 
481    C4732    (0)   11 :  0.073 0.017 0.048 0.746 0.079 0.021 0.016 
482    C4735    (0)   11 :  0.075 0.025 0.135 0.034 0.698 0.018 0.014 
483    C4736    (0)   11 :  0.895 0.014 0.012 0.032 0.011 0.017 0.020 
484    C4746    (0)   11 :  0.497 0.009 0.104 0.227 0.092 0.045 0.026 
485    C4777    (0)   11 :  0.009 0.019 0.656 0.019 0.213 0.069 0.015 
486    C4846    (0)   11 :  0.360 0.193 0.130 0.100 0.051 0.064 0.102 
487    C4847    (0)   11 :  0.067 0.009 0.669 0.039 0.047 0.153 0.015 
488    C4884    (0)   11 :  0.197 0.025 0.335 0.179 0.230 0.023 0.011 
489    C4705    (0)   11 :  0.280 0.032 0.117 0.014 0.521 0.015 0.022 
490    C4711    (0)   11 :  0.166 0.020 0.062 0.170 0.039 0.528 0.017 
491    C4713    (9)   11 :  0.068 0.021 0.073 0.079 0.360 0.143 0.256 
492    C4716    (0)   11 :  0.236 0.034 0.342 0.117 0.197 0.056 0.018 
493    C4717    (0)   11 :  0.764 0.075 0.060 0.023 0.023 0.039 0.016 
494    C4719    (0)   11 :  0.015 0.015 0.887 0.032 0.018 0.024 0.010 
495    C4721    (0)   11 :  0.871 0.041 0.020 0.015 0.015 0.018 0.020 
496    C4729    (0)   11 :  0.213 0.011 0.437 0.024 0.267 0.029 0.019 
497    C4730    (0)   11 :  0.852 0.014 0.028 0.035 0.018 0.032 0.022 
498    C4773    (0)   11 :  0.852 0.046 0.017 0.009 0.011 0.043 0.023 
499    C4861    (0)   11 :  0.033 0.016 0.824 0.018 0.044 0.047 0.017 
500    C4890    (0)   11 :  0.694 0.024 0.151 0.054 0.047 0.018 0.011 
501    C4718    (0)   11 :  0.106 0.055 0.385 0.166 0.219 0.058 0.011 
502    C4724    (0)   11 :  0.625 0.010 0.122 0.032 0.151 0.038 0.022 
503    C4738    (0)   11 :  0.569 0.018 0.063 0.018 0.020 0.298 0.013 
504    C4739    (0)   11 :  0.046 0.040 0.726 0.027 0.036 0.095 0.029 
505    C4844    (0)   11 :  0.441 0.020 0.349 0.027 0.068 0.043 0.052 
