

----------------------------------------------------
STRUCTURE by Pritchard, Stephens and Donnelly (2000)
     and Falush, Stephens and Pritchard (2003)
       Code by Pritchard, Falush and Hubisz
             Version 2.3.4 (Jul 2012)
----------------------------------------------------



Command line arguments:   bin\structure -m C:\Users\eschumacher\Documents\Butternut\butternut_STRUCTURE_withQU\50-50\mainparams -e C:\Users\eschumacher\Documents\Butternut\butternut_STRUCTURE_withQU\50-50\extraparams 
Input File:    C:\Users\eschumacher\Documents\Butternut\butternut_STRUCTURE_withQU\project_data

Run parameters:
   1015 individuals
   11 loci
   8 populations assumed
   50000 Burn-in period
   50000 Reps


--------------------------------------------
Proportion of membership of each pre-defined
 population in each of the 8 clusters

Given    Inferred Clusters                                          Number of
 Pop       1      2      3      4      5      6      7      8      Individuals

  1:     0.044  0.042  0.218  0.063  0.361  0.038  0.195  0.039       40
  2:     0.033  0.035  0.178  0.072  0.309  0.041  0.306  0.026       46
  3:     0.041  0.040  0.445  0.042  0.220  0.025  0.165  0.023       63
  4:     0.044  0.028  0.318  0.083  0.137  0.031  0.319  0.040       48
  5:     0.038  0.038  0.193  0.047  0.322  0.036  0.275  0.051       85
  6:     0.046  0.035  0.248  0.068  0.347  0.038  0.190  0.029       70
  7:     0.186  0.257  0.029  0.086  0.073  0.219  0.043  0.107       22
  8:     0.156  0.222  0.026  0.087  0.021  0.291  0.021  0.177       11
  9:     0.125  0.159  0.030  0.150  0.051  0.220  0.175  0.090       33
 10:     0.158  0.096  0.042  0.135  0.036  0.204  0.163  0.166       48
 11:     0.095  0.148  0.025  0.163  0.040  0.188  0.258  0.083       48
 12:     0.022  0.015  0.013  0.840  0.020  0.024  0.024  0.042       13
 13:     0.033  0.017  0.035  0.735  0.029  0.016  0.028  0.107        9
 14:     0.250  0.159  0.044  0.087  0.049  0.251  0.029  0.130       90
 15:     0.138  0.537  0.030  0.065  0.026  0.133  0.018  0.052       63
 16:     0.204  0.117  0.060  0.183  0.080  0.232  0.024  0.100       16
 17:     0.308  0.082  0.060  0.131  0.085  0.113  0.062  0.160       31
 18:     0.026  0.030  0.012  0.047  0.017  0.070  0.037  0.760       16
 19:     0.117  0.408  0.084  0.055  0.098  0.165  0.024  0.049       24
 20:     0.132  0.108  0.045  0.051  0.078  0.414  0.036  0.135       12
 21:     0.183  0.192  0.036  0.105  0.063  0.227  0.029  0.165       54
 22:     0.237  0.069  0.038  0.081  0.059  0.188  0.041  0.288       96
 23:     0.173  0.155  0.025  0.085  0.081  0.131  0.019  0.332       22
 24:     0.065  0.028  0.045  0.081  0.081  0.084  0.075  0.542       23
 25:     0.229  0.069  0.035  0.053  0.027  0.226  0.019  0.341       13
 26:     0.198  0.176  0.090  0.095  0.057  0.245  0.042  0.097       19
--------------------------------------------

Allele-freq. divergence among pops (Net nucleotide distance),
computed using point estimates of P.

      1       2       3       4       5       6       7       8      
 1      -    0.0140  0.0307  0.0123  0.0330  0.0084  0.0470  0.0145  
 2   0.0140     -    0.0361  0.0136  0.0331  0.0094  0.0391  0.0224  
 3   0.0307  0.0361     -    0.0285  0.0235  0.0328  0.0365  0.0393  
 4   0.0123  0.0136  0.0285     -    0.0247  0.0101  0.0272  0.0165  
 5   0.0330  0.0331  0.0235  0.0247     -    0.0314  0.0338  0.0391  
 6   0.0084  0.0094  0.0328  0.0101  0.0314     -    0.0387  0.0128  
 7   0.0470  0.0391  0.0365  0.0272  0.0338  0.0387     -    0.0524  
 8   0.0145  0.0224  0.0393  0.0165  0.0391  0.0128  0.0524     -    

Average distances (expected heterozygosity) between individuals in same cluster:
cluster  1  : 0.8446 
cluster  2  : 0.8497 
cluster  3  : 0.8179 
cluster  4  : 0.8569 
cluster  5  : 0.8064 
cluster  6  : 0.8529 
cluster  7  : 0.8209 
cluster  8  : 0.8309 

--------------------------------------------
Estimated Ln Prob of Data   = -47795.4
Mean value of ln likelihood = -46124.8
Variance of ln likelihood   = 3341.2
Mean value of alpha         = 0.0530

Mean value of Fst_1         = 0.0277
Mean value of Fst_2         = 0.0314
Mean value of Fst_3         = 0.0687
Mean value of Fst_4         = 0.0237
Mean value of Fst_5         = 0.0640
Mean value of Fst_6         = 0.0223
Mean value of Fst_7         = 0.0758
Mean value of Fst_8         = 0.0400


Inferred ancestry of individuals:
        Label (%Miss) Pop:  Inferred clusters
  1    C3984    (0)    1 :  0.017 0.012 0.018 0.021 0.499 0.012 0.415 0.007 
  2    C3985    (0)    1 :  0.010 0.014 0.055 0.010 0.164 0.013 0.719 0.014 
  3    C3986    (0)    1 :  0.008 0.014 0.093 0.013 0.070 0.009 0.787 0.007 
  4    C4231    (0)    1 :  0.028 0.015 0.039 0.155 0.389 0.033 0.332 0.010 
  5    C4344    (0)    1 :  0.025 0.034 0.563 0.017 0.216 0.030 0.096 0.018 
  6    C4347   (18)    1 :  0.019 0.012 0.547 0.021 0.295 0.015 0.046 0.044 
  7    C4352   (18)    1 :  0.016 0.032 0.071 0.044 0.416 0.032 0.370 0.019 
  8    C4355    (9)    1 :  0.042 0.024 0.132 0.036 0.680 0.013 0.061 0.014 
  9    C4358   (18)    1 :  0.199 0.129 0.020 0.138 0.061 0.363 0.035 0.055 
 10    C4419    (9)    1 :  0.060 0.023 0.018 0.178 0.602 0.018 0.084 0.016 
 11    C4428    (9)    1 :  0.015 0.013 0.143 0.041 0.558 0.010 0.204 0.016 
 12    C4436    (0)    1 :  0.010 0.014 0.076 0.014 0.493 0.012 0.367 0.015 
 13    C4437   (18)    1 :  0.040 0.021 0.039 0.019 0.158 0.022 0.662 0.038 
 14    C4450    (0)    1 :  0.087 0.075 0.030 0.061 0.470 0.071 0.157 0.049 
 15    C4531    (0)    1 :  0.016 0.027 0.008 0.031 0.011 0.023 0.867 0.019 
 16    C1615    (0)    1 :  0.043 0.073 0.043 0.100 0.248 0.075 0.330 0.088 
 17    C1616    (0)    1 :  0.347 0.018 0.058 0.052 0.220 0.105 0.072 0.129 
 18    C1617    (9)    1 :  0.021 0.009 0.118 0.015 0.798 0.011 0.011 0.016 
 19    C1618    (0)    1 :  0.021 0.097 0.032 0.046 0.250 0.037 0.475 0.042 
 20    C1619    (0)    1 :  0.025 0.159 0.049 0.077 0.433 0.043 0.151 0.063 
 21    C1620    (9)    1 :  0.018 0.148 0.038 0.069 0.484 0.052 0.158 0.033 
 22    C1621    (0)    1 :  0.060 0.044 0.026 0.375 0.164 0.034 0.019 0.278 
 23    C1623    (9)    1 :  0.040 0.267 0.014 0.119 0.031 0.046 0.357 0.125 
 24    C1625    (0)    1 :  0.018 0.090 0.052 0.101 0.569 0.038 0.037 0.096 
 25    C1626    (0)    1 :  0.084 0.033 0.032 0.282 0.422 0.053 0.021 0.073 
 26    C1627    (9)    1 :  0.011 0.022 0.023 0.029 0.816 0.016 0.050 0.034 
 27    C1633    (0)    1 :  0.010 0.009 0.014 0.021 0.910 0.008 0.015 0.013 
 28    C1637    (0)    1 :  0.020 0.014 0.043 0.033 0.839 0.017 0.015 0.020 
 29    C1650    (0)    1 :  0.043 0.014 0.058 0.057 0.206 0.021 0.570 0.031 
 30    C3202    (0)    1 :  0.009 0.009 0.920 0.008 0.012 0.010 0.015 0.017 
 31    C3248    (0)    1 :  0.012 0.012 0.086 0.021 0.830 0.018 0.010 0.011 
 32    C3304    (9)    1 :  0.062 0.014 0.662 0.013 0.205 0.013 0.019 0.012 
 33    C3326    (0)    1 :  0.068 0.026 0.416 0.081 0.129 0.144 0.107 0.028 
 34    C3333    (0)    1 :  0.015 0.011 0.904 0.010 0.020 0.013 0.011 0.016 
 35    C3339   (18)    1 :  0.057 0.033 0.178 0.022 0.657 0.021 0.015 0.015 
 36    C3346    (0)    1 :  0.008 0.011 0.931 0.008 0.014 0.008 0.014 0.006 
 37    C3349    (0)    1 :  0.076 0.031 0.714 0.026 0.082 0.039 0.017 0.016 
 38    C3367   (18)    1 :  0.022 0.017 0.810 0.028 0.025 0.015 0.061 0.023 
 39    C3374    (0)    1 :  0.008 0.009 0.024 0.019 0.911 0.008 0.016 0.005 
 40    C3405    (0)    1 :  0.059 0.037 0.632 0.118 0.105 0.020 0.018 0.012 
 41    C4543    (0)    2 :  0.027 0.018 0.044 0.051 0.027 0.014 0.806 0.012 
 42    C4545    (9)    2 :  0.008 0.039 0.013 0.018 0.030 0.010 0.875 0.007 
 43    C4551    (9)    2 :  0.028 0.059 0.017 0.223 0.123 0.232 0.295 0.021 
 44    C4491    (0)    2 :  0.042 0.081 0.055 0.052 0.089 0.092 0.563 0.026 
 45    C4494    (0)    2 :  0.012 0.014 0.564 0.026 0.123 0.012 0.240 0.009 
 46    C4495    (0)    2 :  0.016 0.042 0.661 0.060 0.032 0.101 0.070 0.018 
 47    C4497    (9)    2 :  0.019 0.014 0.052 0.017 0.826 0.018 0.042 0.011 
 48    C4501    (0)    2 :  0.078 0.017 0.013 0.137 0.672 0.028 0.043 0.012 
 49    C4502    (0)    2 :  0.017 0.056 0.050 0.043 0.528 0.011 0.285 0.011 
 50    C4503    (0)    2 :  0.013 0.146 0.011 0.070 0.012 0.023 0.705 0.019 
 51    C4504    (0)    2 :  0.150 0.193 0.069 0.070 0.103 0.118 0.216 0.080 
 52    C4470    (0)    2 :  0.033 0.026 0.019 0.127 0.616 0.083 0.079 0.018 
 53    C4471    (0)    2 :  0.029 0.021 0.026 0.082 0.155 0.015 0.660 0.012 
 54    C4474    (9)    2 :  0.015 0.020 0.008 0.078 0.011 0.046 0.796 0.025 
 55    C4476    (0)    2 :  0.010 0.014 0.013 0.027 0.819 0.014 0.094 0.009 
 56    C4478    (0)    2 :  0.052 0.088 0.066 0.041 0.074 0.010 0.660 0.010 
 57    C4479    (0)    2 :  0.016 0.010 0.134 0.101 0.610 0.015 0.067 0.047 
 58    C4482    (0)    2 :  0.048 0.010 0.139 0.056 0.079 0.052 0.458 0.160 
 59    C4483    (0)    2 :  0.013 0.017 0.009 0.083 0.009 0.015 0.842 0.011 
 60    C4484    (0)    2 :  0.059 0.056 0.136 0.091 0.115 0.036 0.483 0.023 
 61    C4485    (0)    2 :  0.075 0.031 0.268 0.068 0.354 0.089 0.062 0.053 
 62    C4489    (0)    2 :  0.031 0.028 0.093 0.045 0.456 0.016 0.312 0.020 
 63    C4505    (0)    2 :  0.014 0.014 0.015 0.025 0.819 0.021 0.081 0.011 
 64    C4507    (0)    2 :  0.042 0.094 0.011 0.149 0.366 0.053 0.275 0.010 
 65    C4535    (0)    2 :  0.018 0.021 0.013 0.116 0.014 0.027 0.768 0.023 
 66    C4542    (0)    2 :  0.135 0.022 0.013 0.459 0.017 0.139 0.197 0.018 
 67    C4553    (9)    2 :  0.020 0.016 0.074 0.048 0.078 0.046 0.698 0.021 
 68    C4562   (18)    2 :  0.017 0.041 0.035 0.049 0.127 0.044 0.660 0.027 
 69    C4582   (18)    2 :  0.023 0.018 0.027 0.048 0.044 0.023 0.783 0.035 
 70    C4693    (0)    2 :  0.010 0.008 0.029 0.081 0.029 0.010 0.820 0.013 
 71    C4696    (0)    2 :  0.019 0.039 0.035 0.096 0.130 0.105 0.552 0.024 
 72    C3179    (0)    2 :  0.024 0.046 0.674 0.010 0.191 0.025 0.018 0.012 
 73    C3181    (0)    2 :  0.040 0.017 0.343 0.079 0.450 0.027 0.024 0.020 
 74    C3188    (0)    2 :  0.032 0.028 0.081 0.027 0.763 0.024 0.023 0.021 
 75    C3190    (0)    2 :  0.041 0.014 0.828 0.030 0.016 0.022 0.028 0.021 
 76    C3193    (0)    2 :  0.011 0.009 0.225 0.014 0.673 0.022 0.017 0.029 
 77    C3232    (0)    2 :  0.013 0.011 0.109 0.033 0.648 0.012 0.166 0.008 
 78    C3236    (0)    2 :  0.009 0.008 0.822 0.011 0.089 0.010 0.044 0.008 
 79    C3249    (0)    2 :  0.048 0.028 0.383 0.045 0.421 0.024 0.022 0.029 
 80    C3250    (0)    2 :  0.015 0.007 0.042 0.030 0.856 0.010 0.031 0.009 
 81    C3253    (0)    2 :  0.008 0.008 0.008 0.015 0.931 0.010 0.011 0.010 
 82    C3255    (0)    2 :  0.011 0.009 0.254 0.030 0.620 0.012 0.055 0.010 
 83    C3277    (0)    2 :  0.050 0.032 0.071 0.074 0.646 0.050 0.019 0.058 
 84    C3315    (0)    2 :  0.054 0.077 0.015 0.220 0.366 0.069 0.075 0.125 
 85    C3288    (0)    2 :  0.011 0.015 0.880 0.016 0.023 0.013 0.021 0.022 
 86    C3293    (0)    2 :  0.038 0.032 0.765 0.035 0.016 0.038 0.048 0.027 
 87    C4018    (0)    3 :  0.013 0.007 0.123 0.011 0.021 0.007 0.812 0.006 
 88    C3980    (0)    3 :  0.011 0.009 0.023 0.013 0.013 0.009 0.913 0.010 
 89    C3987    (0)    3 :  0.012 0.010 0.020 0.013 0.032 0.007 0.897 0.009 
 90    C3988    (0)    3 :  0.009 0.010 0.038 0.012 0.064 0.012 0.844 0.011 
 91    C3989    (0)    3 :  0.032 0.010 0.745 0.044 0.031 0.071 0.059 0.009 
 92    C4011    (0)    3 :  0.006 0.005 0.101 0.007 0.108 0.005 0.761 0.005 
 93    C4017    (0)    3 :  0.007 0.007 0.013 0.008 0.012 0.006 0.943 0.005 
 94    C4296    (0)    3 :  0.049 0.050 0.029 0.230 0.379 0.179 0.046 0.037 
 95    C4301    (9)    3 :  0.761 0.041 0.091 0.056 0.011 0.018 0.010 0.013 
 96    C4303    (0)    3 :  0.037 0.027 0.639 0.018 0.028 0.027 0.012 0.211 
 97    C4453    (0)    3 :  0.029 0.060 0.627 0.029 0.072 0.012 0.131 0.039 
 98    C4455    (9)    3 :  0.012 0.017 0.856 0.022 0.011 0.013 0.040 0.029 
 99    C4456   (18)    3 :  0.035 0.094 0.374 0.036 0.016 0.023 0.345 0.078 
100    C4457    (9)    3 :  0.054 0.022 0.715 0.036 0.054 0.037 0.028 0.055 
101    C4459    (9)    3 :  0.019 0.012 0.303 0.031 0.268 0.032 0.309 0.025 
102    C4464   (18)    3 :  0.009 0.010 0.652 0.011 0.187 0.010 0.114 0.007 
103    C4468    (9)    3 :  0.017 0.014 0.254 0.033 0.585 0.014 0.043 0.040 
104    C4783    (0)    3 :  0.011 0.011 0.340 0.014 0.008 0.025 0.577 0.013 
105    C4786    (0)    3 :  0.021 0.010 0.629 0.019 0.035 0.014 0.260 0.012 
106    C4789    (9)    3 :  0.062 0.009 0.477 0.042 0.118 0.014 0.267 0.012 
107    C4891    (0)    3 :  0.013 0.017 0.841 0.021 0.012 0.033 0.054 0.010 
108    C4896    (0)    3 :  0.046 0.021 0.465 0.073 0.011 0.027 0.321 0.034 
109    C4898    (0)    3 :  0.012 0.017 0.212 0.085 0.052 0.023 0.584 0.015 
110    C4901    (0)    3 :  0.015 0.007 0.713 0.024 0.014 0.011 0.204 0.011 
111    C4903    (9)    3 :  0.040 0.011 0.800 0.031 0.018 0.019 0.056 0.025 
112    C4904    (0)    3 :  0.017 0.010 0.299 0.018 0.015 0.028 0.605 0.008 
113    C3263    (0)    3 :  0.012 0.160 0.155 0.016 0.610 0.017 0.013 0.017 
114    C3271    (0)    3 :  0.025 0.023 0.048 0.011 0.831 0.023 0.028 0.011 
115    C3272    (0)    3 :  0.037 0.017 0.043 0.017 0.846 0.018 0.013 0.009 
116    C3276    (0)    3 :  0.316 0.066 0.467 0.055 0.025 0.030 0.014 0.027 
117    C3280    (9)    3 :  0.022 0.067 0.019 0.033 0.775 0.038 0.021 0.025 
118    C3305    (9)    3 :  0.014 0.010 0.010 0.011 0.925 0.009 0.014 0.008 
119    C3306    (0)    3 :  0.026 0.081 0.055 0.034 0.733 0.029 0.019 0.022 
120    C3324    (0)    3 :  0.015 0.128 0.014 0.019 0.751 0.042 0.017 0.015 
121    C3329    (0)    3 :  0.030 0.059 0.056 0.117 0.536 0.063 0.112 0.026 
122    C3336    (0)    3 :  0.040 0.013 0.068 0.023 0.797 0.024 0.022 0.013 
123    C3341   (18)    3 :  0.031 0.602 0.031 0.141 0.073 0.046 0.045 0.030 
124    C3409   (18)    3 :  0.066 0.043 0.144 0.219 0.409 0.045 0.043 0.031 
125    C3168    (9)    3 :  0.009 0.008 0.935 0.009 0.011 0.008 0.013 0.007 
126    C3170    (0)    3 :  0.021 0.012 0.857 0.012 0.058 0.013 0.020 0.008 
127    C3214   (18)    3 :  0.119 0.010 0.524 0.149 0.139 0.012 0.022 0.025 
128    C3227    (0)    3 :  0.020 0.007 0.923 0.008 0.012 0.007 0.012 0.011 
129    C3228    (0)    3 :  0.034 0.034 0.081 0.067 0.626 0.038 0.089 0.032 
130    C3278    (0)    3 :  0.018 0.010 0.929 0.007 0.008 0.014 0.006 0.008 
131    C3279    (0)    3 :  0.034 0.011 0.868 0.016 0.018 0.030 0.009 0.014 
132    C3321    (0)    3 :  0.007 0.005 0.939 0.007 0.010 0.006 0.021 0.005 
133    C3322    (0)    3 :  0.025 0.010 0.825 0.024 0.010 0.029 0.029 0.048 
134    C3303    (0)    3 :  0.038 0.031 0.790 0.023 0.048 0.038 0.016 0.015 
135    C3317    (0)    3 :  0.011 0.018 0.042 0.018 0.862 0.015 0.022 0.013 
136    C3355    (0)    3 :  0.011 0.019 0.573 0.015 0.330 0.014 0.029 0.011 
137    C3376    (9)    3 :  0.051 0.013 0.268 0.085 0.517 0.017 0.031 0.017 
138    C3401    (0)    3 :  0.025 0.022 0.129 0.020 0.723 0.027 0.032 0.022 
139    C3203    (9)    3 :  0.063 0.057 0.523 0.054 0.212 0.018 0.039 0.035 
140    C3245    (0)    3 :  0.016 0.010 0.907 0.011 0.017 0.014 0.009 0.015 
141    C3302    (0)    3 :  0.014 0.015 0.911 0.012 0.011 0.015 0.010 0.012 
142    C3307    (0)    3 :  0.010 0.115 0.367 0.239 0.060 0.032 0.102 0.074 
143    C3310    (0)    3 :  0.009 0.011 0.939 0.008 0.008 0.010 0.008 0.007 
144    C3312    (9)    3 :  0.017 0.019 0.369 0.038 0.408 0.054 0.063 0.032 
145    C3345    (0)    3 :  0.013 0.020 0.889 0.016 0.023 0.010 0.018 0.012 
146    C3371    (0)    3 :  0.009 0.038 0.891 0.013 0.023 0.011 0.008 0.009 
147    C3372    (0)    3 :  0.014 0.043 0.632 0.071 0.173 0.022 0.021 0.024 
148    C3380    (9)    3 :  0.007 0.007 0.934 0.011 0.011 0.006 0.017 0.007 
149    C3417    (0)    3 :  0.031 0.197 0.483 0.051 0.037 0.042 0.136 0.024 
150    C4569    (9)    4 :  0.126 0.136 0.014 0.207 0.070 0.108 0.299 0.040 
151    C4570    (9)    4 :  0.010 0.013 0.011 0.080 0.056 0.012 0.806 0.011 
152    C4571    (9)    4 :  0.017 0.016 0.035 0.184 0.257 0.013 0.456 0.022 
153    C4572    (9)    4 :  0.012 0.013 0.010 0.019 0.024 0.012 0.890 0.019 
154    C4573    (9)    4 :  0.057 0.022 0.011 0.480 0.073 0.046 0.074 0.238 
155    C4575    (9)    4 :  0.058 0.029 0.026 0.217 0.053 0.027 0.492 0.098 
156    C4577    (9)    4 :  0.012 0.012 0.014 0.049 0.020 0.017 0.869 0.008 
157    C4578    (9)    4 :  0.066 0.024 0.022 0.239 0.063 0.050 0.480 0.057 
158    C4600   (18)    4 :  0.047 0.025 0.030 0.047 0.033 0.174 0.603 0.040 
159    C4612    (9)    4 :  0.086 0.013 0.023 0.229 0.017 0.025 0.590 0.016 
160    C4621    (0)    4 :  0.011 0.006 0.040 0.014 0.026 0.008 0.881 0.014 
161    C4622    (9)    4 :  0.007 0.008 0.018 0.011 0.009 0.010 0.928 0.008 
162    C4623    (0)    4 :  0.037 0.174 0.113 0.374 0.085 0.030 0.157 0.031 
163    C4624    (0)    4 :  0.019 0.016 0.016 0.092 0.024 0.022 0.765 0.046 
164    C4625    (0)    4 :  0.088 0.018 0.013 0.069 0.137 0.069 0.147 0.458 
165    C4627    (0)    4 :  0.026 0.016 0.056 0.019 0.015 0.013 0.832 0.023 
166    C4631    (0)    4 :  0.012 0.149 0.010 0.078 0.011 0.022 0.702 0.017 
167    C4632    (0)    4 :  0.012 0.016 0.029 0.018 0.045 0.015 0.850 0.017 
168    C3939    (0)    4 :  0.020 0.010 0.060 0.026 0.017 0.017 0.840 0.009 
169    C3940    (0)    4 :  0.062 0.021 0.047 0.155 0.015 0.040 0.652 0.008 
170    C3945    (0)    4 :  0.007 0.007 0.014 0.007 0.012 0.011 0.936 0.005 
171    C4520    (0)    4 :  0.411 0.067 0.093 0.144 0.116 0.098 0.044 0.026 
172    C4522    (0)    4 :  0.012 0.010 0.171 0.016 0.032 0.010 0.740 0.010 
173    C3182    (0)    4 :  0.016 0.024 0.768 0.016 0.087 0.017 0.060 0.013 
174    C3189    (0)    4 :  0.048 0.020 0.045 0.060 0.638 0.055 0.024 0.109 
175    C3191    (9)    4 :  0.019 0.025 0.149 0.026 0.701 0.020 0.015 0.045 
176    C3196    (0)    4 :  0.024 0.014 0.848 0.018 0.046 0.017 0.013 0.020 
177    C3208    (0)    4 :  0.044 0.043 0.562 0.045 0.031 0.028 0.208 0.040 
178    C3211    (0)    4 :  0.016 0.011 0.912 0.012 0.014 0.011 0.016 0.008 
179    C3212    (0)    4 :  0.182 0.102 0.114 0.396 0.090 0.050 0.056 0.010 
180    C3213    (0)    4 :  0.017 0.015 0.910 0.011 0.013 0.017 0.007 0.009 
181    C3215    (0)    4 :  0.014 0.009 0.882 0.022 0.008 0.019 0.014 0.033 
182    C3217    (0)    4 :  0.023 0.035 0.473 0.027 0.383 0.027 0.017 0.016 
183    C3225    (9)    4 :  0.056 0.019 0.232 0.052 0.556 0.036 0.021 0.029 
184    C3226    (0)    4 :  0.010 0.013 0.621 0.019 0.151 0.010 0.166 0.010 
185    C3238    (9)    4 :  0.025 0.012 0.732 0.025 0.051 0.014 0.122 0.019 
186    C3239    (0)    4 :  0.023 0.024 0.143 0.074 0.674 0.014 0.036 0.012 
187    C3269   (18)    4 :  0.103 0.023 0.060 0.097 0.419 0.035 0.141 0.121 
188    C3273    (0)    4 :  0.037 0.008 0.410 0.017 0.437 0.015 0.036 0.039 
189    C3274    (0)    4 :  0.086 0.013 0.547 0.134 0.027 0.137 0.036 0.020 
190    C3354    (0)    4 :  0.017 0.010 0.816 0.022 0.081 0.022 0.016 0.016 
191    C3361    (0)    4 :  0.018 0.009 0.871 0.025 0.032 0.014 0.019 0.012 
192    C3289    (0)    4 :  0.014 0.010 0.909 0.012 0.015 0.012 0.014 0.015 
193    C3169    (0)    4 :  0.016 0.009 0.425 0.019 0.481 0.008 0.030 0.012 
194    C3199    (9)    4 :  0.021 0.015 0.683 0.028 0.098 0.013 0.107 0.034 
195    C3224    (0)    4 :  0.021 0.012 0.752 0.013 0.151 0.011 0.022 0.018 
196    C3261   (18)    4 :  0.013 0.013 0.763 0.011 0.123 0.020 0.049 0.008 
197    C3320    (0)    4 :  0.023 0.013 0.786 0.034 0.065 0.031 0.024 0.023 
198    C4151    (0)    5 :  0.007 0.008 0.012 0.020 0.017 0.008 0.920 0.009 
199    C4152    (0)    5 :  0.011 0.012 0.011 0.039 0.121 0.012 0.782 0.013 
200    C4153    (0)    5 :  0.043 0.015 0.354 0.075 0.092 0.023 0.375 0.024 
201    C4154   (18)    5 :  0.018 0.017 0.110 0.028 0.057 0.027 0.735 0.009 
202    C4157    (0)    5 :  0.017 0.015 0.026 0.017 0.548 0.103 0.258 0.017 
203    C4158    (0)    5 :  0.008 0.007 0.017 0.032 0.019 0.010 0.895 0.013 
204    C4163    (0)    5 :  0.006 0.006 0.010 0.009 0.014 0.006 0.942 0.006 
205    C4165    (0)    5 :  0.011 0.110 0.044 0.330 0.033 0.185 0.250 0.037 
206    C4248    (9)    5 :  0.022 0.015 0.304 0.014 0.540 0.032 0.050 0.024 
207    C4371    (9)    5 :  0.010 0.024 0.016 0.034 0.836 0.015 0.052 0.013 
208    C3936    (0)    5 :  0.011 0.013 0.016 0.013 0.021 0.015 0.900 0.012 
209    C3937    (0)    5 :  0.008 0.009 0.024 0.017 0.014 0.009 0.910 0.009 
210    C3944    (0)    5 :  0.007 0.010 0.035 0.011 0.090 0.008 0.832 0.007 
211    C3954    (0)    5 :  0.019 0.007 0.071 0.012 0.649 0.009 0.199 0.034 
212    C3955    (9)    5 :  0.034 0.007 0.258 0.017 0.144 0.018 0.494 0.027 
213    C3961    (0)    5 :  0.023 0.049 0.077 0.020 0.053 0.014 0.753 0.011 
214    C3974    (0)    5 :  0.021 0.014 0.022 0.033 0.017 0.016 0.862 0.014 
215    C4024    (0)    5 :  0.025 0.061 0.029 0.019 0.349 0.022 0.483 0.011 
216    C4025    (0)    5 :  0.013 0.025 0.010 0.037 0.038 0.010 0.853 0.013 
217    C4028    (0)    5 :  0.046 0.028 0.040 0.084 0.083 0.035 0.624 0.060 
218    C4032   (18)    5 :  0.012 0.009 0.073 0.023 0.755 0.009 0.106 0.011 
219    C4033   (18)    5 :  0.013 0.012 0.543 0.012 0.342 0.013 0.050 0.015 
220    C4034    (0)    5 :  0.039 0.085 0.359 0.031 0.355 0.071 0.042 0.018 
221    C4041    (9)    5 :  0.110 0.073 0.045 0.047 0.642 0.038 0.030 0.015 
222    C4043    (9)    5 :  0.017 0.020 0.130 0.050 0.516 0.021 0.227 0.020 
223    C4044    (9)    5 :  0.055 0.455 0.100 0.056 0.090 0.062 0.120 0.061 
224    C4045    (9)    5 :  0.019 0.015 0.256 0.056 0.450 0.037 0.125 0.043 
225    C4046    (9)    5 :  0.013 0.029 0.178 0.022 0.683 0.019 0.032 0.023 
226    C4047    (0)    5 :  0.027 0.016 0.825 0.015 0.027 0.034 0.021 0.034 
227    C4048    (9)    5 :  0.037 0.059 0.702 0.025 0.078 0.037 0.019 0.043 
228    C4055    (9)    5 :  0.024 0.017 0.026 0.057 0.692 0.025 0.122 0.036 
229    C4057   (18)    5 :  0.016 0.042 0.040 0.020 0.717 0.016 0.140 0.009 
230    C4059    (0)    5 :  0.023 0.011 0.188 0.018 0.656 0.013 0.066 0.025 
231    C4060    (9)    5 :  0.026 0.015 0.081 0.218 0.425 0.023 0.196 0.015 
232    C4064    (9)    5 :  0.028 0.016 0.027 0.076 0.474 0.119 0.043 0.218 
233    C4067    (0)    5 :  0.020 0.039 0.777 0.022 0.031 0.023 0.021 0.067 
234    C4068    (9)    5 :  0.020 0.018 0.806 0.037 0.041 0.022 0.029 0.027 
235    C4070    (9)    5 :  0.020 0.130 0.449 0.025 0.089 0.049 0.211 0.026 
236    C4075   (18)    5 :  0.019 0.022 0.821 0.030 0.046 0.018 0.029 0.015 
237    C4081    (9)    5 :  0.022 0.018 0.043 0.037 0.813 0.030 0.020 0.019 
238    C4082    (0)    5 :  0.042 0.019 0.612 0.031 0.089 0.022 0.148 0.036 
239    C4083    (0)    5 :  0.046 0.179 0.049 0.138 0.233 0.188 0.111 0.056 
240    C4086    (0)    5 :  0.024 0.011 0.058 0.026 0.720 0.025 0.030 0.105 
241    C4088    (9)    5 :  0.015 0.008 0.022 0.035 0.035 0.027 0.022 0.836 
242    C4092    (0)    5 :  0.022 0.048 0.026 0.020 0.721 0.019 0.135 0.009 
243    C4099    (9)    5 :  0.102 0.058 0.109 0.049 0.575 0.028 0.052 0.026 
244    C4104    (0)    5 :  0.015 0.038 0.127 0.018 0.062 0.021 0.701 0.018 
245    C4108   (18)    5 :  0.530 0.031 0.016 0.040 0.011 0.238 0.010 0.122 
246    C4118    (0)    5 :  0.036 0.014 0.012 0.051 0.777 0.066 0.018 0.026 
247    C4131    (0)    5 :  0.025 0.018 0.043 0.069 0.292 0.045 0.405 0.102 
248    C4133    (0)    5 :  0.014 0.010 0.036 0.015 0.872 0.011 0.032 0.011 
249    C4135    (0)    5 :  0.007 0.007 0.023 0.008 0.209 0.009 0.732 0.005 
250    C4136    (0)    5 :  0.050 0.023 0.023 0.171 0.020 0.042 0.570 0.099 
251    C4137    (9)    5 :  0.019 0.018 0.022 0.026 0.525 0.033 0.334 0.023 
252    C4139    (0)    5 :  0.015 0.010 0.021 0.017 0.038 0.014 0.878 0.008 
253    C4140    (9)    5 :  0.012 0.017 0.032 0.014 0.096 0.028 0.789 0.012 
254    C4167    (0)    5 :  0.013 0.035 0.014 0.122 0.112 0.039 0.626 0.038 
255    C4236    (0)    5 :  0.029 0.026 0.046 0.026 0.758 0.058 0.024 0.034 
256    C4237    (0)    5 :  0.100 0.021 0.014 0.086 0.059 0.050 0.055 0.615 
257    C4238    (0)    5 :  0.035 0.014 0.295 0.039 0.408 0.024 0.134 0.052 
258    C4241    (0)    5 :  0.026 0.019 0.397 0.028 0.420 0.029 0.064 0.016 
259    C4247    (9)    5 :  0.041 0.125 0.058 0.025 0.361 0.033 0.123 0.234 
260    C4257    (0)    5 :  0.036 0.017 0.689 0.067 0.123 0.016 0.030 0.022 
261    C4383    (0)    5 :  0.067 0.235 0.037 0.048 0.326 0.050 0.182 0.056 
262    C4397    (9)    5 :  0.009 0.008 0.011 0.009 0.851 0.014 0.090 0.009 
263    C4514    (0)    5 :  0.014 0.022 0.026 0.027 0.128 0.015 0.755 0.015 
264    C4519    (0)    5 :  0.071 0.012 0.136 0.167 0.030 0.014 0.563 0.007 
265    C4527    (0)    5 :  0.017 0.018 0.588 0.016 0.064 0.018 0.265 0.013 
266    C4534    (0)    5 :  0.082 0.057 0.497 0.051 0.136 0.035 0.127 0.015 
267    C4699    (0)    5 :  0.011 0.018 0.045 0.018 0.014 0.015 0.831 0.048 
268    C1541    (9)    5 :  0.009 0.011 0.742 0.019 0.172 0.012 0.025 0.011 
269    C1542    (9)    5 :  0.011 0.010 0.839 0.011 0.093 0.012 0.012 0.013 
270    C1544    (0)    5 :  0.030 0.014 0.262 0.022 0.567 0.024 0.034 0.047 
271    C1547    (9)    5 :  0.223 0.155 0.074 0.207 0.129 0.076 0.035 0.099 
272    C1553    (9)    5 :  0.183 0.114 0.057 0.064 0.059 0.196 0.243 0.083 
273    C1555    (9)    5 :  0.027 0.011 0.022 0.020 0.864 0.020 0.017 0.019 
274    C1557    (0)    5 :  0.012 0.015 0.020 0.014 0.878 0.016 0.025 0.019 
275    C1560    (0)    5 :  0.046 0.013 0.039 0.013 0.847 0.013 0.019 0.010 
276    C1565    (0)    5 :  0.024 0.057 0.521 0.046 0.232 0.071 0.034 0.015 
277    C1567    (0)    5 :  0.059 0.024 0.050 0.032 0.746 0.025 0.030 0.035 
278    C1569    (0)    5 :  0.015 0.022 0.151 0.028 0.709 0.017 0.044 0.014 
279    C1571    (0)    5 :  0.114 0.041 0.378 0.043 0.267 0.036 0.037 0.084 
280    C1576    (0)    5 :  0.026 0.021 0.083 0.195 0.470 0.020 0.129 0.055 
281    C1577    (9)    5 :  0.029 0.014 0.763 0.018 0.102 0.021 0.021 0.033 
282    C1579    (0)    5 :  0.020 0.013 0.384 0.030 0.491 0.027 0.018 0.016 
283    C3990    (0)    6 :  0.007 0.007 0.017 0.006 0.017 0.007 0.932 0.007 
284    C3991    (0)    6 :  0.019 0.042 0.034 0.279 0.028 0.018 0.540 0.041 
285    C3992    (0)    6 :  0.042 0.015 0.026 0.119 0.018 0.016 0.736 0.029 
286    C3994    (0)    6 :  0.036 0.111 0.123 0.205 0.332 0.024 0.133 0.037 
287    C4172    (0)    6 :  0.033 0.037 0.017 0.233 0.009 0.041 0.572 0.060 
288    C4173    (9)    6 :  0.013 0.300 0.037 0.099 0.014 0.014 0.510 0.013 
289    C4232    (9)    6 :  0.010 0.008 0.716 0.015 0.222 0.008 0.014 0.008 
290    C4234    (9)    6 :  0.011 0.009 0.367 0.010 0.561 0.012 0.018 0.012 
291    C4259    (0)    6 :  0.008 0.011 0.110 0.010 0.815 0.011 0.025 0.010 
292    C4260    (0)    6 :  0.010 0.007 0.914 0.010 0.020 0.007 0.025 0.007 
293    C4261    (9)    6 :  0.028 0.064 0.688 0.065 0.019 0.070 0.041 0.024 
294    C4262    (0)    6 :  0.021 0.066 0.069 0.114 0.464 0.026 0.229 0.011 
295    C4263    (0)    6 :  0.012 0.024 0.095 0.018 0.739 0.025 0.028 0.058 
296    C4267    (9)    6 :  0.016 0.013 0.193 0.076 0.491 0.020 0.151 0.039 
297    C4269    (0)    6 :  0.013 0.035 0.168 0.114 0.344 0.033 0.274 0.019 
298    C4272    (0)    6 :  0.012 0.012 0.011 0.010 0.922 0.011 0.014 0.008 
299    C4274    (0)    6 :  0.178 0.009 0.065 0.307 0.384 0.021 0.025 0.011 
300    C4276    (9)    6 :  0.587 0.017 0.044 0.197 0.056 0.022 0.010 0.066 
301    C4278    (0)    6 :  0.050 0.029 0.066 0.063 0.587 0.034 0.151 0.020 
302    C4280    (0)    6 :  0.028 0.017 0.617 0.059 0.081 0.039 0.145 0.012 
303    C4281    (0)    6 :  0.011 0.012 0.041 0.038 0.833 0.016 0.032 0.016 
304    C4282    (0)    6 :  0.041 0.292 0.237 0.019 0.123 0.202 0.021 0.065 
305    C4284    (9)    6 :  0.008 0.009 0.052 0.011 0.613 0.009 0.290 0.008 
306    C4286    (9)    6 :  0.057 0.022 0.302 0.318 0.096 0.036 0.145 0.022 
307    C4287    (0)    6 :  0.046 0.051 0.393 0.214 0.110 0.057 0.119 0.010 
308    C4290    (0)    6 :  0.258 0.067 0.018 0.327 0.123 0.035 0.028 0.144 
309    C4307   (18)    6 :  0.025 0.031 0.533 0.023 0.150 0.040 0.182 0.016 
310    C4310    (9)    6 :  0.065 0.012 0.228 0.027 0.495 0.017 0.096 0.060 
311    C4311   (18)    6 :  0.050 0.019 0.695 0.024 0.127 0.028 0.037 0.019 
312    C4312    (0)    6 :  0.011 0.012 0.641 0.010 0.269 0.011 0.029 0.017 
313    C4314    (0)    6 :  0.021 0.010 0.078 0.158 0.547 0.029 0.020 0.137 
314    C4318    (9)    6 :  0.024 0.032 0.044 0.052 0.771 0.031 0.037 0.009 
315    C4321    (9)    6 :  0.059 0.056 0.388 0.065 0.238 0.021 0.161 0.012 
316    C4324    (0)    6 :  0.025 0.046 0.097 0.052 0.647 0.016 0.105 0.011 
317    C4334    (0)    6 :  0.017 0.040 0.018 0.011 0.755 0.011 0.138 0.010 
318    C4529    (0)    6 :  0.024 0.031 0.180 0.065 0.591 0.029 0.034 0.047 
319    C1582    (9)    6 :  0.018 0.014 0.159 0.017 0.573 0.014 0.190 0.015 
320    C1583    (0)    6 :  0.028 0.018 0.275 0.034 0.539 0.020 0.026 0.060 
321    C1584    (9)    6 :  0.037 0.010 0.037 0.017 0.813 0.013 0.055 0.019 
322    C1585    (0)    6 :  0.011 0.006 0.017 0.010 0.778 0.006 0.157 0.013 
323    C1586    (0)    6 :  0.014 0.065 0.102 0.013 0.698 0.028 0.054 0.026 
324    C1589    (0)    6 :  0.012 0.012 0.070 0.030 0.585 0.011 0.269 0.011 
325    C1591    (0)    6 :  0.011 0.009 0.039 0.013 0.824 0.007 0.088 0.009 
326    C1592    (0)    6 :  0.017 0.024 0.119 0.090 0.697 0.020 0.017 0.016 
327    C1594    (0)    6 :  0.019 0.017 0.301 0.034 0.498 0.019 0.046 0.066 
328    C1597    (9)    6 :  0.063 0.032 0.566 0.025 0.188 0.041 0.058 0.028 
329    C1598    (9)    6 :  0.017 0.016 0.098 0.042 0.468 0.017 0.301 0.041 
330    C1599    (0)    6 :  0.025 0.010 0.311 0.021 0.591 0.016 0.016 0.010 
331    C1601    (0)    6 :  0.034 0.032 0.227 0.067 0.119 0.075 0.385 0.062 
332    C1605    (0)    6 :  0.213 0.039 0.068 0.342 0.117 0.070 0.063 0.087 
333    C1609    (0)    6 :  0.010 0.009 0.027 0.012 0.777 0.008 0.149 0.008 
334    C1610    (0)    6 :  0.105 0.014 0.416 0.050 0.204 0.113 0.016 0.081 
335    C1611    (0)    6 :  0.011 0.034 0.886 0.011 0.022 0.014 0.011 0.011 
336    C1612    (0)    6 :  0.009 0.006 0.921 0.007 0.031 0.008 0.009 0.009 
337    C1613    (0)    6 :  0.027 0.043 0.623 0.033 0.198 0.020 0.028 0.028 
338    C3173    (9)    6 :  0.047 0.046 0.269 0.030 0.470 0.066 0.039 0.034 
339    C3204    (0)    6 :  0.018 0.013 0.864 0.016 0.037 0.016 0.020 0.017 
340    C3223    (9)    6 :  0.295 0.065 0.527 0.025 0.024 0.031 0.018 0.015 
341    C3262    (0)    6 :  0.048 0.027 0.338 0.043 0.413 0.025 0.031 0.075 
342    C3270    (0)    6 :  0.020 0.017 0.466 0.025 0.244 0.027 0.187 0.015 
343    C3300    (0)    6 :  0.012 0.009 0.139 0.015 0.373 0.009 0.434 0.008 
344    C3330    (0)    6 :  0.034 0.021 0.173 0.075 0.464 0.049 0.168 0.014 
345    C3390    (9)    6 :  0.018 0.022 0.325 0.023 0.444 0.025 0.126 0.016 
346    C3424    (9)    6 :  0.033 0.016 0.465 0.043 0.348 0.043 0.036 0.014 
347    C3958    (0)    6 :  0.008 0.012 0.016 0.015 0.046 0.010 0.887 0.006 
348    C3962    (0)    6 :  0.011 0.011 0.014 0.016 0.032 0.025 0.885 0.006 
349    C4019    (0)    6 :  0.059 0.050 0.010 0.034 0.013 0.651 0.147 0.035 
350    C3995   (18)    6 :  0.014 0.032 0.039 0.026 0.018 0.021 0.831 0.018 
351    C4000    (0)    6 :  0.022 0.071 0.073 0.077 0.020 0.090 0.631 0.015 
352    C4002    (0)    6 :  0.009 0.018 0.046 0.017 0.025 0.020 0.850 0.014 
353    C1692    (0)    7 :  0.255 0.029 0.023 0.204 0.019 0.267 0.149 0.054 
354    C1693    (0)    7 :  0.355 0.111 0.115 0.198 0.110 0.064 0.032 0.016 
355    C1694    (0)    7 :  0.174 0.327 0.032 0.086 0.145 0.119 0.017 0.099 
356    C1698    (0)    7 :  0.276 0.184 0.008 0.039 0.052 0.368 0.008 0.067 
357    C1699    (0)    7 :  0.189 0.053 0.027 0.098 0.021 0.137 0.019 0.456 
358    C1700    (0)    7 :  0.085 0.202 0.038 0.142 0.051 0.333 0.085 0.064 
359    C1701    (0)    7 :  0.068 0.027 0.013 0.088 0.026 0.403 0.011 0.364 
360    C1702    (0)    7 :  0.284 0.071 0.014 0.087 0.012 0.422 0.015 0.096 
361    C1703    (0)    7 :  0.101 0.322 0.008 0.123 0.018 0.343 0.022 0.064 
362    C1704    (0)    7 :  0.085 0.169 0.014 0.047 0.549 0.082 0.025 0.028 
363    C1705    (0)    7 :  0.158 0.362 0.008 0.154 0.011 0.030 0.262 0.015 
364    C1706    (0)    7 :  0.142 0.049 0.017 0.107 0.018 0.166 0.010 0.491 
365    C1707    (0)    7 :  0.225 0.039 0.114 0.169 0.238 0.037 0.020 0.158 
366    C1708    (0)    7 :  0.034 0.705 0.016 0.053 0.020 0.141 0.011 0.021 
367    C1709    (0)    7 :  0.029 0.740 0.021 0.027 0.021 0.074 0.065 0.023 
368    C1710    (0)    7 :  0.122 0.083 0.020 0.041 0.044 0.572 0.022 0.096 
369    C1712    (0)    7 :  0.035 0.590 0.012 0.040 0.009 0.273 0.027 0.014 
370    C1714    (0)    7 :  0.023 0.856 0.009 0.022 0.022 0.040 0.014 0.015 
371    C1715    (0)    7 :  0.536 0.022 0.016 0.032 0.023 0.242 0.018 0.111 
372    C1717    (0)    7 :  0.633 0.045 0.045 0.039 0.047 0.153 0.015 0.022 
373    C1718   (18)    7 :  0.259 0.032 0.013 0.045 0.093 0.477 0.014 0.068 
374    C1719    (0)    7 :  0.020 0.638 0.060 0.055 0.046 0.072 0.092 0.017 
375    C1656    (0)    8 :  0.072 0.064 0.012 0.144 0.008 0.169 0.046 0.486 
376    C1657   (18)    8 :  0.078 0.463 0.037 0.029 0.015 0.114 0.022 0.241 
377    C1658    (0)    8 :  0.274 0.044 0.007 0.061 0.009 0.468 0.010 0.127 
378    C1659    (0)    8 :  0.567 0.018 0.075 0.082 0.026 0.069 0.025 0.139 
379    C1661    (9)    8 :  0.109 0.070 0.031 0.323 0.057 0.330 0.020 0.061 
380    C1665    (0)    8 :  0.164 0.044 0.028 0.051 0.017 0.473 0.013 0.210 
381    C1667    (9)    8 :  0.017 0.905 0.007 0.010 0.006 0.031 0.005 0.017 
382    C1676    (9)    8 :  0.041 0.130 0.014 0.052 0.013 0.522 0.023 0.205 
383    C1681    (9)    8 :  0.294 0.116 0.013 0.114 0.052 0.164 0.016 0.230 
384    C1682    (0)    8 :  0.053 0.549 0.018 0.067 0.014 0.189 0.017 0.093 
385    C1685    (0)    8 :  0.041 0.041 0.045 0.027 0.011 0.670 0.031 0.133 
386    C4707    (0)    9 :  0.014 0.026 0.023 0.205 0.031 0.601 0.070 0.030 
387    C4747    (0)    9 :  0.111 0.440 0.114 0.063 0.040 0.049 0.167 0.016 
388    C4772    (0)    9 :  0.051 0.027 0.065 0.147 0.033 0.187 0.429 0.062 
389    C4781    (0)    9 :  0.022 0.554 0.007 0.303 0.054 0.019 0.026 0.015 
390    C4782    (0)    9 :  0.127 0.136 0.022 0.229 0.127 0.216 0.074 0.069 
391    C4787    (0)    9 :  0.649 0.053 0.013 0.049 0.028 0.059 0.117 0.033 
392    C4790    (0)    9 :  0.026 0.577 0.012 0.025 0.022 0.211 0.092 0.035 
393    C4803    (0)    9 :  0.221 0.071 0.046 0.349 0.025 0.176 0.082 0.031 
394    C4813    (0)    9 :  0.061 0.025 0.021 0.134 0.007 0.050 0.660 0.042 
395    C4837    (0)    9 :  0.071 0.026 0.042 0.319 0.016 0.392 0.114 0.020 
396    C4838    (0)    9 :  0.538 0.053 0.011 0.048 0.011 0.156 0.120 0.063 
397    C4843    (0)    9 :  0.122 0.043 0.053 0.110 0.013 0.424 0.071 0.164 
398    C4857    (0)    9 :  0.022 0.015 0.028 0.025 0.029 0.021 0.838 0.022 
399    C4828    (0)    9 :  0.071 0.049 0.152 0.464 0.036 0.079 0.025 0.124 
400    C4835    (0)    9 :  0.079 0.017 0.012 0.105 0.022 0.030 0.678 0.057 
401    C4836    (9)    9 :  0.192 0.125 0.018 0.132 0.040 0.168 0.286 0.039 
402    C4842    (0)    9 :  0.120 0.082 0.022 0.026 0.010 0.360 0.055 0.326 
403    C4863    (9)    9 :  0.238 0.057 0.013 0.550 0.026 0.078 0.022 0.016 
404    C4744    (0)    9 :  0.110 0.268 0.061 0.036 0.008 0.385 0.021 0.111 
405    C4745    (0)    9 :  0.265 0.033 0.014 0.115 0.027 0.301 0.100 0.145 
406    C4768    (0)    9 :  0.020 0.269 0.023 0.081 0.065 0.324 0.170 0.048 
407    C4769    (0)    9 :  0.093 0.057 0.014 0.048 0.009 0.100 0.175 0.505 
408    C4771    (0)    9 :  0.055 0.052 0.009 0.107 0.011 0.684 0.019 0.063 
409    C4784    (0)    9 :  0.030 0.413 0.015 0.221 0.050 0.062 0.144 0.063 
410    C4785    (0)    9 :  0.021 0.787 0.014 0.056 0.031 0.027 0.022 0.041 
411    C4795    (0)    9 :  0.043 0.581 0.026 0.177 0.047 0.017 0.085 0.025 
412    C4796    (0)    9 :  0.097 0.125 0.011 0.077 0.018 0.627 0.013 0.031 
413    C4800    (0)    9 :  0.362 0.014 0.008 0.188 0.016 0.097 0.296 0.019 
414    C4801    (0)    9 :  0.057 0.056 0.009 0.032 0.054 0.059 0.513 0.220 
415    C4802    (0)    9 :  0.048 0.017 0.014 0.042 0.709 0.051 0.023 0.096 
416    C4805    (0)    9 :  0.056 0.146 0.010 0.027 0.019 0.457 0.112 0.172 
417    C4806    (0)    9 :  0.070 0.021 0.008 0.099 0.012 0.520 0.048 0.221 
418    C4850    (0)    9 :  0.063 0.025 0.070 0.360 0.045 0.275 0.122 0.040 
419    C4748    (0)   10 :  0.036 0.068 0.007 0.040 0.008 0.016 0.139 0.685 
420    C4753    (0)   10 :  0.186 0.118 0.010 0.044 0.035 0.502 0.038 0.067 
421    C4754    (0)   10 :  0.023 0.048 0.011 0.136 0.026 0.581 0.136 0.039 
422    C4760    (0)   10 :  0.097 0.016 0.056 0.336 0.072 0.136 0.271 0.016 
423    C4761    (0)   10 :  0.036 0.090 0.009 0.055 0.017 0.053 0.313 0.426 
424    C4762    (0)   10 :  0.100 0.481 0.020 0.056 0.010 0.051 0.244 0.038 
425    C4791    (0)   10 :  0.333 0.064 0.007 0.121 0.012 0.241 0.181 0.041 
426    C4810    (0)   10 :  0.038 0.019 0.040 0.124 0.065 0.027 0.024 0.663 
427    C4812    (0)   10 :  0.185 0.026 0.032 0.092 0.057 0.259 0.048 0.301 
428    C4821    (0)   10 :  0.060 0.050 0.075 0.375 0.030 0.261 0.120 0.029 
429    C4864    (0)   10 :  0.019 0.019 0.029 0.168 0.043 0.139 0.564 0.018 
430    C4866    (0)   10 :  0.081 0.034 0.045 0.074 0.008 0.056 0.032 0.671 
431    C1722    (0)   10 :  0.266 0.034 0.029 0.044 0.052 0.151 0.012 0.411 
432    C1724    (0)   10 :  0.168 0.011 0.009 0.023 0.007 0.058 0.016 0.709 
433    C1725    (0)   10 :  0.214 0.054 0.074 0.027 0.039 0.156 0.011 0.424 
434    C1726    (0)   10 :  0.299 0.098 0.011 0.079 0.012 0.395 0.017 0.088 
435    C1731    (0)   10 :  0.136 0.088 0.083 0.046 0.011 0.181 0.053 0.402 
436    C1733    (9)   10 :  0.244 0.015 0.024 0.378 0.024 0.055 0.023 0.236 
437    C1734    (0)   10 :  0.395 0.029 0.075 0.082 0.013 0.278 0.080 0.047 
438    C1735    (0)   10 :  0.601 0.025 0.019 0.026 0.008 0.162 0.007 0.151 
439    C1738    (0)   10 :  0.394 0.014 0.056 0.096 0.013 0.079 0.029 0.318 
440    C1740    (9)   10 :  0.122 0.038 0.219 0.179 0.038 0.221 0.028 0.154 
441    C1741    (0)   10 :  0.249 0.109 0.038 0.104 0.074 0.095 0.313 0.018 
442    C1742    (0)   10 :  0.040 0.012 0.019 0.029 0.015 0.829 0.019 0.035 
443    C1743    (0)   10 :  0.201 0.456 0.034 0.046 0.016 0.129 0.021 0.096 
444    C1745    (0)   10 :  0.253 0.026 0.022 0.178 0.027 0.372 0.047 0.074 
445    C1746    (0)   10 :  0.183 0.142 0.029 0.056 0.039 0.155 0.098 0.299 
446    C1747    (0)   10 :  0.163 0.120 0.017 0.097 0.278 0.041 0.019 0.267 
447    C4742    (9)   10 :  0.036 0.111 0.030 0.164 0.019 0.139 0.459 0.042 
448    C4752    (0)   10 :  0.023 0.020 0.031 0.028 0.017 0.015 0.818 0.049 
449    C4792    (0)   10 :  0.022 0.054 0.063 0.507 0.035 0.072 0.190 0.058 
450    C4811    (0)   10 :  0.027 0.019 0.023 0.055 0.028 0.020 0.812 0.016 
451    C4814    (0)   10 :  0.027 0.048 0.027 0.321 0.015 0.071 0.450 0.040 
452    C4815    (0)   10 :  0.609 0.035 0.025 0.163 0.047 0.052 0.049 0.021 
453    C4818    (0)   10 :  0.102 0.069 0.173 0.226 0.026 0.086 0.191 0.128 
454    C4819    (0)   10 :  0.054 0.046 0.053 0.057 0.022 0.153 0.447 0.169 
455    C4826    (0)   10 :  0.194 0.065 0.008 0.078 0.010 0.553 0.030 0.062 
456    C4829    (0)   10 :  0.068 0.259 0.023 0.217 0.075 0.287 0.019 0.051 
457    C4830    (0)   10 :  0.028 0.166 0.022 0.072 0.008 0.657 0.034 0.012 
458    C4831    (0)   10 :  0.012 0.042 0.017 0.046 0.046 0.035 0.763 0.038 
459    C4832    (0)   10 :  0.039 0.379 0.012 0.269 0.013 0.184 0.032 0.072 
460    C4858    (0)   10 :  0.044 0.396 0.007 0.182 0.031 0.044 0.279 0.016 
