

----------------------------------------------------
STRUCTURE by Pritchard, Stephens and Donnelly (2000)
     and Falush, Stephens and Pritchard (2003)
       Code by Pritchard, Falush and Hubisz
             Version 2.3.4 (Jul 2012)
----------------------------------------------------



Command line arguments:   bin\structure -m C:\Users\eschumacher\Documents\Butternut\butternut_STRUCTURE_withQU\50-50\mainparams -e C:\Users\eschumacher\Documents\Butternut\butternut_STRUCTURE_withQU\50-50\extraparams 
Input File:    C:\Users\eschumacher\Documents\Butternut\butternut_STRUCTURE_withQU\project_data

Run parameters:
   1015 individuals
   11 loci
   8 populations assumed
   50000 Burn-in period
   50000 Reps


--------------------------------------------
Proportion of membership of each pre-defined
 population in each of the 8 clusters

Given    Inferred Clusters                                          Number of
 Pop       1      2      3      4      5      6      7      8      Individuals

  1:     0.051  0.101  0.447  0.042  0.042  0.067  0.033  0.215       40
  2:     0.040  0.301  0.289  0.034  0.027  0.065  0.041  0.203       46
  3:     0.044  0.116  0.226  0.043  0.025  0.046  0.027  0.473       63
  4:     0.050  0.314  0.141  0.026  0.044  0.061  0.033  0.331       48
  5:     0.041  0.209  0.358  0.040  0.053  0.053  0.040  0.207       85
  6:     0.051  0.151  0.390  0.034  0.032  0.061  0.039  0.242       70
  7:     0.163  0.042  0.056  0.244  0.092  0.205  0.169  0.029       22
  8:     0.151  0.021  0.021  0.210  0.142  0.199  0.231  0.024       11
  9:     0.139  0.147  0.053  0.150  0.070  0.213  0.195  0.033       33
 10:     0.152  0.143  0.036  0.089  0.142  0.203  0.189  0.047       48
 11:     0.107  0.284  0.044  0.142  0.073  0.160  0.163  0.028       48
 12:     0.049  0.632  0.024  0.026  0.074  0.108  0.072  0.014       13
 13:     0.065  0.665  0.029  0.023  0.119  0.036  0.023  0.040        9
 14:     0.227  0.029  0.044  0.145  0.122  0.155  0.234  0.043       90
 15:     0.132  0.021  0.023  0.519  0.045  0.095  0.136  0.030       63
 16:     0.213  0.033  0.067  0.102  0.107  0.183  0.228  0.066       16
 17:     0.312  0.082  0.077  0.080  0.152  0.132  0.107  0.059       31
 18:     0.026  0.067  0.017  0.027  0.733  0.055  0.064  0.012       16
 19:     0.095  0.022  0.079  0.396  0.044  0.132  0.151  0.081       24
 20:     0.095  0.033  0.072  0.105  0.125  0.210  0.322  0.039       12
 21:     0.167  0.027  0.057  0.175  0.154  0.181  0.205  0.034       54
 22:     0.212  0.040  0.055  0.065  0.274  0.142  0.176  0.036       96
 23:     0.149  0.018  0.067  0.148  0.320  0.145  0.130  0.023       22
 24:     0.067  0.080  0.067  0.027  0.548  0.083  0.083  0.045       23
 25:     0.199  0.025  0.026  0.058  0.329  0.083  0.248  0.032       13
 26:     0.155  0.035  0.044  0.157  0.089  0.201  0.245  0.073       19
--------------------------------------------

Allele-freq. divergence among pops (Net nucleotide distance),
computed using point estimates of P.

      1       2       3       4       5       6       7       8      
 1      -    0.0389  0.0338  0.0140  0.0157  0.0062  0.0083  0.0317  
 2   0.0389     -    0.0330  0.0343  0.0454  0.0264  0.0345  0.0357  
 3   0.0338  0.0330     -    0.0342  0.0410  0.0242  0.0336  0.0233  
 4   0.0140  0.0343  0.0342     -    0.0237  0.0084  0.0101  0.0372  
 5   0.0157  0.0454  0.0410  0.0237     -    0.0127  0.0134  0.0414  
 6   0.0062  0.0264  0.0242  0.0084  0.0127     -    0.0040  0.0254  
 7   0.0083  0.0345  0.0336  0.0101  0.0134  0.0040     -    0.0347  
 8   0.0317  0.0357  0.0233  0.0372  0.0414  0.0254  0.0347     -    

Average distances (expected heterozygosity) between individuals in same cluster:
cluster  1  : 0.8443 
cluster  2  : 0.8295 
cluster  3  : 0.8087 
cluster  4  : 0.8489 
cluster  5  : 0.8285 
cluster  6  : 0.8619 
cluster  7  : 0.8508 
cluster  8  : 0.8175 

--------------------------------------------
Estimated Ln Prob of Data   = -47790.2
Mean value of ln likelihood = -46161.4
Variance of ln likelihood   = 3257.6
Mean value of alpha         = 0.0542

Mean value of Fst_1         = 0.0296
Mean value of Fst_2         = 0.0637
Mean value of Fst_3         = 0.0661
Mean value of Fst_4         = 0.0338
Mean value of Fst_5         = 0.0423
Mean value of Fst_6         = 0.0180
Mean value of Fst_7         = 0.0239
Mean value of Fst_8         = 0.0702


Inferred ancestry of individuals:
        Label (%Miss) Pop:  Inferred clusters
  1    C3984    (0)    1 :  0.014 0.082 0.840 0.012 0.006 0.015 0.010 0.021 
  2    C3985    (0)    1 :  0.013 0.213 0.612 0.016 0.016 0.036 0.019 0.074 
  3    C3986    (0)    1 :  0.012 0.345 0.335 0.018 0.007 0.016 0.011 0.256 
  4    C4231    (0)    1 :  0.031 0.294 0.516 0.014 0.009 0.056 0.028 0.051 
  5    C4344    (0)    1 :  0.021 0.035 0.295 0.033 0.018 0.052 0.030 0.517 
  6    C4347   (18)    1 :  0.022 0.018 0.433 0.013 0.047 0.027 0.016 0.424 
  7    C4352   (18)    1 :  0.018 0.130 0.665 0.029 0.019 0.036 0.031 0.072 
  8    C4355    (9)    1 :  0.050 0.042 0.711 0.027 0.014 0.022 0.013 0.121 
  9    C4358   (18)    1 :  0.154 0.026 0.080 0.144 0.041 0.324 0.216 0.015 
 10    C4419    (9)    1 :  0.151 0.075 0.619 0.024 0.015 0.080 0.017 0.018 
 11    C4428    (9)    1 :  0.020 0.053 0.688 0.012 0.016 0.033 0.010 0.168 
 12    C4436    (0)    1 :  0.010 0.065 0.805 0.014 0.014 0.018 0.011 0.062 
 13    C4437   (18)    1 :  0.067 0.156 0.479 0.028 0.055 0.121 0.027 0.067 
 14    C4450    (0)    1 :  0.088 0.053 0.578 0.054 0.041 0.114 0.045 0.027 
 15    C4531    (0)    1 :  0.047 0.693 0.040 0.037 0.029 0.111 0.032 0.010 
 16    C1615    (0)    1 :  0.049 0.169 0.405 0.058 0.081 0.099 0.082 0.057 
 17    C1616    (0)    1 :  0.364 0.039 0.229 0.019 0.114 0.101 0.079 0.055 
 18    C1617    (9)    1 :  0.032 0.011 0.811 0.011 0.019 0.018 0.014 0.086 
 19    C1618    (0)    1 :  0.019 0.234 0.526 0.104 0.031 0.031 0.026 0.029 
 20    C1619    (0)    1 :  0.029 0.108 0.497 0.138 0.055 0.098 0.028 0.047 
 21    C1620    (9)    1 :  0.016 0.051 0.653 0.113 0.035 0.075 0.027 0.030 
 22    C1621    (0)    1 :  0.073 0.025 0.165 0.043 0.388 0.208 0.064 0.034 
 23    C1623    (9)    1 :  0.056 0.233 0.042 0.319 0.134 0.147 0.053 0.015 
 24    C1625    (0)    1 :  0.018 0.021 0.606 0.093 0.087 0.110 0.029 0.037 
 25    C1626    (0)    1 :  0.159 0.021 0.332 0.033 0.099 0.233 0.091 0.032 
 26    C1627    (9)    1 :  0.015 0.017 0.848 0.021 0.037 0.029 0.015 0.018 
 27    C1633    (0)    1 :  0.011 0.010 0.923 0.010 0.013 0.015 0.007 0.011 
 28    C1637    (0)    1 :  0.025 0.015 0.837 0.014 0.025 0.028 0.021 0.036 
 29    C1650    (0)    1 :  0.038 0.624 0.173 0.013 0.034 0.030 0.022 0.066 
 30    C3202    (0)    1 :  0.009 0.013 0.013 0.010 0.016 0.011 0.009 0.918 
 31    C3248    (0)    1 :  0.015 0.009 0.752 0.014 0.014 0.029 0.025 0.142 
 32    C3304    (9)    1 :  0.065 0.014 0.288 0.013 0.014 0.042 0.012 0.554 
 33    C3326    (0)    1 :  0.080 0.056 0.234 0.024 0.025 0.119 0.096 0.367 
 34    C3333    (0)    1 :  0.015 0.011 0.026 0.013 0.017 0.020 0.013 0.884 
 35    C3339   (18)    1 :  0.058 0.010 0.699 0.034 0.014 0.033 0.016 0.136 
 36    C3346    (0)    1 :  0.009 0.011 0.013 0.012 0.007 0.010 0.008 0.929 
 37    C3349    (0)    1 :  0.080 0.014 0.075 0.037 0.016 0.034 0.036 0.707 
 38    C3367   (18)    1 :  0.021 0.026 0.047 0.016 0.021 0.037 0.016 0.816 
 39    C3374    (0)    1 :  0.008 0.015 0.904 0.011 0.006 0.019 0.007 0.030 
 40    C3405    (0)    1 :  0.069 0.019 0.103 0.046 0.013 0.061 0.023 0.667 
 41    C4543    (0)    2 :  0.022 0.862 0.022 0.014 0.009 0.016 0.011 0.045 
 42    C4545    (9)    2 :  0.008 0.889 0.031 0.030 0.006 0.011 0.009 0.016 
 43    C4551    (9)    2 :  0.032 0.527 0.099 0.047 0.020 0.107 0.154 0.013 
 44    C4491    (0)    2 :  0.044 0.415 0.160 0.062 0.028 0.122 0.094 0.075 
 45    C4494    (0)    2 :  0.012 0.122 0.109 0.012 0.009 0.016 0.011 0.709 
 46    C4495    (0)    2 :  0.017 0.040 0.035 0.036 0.017 0.131 0.077 0.646 
 47    C4497    (9)    2 :  0.019 0.028 0.835 0.017 0.014 0.023 0.015 0.049 
 48    C4501    (0)    2 :  0.159 0.063 0.576 0.025 0.013 0.111 0.030 0.024 
 49    C4502    (0)    2 :  0.024 0.204 0.595 0.063 0.011 0.043 0.011 0.050 
 50    C4503    (0)    2 :  0.010 0.846 0.010 0.075 0.013 0.020 0.017 0.009 
 51    C4504    (0)    2 :  0.117 0.078 0.133 0.136 0.039 0.282 0.114 0.102 
 52    C4470    (0)    2 :  0.039 0.185 0.442 0.034 0.025 0.103 0.138 0.034 
 53    C4471    (0)    2 :  0.025 0.753 0.122 0.015 0.011 0.029 0.013 0.032 
 54    C4474    (9)    2 :  0.014 0.875 0.010 0.020 0.018 0.019 0.036 0.008 
 55    C4476    (0)    2 :  0.016 0.162 0.696 0.020 0.010 0.048 0.021 0.029 
 56    C4478    (0)    2 :  0.071 0.528 0.056 0.104 0.008 0.028 0.011 0.194 
 57    C4479    (0)    2 :  0.020 0.116 0.591 0.010 0.060 0.054 0.019 0.131 
 58    C4482    (0)    2 :  0.052 0.302 0.130 0.010 0.146 0.091 0.035 0.235 
 59    C4483    (0)    2 :  0.012 0.917 0.008 0.013 0.011 0.023 0.010 0.008 
 60    C4484    (0)    2 :  0.062 0.526 0.066 0.053 0.023 0.056 0.036 0.179 
 61    C4485    (0)    2 :  0.064 0.080 0.165 0.032 0.051 0.098 0.089 0.422 
 62    C4489    (0)    2 :  0.036 0.247 0.497 0.029 0.019 0.032 0.018 0.121 
 63    C4505    (0)    2 :  0.016 0.086 0.782 0.014 0.013 0.027 0.035 0.027 
 64    C4507    (0)    2 :  0.072 0.209 0.388 0.111 0.010 0.134 0.063 0.012 
 65    C4535    (0)    2 :  0.019 0.851 0.015 0.018 0.022 0.038 0.023 0.012 
 66    C4542    (0)    2 :  0.256 0.140 0.022 0.026 0.021 0.359 0.156 0.020 
 67    C4553    (9)    2 :  0.022 0.618 0.139 0.016 0.019 0.049 0.043 0.093 
 68    C4562   (18)    2 :  0.019 0.565 0.179 0.051 0.027 0.044 0.057 0.059 
 69    C4582   (18)    2 :  0.028 0.737 0.070 0.022 0.037 0.044 0.026 0.036 
 70    C4693    (0)    2 :  0.015 0.861 0.036 0.009 0.011 0.025 0.011 0.033 
 71    C4696    (0)    2 :  0.027 0.448 0.214 0.051 0.027 0.074 0.112 0.047 
 72    C3179    (0)    2 :  0.022 0.012 0.137 0.048 0.012 0.022 0.027 0.719 
 73    C3181    (0)    2 :  0.044 0.026 0.378 0.017 0.026 0.071 0.031 0.406 
 74    C3188    (0)    2 :  0.030 0.020 0.675 0.034 0.026 0.053 0.026 0.138 
 75    C3190    (0)    2 :  0.040 0.022 0.012 0.012 0.020 0.023 0.017 0.853 
 76    C3193    (0)    2 :  0.013 0.014 0.579 0.009 0.037 0.025 0.027 0.298 
 77    C3232    (0)    2 :  0.014 0.103 0.654 0.011 0.009 0.020 0.012 0.176 
 78    C3236    (0)    2 :  0.010 0.032 0.093 0.008 0.009 0.010 0.011 0.828 
 79    C3249    (0)    2 :  0.060 0.032 0.358 0.035 0.031 0.037 0.032 0.415 
 80    C3250    (0)    2 :  0.014 0.019 0.864 0.008 0.011 0.023 0.011 0.049 
 81    C3253    (0)    2 :  0.010 0.014 0.921 0.008 0.013 0.014 0.011 0.009 
 82    C3255    (0)    2 :  0.013 0.041 0.573 0.011 0.012 0.025 0.014 0.312 
 83    C3277    (0)    2 :  0.062 0.023 0.528 0.042 0.077 0.146 0.054 0.069 
 84    C3315    (0)    2 :  0.090 0.140 0.245 0.090 0.165 0.163 0.088 0.018 
 85    C3288    (0)    2 :  0.013 0.015 0.024 0.015 0.023 0.016 0.012 0.881 
 86    C3293    (0)    2 :  0.037 0.040 0.016 0.032 0.028 0.100 0.036 0.711 
 87    C4018    (0)    3 :  0.023 0.347 0.053 0.010 0.008 0.023 0.010 0.526 
 88    C3980    (0)    3 :  0.013 0.880 0.020 0.009 0.011 0.014 0.011 0.042 
 89    C3987    (0)    3 :  0.016 0.775 0.117 0.013 0.013 0.029 0.012 0.026 
 90    C3988    (0)    3 :  0.009 0.490 0.345 0.013 0.013 0.030 0.018 0.083 
 91    C3989    (0)    3 :  0.030 0.021 0.026 0.008 0.008 0.173 0.031 0.704 
 92    C4011    (0)    3 :  0.007 0.454 0.270 0.006 0.006 0.007 0.006 0.244 
 93    C4017    (0)    3 :  0.008 0.928 0.019 0.007 0.006 0.007 0.006 0.019 
 94    C4296    (0)    3 :  0.078 0.039 0.314 0.044 0.033 0.200 0.264 0.028 
 95    C4301    (9)    3 :  0.748 0.010 0.009 0.052 0.011 0.052 0.043 0.075 
 96    C4303    (0)    3 :  0.045 0.012 0.047 0.032 0.261 0.024 0.038 0.540 
 97    C4453    (0)    3 :  0.028 0.062 0.085 0.064 0.041 0.029 0.012 0.678 
 98    C4455    (9)    3 :  0.012 0.029 0.011 0.016 0.026 0.021 0.011 0.873 
 99    C4456   (18)    3 :  0.041 0.182 0.019 0.110 0.074 0.089 0.018 0.467 
100    C4457    (9)    3 :  0.061 0.022 0.082 0.024 0.066 0.078 0.029 0.638 
101    C4459    (9)    3 :  0.016 0.191 0.288 0.011 0.020 0.032 0.028 0.414 
102    C4464   (18)    3 :  0.010 0.035 0.276 0.010 0.009 0.013 0.010 0.638 
103    C4468    (9)    3 :  0.021 0.040 0.615 0.017 0.053 0.026 0.017 0.210 
104    C4783    (0)    3 :  0.011 0.272 0.008 0.010 0.015 0.036 0.025 0.622 
105    C4786    (0)    3 :  0.019 0.119 0.046 0.009 0.009 0.012 0.014 0.771 
106    C4789    (9)    3 :  0.049 0.180 0.132 0.008 0.011 0.023 0.015 0.582 
107    C4891    (0)    3 :  0.011 0.024 0.013 0.016 0.008 0.025 0.029 0.873 
108    C4896    (0)    3 :  0.036 0.207 0.013 0.014 0.032 0.028 0.026 0.644 
109    C4898    (0)    3 :  0.012 0.454 0.047 0.016 0.015 0.043 0.027 0.387 
110    C4901    (0)    3 :  0.013 0.050 0.014 0.006 0.009 0.012 0.009 0.886 
111    C4903    (9)    3 :  0.028 0.030 0.013 0.010 0.018 0.021 0.014 0.864 
112    C4904    (0)    3 :  0.013 0.394 0.019 0.010 0.008 0.030 0.028 0.497 
113    C3263    (0)    3 :  0.013 0.010 0.645 0.171 0.018 0.034 0.015 0.095 
114    C3271    (0)    3 :  0.020 0.009 0.869 0.019 0.009 0.022 0.017 0.035 
115    C3272    (0)    3 :  0.039 0.013 0.842 0.017 0.009 0.025 0.022 0.033 
116    C3276    (0)    3 :  0.283 0.024 0.023 0.072 0.027 0.083 0.049 0.439 
117    C3280    (9)    3 :  0.028 0.023 0.700 0.077 0.028 0.060 0.063 0.021 
118    C3305    (9)    3 :  0.012 0.010 0.932 0.010 0.008 0.012 0.008 0.009 
119    C3306    (0)    3 :  0.017 0.009 0.744 0.070 0.018 0.066 0.025 0.050 
120    C3324    (0)    3 :  0.014 0.016 0.618 0.164 0.015 0.095 0.058 0.019 
121    C3329    (0)    3 :  0.039 0.079 0.438 0.058 0.022 0.208 0.073 0.083 
122    C3336    (0)    3 :  0.040 0.020 0.776 0.018 0.014 0.032 0.030 0.071 
123    C3341   (18)    3 :  0.036 0.068 0.069 0.627 0.030 0.102 0.039 0.030 
124    C3409   (18)    3 :  0.099 0.073 0.410 0.055 0.043 0.135 0.061 0.123 
125    C3168    (9)    3 :  0.008 0.013 0.011 0.008 0.008 0.008 0.008 0.936 
126    C3170    (0)    3 :  0.017 0.012 0.039 0.012 0.008 0.012 0.012 0.888 
127    C3214   (18)    3 :  0.190 0.027 0.085 0.011 0.051 0.063 0.017 0.557 
128    C3227    (0)    3 :  0.017 0.010 0.010 0.007 0.011 0.008 0.008 0.929 
129    C3228    (0)    3 :  0.040 0.107 0.657 0.038 0.033 0.035 0.046 0.044 
130    C3278    (0)    3 :  0.017 0.006 0.008 0.010 0.009 0.011 0.014 0.926 
131    C3279    (0)    3 :  0.036 0.007 0.017 0.010 0.013 0.034 0.022 0.861 
132    C3321    (0)    3 :  0.007 0.013 0.014 0.006 0.005 0.007 0.006 0.942 
133    C3322    (0)    3 :  0.023 0.025 0.010 0.010 0.043 0.027 0.041 0.820 
134    C3303    (0)    3 :  0.048 0.014 0.044 0.029 0.015 0.024 0.048 0.778 
135    C3317    (0)    3 :  0.012 0.016 0.850 0.018 0.014 0.023 0.017 0.049 
136    C3355    (0)    3 :  0.012 0.035 0.311 0.019 0.011 0.015 0.015 0.581 
137    C3376    (9)    3 :  0.092 0.035 0.430 0.019 0.026 0.070 0.023 0.304 
138    C3401    (0)    3 :  0.023 0.019 0.798 0.020 0.029 0.030 0.025 0.056 
139    C3203    (9)    3 :  0.086 0.039 0.194 0.064 0.039 0.043 0.017 0.518 
140    C3245    (0)    3 :  0.018 0.009 0.046 0.010 0.024 0.016 0.015 0.861 
141    C3302    (0)    3 :  0.016 0.007 0.011 0.016 0.013 0.021 0.014 0.902 
142    C3307    (0)    3 :  0.012 0.117 0.059 0.128 0.087 0.203 0.032 0.363 
143    C3310    (0)    3 :  0.010 0.009 0.008 0.013 0.008 0.011 0.011 0.930 
144    C3312    (9)    3 :  0.016 0.044 0.435 0.020 0.033 0.056 0.038 0.357 
145    C3345    (0)    3 :  0.011 0.016 0.020 0.024 0.012 0.018 0.010 0.889 
146    C3371    (0)    3 :  0.009 0.007 0.015 0.037 0.010 0.026 0.011 0.884 
147    C3372    (0)    3 :  0.019 0.023 0.152 0.052 0.024 0.102 0.021 0.606 
148    C3380    (9)    3 :  0.007 0.016 0.013 0.006 0.007 0.007 0.005 0.938 
149    C3417    (0)    3 :  0.029 0.061 0.054 0.185 0.023 0.069 0.034 0.543 
150    C4569    (9)    4 :  0.139 0.376 0.057 0.085 0.035 0.196 0.098 0.015 
151    C4570    (9)    4 :  0.013 0.845 0.051 0.014 0.012 0.040 0.013 0.013 
152    C4571    (9)    4 :  0.020 0.558 0.275 0.016 0.029 0.054 0.013 0.034 
153    C4572    (9)    4 :  0.014 0.869 0.036 0.014 0.020 0.020 0.014 0.012 
154    C4573    (9)    4 :  0.103 0.114 0.116 0.034 0.369 0.194 0.056 0.012 
155    C4575    (9)    4 :  0.035 0.781 0.029 0.021 0.052 0.039 0.022 0.021 
156    C4577    (9)    4 :  0.010 0.888 0.024 0.010 0.008 0.031 0.014 0.015 
157    C4578    (9)    4 :  0.058 0.677 0.044 0.020 0.051 0.087 0.043 0.020 
158    C4600   (18)    4 :  0.074 0.334 0.091 0.026 0.030 0.171 0.233 0.041 
159    C4612    (9)    4 :  0.056 0.839 0.016 0.012 0.013 0.025 0.022 0.016 
160    C4621    (0)    4 :  0.018 0.752 0.080 0.007 0.019 0.018 0.010 0.097 
161    C4622    (9)    4 :  0.007 0.887 0.017 0.009 0.010 0.009 0.012 0.049 
162    C4623    (0)    4 :  0.050 0.196 0.128 0.221 0.043 0.227 0.032 0.103 
163    C4624    (0)    4 :  0.016 0.849 0.032 0.016 0.037 0.015 0.020 0.016 
164    C4625    (0)    4 :  0.082 0.121 0.161 0.017 0.468 0.080 0.055 0.016 
165    C4627    (0)    4 :  0.034 0.710 0.025 0.022 0.024 0.029 0.012 0.144 
166    C4631    (0)    4 :  0.010 0.842 0.010 0.079 0.014 0.018 0.018 0.009 
167    C4632    (0)    4 :  0.019 0.756 0.077 0.019 0.018 0.038 0.022 0.050 
168    C3939    (0)    4 :  0.023 0.781 0.027 0.010 0.009 0.017 0.016 0.117 
169    C3940    (0)    4 :  0.091 0.671 0.016 0.018 0.007 0.103 0.033 0.061 
170    C3945    (0)    4 :  0.009 0.751 0.100 0.011 0.006 0.018 0.021 0.084 
171    C4520    (0)    4 :  0.412 0.021 0.116 0.055 0.021 0.194 0.108 0.072 
172    C4522    (0)    4 :  0.014 0.441 0.063 0.012 0.010 0.019 0.012 0.429 
173    C3182    (0)    4 :  0.018 0.038 0.103 0.028 0.012 0.023 0.021 0.758 
174    C3189    (0)    4 :  0.061 0.027 0.461 0.027 0.167 0.128 0.065 0.064 
175    C3191    (9)    4 :  0.027 0.019 0.568 0.031 0.070 0.054 0.025 0.206 
176    C3196    (0)    4 :  0.031 0.014 0.114 0.014 0.025 0.024 0.020 0.759 
177    C3208    (0)    4 :  0.044 0.174 0.032 0.045 0.045 0.034 0.032 0.594 
178    C3211    (0)    4 :  0.015 0.015 0.018 0.011 0.008 0.011 0.012 0.910 
179    C3212    (0)    4 :  0.295 0.037 0.076 0.074 0.009 0.325 0.057 0.126 
180    C3213    (0)    4 :  0.019 0.007 0.013 0.015 0.010 0.018 0.016 0.902 
181    C3215    (0)    4 :  0.017 0.017 0.009 0.010 0.031 0.014 0.018 0.883 
182    C3217    (0)    4 :  0.029 0.023 0.338 0.040 0.015 0.038 0.024 0.492 
183    C3225    (9)    4 :  0.061 0.024 0.432 0.023 0.032 0.056 0.061 0.311 
184    C3226    (0)    4 :  0.009 0.090 0.159 0.012 0.010 0.013 0.010 0.697 
185    C3238    (9)    4 :  0.024 0.099 0.046 0.012 0.017 0.018 0.012 0.772 
186    C3239    (0)    4 :  0.029 0.023 0.614 0.030 0.018 0.086 0.018 0.182 
187    C3269   (18)    4 :  0.116 0.111 0.438 0.022 0.134 0.089 0.037 0.051 
188    C3273    (0)    4 :  0.031 0.018 0.526 0.009 0.040 0.030 0.014 0.331 
189    C3274    (0)    4 :  0.095 0.031 0.020 0.013 0.016 0.161 0.120 0.544 
190    C3354    (0)    4 :  0.018 0.020 0.092 0.011 0.022 0.038 0.019 0.781 
191    C3361    (0)    4 :  0.024 0.024 0.039 0.010 0.016 0.020 0.017 0.851 
192    C3289    (0)    4 :  0.015 0.009 0.012 0.009 0.014 0.013 0.010 0.917 
193    C3169    (0)    4 :  0.019 0.035 0.561 0.010 0.015 0.014 0.009 0.337 
194    C3199    (9)    4 :  0.023 0.075 0.104 0.017 0.039 0.023 0.014 0.705 
195    C3224    (0)    4 :  0.026 0.010 0.171 0.013 0.018 0.014 0.015 0.733 
196    C3261   (18)    4 :  0.012 0.024 0.095 0.014 0.008 0.019 0.014 0.814 
197    C3320    (0)    4 :  0.031 0.037 0.117 0.015 0.031 0.033 0.033 0.703 
198    C4151    (0)    5 :  0.008 0.898 0.035 0.008 0.009 0.012 0.009 0.021 
199    C4152    (0)    5 :  0.017 0.717 0.171 0.014 0.016 0.040 0.011 0.014 
200    C4153    (0)    5 :  0.051 0.270 0.150 0.013 0.025 0.039 0.022 0.429 
201    C4154   (18)    5 :  0.025 0.422 0.158 0.026 0.010 0.045 0.035 0.278 
202    C4157    (0)    5 :  0.020 0.053 0.761 0.015 0.018 0.039 0.075 0.021 
203    C4158    (0)    5 :  0.008 0.916 0.020 0.007 0.011 0.012 0.008 0.019 
204    C4163    (0)    5 :  0.007 0.914 0.026 0.007 0.007 0.011 0.007 0.021 
205    C4165    (0)    5 :  0.019 0.189 0.027 0.063 0.034 0.412 0.191 0.065 
206    C4248    (9)    5 :  0.019 0.018 0.630 0.014 0.021 0.028 0.027 0.243 
207    C4371    (9)    5 :  0.016 0.069 0.806 0.032 0.016 0.024 0.017 0.020 
208    C3936    (0)    5 :  0.015 0.837 0.046 0.018 0.012 0.017 0.020 0.035 
209    C3937    (0)    5 :  0.010 0.843 0.025 0.011 0.012 0.044 0.011 0.044 
210    C3944    (0)    5 :  0.008 0.553 0.287 0.013 0.007 0.013 0.010 0.110 
211    C3954    (0)    5 :  0.022 0.047 0.786 0.007 0.036 0.013 0.009 0.079 
212    C3955    (9)    5 :  0.028 0.241 0.343 0.007 0.026 0.025 0.013 0.317 
213    C3961    (0)    5 :  0.023 0.702 0.051 0.054 0.010 0.023 0.020 0.116 
214    C3974    (0)    5 :  0.046 0.764 0.050 0.021 0.020 0.039 0.021 0.038 
215    C4024    (0)    5 :  0.026 0.160 0.656 0.067 0.011 0.026 0.024 0.031 
216    C4025    (0)    5 :  0.014 0.835 0.070 0.026 0.015 0.019 0.010 0.010 
217    C4028    (0)    5 :  0.053 0.626 0.081 0.031 0.056 0.077 0.026 0.050 
218    C4032   (18)    5 :  0.012 0.050 0.867 0.009 0.011 0.012 0.009 0.030 
219    C4033   (18)    5 :  0.012 0.027 0.294 0.013 0.014 0.020 0.016 0.603 
220    C4034    (0)    5 :  0.041 0.040 0.362 0.081 0.024 0.081 0.096 0.275 
221    C4041    (9)    5 :  0.151 0.027 0.449 0.108 0.016 0.112 0.071 0.066 
222    C4043    (9)    5 :  0.020 0.216 0.578 0.020 0.020 0.026 0.019 0.101 
223    C4044    (9)    5 :  0.058 0.114 0.094 0.430 0.070 0.076 0.059 0.099 
224    C4045    (9)    5 :  0.020 0.087 0.586 0.013 0.039 0.040 0.026 0.189 
225    C4046    (9)    5 :  0.014 0.031 0.768 0.032 0.022 0.020 0.020 0.093 
226    C4047    (0)    5 :  0.022 0.013 0.032 0.018 0.034 0.030 0.046 0.804 
227    C4048    (9)    5 :  0.034 0.019 0.090 0.056 0.066 0.053 0.051 0.632 
228    C4055    (9)    5 :  0.028 0.037 0.774 0.015 0.038 0.051 0.029 0.029 
229    C4057   (18)    5 :  0.013 0.014 0.867 0.031 0.008 0.019 0.013 0.035 
230    C4059    (0)    5 :  0.029 0.034 0.635 0.013 0.027 0.024 0.013 0.224 
231    C4060    (9)    5 :  0.051 0.056 0.541 0.024 0.019 0.159 0.033 0.118 
232    C4064    (9)    5 :  0.033 0.031 0.469 0.016 0.210 0.102 0.113 0.027 
233    C4067    (0)    5 :  0.018 0.020 0.044 0.042 0.085 0.041 0.029 0.721 
234    C4068    (9)    5 :  0.025 0.033 0.047 0.019 0.029 0.032 0.028 0.786 
235    C4070    (9)    5 :  0.018 0.121 0.198 0.124 0.030 0.061 0.050 0.397 
236    C4075   (18)    5 :  0.022 0.025 0.045 0.024 0.013 0.027 0.014 0.830 
237    C4081    (9)    5 :  0.027 0.024 0.762 0.020 0.024 0.042 0.039 0.061 
238    C4082    (0)    5 :  0.031 0.064 0.054 0.017 0.032 0.027 0.020 0.756 
239    C4083    (0)    5 :  0.039 0.120 0.289 0.174 0.049 0.168 0.123 0.037 
240    C4086    (0)    5 :  0.028 0.034 0.541 0.012 0.187 0.046 0.029 0.125 
241    C4088    (9)    5 :  0.018 0.026 0.032 0.009 0.851 0.028 0.018 0.018 
242    C4092    (0)    5 :  0.022 0.102 0.734 0.048 0.009 0.031 0.017 0.037 
243    C4099    (9)    5 :  0.127 0.028 0.403 0.078 0.033 0.133 0.041 0.159 
244    C4104    (0)    5 :  0.020 0.204 0.163 0.080 0.027 0.056 0.034 0.416 
245    C4108   (18)    5 :  0.401 0.010 0.010 0.027 0.073 0.089 0.373 0.017 
246    C4118    (0)    5 :  0.044 0.018 0.628 0.017 0.040 0.116 0.122 0.014 
247    C4131    (0)    5 :  0.026 0.419 0.256 0.018 0.098 0.065 0.034 0.083 
248    C4133    (0)    5 :  0.016 0.013 0.893 0.009 0.010 0.017 0.012 0.031 
249    C4135    (0)    5 :  0.008 0.099 0.788 0.008 0.006 0.018 0.010 0.063 
250    C4136    (0)    5 :  0.077 0.545 0.025 0.021 0.115 0.115 0.062 0.040 
251    C4137    (9)    5 :  0.017 0.169 0.699 0.016 0.017 0.031 0.029 0.022 
252    C4139    (0)    5 :  0.016 0.737 0.114 0.011 0.007 0.022 0.017 0.076 
253    C4140    (9)    5 :  0.011 0.570 0.251 0.018 0.010 0.027 0.036 0.077 
254    C4167    (0)    5 :  0.020 0.439 0.229 0.040 0.040 0.163 0.052 0.017 
255    C4236    (0)    5 :  0.034 0.016 0.744 0.035 0.037 0.046 0.046 0.042 
256    C4237    (0)    5 :  0.103 0.038 0.072 0.020 0.565 0.141 0.051 0.011 
257    C4238    (0)    5 :  0.029 0.054 0.534 0.014 0.063 0.052 0.024 0.230 
258    C4241    (0)    5 :  0.029 0.050 0.461 0.022 0.018 0.048 0.035 0.337 
259    C4247    (9)    5 :  0.032 0.064 0.412 0.124 0.216 0.067 0.033 0.052 
260    C4257    (0)    5 :  0.054 0.044 0.131 0.020 0.025 0.024 0.019 0.681 
261    C4383    (0)    5 :  0.098 0.153 0.304 0.259 0.049 0.042 0.054 0.041 
262    C4397    (9)    5 :  0.009 0.020 0.916 0.007 0.008 0.014 0.016 0.011 
263    C4514    (0)    5 :  0.011 0.777 0.129 0.018 0.013 0.012 0.012 0.028 
264    C4519    (0)    5 :  0.136 0.276 0.031 0.015 0.007 0.097 0.020 0.418 
265    C4527    (0)    5 :  0.012 0.160 0.040 0.017 0.012 0.015 0.017 0.727 
266    C4534    (0)    5 :  0.071 0.110 0.107 0.059 0.016 0.043 0.048 0.546 
267    C4699    (0)    5 :  0.014 0.655 0.025 0.025 0.079 0.045 0.027 0.130 
268    C1541    (9)    5 :  0.010 0.016 0.135 0.011 0.013 0.019 0.014 0.783 
269    C1542    (9)    5 :  0.012 0.011 0.060 0.010 0.014 0.011 0.016 0.865 
270    C1544    (0)    5 :  0.034 0.028 0.544 0.016 0.060 0.021 0.033 0.263 
271    C1547    (9)    5 :  0.215 0.051 0.125 0.184 0.110 0.088 0.144 0.083 
272    C1553    (9)    5 :  0.140 0.186 0.083 0.117 0.071 0.234 0.111 0.057 
273    C1555    (9)    5 :  0.041 0.015 0.838 0.014 0.022 0.021 0.023 0.026 
274    C1557    (0)    5 :  0.014 0.022 0.871 0.017 0.024 0.016 0.015 0.021 
275    C1560    (0)    5 :  0.052 0.015 0.838 0.015 0.011 0.016 0.017 0.036 
276    C1565    (0)    5 :  0.028 0.038 0.228 0.074 0.015 0.059 0.068 0.491 
277    C1567    (0)    5 :  0.072 0.028 0.730 0.030 0.038 0.027 0.030 0.044 
278    C1569    (0)    5 :  0.017 0.035 0.766 0.022 0.016 0.027 0.020 0.098 
279    C1571    (0)    5 :  0.101 0.037 0.259 0.038 0.097 0.050 0.040 0.378 
280    C1576    (0)    5 :  0.038 0.111 0.536 0.021 0.084 0.114 0.026 0.071 
281    C1577    (9)    5 :  0.032 0.018 0.132 0.014 0.036 0.025 0.026 0.718 
282    C1579    (0)    5 :  0.019 0.018 0.562 0.015 0.018 0.027 0.033 0.309 
283    C3990    (0)    6 :  0.008 0.806 0.092 0.008 0.008 0.011 0.008 0.059 
284    C3991    (0)    6 :  0.025 0.685 0.044 0.038 0.052 0.095 0.021 0.041 
285    C3992    (0)    6 :  0.083 0.535 0.054 0.011 0.037 0.156 0.028 0.095 
286    C3994    (0)    6 :  0.038 0.109 0.274 0.107 0.041 0.206 0.026 0.199 
287    C4172    (0)    6 :  0.046 0.625 0.009 0.052 0.064 0.142 0.041 0.021 
288    C4173    (9)    6 :  0.012 0.766 0.014 0.127 0.009 0.028 0.012 0.031 
289    C4232    (9)    6 :  0.010 0.011 0.200 0.007 0.010 0.010 0.008 0.746 
290    C4234    (9)    6 :  0.011 0.013 0.486 0.008 0.013 0.013 0.012 0.445 
291    C4259    (0)    6 :  0.009 0.013 0.830 0.011 0.012 0.013 0.010 0.103 
292    C4260    (0)    6 :  0.011 0.019 0.022 0.007 0.008 0.010 0.007 0.915 
293    C4261    (9)    6 :  0.028 0.022 0.018 0.059 0.023 0.096 0.076 0.679 
294    C4262    (0)    6 :  0.029 0.130 0.623 0.060 0.011 0.057 0.037 0.053 
295    C4263    (0)    6 :  0.011 0.037 0.720 0.026 0.073 0.019 0.027 0.087 
296    C4267    (9)    6 :  0.014 0.264 0.462 0.015 0.042 0.025 0.025 0.153 
297    C4269    (0)    6 :  0.015 0.106 0.392 0.039 0.020 0.170 0.036 0.222 
298    C4272    (0)    6 :  0.015 0.011 0.908 0.013 0.008 0.016 0.015 0.015 
299    C4274    (0)    6 :  0.320 0.021 0.312 0.011 0.015 0.218 0.034 0.069 
300    C4276    (9)    6 :  0.617 0.010 0.032 0.020 0.084 0.167 0.035 0.036 
301    C4278    (0)    6 :  0.039 0.041 0.711 0.027 0.018 0.072 0.035 0.057 
302    C4280    (0)    6 :  0.030 0.092 0.099 0.017 0.013 0.080 0.034 0.635 
303    C4281    (0)    6 :  0.016 0.032 0.788 0.017 0.026 0.051 0.016 0.055 
304    C4282    (0)    6 :  0.029 0.016 0.123 0.316 0.057 0.134 0.170 0.156 
305    C4284    (9)    6 :  0.009 0.116 0.790 0.008 0.008 0.009 0.009 0.051 
306    C4286    (9)    6 :  0.086 0.226 0.122 0.031 0.025 0.077 0.040 0.393 
307    C4287    (0)    6 :  0.069 0.116 0.154 0.063 0.011 0.139 0.048 0.399 
308    C4290    (0)    6 :  0.370 0.083 0.083 0.091 0.171 0.098 0.091 0.013 
309    C4307   (18)    6 :  0.020 0.051 0.162 0.022 0.012 0.104 0.025 0.605 
310    C4310    (9)    6 :  0.065 0.034 0.594 0.013 0.059 0.026 0.022 0.187 
311    C4311   (18)    6 :  0.053 0.016 0.201 0.027 0.022 0.041 0.029 0.612 
312    C4312    (0)    6 :  0.012 0.011 0.429 0.012 0.014 0.017 0.011 0.493 
313    C4314    (0)    6 :  0.026 0.047 0.545 0.012 0.218 0.037 0.037 0.079 
314    C4318    (9)    6 :  0.027 0.048 0.704 0.048 0.010 0.096 0.021 0.047 
315    C4321    (9)    6 :  0.079 0.038 0.330 0.052 0.013 0.056 0.024 0.409 
316    C4324    (0)    6 :  0.031 0.122 0.657 0.039 0.011 0.032 0.023 0.086 
317    C4334    (0)    6 :  0.017 0.019 0.878 0.035 0.008 0.016 0.011 0.016 
318    C4529    (0)    6 :  0.030 0.050 0.354 0.035 0.057 0.050 0.030 0.394 
319    C1582    (9)    6 :  0.017 0.070 0.713 0.014 0.014 0.021 0.015 0.136 
320    C1583    (0)    6 :  0.032 0.031 0.631 0.018 0.071 0.042 0.022 0.152 
321    C1584    (9)    6 :  0.031 0.029 0.839 0.008 0.021 0.017 0.017 0.039 
322    C1585    (0)    6 :  0.011 0.020 0.918 0.006 0.014 0.008 0.007 0.016 
323    C1586    (0)    6 :  0.012 0.025 0.778 0.061 0.022 0.022 0.025 0.054 
324    C1589    (0)    6 :  0.011 0.112 0.778 0.011 0.010 0.014 0.009 0.054 
325    C1591    (0)    6 :  0.011 0.029 0.883 0.010 0.011 0.012 0.007 0.037 
326    C1592    (0)    6 :  0.019 0.017 0.804 0.024 0.017 0.040 0.029 0.051 
327    C1594    (0)    6 :  0.019 0.046 0.666 0.015 0.076 0.023 0.019 0.137 
328    C1597    (9)    6 :  0.055 0.028 0.209 0.029 0.030 0.041 0.054 0.554 
329    C1598    (9)    6 :  0.019 0.226 0.539 0.018 0.045 0.026 0.020 0.106 
330    C1599    (0)    6 :  0.030 0.011 0.601 0.012 0.012 0.022 0.017 0.296 
331    C1601    (0)    6 :  0.033 0.325 0.178 0.028 0.063 0.051 0.069 0.252 
332    C1605    (0)    6 :  0.187 0.074 0.106 0.038 0.092 0.384 0.041 0.077 
333    C1609    (0)    6 :  0.010 0.021 0.909 0.009 0.009 0.011 0.008 0.024 
334    C1610    (0)    6 :  0.095 0.012 0.231 0.014 0.102 0.085 0.102 0.358 
335    C1611    (0)    6 :  0.012 0.011 0.055 0.039 0.012 0.023 0.018 0.830 
336    C1612    (0)    6 :  0.009 0.008 0.078 0.006 0.010 0.011 0.008 0.869 
337    C1613    (0)    6 :  0.039 0.041 0.227 0.062 0.040 0.027 0.027 0.537 
338    C3173    (9)    6 :  0.053 0.026 0.477 0.058 0.032 0.063 0.064 0.229 
339    C3204    (0)    6 :  0.019 0.017 0.037 0.015 0.020 0.016 0.015 0.862 
340    C3223    (9)    6 :  0.236 0.018 0.024 0.085 0.017 0.132 0.039 0.450 
341    C3262    (0)    6 :  0.051 0.027 0.546 0.028 0.094 0.054 0.024 0.176 
342    C3270    (0)    6 :  0.018 0.042 0.343 0.016 0.013 0.031 0.024 0.513 
343    C3300    (0)    6 :  0.013 0.049 0.759 0.009 0.008 0.013 0.009 0.140 
344    C3330    (0)    6 :  0.032 0.141 0.501 0.020 0.014 0.087 0.029 0.176 
345    C3390    (9)    6 :  0.013 0.017 0.660 0.019 0.016 0.024 0.020 0.230 
346    C3424    (9)    6 :  0.032 0.020 0.321 0.016 0.016 0.057 0.041 0.498 
347    C3958    (0)    6 :  0.010 0.801 0.108 0.014 0.007 0.021 0.014 0.024 
348    C3962    (0)    6 :  0.008 0.879 0.042 0.009 0.006 0.015 0.023 0.017 
349    C4019    (0)    6 :  0.051 0.070 0.021 0.038 0.029 0.180 0.601 0.010 
350    C3995   (18)    6 :  0.011 0.835 0.021 0.032 0.017 0.019 0.019 0.045 
351    C4000    (0)    6 :  0.030 0.442 0.043 0.073 0.015 0.089 0.133 0.174 
352    C4002    (0)    6 :  0.013 0.696 0.048 0.026 0.016 0.031 0.028 0.143 
353    C1692    (0)    7 :  0.201 0.140 0.016 0.029 0.039 0.411 0.140 0.023 
354    C1693    (0)    7 :  0.311 0.045 0.083 0.120 0.013 0.272 0.039 0.118 
355    C1694    (0)    7 :  0.161 0.022 0.090 0.272 0.125 0.129 0.163 0.039 
356    C1698    (0)    7 :  0.252 0.009 0.040 0.121 0.065 0.241 0.263 0.008 
357    C1699    (0)    7 :  0.114 0.022 0.027 0.052 0.382 0.323 0.058 0.023 
358    C1700    (0)    7 :  0.106 0.080 0.058 0.179 0.052 0.191 0.296 0.038 
359    C1701    (0)    7 :  0.058 0.012 0.023 0.030 0.337 0.291 0.236 0.012 
360    C1702    (0)    7 :  0.175 0.015 0.012 0.062 0.079 0.494 0.151 0.011 
361    C1703    (0)    7 :  0.078 0.025 0.017 0.324 0.050 0.095 0.404 0.009 
362    C1704    (0)    7 :  0.110 0.030 0.311 0.271 0.027 0.092 0.138 0.021 
363    C1705    (0)    7 :  0.192 0.227 0.015 0.362 0.017 0.135 0.041 0.011 
364    C1706    (0)    7 :  0.146 0.011 0.015 0.049 0.396 0.272 0.094 0.017 
365    C1707    (0)    7 :  0.300 0.016 0.240 0.034 0.104 0.166 0.034 0.105 
366    C1708    (0)    7 :  0.035 0.014 0.020 0.633 0.024 0.191 0.068 0.017 
367    C1709    (0)    7 :  0.027 0.057 0.021 0.696 0.027 0.082 0.067 0.023 
368    C1710    (0)    7 :  0.107 0.022 0.043 0.080 0.084 0.353 0.293 0.017 
369    C1712    (0)    7 :  0.032 0.035 0.008 0.539 0.014 0.101 0.259 0.012 
370    C1714    (0)    7 :  0.023 0.013 0.023 0.803 0.019 0.068 0.042 0.009 
371    C1715    (0)    7 :  0.410 0.013 0.024 0.018 0.078 0.277 0.165 0.015 
372    C1717    (0)    7 :  0.574 0.015 0.036 0.064 0.022 0.126 0.128 0.037 
373    C1718   (18)    7 :  0.157 0.014 0.068 0.039 0.048 0.131 0.532 0.013 
374    C1719    (0)    7 :  0.022 0.098 0.044 0.582 0.020 0.069 0.104 0.060 
375    C1656    (0)    8 :  0.066 0.042 0.010 0.072 0.383 0.301 0.114 0.013 
376    C1657   (18)    8 :  0.066 0.019 0.015 0.419 0.192 0.162 0.090 0.038 
377    C1658    (0)    8 :  0.390 0.013 0.009 0.041 0.105 0.121 0.315 0.007 
378    C1659    (0)    8 :  0.464 0.015 0.024 0.017 0.120 0.246 0.054 0.060 
379    C1661    (9)    8 :  0.135 0.038 0.066 0.081 0.059 0.201 0.389 0.031 
380    C1665    (0)    8 :  0.107 0.013 0.017 0.032 0.216 0.221 0.367 0.027 
381    C1667    (9)    8 :  0.016 0.006 0.006 0.858 0.019 0.039 0.050 0.007 
382    C1676    (9)    8 :  0.038 0.033 0.014 0.150 0.125 0.255 0.373 0.013 
383    C1681    (9)    8 :  0.309 0.018 0.043 0.107 0.220 0.150 0.143 0.011 
384    C1682    (0)    8 :  0.055 0.019 0.014 0.495 0.074 0.143 0.184 0.015 
385    C1685    (0)    8 :  0.019 0.018 0.013 0.041 0.050 0.357 0.459 0.043 
386    C4707    (0)    9 :  0.015 0.077 0.031 0.025 0.020 0.286 0.519 0.027 
387    C4747    (0)    9 :  0.116 0.101 0.048 0.402 0.016 0.139 0.042 0.136 
388    C4772    (0)    9 :  0.052 0.533 0.037 0.027 0.058 0.070 0.166 0.055 
389    C4781    (0)    9 :  0.045 0.026 0.065 0.556 0.012 0.257 0.031 0.008 
390    C4782    (0)    9 :  0.202 0.078 0.108 0.121 0.059 0.193 0.218 0.020 
391    C4787    (0)    9 :  0.626 0.062 0.029 0.047 0.025 0.133 0.064 0.014 
392    C4790    (0)    9 :  0.017 0.067 0.025 0.551 0.030 0.099 0.198 0.013 
393    C4803    (0)    9 :  0.293 0.096 0.026 0.071 0.028 0.176 0.258 0.051 
394    C4813    (0)    9 :  0.046 0.770 0.007 0.027 0.033 0.062 0.032 0.023 
395    C4837    (0)    9 :  0.118 0.112 0.017 0.024 0.016 0.370 0.303 0.039 
396    C4838    (0)    9 :  0.548 0.058 0.014 0.039 0.045 0.181 0.103 0.012 
397    C4843    (0)    9 :  0.041 0.022 0.015 0.027 0.071 0.560 0.224 0.040 
398    C4857    (0)    9 :  0.062 0.458 0.160 0.023 0.035 0.152 0.046 0.065 
399    C4828    (0)    9 :  0.099 0.024 0.035 0.045 0.100 0.450 0.066 0.180 
400    C4835    (0)    9 :  0.191 0.450 0.021 0.020 0.065 0.190 0.043 0.020 
401    C4836    (9)    9 :  0.194 0.207 0.046 0.091 0.029 0.266 0.148 0.019 
402    C4842    (0)    9 :  0.062 0.028 0.009 0.090 0.207 0.414 0.165 0.023 
403    C4863    (9)    9 :  0.363 0.056 0.035 0.094 0.019 0.326 0.092 0.016 
404    C4744    (0)    9 :  0.085 0.018 0.010 0.240 0.095 0.319 0.175 0.058 
405    C4745    (0)    9 :  0.255 0.064 0.029 0.028 0.096 0.339 0.176 0.013 
406    C4768    (0)    9 :  0.026 0.171 0.073 0.210 0.047 0.111 0.335 0.027 
407    C4769    (0)    9 :  0.117 0.163 0.009 0.068 0.383 0.166 0.079 0.015 
408    C4771    (0)    9 :  0.071 0.019 0.011 0.044 0.046 0.189 0.610 0.010 
409    C4784    (0)    9 :  0.044 0.148 0.047 0.428 0.049 0.201 0.064 0.018 
410    C4785    (0)    9 :  0.022 0.024 0.031 0.748 0.041 0.092 0.027 0.015 
411    C4795    (0)    9 :  0.041 0.072 0.044 0.572 0.021 0.208 0.020 0.021 
412    C4796    (0)    9 :  0.110 0.015 0.015 0.096 0.029 0.087 0.637 0.011 
413    C4800    (0)    9 :  0.466 0.178 0.019 0.013 0.015 0.227 0.073 0.008 
414    C4801    (0)    9 :  0.055 0.477 0.061 0.055 0.196 0.089 0.057 0.009 
415    C4802    (0)    9 :  0.064 0.026 0.593 0.019 0.129 0.078 0.064 0.027 
416    C4805    (0)    9 :  0.051 0.077 0.023 0.122 0.130 0.090 0.497 0.010 
417    C4806    (0)    9 :  0.047 0.044 0.013 0.013 0.124 0.153 0.599 0.008 
418    C4850    (0)    9 :  0.053 0.115 0.049 0.027 0.038 0.341 0.297 0.080 
419    C4748    (0)   10 :  0.041 0.098 0.008 0.096 0.524 0.208 0.016 0.010 
420    C4753    (0)   10 :  0.095 0.029 0.038 0.093 0.052 0.250 0.431 0.011 
421    C4754    (0)   10 :  0.030 0.179 0.025 0.050 0.034 0.234 0.436 0.011 
422    C4760    (0)   10 :  0.193 0.217 0.059 0.022 0.017 0.247 0.163 0.081 
423    C4761    (0)   10 :  0.034 0.387 0.024 0.107 0.336 0.062 0.042 0.009 
424    C4762    (0)   10 :  0.167 0.259 0.010 0.403 0.030 0.061 0.044 0.026 
425    C4791    (0)   10 :  0.312 0.206 0.012 0.047 0.031 0.130 0.255 0.007 
426    C4810    (0)   10 :  0.045 0.024 0.062 0.017 0.720 0.068 0.025 0.038 
427    C4812    (0)   10 :  0.143 0.032 0.034 0.022 0.242 0.165 0.322 0.041 
428    C4821    (0)   10 :  0.082 0.073 0.028 0.050 0.022 0.501 0.175 0.069 
429    C4864    (0)   10 :  0.042 0.474 0.058 0.024 0.020 0.185 0.157 0.041 
430    C4866    (0)   10 :  0.089 0.029 0.009 0.031 0.539 0.162 0.082 0.061 
431    C1722    (0)   10 :  0.239 0.012 0.039 0.037 0.316 0.169 0.161 0.027 
432    C1724    (0)   10 :  0.174 0.015 0.006 0.012 0.682 0.056 0.044 0.011 
433    C1725    (0)   10 :  0.135 0.010 0.025 0.058 0.341 0.189 0.172 0.070 
434    C1726    (0)   10 :  0.204 0.012 0.012 0.072 0.040 0.415 0.235 0.011 
435    C1731    (0)   10 :  0.108 0.035 0.013 0.074 0.314 0.254 0.132 0.069 
436    C1733    (9)   10 :  0.322 0.027 0.022 0.014 0.220 0.329 0.044 0.022 
437    C1734    (0)   10 :  0.391 0.050 0.013 0.028 0.035 0.154 0.248 0.080 
438    C1735    (0)   10 :  0.439 0.008 0.008 0.028 0.184 0.190 0.126 0.017 
439    C1738    (0)   10 :  0.420 0.025 0.014 0.014 0.323 0.066 0.070 0.069 
440    C1740    (9)   10 :  0.130 0.024 0.041 0.036 0.105 0.350 0.150 0.164 
441    C1741    (0)   10 :  0.238 0.138 0.107 0.087 0.014 0.320 0.052 0.044 
442    C1742    (0)   10 :  0.026 0.013 0.014 0.011 0.035 0.045 0.835 0.021 
443    C1743    (0)   10 :  0.154 0.018 0.016 0.387 0.078 0.095 0.223 0.029 
444    C1745    (0)   10 :  0.188 0.031 0.024 0.018 0.043 0.569 0.110 0.018 
445    C1746    (0)   10 :  0.164 0.041 0.036 0.123 0.212 0.221 0.172 0.031 
446    C1747    (0)   10 :  0.193 0.018 0.119 0.151 0.228 0.191 0.082 0.017 
447    C4742    (9)   10 :  0.031 0.638 0.015 0.057 0.036 0.088 0.107 0.029 
448    C4752    (0)   10 :  0.035 0.730 0.023 0.027 0.065 0.058 0.016 0.047 
449    C4792    (0)   10 :  0.069 0.105 0.051 0.076 0.083 0.398 0.135 0.085 
450    C4811    (0)   10 :  0.052 0.739 0.049 0.017 0.016 0.051 0.024 0.054 
451    C4814    (0)   10 :  0.036 0.508 0.014 0.056 0.035 0.235 0.086 0.030 
452    C4815    (0)   10 :  0.604 0.065 0.056 0.028 0.026 0.142 0.052 0.027 
453    C4818    (0)   10 :  0.138 0.165 0.029 0.066 0.099 0.193 0.086 0.223 
454    C4819    (0)   10 :  0.038 0.223 0.028 0.040 0.162 0.339 0.106 0.063 
455    C4826    (0)   10 :  0.205 0.033 0.010 0.060 0.055 0.208 0.421 0.008 
456    C4829    (0)   10 :  0.103 0.015 0.069 0.199 0.045 0.270 0.279 0.020 
457    C4830    (0)   10 :  0.037 0.028 0.008 0.136 0.012 0.262 0.492 0.025 
458    C4831    (0)   10 :  0.020 0.442 0.182 0.046 0.055 0.111 0.104 0.042 
459    C4832    (0)   10 :  0.032 0.055 0.012 0.274 0.072 0.189 0.354 0.013 
460    C4858    (0)   10 :  0.046 0.294 0.028 0.484 0.014 0.076 0.050 0.007 
