

----------------------------------------------------
STRUCTURE by Pritchard, Stephens and Donnelly (2000)
     and Falush, Stephens and Pritchard (2003)
       Code by Pritchard, Falush and Hubisz
             Version 2.3.4 (Jul 2012)
----------------------------------------------------



Command line arguments:   bin\structure -m C:\Users\eschumacher\Documents\Butternut\butternut_STRUCTURE_withQU\50-50\mainparams -e C:\Users\eschumacher\Documents\Butternut\butternut_STRUCTURE_withQU\50-50\extraparams 
Input File:    C:\Users\eschumacher\Documents\Butternut\butternut_STRUCTURE_withQU\project_data

Run parameters:
   1015 individuals
   11 loci
   3 populations assumed
   50000 Burn-in period
   50000 Reps


--------------------------------------------
Proportion of membership of each pre-defined
 population in each of the 3 clusters

Given    Inferred Clusters       Number of
 Pop       1      2      3      Individuals

  1:     0.143  0.074  0.782       40
  2:     0.125  0.095  0.780       46
  3:     0.082  0.079  0.839       63
  4:     0.187  0.064  0.749       48
  5:     0.109  0.082  0.809       85
  6:     0.112  0.078  0.810       70
  7:     0.332  0.592  0.076       22
  8:     0.441  0.529  0.029       11
  9:     0.461  0.374  0.165       33
 10:     0.502  0.334  0.164       48
 11:     0.407  0.349  0.244       48
 12:     0.918  0.038  0.044       13
 13:     0.903  0.030  0.067        9
 14:     0.325  0.594  0.081       90
 15:     0.190  0.765  0.045       63
 16:     0.404  0.453  0.144       16
 17:     0.548  0.277  0.175       31
 18:     0.796  0.170  0.034       16
 19:     0.155  0.703  0.143       24
 20:     0.251  0.645  0.103       12
 21:     0.342  0.576  0.082       54
 22:     0.470  0.433  0.097       96
 23:     0.412  0.507  0.082       22
 24:     0.659  0.145  0.196       23
 25:     0.491  0.465  0.043       13
 26:     0.280  0.612  0.107       19
--------------------------------------------

Allele-freq. divergence among pops (Net nucleotide distance),
computed using point estimates of P.

      1       2       3      
 1      -    0.0056  0.0201  
 2   0.0056     -    0.0231  
 3   0.0201  0.0231     -    

Average distances (expected heterozygosity) between individuals in same cluster:
cluster  1  : 0.8541 
cluster  2  : 0.8554 
cluster  3  : 0.8342 

--------------------------------------------
Estimated Ln Prob of Data   = -48322.9
Mean value of ln likelihood = -47726.8
Variance of ln likelihood   = 1192.3
Mean value of alpha         = 0.0693

Mean value of Fst_1         = 0.0115
Mean value of Fst_2         = 0.0133
Mean value of Fst_3         = 0.0389


Inferred ancestry of individuals:
        Label (%Miss) Pop:  Inferred clusters
  1    C3984    (0)    1 :  0.015 0.016 0.969 
  2    C3985    (0)    1 :  0.023 0.016 0.961 
  3    C3986    (0)    1 :  0.010 0.013 0.977 
  4    C4231    (0)    1 :  0.074 0.030 0.896 
  5    C4344    (0)    1 :  0.023 0.052 0.926 
  6    C4347   (18)    1 :  0.049 0.019 0.932 
  7    C4352   (18)    1 :  0.030 0.034 0.936 
  8    C4355    (9)    1 :  0.032 0.026 0.942 
  9    C4358   (18)    1 :  0.212 0.733 0.055 
 10    C4419    (9)    1 :  0.388 0.036 0.576 
 11    C4428    (9)    1 :  0.020 0.013 0.967 
 12    C4436    (0)    1 :  0.026 0.015 0.960 
 13    C4437   (18)    1 :  0.148 0.034 0.819 
 14    C4450    (0)    1 :  0.180 0.118 0.701 
 15    C4531    (0)    1 :  0.455 0.046 0.498 
 16    C1615    (0)    1 :  0.217 0.108 0.675 
 17    C1616    (0)    1 :  0.568 0.202 0.230 
 18    C1617    (9)    1 :  0.037 0.018 0.946 
 19    C1618    (0)    1 :  0.101 0.070 0.829 
 20    C1619    (0)    1 :  0.087 0.123 0.791 
 21    C1620    (9)    1 :  0.126 0.132 0.742 
 22    C1621    (0)    1 :  0.680 0.200 0.120 
 23    C1623    (9)    1 :  0.674 0.195 0.130 
 24    C1625    (0)    1 :  0.194 0.139 0.667 
 25    C1626    (0)    1 :  0.721 0.076 0.203 
 26    C1627    (9)    1 :  0.084 0.047 0.869 
 27    C1633    (0)    1 :  0.061 0.025 0.914 
 28    C1637    (0)    1 :  0.048 0.023 0.929 
 29    C1650    (0)    1 :  0.066 0.031 0.903 
 30    C3202    (0)    1 :  0.023 0.018 0.958 
 31    C3248    (0)    1 :  0.025 0.032 0.943 
 32    C3304    (9)    1 :  0.041 0.028 0.931 
 33    C3326    (0)    1 :  0.076 0.061 0.863 
 34    C3333    (0)    1 :  0.031 0.045 0.924 
 35    C3339   (18)    1 :  0.030 0.047 0.923 
 36    C3346    (0)    1 :  0.010 0.014 0.977 
 37    C3349    (0)    1 :  0.027 0.050 0.923 
 38    C3367   (18)    1 :  0.039 0.024 0.936 
 39    C3374    (0)    1 :  0.013 0.014 0.973 
 40    C3405    (0)    1 :  0.068 0.056 0.876 
 41    C4543    (0)    2 :  0.034 0.019 0.947 
 42    C4545    (9)    2 :  0.021 0.024 0.955 
 43    C4551    (9)    2 :  0.249 0.271 0.481 
 44    C4491    (0)    2 :  0.087 0.131 0.782 
 45    C4494    (0)    2 :  0.011 0.012 0.977 
 46    C4495    (0)    2 :  0.033 0.257 0.710 
 47    C4497    (9)    2 :  0.018 0.022 0.960 
 48    C4501    (0)    2 :  0.207 0.116 0.677 
 49    C4502    (0)    2 :  0.028 0.027 0.945 
 50    C4503    (0)    2 :  0.174 0.284 0.543 
 51    C4504    (0)    2 :  0.048 0.616 0.336 
 52    C4470    (0)    2 :  0.140 0.145 0.715 
 53    C4471    (0)    2 :  0.042 0.043 0.916 
 54    C4474    (9)    2 :  0.569 0.201 0.231 
 55    C4476    (0)    2 :  0.031 0.026 0.943 
 56    C4478    (0)    2 :  0.031 0.036 0.933 
 57    C4479    (0)    2 :  0.068 0.017 0.915 
 58    C4482    (0)    2 :  0.138 0.037 0.824 
 59    C4483    (0)    2 :  0.452 0.081 0.467 
 60    C4484    (0)    2 :  0.060 0.069 0.870 
 61    C4485    (0)    2 :  0.093 0.169 0.739 
 62    C4489    (0)    2 :  0.023 0.022 0.955 
 63    C4505    (0)    2 :  0.032 0.044 0.924 
 64    C4507    (0)    2 :  0.100 0.195 0.705 
 65    C4535    (0)    2 :  0.352 0.144 0.504 
 66    C4542    (0)    2 :  0.792 0.135 0.073 
 67    C4553    (9)    2 :  0.059 0.039 0.902 
 68    C4562   (18)    2 :  0.051 0.053 0.896 
 69    C4582   (18)    2 :  0.277 0.061 0.663 
 70    C4693    (0)    2 :  0.116 0.012 0.872 
 71    C4696    (0)    2 :  0.135 0.110 0.755 
 72    C3179    (0)    2 :  0.019 0.106 0.876 
 73    C3181    (0)    2 :  0.067 0.051 0.882 
 74    C3188    (0)    2 :  0.048 0.064 0.888 
 75    C3190    (0)    2 :  0.044 0.023 0.934 
 76    C3193    (0)    2 :  0.021 0.019 0.960 
 77    C3232    (0)    2 :  0.016 0.013 0.971 
 78    C3236    (0)    2 :  0.009 0.010 0.980 
 79    C3249    (0)    2 :  0.075 0.053 0.872 
 80    C3250    (0)    2 :  0.024 0.015 0.961 
 81    C3253    (0)    2 :  0.028 0.027 0.945 
 82    C3255    (0)    2 :  0.016 0.015 0.969 
 83    C3277    (0)    2 :  0.194 0.140 0.666 
 84    C3315    (0)    2 :  0.533 0.238 0.229 
 85    C3288    (0)    2 :  0.036 0.023 0.941 
 86    C3293    (0)    2 :  0.142 0.168 0.690 
 87    C4018    (0)    3 :  0.015 0.010 0.975 
 88    C3980    (0)    3 :  0.055 0.017 0.928 
 89    C3987    (0)    3 :  0.036 0.015 0.949 
 90    C3988    (0)    3 :  0.016 0.014 0.970 
 91    C3989    (0)    3 :  0.038 0.050 0.912 
 92    C4011    (0)    3 :  0.009 0.007 0.984 
 93    C4017    (0)    3 :  0.014 0.011 0.975 
 94    C4296    (0)    3 :  0.376 0.259 0.365 
 95    C4301    (9)    3 :  0.438 0.505 0.058 
 96    C4303    (0)    3 :  0.402 0.152 0.446 
 97    C4453    (0)    3 :  0.051 0.048 0.900 
 98    C4455    (9)    3 :  0.034 0.023 0.943 
 99    C4456   (18)    3 :  0.284 0.125 0.590 
100    C4457    (9)    3 :  0.193 0.122 0.685 
101    C4459    (9)    3 :  0.023 0.017 0.960 
102    C4464   (18)    3 :  0.012 0.013 0.976 
103    C4468    (9)    3 :  0.062 0.023 0.915 
104    C4783    (0)    3 :  0.026 0.031 0.943 
105    C4786    (0)    3 :  0.020 0.014 0.965 
106    C4789    (9)    3 :  0.030 0.016 0.955 
107    C4891    (0)    3 :  0.032 0.046 0.922 
108    C4896    (0)    3 :  0.142 0.042 0.816 
109    C4898    (0)    3 :  0.040 0.026 0.935 
110    C4901    (0)    3 :  0.042 0.011 0.946 
111    C4903    (9)    3 :  0.172 0.043 0.785 
112    C4904    (0)    3 :  0.020 0.036 0.944 
113    C3263    (0)    3 :  0.024 0.110 0.866 
114    C3271    (0)    3 :  0.016 0.025 0.959 
115    C3272    (0)    3 :  0.027 0.063 0.909 
116    C3276    (0)    3 :  0.240 0.185 0.575 
117    C3280    (9)    3 :  0.075 0.281 0.643 
118    C3305    (9)    3 :  0.027 0.032 0.941 
119    C3306    (0)    3 :  0.078 0.079 0.843 
120    C3324    (0)    3 :  0.032 0.528 0.440 
121    C3329    (0)    3 :  0.098 0.088 0.814 
122    C3336    (0)    3 :  0.040 0.060 0.900 
123    C3341   (18)    3 :  0.226 0.584 0.189 
124    C3409   (18)    3 :  0.269 0.138 0.593 
125    C3168    (9)    3 :  0.019 0.025 0.956 
126    C3170    (0)    3 :  0.022 0.033 0.945 
127    C3214   (18)    3 :  0.265 0.016 0.719 
128    C3227    (0)    3 :  0.042 0.021 0.936 
129    C3228    (0)    3 :  0.107 0.055 0.838 
130    C3278    (0)    3 :  0.028 0.051 0.921 
131    C3279    (0)    3 :  0.046 0.056 0.898 
132    C3321    (0)    3 :  0.012 0.010 0.978 
133    C3322    (0)    3 :  0.235 0.078 0.687 
134    C3303    (0)    3 :  0.048 0.076 0.876 
135    C3317    (0)    3 :  0.023 0.027 0.949 
136    C3355    (0)    3 :  0.014 0.017 0.969 
137    C3376    (9)    3 :  0.096 0.022 0.882 
138    C3401    (0)    3 :  0.054 0.050 0.895 
139    C3203    (9)    3 :  0.062 0.043 0.895 
140    C3245    (0)    3 :  0.049 0.047 0.903 
141    C3302    (0)    3 :  0.040 0.058 0.902 
142    C3307    (0)    3 :  0.055 0.088 0.856 
143    C3310    (0)    3 :  0.018 0.037 0.945 
144    C3312    (9)    3 :  0.054 0.054 0.892 
145    C3345    (0)    3 :  0.015 0.025 0.959 
146    C3371    (0)    3 :  0.018 0.063 0.919 
147    C3372    (0)    3 :  0.034 0.054 0.912 
148    C3380    (9)    3 :  0.014 0.009 0.977 
149    C3417    (0)    3 :  0.061 0.125 0.814 
150    C4569    (9)    4 :  0.517 0.254 0.229 
151    C4570    (9)    4 :  0.073 0.029 0.898 
152    C4571    (9)    4 :  0.111 0.019 0.870 
153    C4572    (9)    4 :  0.231 0.026 0.743 
154    C4573    (9)    4 :  0.868 0.057 0.075 
155    C4575    (9)    4 :  0.595 0.042 0.363 
156    C4577    (9)    4 :  0.099 0.025 0.876 
157    C4578    (9)    4 :  0.611 0.085 0.304 
158    C4600   (18)    4 :  0.224 0.212 0.564 
159    C4612    (9)    4 :  0.692 0.042 0.267 
160    C4621    (0)    4 :  0.045 0.012 0.944 
161    C4622    (9)    4 :  0.029 0.023 0.948 
162    C4623    (0)    4 :  0.193 0.209 0.598 
163    C4624    (0)    4 :  0.342 0.055 0.603 
164    C4625    (0)    4 :  0.826 0.058 0.116 
165    C4627    (0)    4 :  0.103 0.047 0.850 
166    C4631    (0)    4 :  0.179 0.287 0.533 
167    C4632    (0)    4 :  0.046 0.023 0.931 
168    C3939    (0)    4 :  0.031 0.025 0.944 
169    C3940    (0)    4 :  0.267 0.077 0.656 
170    C3945    (0)    4 :  0.015 0.018 0.967 
171    C4520    (0)    4 :  0.277 0.238 0.484 
172    C4522    (0)    4 :  0.015 0.012 0.973 
173    C3182    (0)    4 :  0.019 0.024 0.957 
174    C3189    (0)    4 :  0.216 0.134 0.650 
175    C3191    (9)    4 :  0.065 0.066 0.869 
176    C3196    (0)    4 :  0.040 0.051 0.908 
177    C3208    (0)    4 :  0.075 0.044 0.881 
178    C3211    (0)    4 :  0.025 0.037 0.938 
179    C3212    (0)    4 :  0.428 0.247 0.325 
180    C3213    (0)    4 :  0.027 0.063 0.910 
181    C3215    (0)    4 :  0.631 0.058 0.311 
182    C3217    (0)    4 :  0.024 0.041 0.935 
183    C3225    (9)    4 :  0.049 0.044 0.907 
184    C3226    (0)    4 :  0.012 0.012 0.975 
185    C3238    (9)    4 :  0.031 0.015 0.954 
186    C3239    (0)    4 :  0.033 0.027 0.940 
187    C3269   (18)    4 :  0.397 0.037 0.566 
188    C3273    (0)    4 :  0.042 0.019 0.938 
189    C3274    (0)    4 :  0.246 0.075 0.678 
190    C3354    (0)    4 :  0.053 0.037 0.910 
191    C3361    (0)    4 :  0.033 0.019 0.947 
192    C3289    (0)    4 :  0.021 0.018 0.962 
193    C3169    (0)    4 :  0.018 0.013 0.969 
194    C3199    (9)    4 :  0.035 0.015 0.950 
195    C3224    (0)    4 :  0.028 0.033 0.938 
196    C3261   (18)    4 :  0.013 0.026 0.961 
197    C3320    (0)    4 :  0.038 0.031 0.931 
198    C4151    (0)    5 :  0.033 0.014 0.953 
199    C4152    (0)    5 :  0.105 0.019 0.876 
200    C4153    (0)    5 :  0.053 0.025 0.922 
201    C4154   (18)    5 :  0.017 0.028 0.955 
202    C4157    (0)    5 :  0.030 0.034 0.935 
203    C4158    (0)    5 :  0.107 0.017 0.876 
204    C4163    (0)    5 :  0.029 0.011 0.960 
205    C4165    (0)    5 :  0.094 0.522 0.384 
206    C4248    (9)    5 :  0.026 0.032 0.941 
207    C4371    (9)    5 :  0.032 0.046 0.922 
208    C3936    (0)    5 :  0.048 0.037 0.915 
209    C3937    (0)    5 :  0.061 0.014 0.925 
210    C3944    (0)    5 :  0.013 0.012 0.976 
211    C3954    (0)    5 :  0.020 0.011 0.969 
212    C3955    (9)    5 :  0.035 0.016 0.949 
213    C3961    (0)    5 :  0.020 0.029 0.951 
214    C3974    (0)    5 :  0.137 0.033 0.830 
215    C4024    (0)    5 :  0.021 0.035 0.943 
216    C4025    (0)    5 :  0.083 0.034 0.883 
217    C4028    (0)    5 :  0.251 0.032 0.717 
218    C4032   (18)    5 :  0.021 0.014 0.965 
219    C4033   (18)    5 :  0.018 0.021 0.961 
220    C4034    (0)    5 :  0.047 0.166 0.787 
221    C4041    (9)    5 :  0.102 0.225 0.673 
222    C4043    (9)    5 :  0.027 0.026 0.947 
223    C4044    (9)    5 :  0.133 0.635 0.232 
224    C4045    (9)    5 :  0.049 0.022 0.929 
225    C4046    (9)    5 :  0.039 0.040 0.921 
226    C4047    (0)    5 :  0.102 0.097 0.801 
227    C4048    (9)    5 :  0.142 0.203 0.655 
228    C4055    (9)    5 :  0.074 0.044 0.883 
229    C4057   (18)    5 :  0.018 0.035 0.948 
230    C4059    (0)    5 :  0.030 0.018 0.952 
231    C4060    (9)    5 :  0.055 0.024 0.922 
232    C4064    (9)    5 :  0.539 0.071 0.389 
233    C4067    (0)    5 :  0.083 0.168 0.749 
234    C4068    (9)    5 :  0.038 0.028 0.934 
235    C4070    (9)    5 :  0.053 0.140 0.807 
236    C4075   (18)    5 :  0.030 0.028 0.942 
237    C4081    (9)    5 :  0.062 0.051 0.887 
238    C4082    (0)    5 :  0.045 0.031 0.924 
239    C4083    (0)    5 :  0.162 0.457 0.381 
240    C4086    (0)    5 :  0.102 0.048 0.850 
241    C4088    (9)    5 :  0.841 0.045 0.114 
242    C4092    (0)    5 :  0.018 0.045 0.937 
243    C4099    (9)    5 :  0.094 0.076 0.830 
244    C4104    (0)    5 :  0.027 0.039 0.935 
245    C4108   (18)    5 :  0.353 0.629 0.018 
246    C4118    (0)    5 :  0.257 0.243 0.499 
247    C4131    (0)    5 :  0.074 0.028 0.899 
248    C4133    (0)    5 :  0.021 0.017 0.962 
249    C4135    (0)    5 :  0.009 0.010 0.981 
250    C4136    (0)    5 :  0.661 0.080 0.259 
251    C4137    (9)    5 :  0.032 0.026 0.942 
252    C4139    (0)    5 :  0.017 0.016 0.967 
253    C4140    (9)    5 :  0.013 0.022 0.965 
254    C4167    (0)    5 :  0.388 0.050 0.562 
255    C4236    (0)    5 :  0.118 0.050 0.832 
256    C4237    (0)    5 :  0.862 0.068 0.071 
257    C4238    (0)    5 :  0.058 0.026 0.916 
258    C4241    (0)    5 :  0.026 0.030 0.945 
259    C4247    (9)    5 :  0.145 0.229 0.626 
260    C4257    (0)    5 :  0.064 0.029 0.907 
261    C4383    (0)    5 :  0.202 0.253 0.545 
262    C4397    (9)    5 :  0.019 0.015 0.967 
263    C4514    (0)    5 :  0.018 0.019 0.963 
264    C4519    (0)    5 :  0.127 0.028 0.845 
265    C4527    (0)    5 :  0.015 0.023 0.962 
266    C4534    (0)    5 :  0.036 0.100 0.863 
267    C4699    (0)    5 :  0.162 0.064 0.773 
268    C1541    (9)    5 :  0.019 0.016 0.965 
269    C1542    (9)    5 :  0.025 0.022 0.953 
270    C1544    (0)    5 :  0.027 0.021 0.952 
271    C1547    (9)    5 :  0.401 0.317 0.282 
272    C1553    (9)    5 :  0.324 0.305 0.371 
273    C1555    (9)    5 :  0.093 0.036 0.871 
274    C1557    (0)    5 :  0.034 0.027 0.940 
275    C1560    (0)    5 :  0.034 0.027 0.939 
276    C1565    (0)    5 :  0.027 0.070 0.903 
277    C1567    (0)    5 :  0.104 0.039 0.857 
278    C1569    (0)    5 :  0.028 0.023 0.949 
279    C1571    (0)    5 :  0.104 0.077 0.820 
280    C1576    (0)    5 :  0.141 0.029 0.830 
281    C1577    (9)    5 :  0.054 0.039 0.906 
282    C1579    (0)    5 :  0.032 0.029 0.939 
283    C3990    (0)    6 :  0.015 0.012 0.973 
284    C3991    (0)    6 :  0.240 0.064 0.695 
285    C3992    (0)    6 :  0.316 0.026 0.659 
286    C3994    (0)    6 :  0.121 0.087 0.792 
287    C4172    (0)    6 :  0.850 0.091 0.059 
288    C4173    (9)    6 :  0.132 0.457 0.411 
289    C4232    (9)    6 :  0.014 0.010 0.976 
290    C4234    (9)    6 :  0.014 0.014 0.972 
291    C4259    (0)    6 :  0.015 0.018 0.968 
292    C4260    (0)    6 :  0.013 0.011 0.976 
293    C4261    (9)    6 :  0.134 0.230 0.636 
294    C4262    (0)    6 :  0.039 0.044 0.917 
295    C4263    (0)    6 :  0.041 0.042 0.916 
296    C4267    (9)    6 :  0.045 0.020 0.935 
297    C4269    (0)    6 :  0.039 0.040 0.922 
298    C4272    (0)    6 :  0.018 0.024 0.959 
299    C4274    (0)    6 :  0.545 0.029 0.425 
300    C4276    (9)    6 :  0.922 0.044 0.034 
301    C4278    (0)    6 :  0.043 0.068 0.889 
302    C4280    (0)    6 :  0.036 0.031 0.933 
303    C4281    (0)    6 :  0.070 0.021 0.909 
304    C4282    (0)    6 :  0.043 0.707 0.250 
305    C4284    (9)    6 :  0.013 0.011 0.976 
306    C4286    (9)    6 :  0.203 0.041 0.756 
307    C4287    (0)    6 :  0.057 0.062 0.881 
308    C4290    (0)    6 :  0.882 0.070 0.048 
309    C4307   (18)    6 :  0.028 0.053 0.919 
310    C4310    (9)    6 :  0.060 0.021 0.919 
311    C4311   (18)    6 :  0.040 0.043 0.917 
312    C4312    (0)    6 :  0.027 0.017 0.957 
313    C4314    (0)    6 :  0.388 0.027 0.585 
314    C4318    (9)    6 :  0.043 0.109 0.849 
315    C4321    (9)    6 :  0.030 0.031 0.939 
316    C4324    (0)    6 :  0.037 0.067 0.897 
317    C4334    (0)    6 :  0.013 0.025 0.962 
318    C4529    (0)    6 :  0.079 0.046 0.875 
319    C1582    (9)    6 :  0.028 0.017 0.955 
320    C1583    (0)    6 :  0.064 0.040 0.896 
321    C1584    (9)    6 :  0.045 0.023 0.933 
322    C1585    (0)    6 :  0.017 0.012 0.971 
323    C1586    (0)    6 :  0.024 0.070 0.906 
324    C1589    (0)    6 :  0.018 0.013 0.970 
325    C1591    (0)    6 :  0.015 0.013 0.973 
326    C1592    (0)    6 :  0.047 0.037 0.916 
327    C1594    (0)    6 :  0.063 0.021 0.916 
328    C1597    (9)    6 :  0.037 0.045 0.918 
329    C1598    (9)    6 :  0.038 0.020 0.942 
330    C1599    (0)    6 :  0.018 0.021 0.961 
331    C1601    (0)    6 :  0.092 0.053 0.856 
332    C1605    (0)    6 :  0.598 0.189 0.213 
333    C1609    (0)    6 :  0.013 0.014 0.973 
334    C1610    (0)    6 :  0.169 0.103 0.728 
335    C1611    (0)    6 :  0.022 0.101 0.877 
336    C1612    (0)    6 :  0.015 0.014 0.972 
337    C1613    (0)    6 :  0.037 0.044 0.919 
338    C3173    (9)    6 :  0.083 0.132 0.786 
339    C3204    (0)    6 :  0.034 0.027 0.939 
340    C3223    (9)    6 :  0.086 0.586 0.328 
341    C3262    (0)    6 :  0.097 0.036 0.867 
342    C3270    (0)    6 :  0.022 0.020 0.958 
343    C3300    (0)    6 :  0.011 0.010 0.979 
344    C3330    (0)    6 :  0.032 0.033 0.935 
345    C3390    (9)    6 :  0.018 0.020 0.962 
346    C3424    (9)    6 :  0.029 0.020 0.951 
347    C3958    (0)    6 :  0.022 0.023 0.955 
348    C3962    (0)    6 :  0.013 0.014 0.973 
349    C4019    (0)    6 :  0.231 0.712 0.057 
350    C3995   (18)    6 :  0.068 0.091 0.842 
351    C4000    (0)    6 :  0.087 0.136 0.777 
352    C4002    (0)    6 :  0.027 0.030 0.943 
353    C1692    (0)    7 :  0.596 0.348 0.056 
354    C1693    (0)    7 :  0.267 0.413 0.320 
355    C1694    (0)    7 :  0.166 0.748 0.086 
356    C1698    (0)    7 :  0.102 0.884 0.015 
357    C1699    (0)    7 :  0.477 0.486 0.037 
358    C1700    (0)    7 :  0.456 0.383 0.162 
359    C1701    (0)    7 :  0.660 0.319 0.021 
360    C1702    (0)    7 :  0.456 0.527 0.017 
361    C1703    (0)    7 :  0.240 0.743 0.017 
362    C1704    (0)    7 :  0.146 0.706 0.147 
363    C1705    (0)    7 :  0.521 0.416 0.062 
364    C1706    (0)    7 :  0.588 0.392 0.020 
365    C1707    (0)    7 :  0.651 0.061 0.288 
366    C1708    (0)    7 :  0.033 0.945 0.021 
367    C1709    (0)    7 :  0.067 0.889 0.044 
368    C1710    (0)    7 :  0.252 0.706 0.042 
369    C1712    (0)    7 :  0.038 0.945 0.017 
370    C1714    (0)    7 :  0.044 0.936 0.020 
371    C1715    (0)    7 :  0.773 0.198 0.029 
372    C1717    (0)    7 :  0.424 0.515 0.061 
373    C1718   (18)    7 :  0.285 0.675 0.040 
374    C1719    (0)    7 :  0.062 0.792 0.146 
375    C1656    (0)    8 :  0.821 0.162 0.017 
376    C1657   (18)    8 :  0.172 0.802 0.026 
377    C1658    (0)    8 :  0.597 0.391 0.012 
378    C1659    (0)    8 :  0.885 0.065 0.050 
379    C1661    (9)    8 :  0.745 0.208 0.047 
380    C1665    (0)    8 :  0.343 0.631 0.027 
381    C1667    (9)    8 :  0.022 0.970 0.008 
382    C1676    (9)    8 :  0.345 0.626 0.028 
383    C1681    (9)    8 :  0.614 0.353 0.033 
384    C1682    (0)    8 :  0.116 0.862 0.022 
385    C1685    (0)    8 :  0.195 0.751 0.054 
386    C4707    (0)    9 :  0.493 0.460 0.048 
387    C4747    (0)    9 :  0.130 0.490 0.380 
388    C4772    (0)    9 :  0.333 0.204 0.463 
389    C4781    (0)    9 :  0.522 0.413 0.065 
390    C4782    (0)    9 :  0.453 0.358 0.189 
391    C4787    (0)    9 :  0.484 0.413 0.103 
392    C4790    (0)    9 :  0.041 0.918 0.040 
393    C4803    (0)    9 :  0.477 0.411 0.112 
394    C4813    (0)    9 :  0.550 0.133 0.317 
395    C4837    (0)    9 :  0.492 0.358 0.150 
396    C4838    (0)    9 :  0.772 0.192 0.036 
397    C4843    (0)    9 :  0.619 0.302 0.079 
398    C4857    (0)    9 :  0.142 0.033 0.826 
399    C4828    (0)    9 :  0.506 0.171 0.322 
400    C4835    (0)    9 :  0.698 0.070 0.232 
401    C4836    (9)    9 :  0.428 0.422 0.150 
402    C4842    (0)    9 :  0.436 0.535 0.029 
403    C4863    (9)    9 :  0.431 0.514 0.055 
404    C4744    (0)    9 :  0.111 0.858 0.031 
405    C4745    (0)    9 :  0.664 0.284 0.053 
406    C4768    (0)    9 :  0.268 0.572 0.160 
407    C4769    (0)    9 :  0.848 0.127 0.025 
408    C4771    (0)    9 :  0.550 0.429 0.021 
409    C4784    (0)    9 :  0.302 0.500 0.198 
410    C4785    (0)    9 :  0.090 0.869 0.041 
411    C4795    (0)    9 :  0.556 0.261 0.184 
412    C4796    (0)    9 :  0.208 0.770 0.021 
413    C4800    (0)    9 :  0.860 0.059 0.080 
414    C4801    (0)    9 :  0.709 0.168 0.123 
415    C4802    (0)    9 :  0.311 0.117 0.572 
416    C4805    (0)    9 :  0.400 0.556 0.044 
417    C4806    (0)    9 :  0.751 0.225 0.024 
418    C4850    (0)    9 :  0.588 0.151 0.261 
419    C4748    (0)   10 :  0.931 0.044 0.025 
420    C4753    (0)   10 :  0.189 0.767 0.044 
421    C4754    (0)   10 :  0.515 0.443 0.042 
422    C4760    (0)   10 :  0.516 0.125 0.359 
423    C4761    (0)   10 :  0.796 0.142 0.062 
424    C4762    (0)   10 :  0.259 0.663 0.078 
425    C4791    (0)   10 :  0.472 0.497 0.032 
426    C4810    (0)   10 :  0.860 0.050 0.090 
427    C4812    (0)   10 :  0.777 0.152 0.072 
428    C4821    (0)   10 :  0.566 0.183 0.251 
429    C4864    (0)   10 :  0.420 0.068 0.512 
430    C4866    (0)   10 :  0.912 0.070 0.018 
431    C1722    (0)   10 :  0.754 0.204 0.042 
432    C1724    (0)   10 :  0.767 0.219 0.013 
433    C1725    (0)   10 :  0.399 0.563 0.037 
434    C1726    (0)   10 :  0.338 0.644 0.017 
435    C1731    (0)   10 :  0.609 0.349 0.042 
436    C1733    (9)   10 :  0.945 0.031 0.024 
437    C1734    (0)   10 :  0.632 0.319 0.049 
438    C1735    (0)   10 :  0.404 0.584 0.012 
439    C1738    (0)   10 :  0.903 0.064 0.033 
440    C1740    (9)   10 :  0.701 0.198 0.101 
441    C1741    (0)   10 :  0.197 0.286 0.517 
442    C1742    (0)   10 :  0.164 0.794 0.043 
443    C1743    (0)   10 :  0.113 0.856 0.031 
444    C1745    (0)   10 :  0.605 0.346 0.049 
445    C1746    (0)   10 :  0.640 0.280 0.080 
446    C1747    (0)   10 :  0.561 0.377 0.061 
447    C4742    (9)   10 :  0.399 0.401 0.200 
448    C4752    (0)   10 :  0.294 0.047 0.659 
449    C4792    (0)   10 :  0.560 0.090 0.349 
450    C4811    (0)   10 :  0.176 0.039 0.784 
451    C4814    (0)   10 :  0.653 0.129 0.218 
452    C4815    (0)   10 :  0.640 0.160 0.200 
453    C4818    (0)   10 :  0.505 0.106 0.389 
454    C4819    (0)   10 :  0.507 0.296 0.197 
455    C4826    (0)   10 :  0.419 0.564 0.017 
456    C4829    (0)   10 :  0.177 0.757 0.066 
457    C4830    (0)   10 :  0.152 0.817 0.032 
458    C4831    (0)   10 :  0.165 0.080 0.755 
459    C4832    (0)   10 :  0.520 0.457 0.023 
460    C4858    (0)   10 :  0.347 0.568 0.086 
461    C4757    (0)   10 :  0.653 0.115 0.232 
462    C4770    (9)   10 :  0.142 0.071 0.787 
463    C4808    (0)   10 :  0.741 0.200 0.059 
464    C4809    (0)   10 :  0.686 0.300 0.014 
465    C4820    (0)   10 :  0.296 0.648 0.057 
466    C4824    (0)   10 :  0.106 0.873 0.021 
467    C4706    (0)   11 :  0.809 0.176 0.016 
468    C4708    (0)   11 :  0.055 0.018 0.927 
469    C4709    (0)   11 :  0.165 0.786 0.049 
470    C4714    (0)   11 :  0.310 0.424 0.266 
471    C4722    (0)   11 :  0.264 0.692 0.044 
472    C4726    (0)   11 :  0.690 0.103 0.207 
473    C4733    (0)   11 :  0.447 0.194 0.358 
474    C4734    (0)   11 :  0.773 0.181 0.046 
475    C4737    (0)   11 :  0.050 0.919 0.031 
476    C4882    (0)   11 :  0.608 0.372 0.020 
477    C4883    (0)   11 :  0.076 0.615 0.309 
478    C4702    (9)   11 :  0.434 0.342 0.224 
479    C4703    (0)   11 :  0.542 0.176 0.282 
480    C4727    (0)   11 :  0.479 0.496 0.026 
481    C4732    (0)   11 :  0.082 0.875 0.043 
482    C4735    (0)   11 :  0.683 0.279 0.038 
483    C4736    (0)   11 :  0.240 0.093 0.667 
484    C4746    (0)   11 :  0.409 0.516 0.076 
485    C4777    (0)   11 :  0.264 0.712 0.023 
486    C4846    (0)   11 :  0.068 0.156 0.776 
487    C4847    (0)   11 :  0.516 0.463 0.022 
488    C4884    (0)   11 :  0.253 0.695 0.052 
489    C4705    (0)   11 :  0.778 0.082 0.140 
490    C4711    (0)   11 :  0.823 0.140 0.037 
491    C4713    (9)   11 :  0.781 0.111 0.109 
492    C4716    (0)   11 :  0.680 0.248 0.072 
493    C4717    (0)   11 :  0.386 0.091 0.524 
494    C4719    (0)   11 :  0.182 0.795 0.024 
495    C4721    (0)   11 :  0.093 0.023 0.885 
496    C4729    (0)   11 :  0.787 0.181 0.032 
497    C4730    (0)   11 :  0.398 0.178 0.424 
498    C4773    (0)   11 :  0.211 0.027 0.761 
499    C4861    (0)   11 :  0.328 0.632 0.040 
500    C4890    (0)   11 :  0.527 0.325 0.148 
501    C4718    (0)   11 :  0.471 0.478 0.051 
502    C4724    (0)   11 :  0.685 0.154 0.161 
503    C4738    (0)   11 :  0.802 0.065 0.133 
504    C4739    (0)   11 :  0.519 0.396 0.085 
505    C4844    (0)   11 :  0.473 0.257 0.270 
506    C4845    (0)   11 :  0.226 0.718 0.056 
507    C4681    (0)   11 :  0.057 0.032 0.910 
508    C4682    (0)   11 :  0.471 0.198 0.331 
509    C4683    (0)   11 :  0.203 0.101 0.696 
510    C4685    (0)   11 :  0.141 0.739 0.119 
511    C4715    (0)   11 :  0.405 0.373 0.222 
512    C4725    (0)   11 :  0.129 0.852 0.018 
513    C4799    (0)   11 :  0.113 0.214 0.673 
514    C4889    (9)   11 :  0.637 0.082 0.281 
515    C4641    (0)   12 :  0.961 0.015 0.024 
516    C4651    (0)   12 :  0.948 0.021 0.030 
517    C4657    (0)   12 :  0.783 0.019 0.199 
518    C4658    (0)   12 :  0.913 0.035 0.052 
519    C4660    (0)   12 :  0.896 0.058 0.046 
520    C4665    (0)   12 :  0.970 0.014 0.015 
521    C4666    (0)   12 :  0.897 0.079 0.024 
522    C4667    (0)   12 :  0.954 0.024 0.021 
523    C4668    (0)   12 :  0.971 0.011 0.018 
524    C4669    (0)   12 :  0.962 0.016 0.023 
525    C4670    (0)   12 :  0.906 0.084 0.011 
526    C4671    (0)   12 :  0.836 0.082 0.081 
527    C4672    (0)   12 :  0.942 0.030 0.028 
528    C4633    (0)   13 :  0.967 0.011 0.022 
529    C4635    (0)   13 :  0.961 0.017 0.022 
530    C4653    (0)   13 :  0.852 0.026 0.122 
531    C4654    (0)   13 :  0.958 0.021 0.020 
532    C4675    (0)   13 :  0.972 0.016 0.012 
533    C4679    (0)   13 :  0.869 0.118 0.013 
534    C4684    (0)   13 :  0.916 0.015 0.069 
535    C4686    (0)   13 :  0.886 0.027 0.087 
536    C4687    (0)   13 :  0.743 0.021 0.236 
537    U1941    (0)   14 :  0.883 0.071 0.046 
538    U1942    (0)   14 :  0.379 0.278 0.343 
539    U1957    (9)   14 :  0.317 0.237 0.446 
540    U2016    (0)   14 :  0.130 0.859 0.010 
541    U2021    (9)   14 :  0.125 0.827 0.048 
542    U2022    (0)   14 :  0.021 0.958 0.021 
543    U2023    (0)   14 :  0.152 0.831 0.016 
544    U2024    (0)   14 :  0.039 0.908 0.053 
545    U2025    (9)   14 :  0.046 0.910 0.044 
546    U2026    (0)   14 :  0.048 0.730 0.222 
547    U2027    (0)   14 :  0.686 0.269 0.045 
548    U2028    (0)   14 :  0.026 0.964 0.010 
549    U2029    (0)   14 :  0.057 0.928 0.016 
550    U2030    (0)   14 :  0.110 0.877 0.014 
551    U2031    (0)   14 :  0.373 0.613 0.014 
552    U1943    (0)   14 :  0.039 0.914 0.047 
553    U1944    (0)   14 :  0.297 0.676 0.027 
554    U1945    (0)   14 :  0.098 0.883 0.019 
555    U1946    (0)   14 :  0.731 0.244 0.025 
556    U1947    (0)   14 :  0.026 0.954 0.020 
557    U1948    (0)   14 :  0.264 0.630 0.106 
558    U1949    (0)   14 :  0.325 0.655 0.020 
559    U1955    (0)   14 :  0.497 0.278 0.226 
560    U2005    (0)   14 :  0.038 0.914 0.048 
561    U2006    (0)   14 :  0.368 0.617 0.016 
562    U2007    (0)   14 :  0.178 0.776 0.047 
563    U2008    (0)   14 :  0.161 0.828 0.011 
564    U2010    (9)   14 :  0.171 0.686 0.143 
565    U2011    (0)   14 :  0.647 0.328 0.025 
566    U2012    (0)   14 :  0.139 0.846 0.015 
567    U2014    (0)   14 :  0.610 0.358 0.032 
568    U2702    (0)   14 :  0.053 0.910 0.037 
569    U2703    (0)   14 :  0.120 0.826 0.054 
570    U2704    (0)   14 :  0.157 0.768 0.075 
571    U2706   (18)   14 :  0.695 0.282 0.023 
572    U2707    (0)   14 :  0.580 0.402 0.019 
573    U2708    (0)   14 :  0.122 0.854 0.024 
574    U2698    (0)   14 :  0.659 0.191 0.150 
575    U2700    (0)   14 :  0.065 0.908 0.026 
576    U1924    (0)   14 :  0.677 0.295 0.027 
577    U1930    (0)   14 :  0.895 0.079 0.026 
578    U1931    (0)   14 :  0.568 0.349 0.083 
579    U1933    (0)   14 :  0.499 0.473 0.028 
580    U1934    (0)   14 :  0.181 0.399 0.420 
581    U1935    (0)   14 :  0.348 0.332 0.320 
582    U1936    (9)   14 :  0.149 0.835 0.016 
583    U1938    (0)   14 :  0.417 0.526 0.057 
584    U1939    (0)   14 :  0.333 0.403 0.264 
585    U1950    (0)   14 :  0.526 0.454 0.021 
586    U1951    (0)   14 :  0.078 0.837 0.085 
587    U1953    (0)   14 :  0.504 0.479 0.017 
588    U1954    (0)   14 :  0.374 0.616 0.010 
589    U2044    (0)   14 :  0.026 0.921 0.053 
590    U2045    (0)   14 :  0.454 0.532 0.014 
591    U2046    (9)   14 :  0.067 0.895 0.039 
592    U2047    (0)   14 :  0.034 0.946 0.020 
593    U2048    (0)   14 :  0.161 0.807 0.032 
594    U2050    (0)   14 :  0.089 0.885 0.026 
595    U2051    (0)   14 :  0.126 0.856 0.019 
596    U2056    (0)   14 :  0.367 0.621 0.012 
597    U2057    (0)   14 :  0.453 0.480 0.067 
598    U2058    (0)   14 :  0.609 0.355 0.036 
599    U2059    (9)   14 :  0.826 0.073 0.101 
600    U2060    (0)   14 :  0.687 0.300 0.013 
601    U2061    (0)   14 :  0.185 0.801 0.014 
602    U2062    (9)   14 :  0.404 0.583 0.013 
603    U2063    (9)   14 :  0.526 0.448 0.026 
604    U2065    (0)   14 :  0.163 0.819 0.018 
605    U2067    (0)   14 :  0.652 0.315 0.033 
606    U2068    (0)   14 :  0.337 0.576 0.087 
607    U2069    (0)   14 :  0.352 0.633 0.015 
608    U2070    (0)   14 :  0.629 0.340 0.030 
609    U2071    (0)   14 :  0.060 0.922 0.018 
610    U2076    (0)   14 :  0.331 0.641 0.027 
611    U2077    (0)   14 :  0.265 0.400 0.335 
612    U2082    (0)   14 :  0.550 0.331 0.119 
613    U2084    (0)   14 :  0.385 0.413 0.202 
614    U2089    (0)   14 :  0.738 0.184 0.078 
615    U2090    (0)   14 :  0.743 0.132 0.126 
616    U2098    (0)   14 :  0.236 0.747 0.017 
617    U2108    (0)   14 :  0.022 0.676 0.303 
618    U2111    (0)   14 :  0.064 0.893 0.043 
619    U2113    (0)   14 :  0.067 0.829 0.104 
620    U2114    (0)   14 :  0.373 0.598 0.029 
621    U2115    (0)   14 :  0.046 0.939 0.015 
622    U2116    (9)   14 :  0.727 0.259 0.014 
623    U2117    (0)   14 :  0.455 0.079 0.466 
624    U2119    (0)   14 :  0.060 0.809 0.131 
625    U2120    (0)   14 :  0.802 0.150 0.049 
626    U2664    (0)   14 :  0.190 0.186 0.625 
627    U1198    (9)   15 :  0.523 0.365 0.112 
628    U1199    (0)   15 :  0.163 0.794 0.044 
629    U1200    (0)   15 :  0.026 0.959 0.015 
630    U1201    (0)   15 :  0.029 0.956 0.015 
631    U1202    (0)   15 :  0.032 0.948 0.019 
632    U1203    (0)   15 :  0.029 0.952 0.019 
633    U1205    (0)   15 :  0.045 0.933 0.022 
634    U1206    (0)   15 :  0.219 0.714 0.066 
635    U1207    (0)   15 :  0.062 0.907 0.031 
636    U1208    (0)   15 :  0.090 0.869 0.041 
637    U1209    (0)   15 :  0.031 0.943 0.026 
638    U1210    (0)   15 :  0.047 0.929 0.023 
639    U1211    (0)   15 :  0.031 0.903 0.066 
640    U1212    (0)   15 :  0.137 0.822 0.041 
641    U1213    (0)   15 :  0.102 0.861 0.037 
642    U1214    (9)   15 :  0.013 0.954 0.033 
643    U1215    (0)   15 :  0.026 0.934 0.040 
644    U1220    (0)   15 :  0.014 0.918 0.069 
645    U1224    (0)   15 :  0.073 0.909 0.019 
646    U1227    (0)   15 :  0.880 0.102 0.018 
647    U1229    (0)   15 :  0.046 0.940 0.014 
648    U1230    (0)   15 :  0.603 0.386 0.011 
649    U1231    (0)   15 :  0.429 0.557 0.014 
650    U1232    (0)   15 :  0.032 0.959 0.009 
651    U1233    (9)   15 :  0.268 0.663 0.069 
652    U1234    (0)   15 :  0.096 0.887 0.017 
653    U1235    (0)   15 :  0.018 0.974 0.007 
654    U1236    (0)   15 :  0.141 0.780 0.079 
655    U1238    (0)   15 :  0.029 0.956 0.016 
656    U1239    (0)   15 :  0.047 0.904 0.050 
657    U1240    (0)   15 :  0.088 0.890 0.022 
658    U1242    (0)   15 :  0.080 0.797 0.123 
659    U1243    (0)   15 :  0.132 0.853 0.014 
660    U1245    (0)   15 :  0.247 0.736 0.017 
661    U1246    (0)   15 :  0.049 0.927 0.024 
662    U1251    (0)   15 :  0.029 0.964 0.008 
663    U1273   (18)   15 :  0.898 0.087 0.016 
664    U1274    (0)   15 :  0.711 0.273 0.016 
665    U1294    (0)   15 :  0.045 0.941 0.014 
666    U1304   (18)   15 :  0.204 0.760 0.036 
667    U1307    (9)   15 :  0.066 0.888 0.046 
668    U1314    (9)   15 :  0.075 0.875 0.049 
669    U1315    (0)   15 :  0.137 0.844 0.019 
670    U1319    (0)   15 :  0.574 0.363 0.063 
671    U1320    (0)   15 :  0.357 0.627 0.015 
672    U1324    (0)   15 :  0.048 0.938 0.014 
673    U1331    (9)   15 :  0.093 0.890 0.017 
674    U1333    (9)   15 :  0.213 0.667 0.120 
675    U1340    (0)   15 :  0.099 0.880 0.021 
676    U1341    (9)   15 :  0.146 0.822 0.032 
677    U1344    (9)   15 :  0.204 0.741 0.055 
678    U1345    (0)   15 :  0.329 0.642 0.029 
679    U1346    (0)   15 :  0.033 0.958 0.009 
680    U1347    (0)   15 :  0.802 0.189 0.009 
681    U1348    (0)   15 :  0.032 0.950 0.019 
682    U1349    (0)   15 :  0.048 0.939 0.013 
683    U1354    (0)   15 :  0.022 0.967 0.011 
684    U1375    (0)   15 :  0.850 0.126 0.024 
685    U1383    (9)   15 :  0.434 0.549 0.017 
686    U1385    (0)   15 :  0.047 0.126 0.827 
687    U1386    (0)   15 :  0.276 0.705 0.020 
688    U1413    (9)   15 :  0.101 0.877 0.022 
689    U1417    (9)   15 :  0.190 0.733 0.076 
690    U1852    (0)   16 :  0.049 0.924 0.027 
691    U1853    (0)   16 :  0.213 0.730 0.056 
692    U1854    (0)   16 :  0.879 0.047 0.074 
693    U1855    (0)   16 :  0.783 0.153 0.063 
694    U1856    (0)   16 :  0.655 0.334 0.012 
695    U1858    (0)   16 :  0.033 0.941 0.026 
696    U1859    (0)   16 :  0.079 0.904 0.017 
697    U1860    (0)   16 :  0.586 0.393 0.021 
698    U1861    (0)   16 :  0.550 0.426 0.024 
699    U1862    (0)   16 :  0.664 0.306 0.030 
700    U1863    (0)   16 :  0.491 0.252 0.257 
701    U1865    (0)   16 :  0.075 0.360 0.565 
702    U1871    (0)   16 :  0.618 0.273 0.109 
703    U1873    (0)   16 :  0.233 0.718 0.048 
704    U1875    (0)   16 :  0.261 0.225 0.514 
705    U1876    (0)   16 :  0.291 0.255 0.454 
706    U2448    (0)   17 :  0.101 0.586 0.313 
707    U2449    (0)   17 :  0.278 0.237 0.485 
708    U2450    (0)   17 :  0.308 0.638 0.054 
709    U2451   (18)   17 :  0.500 0.173 0.327 
710    U2453    (0)   17 :  0.358 0.051 0.591 
711    U2454    (0)   17 :  0.269 0.523 0.207 
712    U2455    (0)   17 :  0.408 0.129 0.463 
713    U2456    (9)   17 :  0.229 0.674 0.098 
714    U2457    (0)   17 :  0.099 0.511 0.390 
715    U2458    (0)   17 :  0.123 0.852 0.024 
716    U2459    (0)   17 :  0.407 0.193 0.399 
717    U2460    (0)   17 :  0.349 0.592 0.058 
718    U2461    (0)   17 :  0.837 0.150 0.014 
719    U1826    (0)   17 :  0.808 0.072 0.120 
720    U1827    (0)   17 :  0.688 0.235 0.077 
721    U1828    (0)   17 :  0.434 0.520 0.046 
722    U1829    (0)   17 :  0.801 0.064 0.135 
723    U1830    (0)   17 :  0.583 0.027 0.390 
724    U1831    (0)   17 :  0.673 0.308 0.019 
725    U1833    (0)   17 :  0.816 0.169 0.015 
726    U1834    (9)   17 :  0.934 0.050 0.015 
727    U1835    (0)   17 :  0.873 0.104 0.023 
728    U1836    (9)   17 :  0.565 0.322 0.113 
729    U1837    (0)   17 :  0.531 0.365 0.104 
730    U1838    (0)   17 :  0.868 0.066 0.066 
731    U1839    (0)   17 :  0.829 0.085 0.086 
732    U1840    (9)   17 :  0.738 0.196 0.066 
733    U1842    (0)   17 :  0.450 0.083 0.467 
734    U1844   (18)   17 :  0.378 0.425 0.197 
735    U1845    (0)   17 :  0.827 0.132 0.040 
736    U1846    (0)   17 :  0.931 0.039 0.030 
737    U1762    (0)   18 :  0.693 0.075 0.232 
738    U1763    (0)   18 :  0.871 0.120 0.009 
739    U1766    (9)   18 :  0.934 0.043 0.024 
740    U1767    (0)   18 :  0.244 0.740 0.016 
741    U1770    (0)   18 :  0.704 0.274 0.021 
742    U1771    (0)   18 :  0.676 0.308 0.016 
743    U1772    (0)   18 :  0.917 0.048 0.035 
744    U1773    (9)   18 :  0.936 0.043 0.022 
745    U1777    (0)   18 :  0.956 0.032 0.012 
746    U1778    (0)   18 :  0.745 0.231 0.024 
747    U1779    (0)   18 :  0.617 0.372 0.011 
748    U1780    (0)   18 :  0.892 0.092 0.017 
749    U1781    (0)   18 :  0.906 0.041 0.053 
750    U1786    (0)   18 :  0.924 0.063 0.013 
751    U1789    (0)   18 :  0.769 0.213 0.019 
752    U1790    (0)   18 :  0.957 0.027 0.016 
753    U2467    (0)   19 :  0.067 0.770 0.163 
754    U2468    (0)   19 :  0.090 0.849 0.061 
755    U2469    (0)   19 :  0.706 0.184 0.110 
756    U2470    (0)   19 :  0.719 0.251 0.030 
757    U2472    (9)   19 :  0.060 0.834 0.106 
758    U2473    (0)   19 :  0.218 0.575 0.208 
759    U2475    (0)   19 :  0.081 0.571 0.348 
760    U2477    (0)   19 :  0.261 0.708 0.031 
761    U2478    (0)   19 :  0.065 0.236 0.699 
762    U2482    (0)   19 :  0.064 0.897 0.038 
763    U2483    (0)   19 :  0.139 0.835 0.026 
764    U2484    (0)   19 :  0.228 0.744 0.027 
765    U2485    (0)   19 :  0.031 0.959 0.009 
766    U2487    (9)   19 :  0.115 0.842 0.043 
767    U2490    (0)   19 :  0.055 0.821 0.124 
768    U2491    (0)   19 :  0.157 0.817 0.027 
769    U2493   (18)   19 :  0.109 0.872 0.019 
770    U2495    (0)   19 :  0.033 0.891 0.075 
771    U2496    (0)   19 :  0.071 0.915 0.014 
772    U2497    (0)   19 :  0.064 0.140 0.796 
773    U2498    (0)   19 :  0.082 0.751 0.166 
774    U2499    (0)   19 :  0.058 0.721 0.221 
775    U2502    (0)   19 :  0.101 0.869 0.030 
776    U2503    (0)   19 :  0.132 0.817 0.051 
777    U2202    (0)   20 :  0.684 0.290 0.026 
778    U2203    (0)   20 :  0.376 0.572 0.052 
779    U2205    (0)   20 :  0.630 0.202 0.168 
780    U2206    (9)   20 :  0.087 0.895 0.018 
781    U2207    (0)   20 :  0.083 0.868 0.049 
782    U2212   (18)   20 :  0.062 0.359 0.580 
783    U2215    (0)   20 :  0.421 0.403 0.177 
784    U2216    (9)   20 :  0.223 0.743 0.034 
785    U2217    (0)   20 :  0.030 0.962 0.008 
786    U2221    (0)   20 :  0.035 0.949 0.016 
787    U2222    (0)   20 :  0.099 0.839 0.062 
788    U2225    (9)   20 :  0.288 0.662 0.049 
789    U1120    (9)   21 :  0.257 0.652 0.091 
790    U1122    (9)   21 :  0.490 0.459 0.051 
791    U1125    (0)   21 :  0.148 0.828 0.023 
792    U1126    (0)   21 :  0.322 0.663 0.015 
