

----------------------------------------------------
STRUCTURE by Pritchard, Stephens and Donnelly (2000)
     and Falush, Stephens and Pritchard (2003)
       Code by Pritchard, Falush and Hubisz
             Version 2.3.4 (Jul 2012)
----------------------------------------------------



Command line arguments:   bin\structure -m C:\Users\eschumacher\Documents\Butternut\butternut_STRUCTURE_withQU\50-50\mainparams -e C:\Users\eschumacher\Documents\Butternut\butternut_STRUCTURE_withQU\50-50\extraparams 
Input File:    C:\Users\eschumacher\Documents\Butternut\butternut_STRUCTURE_withQU\project_data

Run parameters:
   1015 individuals
   11 loci
   3 populations assumed
   50000 Burn-in period
   50000 Reps


--------------------------------------------
Proportion of membership of each pre-defined
 population in each of the 3 clusters

Given    Inferred Clusters       Number of
 Pop       1      2      3      Individuals

  1:     0.114  0.092  0.794       40
  2:     0.176  0.064  0.761       46
  3:     0.095  0.075  0.830       63
  4:     0.124  0.109  0.766       48
  5:     0.084  0.102  0.815       85
  6:     0.098  0.088  0.814       70
  7:     0.536  0.386  0.077       22
  8:     0.368  0.599  0.033       11
  9:     0.467  0.361  0.172       33
 10:     0.369  0.451  0.179       48
 11:     0.456  0.293  0.250       48
 12:     0.914  0.050  0.036       13
 13:     0.785  0.124  0.091        9
 14:     0.446  0.472  0.082       90
 15:     0.681  0.272  0.047       63
 16:     0.462  0.392  0.145       16
 17:     0.302  0.500  0.198       31
 18:     0.127  0.827  0.045       16
 19:     0.622  0.250  0.129       24
 20:     0.506  0.394  0.099       12
 21:     0.432  0.476  0.091       54
 22:     0.224  0.673  0.103       96
 23:     0.296  0.624  0.080       22
 24:     0.081  0.709  0.210       23
 25:     0.223  0.734  0.043       13
 26:     0.464  0.432  0.104       19
--------------------------------------------

Allele-freq. divergence among pops (Net nucleotide distance),
computed using point estimates of P.

      1       2       3      
 1      -    0.0064  0.0185  
 2   0.0064     -    0.0254  
 3   0.0185  0.0254     -    

Average distances (expected heterozygosity) between individuals in same cluster:
cluster  1  : 0.8632 
cluster  2  : 0.8462 
cluster  3  : 0.8340 

--------------------------------------------
Estimated Ln Prob of Data   = -48360.2
Mean value of ln likelihood = -47745.0
Variance of ln likelihood   = 1230.4
Mean value of alpha         = 0.0751

Mean value of Fst_1         = 0.0059
Mean value of Fst_2         = 0.0184
Mean value of Fst_3         = 0.0395


Inferred ancestry of individuals:
        Label (%Miss) Pop:  Inferred clusters
  1    C3984    (0)    1 :  0.023 0.013 0.964 
  2    C3985    (0)    1 :  0.020 0.018 0.963 
  3    C3986    (0)    1 :  0.014 0.010 0.976 
  4    C4231    (0)    1 :  0.069 0.028 0.903 
  5    C4344    (0)    1 :  0.042 0.030 0.929 
  6    C4347   (18)    1 :  0.019 0.040 0.941 
  7    C4352   (18)    1 :  0.040 0.024 0.936 
  8    C4355    (9)    1 :  0.038 0.026 0.936 
  9    C4358   (18)    1 :  0.684 0.262 0.054 
 10    C4419    (9)    1 :  0.197 0.076 0.727 
 11    C4428    (9)    1 :  0.017 0.017 0.966 
 12    C4436    (0)    1 :  0.019 0.018 0.963 
 13    C4437   (18)    1 :  0.046 0.090 0.864 
 14    C4450    (0)    1 :  0.192 0.142 0.666 
 15    C4531    (0)    1 :  0.194 0.138 0.669 
 16    C1615    (0)    1 :  0.155 0.138 0.707 
 17    C1616    (0)    1 :  0.105 0.620 0.275 
 18    C1617    (9)    1 :  0.018 0.033 0.949 
 19    C1618    (0)    1 :  0.128 0.050 0.822 
 20    C1619    (0)    1 :  0.247 0.066 0.687 
 21    C1620    (9)    1 :  0.232 0.053 0.715 
 22    C1621    (0)    1 :  0.303 0.487 0.210 
 23    C1623    (9)    1 :  0.591 0.245 0.164 
 24    C1625    (0)    1 :  0.273 0.107 0.620 
 25    C1626    (0)    1 :  0.279 0.342 0.379 
 26    C1627    (9)    1 :  0.058 0.058 0.884 
 27    C1633    (0)    1 :  0.040 0.033 0.927 
 28    C1637    (0)    1 :  0.029 0.037 0.934 
 29    C1650    (0)    1 :  0.035 0.055 0.911 
 30    C3202    (0)    1 :  0.016 0.024 0.959 
 31    C3248    (0)    1 :  0.046 0.025 0.929 
 32    C3304    (9)    1 :  0.026 0.050 0.924 
 33    C3326    (0)    1 :  0.073 0.075 0.852 
 34    C3333    (0)    1 :  0.039 0.061 0.900 
 35    C3339   (18)    1 :  0.052 0.040 0.908 
 36    C3346    (0)    1 :  0.015 0.011 0.974 
 37    C3349    (0)    1 :  0.049 0.037 0.914 
 38    C3367   (18)    1 :  0.029 0.035 0.936 
 39    C3374    (0)    1 :  0.020 0.012 0.969 
 40    C3405    (0)    1 :  0.083 0.050 0.867 
 41    C4543    (0)    2 :  0.041 0.019 0.940 
 42    C4545    (9)    2 :  0.070 0.014 0.916 
 43    C4551    (9)    2 :  0.556 0.061 0.384 
 44    C4491    (0)    2 :  0.193 0.074 0.733 
 45    C4494    (0)    2 :  0.017 0.011 0.972 
 46    C4495    (0)    2 :  0.305 0.043 0.652 
 47    C4497    (9)    2 :  0.027 0.018 0.955 
 48    C4501    (0)    2 :  0.375 0.065 0.560 
 49    C4502    (0)    2 :  0.061 0.019 0.921 
 50    C4503    (0)    2 :  0.652 0.033 0.315 
 51    C4504    (0)    2 :  0.494 0.162 0.344 
 52    C4470    (0)    2 :  0.286 0.084 0.630 
 53    C4471    (0)    2 :  0.110 0.023 0.866 
 54    C4474    (9)    2 :  0.579 0.166 0.255 
 55    C4476    (0)    2 :  0.035 0.021 0.944 
 56    C4478    (0)    2 :  0.104 0.020 0.876 
 57    C4479    (0)    2 :  0.023 0.034 0.943 
 58    C4482    (0)    2 :  0.041 0.110 0.849 
 59    C4483    (0)    2 :  0.518 0.037 0.446 
 60    C4484    (0)    2 :  0.129 0.046 0.825 
 61    C4485    (0)    2 :  0.181 0.102 0.717 
 62    C4489    (0)    2 :  0.032 0.019 0.948 
 63    C4505    (0)    2 :  0.047 0.039 0.914 
 64    C4507    (0)    2 :  0.328 0.058 0.615 
 65    C4535    (0)    2 :  0.404 0.106 0.490 
 66    C4542    (0)    2 :  0.676 0.235 0.089 
 67    C4553    (9)    2 :  0.057 0.038 0.905 
 68    C4562   (18)    2 :  0.089 0.040 0.871 
 69    C4582   (18)    2 :  0.114 0.095 0.790 
 70    C4693    (0)    2 :  0.023 0.020 0.958 
 71    C4696    (0)    2 :  0.245 0.063 0.693 
 72    C3179    (0)    2 :  0.084 0.034 0.882 
 73    C3181    (0)    2 :  0.090 0.053 0.858 
 74    C3188    (0)    2 :  0.057 0.059 0.884 
 75    C3190    (0)    2 :  0.025 0.045 0.930 
 76    C3193    (0)    2 :  0.019 0.027 0.954 
 77    C3232    (0)    2 :  0.020 0.013 0.967 
 78    C3236    (0)    2 :  0.013 0.011 0.976 
 79    C3249    (0)    2 :  0.058 0.056 0.886 
 80    C3250    (0)    2 :  0.017 0.020 0.963 
 81    C3253    (0)    2 :  0.027 0.030 0.943 
 82    C3255    (0)    2 :  0.023 0.014 0.963 
 83    C3277    (0)    2 :  0.199 0.192 0.609 
 84    C3315    (0)    2 :  0.466 0.321 0.213 
 85    C3288    (0)    2 :  0.026 0.035 0.939 
 86    C3293    (0)    2 :  0.147 0.150 0.703 
 87    C4018    (0)    3 :  0.013 0.014 0.973 
 88    C3980    (0)    3 :  0.037 0.022 0.941 
 89    C3987    (0)    3 :  0.026 0.017 0.957 
 90    C3988    (0)    3 :  0.018 0.012 0.970 
 91    C3989    (0)    3 :  0.085 0.027 0.888 
 92    C4011    (0)    3 :  0.008 0.007 0.985 
 93    C4017    (0)    3 :  0.015 0.010 0.975 
 94    C4296    (0)    3 :  0.331 0.274 0.395 
 95    C4301    (9)    3 :  0.263 0.684 0.054 
 96    C4303    (0)    3 :  0.055 0.582 0.364 
 97    C4453    (0)    3 :  0.055 0.047 0.899 
 98    C4455    (9)    3 :  0.026 0.033 0.941 
 99    C4456   (18)    3 :  0.154 0.219 0.627 
100    C4457    (9)    3 :  0.097 0.286 0.616 
101    C4459    (9)    3 :  0.017 0.022 0.960 
102    C4464   (18)    3 :  0.016 0.012 0.973 
103    C4468    (9)    3 :  0.030 0.044 0.926 
104    C4783    (0)    3 :  0.036 0.019 0.945 
105    C4786    (0)    3 :  0.015 0.018 0.967 
106    C4789    (9)    3 :  0.019 0.022 0.959 
107    C4891    (0)    3 :  0.048 0.038 0.914 
108    C4896    (0)    3 :  0.089 0.057 0.854 
109    C4898    (0)    3 :  0.055 0.019 0.926 
110    C4901    (0)    3 :  0.019 0.026 0.955 
111    C4903    (9)    3 :  0.060 0.102 0.838 
112    C4904    (0)    3 :  0.048 0.019 0.933 
113    C3263    (0)    3 :  0.134 0.037 0.829 
114    C3271    (0)    3 :  0.024 0.020 0.956 
115    C3272    (0)    3 :  0.073 0.037 0.891 
116    C3276    (0)    3 :  0.204 0.204 0.592 
117    C3280    (9)    3 :  0.279 0.095 0.625 
118    C3305    (9)    3 :  0.061 0.026 0.913 
119    C3306    (0)    3 :  0.099 0.061 0.840 
120    C3324    (0)    3 :  0.666 0.037 0.298 
121    C3329    (0)    3 :  0.160 0.071 0.769 
122    C3336    (0)    3 :  0.050 0.055 0.895 
123    C3341   (18)    3 :  0.743 0.112 0.146 
124    C3409   (18)    3 :  0.350 0.101 0.550 
125    C3168    (9)    3 :  0.028 0.021 0.951 
126    C3170    (0)    3 :  0.030 0.025 0.944 
127    C3214   (18)    3 :  0.035 0.150 0.815 
128    C3227    (0)    3 :  0.019 0.042 0.939 
129    C3228    (0)    3 :  0.074 0.065 0.860 
130    C3278    (0)    3 :  0.048 0.042 0.910 
131    C3279    (0)    3 :  0.070 0.054 0.876 
132    C3321    (0)    3 :  0.012 0.011 0.976 
133    C3322    (0)    3 :  0.068 0.227 0.705 
134    C3303    (0)    3 :  0.068 0.066 0.866 
135    C3317    (0)    3 :  0.032 0.022 0.946 
136    C3355    (0)    3 :  0.019 0.015 0.966 
137    C3376    (9)    3 :  0.032 0.038 0.930 
138    C3401    (0)    3 :  0.057 0.068 0.875 
139    C3203    (9)    3 :  0.053 0.053 0.894 
140    C3245    (0)    3 :  0.049 0.058 0.892 
141    C3302    (0)    3 :  0.066 0.043 0.891 
142    C3307    (0)    3 :  0.209 0.032 0.759 
143    C3310    (0)    3 :  0.036 0.032 0.932 
144    C3312    (9)    3 :  0.063 0.047 0.889 
145    C3345    (0)    3 :  0.037 0.017 0.946 
146    C3371    (0)    3 :  0.101 0.019 0.879 
147    C3372    (0)    3 :  0.084 0.032 0.884 
148    C3380    (9)    3 :  0.013 0.012 0.975 
149    C3417    (0)    3 :  0.197 0.050 0.753 
150    C4569    (9)    4 :  0.529 0.259 0.212 
151    C4570    (9)    4 :  0.067 0.028 0.904 
152    C4571    (9)    4 :  0.039 0.024 0.937 
153    C4572    (9)    4 :  0.102 0.052 0.846 
154    C4573    (9)    4 :  0.234 0.593 0.173 
155    C4575    (9)    4 :  0.210 0.202 0.588 
156    C4577    (9)    4 :  0.094 0.021 0.885 
157    C4578    (9)    4 :  0.275 0.246 0.479 
158    C4600   (18)    4 :  0.247 0.188 0.565 
159    C4612    (9)    4 :  0.219 0.338 0.443 
160    C4621    (0)    4 :  0.013 0.024 0.963 
161    C4622    (9)    4 :  0.033 0.021 0.946 
162    C4623    (0)    4 :  0.498 0.065 0.437 
163    C4624    (0)    4 :  0.155 0.104 0.741 
164    C4625    (0)    4 :  0.068 0.782 0.150 
165    C4627    (0)    4 :  0.067 0.068 0.865 
166    C4631    (0)    4 :  0.640 0.035 0.325 
167    C4632    (0)    4 :  0.033 0.030 0.937 
168    C3939    (0)    4 :  0.032 0.023 0.945 
169    C3940    (0)    4 :  0.265 0.050 0.685 
170    C3945    (0)    4 :  0.018 0.014 0.968 
171    C4520    (0)    4 :  0.232 0.288 0.480 
172    C4522    (0)    4 :  0.017 0.015 0.969 
173    C3182    (0)    4 :  0.028 0.019 0.953 
174    C3189    (0)    4 :  0.100 0.294 0.605 
175    C3191    (9)    4 :  0.062 0.097 0.841 
176    C3196    (0)    4 :  0.042 0.048 0.910 
177    C3208    (0)    4 :  0.049 0.058 0.893 
178    C3211    (0)    4 :  0.033 0.033 0.934 
179    C3212    (0)    4 :  0.679 0.088 0.233 
180    C3213    (0)    4 :  0.060 0.038 0.902 
181    C3215    (0)    4 :  0.135 0.323 0.543 
182    C3217    (0)    4 :  0.040 0.031 0.929 
183    C3225    (9)    4 :  0.040 0.061 0.899 
184    C3226    (0)    4 :  0.014 0.011 0.975 
185    C3238    (9)    4 :  0.016 0.023 0.961 
186    C3239    (0)    4 :  0.056 0.024 0.920 
187    C3269   (18)    4 :  0.070 0.215 0.715 
188    C3273    (0)    4 :  0.019 0.045 0.936 
189    C3274    (0)    4 :  0.213 0.127 0.661 
190    C3354    (0)    4 :  0.064 0.041 0.896 
191    C3361    (0)    4 :  0.024 0.030 0.947 
192    C3289    (0)    4 :  0.019 0.026 0.955 
193    C3169    (0)    4 :  0.015 0.016 0.969 
194    C3199    (9)    4 :  0.020 0.026 0.954 
195    C3224    (0)    4 :  0.024 0.046 0.930 
196    C3261   (18)    4 :  0.029 0.016 0.955 
197    C3320    (0)    4 :  0.036 0.033 0.931 
198    C4151    (0)    5 :  0.025 0.015 0.960 
199    C4152    (0)    5 :  0.035 0.034 0.930 
200    C4153    (0)    5 :  0.028 0.035 0.937 
201    C4154   (18)    5 :  0.043 0.017 0.940 
202    C4157    (0)    5 :  0.032 0.031 0.937 
203    C4158    (0)    5 :  0.030 0.028 0.942 
204    C4163    (0)    5 :  0.018 0.013 0.969 
205    C4165    (0)    5 :  0.685 0.053 0.262 
206    C4248    (9)    5 :  0.033 0.037 0.930 
207    C4371    (9)    5 :  0.074 0.025 0.901 
208    C3936    (0)    5 :  0.047 0.032 0.921 
209    C3937    (0)    5 :  0.020 0.019 0.961 
210    C3944    (0)    5 :  0.016 0.010 0.973 
211    C3954    (0)    5 :  0.011 0.022 0.967 
212    C3955    (9)    5 :  0.015 0.042 0.943 
213    C3961    (0)    5 :  0.044 0.019 0.936 
214    C3974    (0)    5 :  0.045 0.052 0.903 
215    C4024    (0)    5 :  0.047 0.022 0.931 
216    C4025    (0)    5 :  0.110 0.026 0.864 
217    C4028    (0)    5 :  0.050 0.126 0.824 
218    C4032   (18)    5 :  0.020 0.016 0.964 
219    C4033   (18)    5 :  0.023 0.020 0.957 
220    C4034    (0)    5 :  0.146 0.063 0.791 
221    C4041    (9)    5 :  0.201 0.133 0.666 
222    C4043    (9)    5 :  0.040 0.027 0.934 
223    C4044    (9)    5 :  0.639 0.154 0.207 
224    C4045    (9)    5 :  0.025 0.039 0.936 
225    C4046    (9)    5 :  0.052 0.035 0.913 
226    C4047    (0)    5 :  0.043 0.188 0.769 
227    C4048    (9)    5 :  0.193 0.233 0.574 
228    C4055    (9)    5 :  0.054 0.064 0.882 
229    C4057   (18)    5 :  0.050 0.017 0.933 
230    C4059    (0)    5 :  0.020 0.026 0.953 
231    C4060    (9)    5 :  0.042 0.026 0.932 
232    C4064    (9)    5 :  0.143 0.271 0.586 
233    C4067    (0)    5 :  0.138 0.147 0.715 
234    C4068    (9)    5 :  0.028 0.039 0.933 
235    C4070    (9)    5 :  0.173 0.053 0.774 
236    C4075   (18)    5 :  0.043 0.028 0.929 
237    C4081    (9)    5 :  0.044 0.066 0.890 
238    C4082    (0)    5 :  0.026 0.044 0.930 
239    C4083    (0)    5 :  0.508 0.132 0.359 
240    C4086    (0)    5 :  0.029 0.145 0.826 
241    C4088    (9)    5 :  0.057 0.759 0.185 
242    C4092    (0)    5 :  0.065 0.019 0.916 
243    C4099    (9)    5 :  0.053 0.118 0.829 
244    C4104    (0)    5 :  0.039 0.029 0.932 
245    C4108   (18)    5 :  0.086 0.897 0.017 
246    C4118    (0)    5 :  0.123 0.468 0.409 
247    C4131    (0)    5 :  0.041 0.052 0.907 
248    C4133    (0)    5 :  0.020 0.020 0.960 
249    C4135    (0)    5 :  0.013 0.008 0.978 
250    C4136    (0)    5 :  0.178 0.407 0.415 
251    C4137    (9)    5 :  0.031 0.033 0.936 
252    C4139    (0)    5 :  0.022 0.014 0.964 
253    C4140    (9)    5 :  0.025 0.015 0.960 
254    C4167    (0)    5 :  0.154 0.110 0.736 
255    C4236    (0)    5 :  0.057 0.082 0.861 
256    C4237    (0)    5 :  0.071 0.838 0.091 
257    C4238    (0)    5 :  0.030 0.068 0.902 
258    C4241    (0)    5 :  0.035 0.026 0.939 
259    C4247    (9)    5 :  0.159 0.190 0.651 
260    C4257    (0)    5 :  0.035 0.048 0.916 
261    C4383    (0)    5 :  0.284 0.171 0.545 
262    C4397    (9)    5 :  0.017 0.020 0.964 
263    C4514    (0)    5 :  0.030 0.014 0.956 
264    C4519    (0)    5 :  0.081 0.042 0.876 
265    C4527    (0)    5 :  0.023 0.019 0.959 
266    C4534    (0)    5 :  0.122 0.046 0.832 
267    C4699    (0)    5 :  0.064 0.121 0.816 
268    C1541    (9)    5 :  0.021 0.015 0.965 
269    C1542    (9)    5 :  0.027 0.028 0.945 
270    C1544    (0)    5 :  0.020 0.032 0.948 
271    C1547    (9)    5 :  0.275 0.396 0.329 
272    C1553    (9)    5 :  0.293 0.326 0.381 
273    C1555    (9)    5 :  0.054 0.049 0.897 
274    C1557    (0)    5 :  0.035 0.033 0.932 
275    C1560    (0)    5 :  0.029 0.046 0.925 
276    C1565    (0)    5 :  0.112 0.027 0.861 
277    C1567    (0)    5 :  0.039 0.097 0.865 
278    C1569    (0)    5 :  0.033 0.024 0.943 
279    C1571    (0)    5 :  0.056 0.148 0.796 
280    C1576    (0)    5 :  0.035 0.062 0.903 
281    C1577    (9)    5 :  0.034 0.073 0.893 
282    C1579    (0)    5 :  0.034 0.029 0.936 
283    C3990    (0)    6 :  0.014 0.015 0.971 
284    C3991    (0)    6 :  0.196 0.052 0.751 
285    C3992    (0)    6 :  0.058 0.124 0.818 
286    C3994    (0)    6 :  0.200 0.048 0.752 
287    C4172    (0)    6 :  0.384 0.524 0.092 
288    C4173    (9)    6 :  0.658 0.051 0.291 
289    C4232    (9)    6 :  0.012 0.012 0.976 
290    C4234    (9)    6 :  0.015 0.017 0.968 
291    C4259    (0)    6 :  0.017 0.018 0.965 
292    C4260    (0)    6 :  0.012 0.012 0.976 
293    C4261    (9)    6 :  0.192 0.168 0.640 
294    C4262    (0)    6 :  0.070 0.024 0.906 
295    C4263    (0)    6 :  0.039 0.048 0.913 
296    C4267    (9)    6 :  0.024 0.028 0.948 
297    C4269    (0)    6 :  0.052 0.029 0.919 
298    C4272    (0)    6 :  0.026 0.024 0.950 
299    C4274    (0)    6 :  0.095 0.247 0.658 
300    C4276    (9)    6 :  0.101 0.854 0.045 
301    C4278    (0)    6 :  0.075 0.049 0.875 
302    C4280    (0)    6 :  0.048 0.029 0.924 
303    C4281    (0)    6 :  0.034 0.032 0.934 
304    C4282    (0)    6 :  0.392 0.273 0.335 
305    C4284    (9)    6 :  0.013 0.012 0.975 
306    C4286    (9)    6 :  0.112 0.067 0.821 
307    C4287    (0)    6 :  0.132 0.035 0.833 
308    C4290    (0)    6 :  0.320 0.578 0.102 
309    C4307   (18)    6 :  0.083 0.025 0.892 
310    C4310    (9)    6 :  0.019 0.053 0.928 
311    C4311   (18)    6 :  0.041 0.051 0.908 
312    C4312    (0)    6 :  0.017 0.028 0.955 
313    C4314    (0)    6 :  0.054 0.161 0.785 
314    C4318    (9)    6 :  0.260 0.028 0.712 
315    C4321    (9)    6 :  0.039 0.026 0.935 
316    C4324    (0)    6 :  0.078 0.034 0.888 
317    C4334    (0)    6 :  0.026 0.016 0.959 
318    C4529    (0)    6 :  0.067 0.059 0.875 
319    C1582    (9)    6 :  0.019 0.025 0.956 
320    C1583    (0)    6 :  0.042 0.059 0.899 
321    C1584    (9)    6 :  0.022 0.047 0.931 
322    C1585    (0)    6 :  0.014 0.017 0.969 
323    C1586    (0)    6 :  0.078 0.034 0.888 
324    C1589    (0)    6 :  0.018 0.015 0.967 
325    C1591    (0)    6 :  0.016 0.013 0.971 
326    C1592    (0)    6 :  0.055 0.031 0.914 
327    C1594    (0)    6 :  0.027 0.045 0.928 
328    C1597    (9)    6 :  0.039 0.048 0.912 
329    C1598    (9)    6 :  0.024 0.027 0.948 
330    C1599    (0)    6 :  0.024 0.022 0.954 
331    C1601    (0)    6 :  0.078 0.078 0.844 
332    C1605    (0)    6 :  0.359 0.382 0.258 
333    C1609    (0)    6 :  0.016 0.015 0.969 
334    C1610    (0)    6 :  0.074 0.218 0.708 
335    C1611    (0)    6 :  0.131 0.024 0.845 
336    C1612    (0)    6 :  0.014 0.018 0.969 
337    C1613    (0)    6 :  0.045 0.036 0.919 
338    C3173    (9)    6 :  0.119 0.129 0.751 
339    C3204    (0)    6 :  0.032 0.039 0.929 
340    C3223    (9)    6 :  0.446 0.183 0.371 
341    C3262    (0)    6 :  0.054 0.062 0.884 
342    C3270    (0)    6 :  0.022 0.022 0.957 
343    C3300    (0)    6 :  0.011 0.011 0.978 
344    C3330    (0)    6 :  0.043 0.024 0.933 
345    C3390    (9)    6 :  0.025 0.020 0.955 
346    C3424    (9)    6 :  0.034 0.023 0.943 
347    C3958    (0)    6 :  0.043 0.017 0.940 
348    C3962    (0)    6 :  0.021 0.012 0.967 
349    C4019    (0)    6 :  0.443 0.496 0.061 
350    C3995   (18)    6 :  0.142 0.044 0.814 
351    C4000    (0)    6 :  0.279 0.045 0.676 
352    C4002    (0)    6 :  0.051 0.022 0.927 
353    C1692    (0)    7 :  0.568 0.375 0.057 
354    C1693    (0)    7 :  0.688 0.089 0.223 
355    C1694    (0)    7 :  0.463 0.434 0.104 
356    C1698    (0)    7 :  0.654 0.328 0.018 
357    C1699    (0)    7 :  0.185 0.783 0.032 
358    C1700    (0)    7 :  0.402 0.420 0.178 
359    C1701    (0)    7 :  0.314 0.666 0.020 
360    C1702    (0)    7 :  0.586 0.397 0.017 
361    C1703    (0)    7 :  0.611 0.371 0.018 
362    C1704    (0)    7 :  0.627 0.220 0.153 
363    C1705    (0)    7 :  0.775 0.170 0.055 
364    C1706    (0)    7 :  0.257 0.722 0.021 
365    C1707    (0)    7 :  0.135 0.483 0.382 
366    C1708    (0)    7 :  0.953 0.028 0.019 
367    C1709    (0)    7 :  0.893 0.067 0.040 
368    C1710    (0)    7 :  0.602 0.352 0.046 
369    C1712    (0)    7 :  0.918 0.065 0.017 
370    C1714    (0)    7 :  0.900 0.076 0.024 
371    C1715    (0)    7 :  0.065 0.910 0.025 
372    C1717    (0)    7 :  0.290 0.649 0.062 
373    C1718   (18)    7 :  0.147 0.814 0.039 
374    C1719    (0)    7 :  0.766 0.077 0.156 
375    C1656    (0)    8 :  0.254 0.726 0.021 
376    C1657   (18)    8 :  0.362 0.609 0.029 
377    C1658    (0)    8 :  0.145 0.843 0.012 
378    C1659    (0)    8 :  0.088 0.860 0.053 
379    C1661    (9)    8 :  0.662 0.273 0.065 
380    C1665    (0)    8 :  0.194 0.779 0.027 
381    C1667    (9)    8 :  0.888 0.102 0.010 
382    C1676    (9)    8 :  0.332 0.641 0.028 
383    C1681    (9)    8 :  0.242 0.727 0.031 
384    C1682    (0)    8 :  0.639 0.335 0.026 
385    C1685    (0)    8 :  0.242 0.694 0.064 
386    C4707    (0)    9 :  0.754 0.198 0.048 
387    C4747    (0)    9 :  0.600 0.089 0.311 
388    C4772    (0)    9 :  0.301 0.212 0.487 
389    C4781    (0)    9 :  0.920 0.040 0.040 
390    C4782    (0)    9 :  0.434 0.363 0.204 
391    C4787    (0)    9 :  0.349 0.549 0.102 
392    C4790    (0)    9 :  0.750 0.193 0.057 
393    C4803    (0)    9 :  0.563 0.315 0.122 
394    C4813    (0)    9 :  0.602 0.115 0.283 
395    C4837    (0)    9 :  0.703 0.173 0.124 
396    C4838    (0)    9 :  0.146 0.815 0.039 
397    C4843    (0)    9 :  0.574 0.333 0.092 
398    C4857    (0)    9 :  0.039 0.073 0.888 
399    C4828    (0)    9 :  0.300 0.356 0.345 
400    C4835    (0)    9 :  0.184 0.453 0.364 
401    C4836    (9)    9 :  0.574 0.276 0.149 
402    C4842    (0)    9 :  0.273 0.701 0.026 
403    C4863    (9)    9 :  0.827 0.127 0.046 
404    C4744    (0)    9 :  0.463 0.498 0.040 
405    C4745    (0)    9 :  0.310 0.628 0.062 
406    C4768    (0)    9 :  0.735 0.129 0.136 
407    C4769    (0)    9 :  0.065 0.909 0.027 
408    C4771    (0)    9 :  0.260 0.718 0.022 
409    C4784    (0)    9 :  0.779 0.087 0.135 
410    C4785    (0)    9 :  0.913 0.053 0.034 
411    C4795    (0)    9 :  0.813 0.056 0.131 
412    C4796    (0)    9 :  0.666 0.309 0.024 
413    C4800    (0)    9 :  0.468 0.365 0.167 
414    C4801    (0)    9 :  0.211 0.615 0.174 
415    C4802    (0)    9 :  0.097 0.328 0.576 
416    C4805    (0)    9 :  0.203 0.754 0.043 
417    C4806    (0)    9 :  0.093 0.883 0.024 
418    C4850    (0)    9 :  0.446 0.215 0.338 
419    C4748    (0)   10 :  0.278 0.676 0.046 
420    C4753    (0)   10 :  0.474 0.478 0.048 
421    C4754    (0)   10 :  0.806 0.151 0.043 
422    C4760    (0)   10 :  0.501 0.167 0.332 
423    C4761    (0)   10 :  0.256 0.658 0.086 
424    C4762    (0)   10 :  0.650 0.282 0.067 
425    C4791    (0)   10 :  0.432 0.536 0.033 
426    C4810    (0)   10 :  0.148 0.706 0.145 
427    C4812    (0)   10 :  0.056 0.868 0.075 
428    C4821    (0)   10 :  0.604 0.144 0.253 
429    C4864    (0)   10 :  0.232 0.128 0.640 
430    C4866    (0)   10 :  0.043 0.932 0.025 
431    C1722    (0)   10 :  0.045 0.919 0.035 
432    C1724    (0)   10 :  0.029 0.958 0.013 
433    C1725    (0)   10 :  0.075 0.894 0.031 
434    C1726    (0)   10 :  0.488 0.492 0.020 
435    C1731    (0)   10 :  0.145 0.813 0.042 
436    C1733    (9)   10 :  0.143 0.814 0.043 
437    C1734    (0)   10 :  0.188 0.756 0.056 
438    C1735    (0)   10 :  0.141 0.845 0.013 
439    C1738    (0)   10 :  0.037 0.925 0.038 
440    C1740    (9)   10 :  0.301 0.576 0.123 
441    C1741    (0)   10 :  0.359 0.124 0.516 
442    C1742    (0)   10 :  0.377 0.578 0.045 
443    C1743    (0)   10 :  0.504 0.458 0.038 
444    C1745    (0)   10 :  0.674 0.277 0.049 
445    C1746    (0)   10 :  0.175 0.761 0.064 
446    C1747    (0)   10 :  0.165 0.774 0.061 
447    C4742    (9)   10 :  0.652 0.164 0.184 
448    C4752    (0)   10 :  0.102 0.122 0.776 
449    C4792    (0)   10 :  0.375 0.135 0.490 
450    C4811    (0)   10 :  0.093 0.064 0.843 
451    C4814    (0)   10 :  0.783 0.067 0.150 
452    C4815    (0)   10 :  0.407 0.333 0.260 
453    C4818    (0)   10 :  0.131 0.422 0.447 
454    C4819    (0)   10 :  0.426 0.320 0.254 
455    C4826    (0)   10 :  0.412 0.568 0.020 
456    C4829    (0)   10 :  0.802 0.140 0.058 
457    C4830    (0)   10 :  0.825 0.143 0.031 
458    C4831    (0)   10 :  0.132 0.084 0.784 
459    C4832    (0)   10 :  0.789 0.185 0.025 
460    C4858    (0)   10 :  0.912 0.038 0.050 
461    C4757    (0)   10 :  0.279 0.423 0.298 
462    C4770    (9)   10 :  0.111 0.091 0.797 
463    C4808    (0)   10 :  0.748 0.176 0.076 
464    C4809    (0)   10 :  0.444 0.539 0.017 
465    C4820    (0)   10 :  0.167 0.784 0.049 
466    C4824    (0)   10 :  0.816 0.163 0.020 
467    C4706    (0)   11 :  0.159 0.824 0.017 
468    C4708    (0)   11 :  0.048 0.015 0.937 
469    C4709    (0)   11 :  0.884 0.079 0.038 
470    C4714    (0)   11 :  0.722 0.083 0.195 
471    C4722    (0)   11 :  0.666 0.289 0.045 
472    C4726    (0)   11 :  0.157 0.510 0.333 
473    C4733    (0)   11 :  0.437 0.171 0.392 
474    C4734    (0)   11 :  0.202 0.737 0.061 
475    C4737    (0)   11 :  0.920 0.050 0.030 
476    C4882    (0)   11 :  0.391 0.588 0.021 
477    C4883    (0)   11 :  0.813 0.023 0.164 
478    C4702    (9)   11 :  0.681 0.129 0.190 
479    C4703    (0)   11 :  0.643 0.074 0.283 
480    C4727    (0)   11 :  0.158 0.814 0.028 
481    C4732    (0)   11 :  0.834 0.121 0.045 
482    C4735    (0)   11 :  0.720 0.236 0.044 
483    C4736    (0)   11 :  0.350 0.040 0.610 
484    C4746    (0)   11 :  0.935 0.034 0.031 
485    C4777    (0)   11 :  0.104 0.877 0.019 
486    C4846    (0)   11 :  0.242 0.054 0.704 
487    C4847    (0)   11 :  0.424 0.555 0.021 
488    C4884    (0)   11 :  0.784 0.174 0.043 
489    C4705    (0)   11 :  0.350 0.418 0.232 
490    C4711    (0)   11 :  0.606 0.353 0.041 
491    C4713    (9)   11 :  0.298 0.562 0.140 
492    C4716    (0)   11 :  0.512 0.397 0.090 
493    C4717    (0)   11 :  0.105 0.232 0.662 
494    C4719    (0)   11 :  0.742 0.235 0.023 
495    C4721    (0)   11 :  0.041 0.028 0.930 
496    C4729    (0)   11 :  0.766 0.191 0.043 
497    C4730    (0)   11 :  0.509 0.103 0.388 
498    C4773    (0)   11 :  0.052 0.077 0.871 
499    C4861    (0)   11 :  0.528 0.433 0.038 
500    C4890    (0)   11 :  0.705 0.145 0.149 
501    C4718    (0)   11 :  0.416 0.516 0.068 
502    C4724    (0)   11 :  0.578 0.203 0.218 
503    C4738    (0)   11 :  0.095 0.725 0.180 
504    C4739    (0)   11 :  0.156 0.764 0.079 
505    C4844    (0)   11 :  0.314 0.388 0.298 
506    C4845    (0)   11 :  0.882 0.072 0.046 
507    C4681    (0)   11 :  0.052 0.040 0.908 
508    C4682    (0)   11 :  0.335 0.310 0.355 
509    C4683    (0)   11 :  0.320 0.065 0.615 
510    C4685    (0)   11 :  0.757 0.132 0.111 
511    C4715    (0)   11 :  0.634 0.182 0.184 
512    C4725    (0)   11 :  0.331 0.649 0.020 
513    C4799    (0)   11 :  0.259 0.110 0.632 
514    C4889    (9)   11 :  0.278 0.276 0.446 
515    C4641    (0)   12 :  0.961 0.017 0.022 
516    C4651    (0)   12 :  0.663 0.279 0.058 
517    C4657    (0)   12 :  0.889 0.013 0.098 
518    C4658    (0)   12 :  0.940 0.022 0.038 
519    C4660    (0)   12 :  0.930 0.035 0.034 
520    C4665    (0)   12 :  0.955 0.022 0.023 
521    C4666    (0)   12 :  0.945 0.035 0.020 
522    C4667    (0)   12 :  0.954 0.022 0.024 
523    C4668    (0)   12 :  0.904 0.051 0.045 
524    C4669    (0)   12 :  0.960 0.020 0.020 
525    C4670    (0)   12 :  0.956 0.032 0.012 
526    C4671    (0)   12 :  0.950 0.013 0.036 
527    C4672    (0)   12 :  0.872 0.085 0.043 
528    C4633    (0)   13 :  0.940 0.019 0.041 
529    C4635    (0)   13 :  0.914 0.052 0.035 
530    C4653    (0)   13 :  0.769 0.081 0.150 
531    C4654    (0)   13 :  0.960 0.017 0.024 
532    C4675    (0)   13 :  0.921 0.059 0.021 
533    C4679    (0)   13 :  0.180 0.805 0.014 
534    C4684    (0)   13 :  0.827 0.030 0.142 
535    C4686    (0)   13 :  0.912 0.020 0.068 
536    C4687    (0)   13 :  0.642 0.031 0.326 
537    U1941    (0)   14 :  0.063 0.880 0.056 
538    U1942    (0)   14 :  0.651 0.111 0.238 
539    U1957    (9)   14 :  0.222 0.276 0.502 
540    U2016    (0)   14 :  0.084 0.905 0.011 
541    U2021    (9)   14 :  0.616 0.338 0.046 
542    U2022    (0)   14 :  0.791 0.181 0.028 
543    U2023    (0)   14 :  0.404 0.577 0.019 
544    U2024    (0)   14 :  0.689 0.240 0.071 
545    U2025    (9)   14 :  0.709 0.237 0.054 
546    U2026    (0)   14 :  0.747 0.057 0.196 
547    U2027    (0)   14 :  0.444 0.511 0.045 
548    U2028    (0)   14 :  0.788 0.200 0.012 
549    U2029    (0)   14 :  0.863 0.122 0.015 
550    U2030    (0)   14 :  0.268 0.718 0.014 
551    U2031    (0)   14 :  0.181 0.805 0.014 
552    U1943    (0)   14 :  0.883 0.071 0.046 
553    U1944    (0)   14 :  0.465 0.508 0.027 
554    U1945    (0)   14 :  0.458 0.518 0.024 
555    U1946    (0)   14 :  0.103 0.872 0.024 
556    U1947    (0)   14 :  0.497 0.474 0.029 
557    U1948    (0)   14 :  0.552 0.344 0.104 
558    U1949    (0)   14 :  0.259 0.718 0.022 
559    U1955    (0)   14 :  0.113 0.731 0.156 
560    U2005    (0)   14 :  0.795 0.124 0.080 
561    U2006    (0)   14 :  0.150 0.834 0.016 
562    U2007    (0)   14 :  0.364 0.578 0.058 
563    U2008    (0)   14 :  0.685 0.303 0.012 
564    U2010    (9)   14 :  0.698 0.175 0.127 
565    U2011    (0)   14 :  0.056 0.923 0.021 
566    U2012    (0)   14 :  0.459 0.522 0.019 
567    U2014    (0)   14 :  0.848 0.120 0.032 
568    U2702    (0)   14 :  0.919 0.052 0.028 
569    U2703    (0)   14 :  0.914 0.050 0.036 
570    U2704    (0)   14 :  0.630 0.293 0.077 
571    U2706   (18)   14 :  0.521 0.453 0.026 
572    U2707    (0)   14 :  0.153 0.828 0.019 
573    U2708    (0)   14 :  0.871 0.104 0.024 
574    U2698    (0)   14 :  0.180 0.638 0.182 
575    U2700    (0)   14 :  0.412 0.545 0.042 
576    U1924    (0)   14 :  0.629 0.344 0.027 
577    U1930    (0)   14 :  0.047 0.927 0.026 
578    U1931    (0)   14 :  0.404 0.496 0.099 
579    U1933    (0)   14 :  0.184 0.789 0.026 
580    U1934    (0)   14 :  0.335 0.237 0.428 
581    U1935    (0)   14 :  0.287 0.400 0.313 
582    U1936    (9)   14 :  0.728 0.256 0.017 
583    U1938    (0)   14 :  0.518 0.427 0.056 
584    U1939    (0)   14 :  0.253 0.508 0.238 
585    U1950    (0)   14 :  0.106 0.873 0.021 
586    U1951    (0)   14 :  0.826 0.107 0.066 
587    U1953    (0)   14 :  0.075 0.909 0.016 
588    U1954    (0)   14 :  0.129 0.861 0.010 
589    U2044    (0)   14 :  0.922 0.031 0.047 
590    U2045    (0)   14 :  0.260 0.724 0.017 
591    U2046    (9)   14 :  0.600 0.345 0.054 
592    U2047    (0)   14 :  0.956 0.026 0.019 
593    U2048    (0)   14 :  0.672 0.293 0.035 
594    U2050    (0)   14 :  0.747 0.228 0.025 
595    U2051    (0)   14 :  0.604 0.377 0.019 
596    U2056    (0)   14 :  0.028 0.959 0.014 
597    U2057    (0)   14 :  0.261 0.687 0.053 
598    U2058    (0)   14 :  0.682 0.278 0.040 
599    U2059    (9)   14 :  0.110 0.750 0.140 
600    U2060    (0)   14 :  0.057 0.930 0.013 
601    U2061    (0)   14 :  0.078 0.908 0.014 
602    U2062    (9)   14 :  0.038 0.950 0.012 
603    U2063    (9)   14 :  0.038 0.939 0.022 
604    U2065    (0)   14 :  0.814 0.167 0.019 
605    U2067    (0)   14 :  0.318 0.641 0.040 
606    U2068    (0)   14 :  0.557 0.354 0.089 
607    U2069    (0)   14 :  0.159 0.824 0.017 
608    U2070    (0)   14 :  0.162 0.807 0.032 
609    U2071    (0)   14 :  0.792 0.186 0.023 
610    U2076    (0)   14 :  0.202 0.770 0.028 
611    U2077    (0)   14 :  0.299 0.398 0.304 
612    U2082    (0)   14 :  0.284 0.601 0.115 
613    U2084    (0)   14 :  0.328 0.475 0.197 
614    U2089    (0)   14 :  0.477 0.423 0.101 
615    U2090    (0)   14 :  0.337 0.470 0.193 
616    U2098    (0)   14 :  0.179 0.803 0.018 
617    U2108    (0)   14 :  0.630 0.040 0.329 
618    U2111    (0)   14 :  0.748 0.207 0.045 
619    U2113    (0)   14 :  0.726 0.153 0.121 
620    U2114    (0)   14 :  0.253 0.722 0.025 
621    U2115    (0)   14 :  0.784 0.201 0.015 
622    U2116    (9)   14 :  0.129 0.857 0.015 
623    U2117    (0)   14 :  0.380 0.075 0.546 
624    U2119    (0)   14 :  0.899 0.031 0.070 
625    U2120    (0)   14 :  0.325 0.612 0.063 
626    U2664    (0)   14 :  0.297 0.137 0.566 
627    U1198    (9)   15 :  0.451 0.404 0.145 
628    U1199    (0)   15 :  0.655 0.300 0.045 
629    U1200    (0)   15 :  0.809 0.174 0.017 
630    U1201    (0)   15 :  0.961 0.026 0.014 
631    U1202    (0)   15 :  0.900 0.080 0.021 
632    U1203    (0)   15 :  0.917 0.063 0.020 
633    U1205    (0)   15 :  0.741 0.228 0.030 
634    U1206    (0)   15 :  0.765 0.164 0.072 
635    U1207    (0)   15 :  0.930 0.045 0.025 
636    U1208    (0)   15 :  0.815 0.146 0.040 
637    U1209    (0)   15 :  0.905 0.065 0.030 
638    U1210    (0)   15 :  0.795 0.177 0.029 
639    U1211    (0)   15 :  0.916 0.036 0.048 
640    U1212    (0)   15 :  0.529 0.428 0.042 
641    U1213    (0)   15 :  0.635 0.319 0.046 
642    U1214    (9)   15 :  0.949 0.017 0.034 
643    U1215    (0)   15 :  0.952 0.019 0.028 
644    U1220    (0)   15 :  0.873 0.039 0.088 
645    U1224    (0)   15 :  0.796 0.181 0.022 
646    U1227    (0)   15 :  0.317 0.662 0.021 
647    U1229    (0)   15 :  0.959 0.028 0.013 
648    U1230    (0)   15 :  0.490 0.498 0.013 
649    U1231    (0)   15 :  0.601 0.381 0.018 
650    U1232    (0)   15 :  0.957 0.034 0.008 
651    U1233    (9)   15 :  0.819 0.129 0.051 
652    U1234    (0)   15 :  0.707 0.274 0.019 
653    U1235    (0)   15 :  0.925 0.067 0.008 
654    U1236    (0)   15 :  0.599 0.318 0.082 
655    U1238    (0)   15 :  0.797 0.184 0.020 
656    U1239    (0)   15 :  0.673 0.252 0.075 
657    U1240    (0)   15 :  0.882 0.094 0.024 
658    U1242    (0)   15 :  0.868 0.040 0.092 
659    U1243    (0)   15 :  0.946 0.041 0.013 
660    U1245    (0)   15 :  0.868 0.114 0.018 
661    U1246    (0)   15 :  0.938 0.037 0.025 
662    U1251    (0)   15 :  0.832 0.160 0.008 
663    U1273   (18)   15 :  0.210 0.772 0.018 
664    U1274    (0)   15 :  0.342 0.641 0.017 
665    U1294    (0)   15 :  0.948 0.038 0.014 
666    U1304   (18)   15 :  0.845 0.127 0.028 
667    U1307    (9)   15 :  0.904 0.055 0.041 
668    U1314    (9)   15 :  0.706 0.231 0.063 
669    U1315    (0)   15 :  0.531 0.448 0.021 
670    U1319    (0)   15 :  0.210 0.731 0.060 
671    U1320    (0)   15 :  0.102 0.881 0.017 
672    U1324    (0)   15 :  0.908 0.078 0.014 
673    U1331    (9)   15 :  0.754 0.222 0.023 
674    U1333    (9)   15 :  0.444 0.420 0.135 
675    U1340    (0)   15 :  0.567 0.411 0.022 
676    U1341    (9)   15 :  0.779 0.193 0.028 
677    U1344    (9)   15 :  0.337 0.592 0.071 
678    U1345    (0)   15 :  0.285 0.690 0.026 
679    U1346    (0)   15 :  0.801 0.188 0.011 
680    U1347    (0)   15 :  0.112 0.878 0.010 
681    U1348    (0)   15 :  0.974 0.013 0.013 
682    U1349    (0)   15 :  0.729 0.255 0.015 
683    U1354    (0)   15 :  0.960 0.029 0.011 
684    U1375    (0)   15 :  0.085 0.891 0.024 
685    U1383    (9)   15 :  0.281 0.703 0.016 
686    U1385    (0)   15 :  0.076 0.075 0.849 
687    U1386    (0)   15 :  0.173 0.806 0.021 
688    U1413    (9)   15 :  0.832 0.146 0.022 
689    U1417    (9)   15 :  0.536 0.374 0.090 
690    U1852    (0)   16 :  0.788 0.181 0.031 
691    U1853    (0)   16 :  0.468 0.474 0.058 
692    U1854    (0)   16 :  0.290 0.560 0.150 
693    U1855    (0)   16 :  0.329 0.561 0.110 
694    U1856    (0)   16 :  0.217 0.770 0.013 
695    U1858    (0)   16 :  0.578 0.388 0.034 
696    U1859    (0)   16 :  0.941 0.042 0.016 
697    U1860    (0)   16 :  0.197 0.780 0.023 
698    U1861    (0)   16 :  0.635 0.339 0.026 
699    U1862    (0)   16 :  0.292 0.674 0.034 
700    U1863    (0)   16 :  0.536 0.258 0.207 
701    U1865    (0)   16 :  0.406 0.086 0.508 
702    U1871    (0)   16 :  0.450 0.444 0.106 
703    U1873    (0)   16 :  0.507 0.443 0.050 
704    U1875    (0)   16 :  0.321 0.149 0.530 
705    U1876    (0)   16 :  0.443 0.126 0.431 
706    U2448    (0)   17 :  0.645 0.104 0.251 
707    U2449    (0)   17 :  0.364 0.138 0.498 
708    U2450    (0)   17 :  0.260 0.686 0.055 
709    U2451   (18)   17 :  0.202 0.439 0.359 
710    U2453    (0)   17 :  0.064 0.251 0.684 
711    U2454    (0)   17 :  0.318 0.463 0.219 
712    U2455    (0)   17 :  0.424 0.121 0.455 
713    U2456    (9)   17 :  0.510 0.392 0.098 
714    U2457    (0)   17 :  0.586 0.110 0.304 
715    U2458    (0)   17 :  0.480 0.489 0.031 
716    U2459    (0)   17 :  0.470 0.110 0.420 
717    U2460    (0)   17 :  0.574 0.378 0.048 
718    U2461    (0)   17 :  0.130 0.856 0.014 
719    U1826    (0)   17 :  0.297 0.427 0.276 
720    U1827    (0)   17 :  0.137 0.758 0.105 
721    U1828    (0)   17 :  0.074 0.892 0.034 
722    U1829    (0)   17 :  0.579 0.186 0.235 
723    U1830    (0)   17 :  0.204 0.094 0.703 
724    U1831    (0)   17 :  0.284 0.695 0.021 
725    U1833    (0)   17 :  0.407 0.572 0.021 
726    U1834    (9)   17 :  0.074 0.907 0.018 
727    U1835    (0)   17 :  0.204 0.763 0.034 
728    U1836    (9)   17 :  0.705 0.196 0.099 
729    U1837    (0)   17 :  0.245 0.665 0.089 
730    U1838    (0)   17 :  0.091 0.810 0.100 
731    U1839    (0)   17 :  0.083 0.822 0.095 
732    U1840    (9)   17 :  0.127 0.789 0.084 
733    U1842    (0)   17 :  0.140 0.329 0.532 
734    U1844   (18)   17 :  0.571 0.240 0.190 
735    U1845    (0)   17 :  0.069 0.894 0.037 
736    U1846    (0)   17 :  0.050 0.916 0.034 
737    U1762    (0)   18 :  0.404 0.235 0.361 
738    U1763    (0)   18 :  0.028 0.964 0.009 
739    U1766    (9)   18 :  0.041 0.932 0.028 
740    U1767    (0)   18 :  0.330 0.651 0.018 
741    U1770    (0)   18 :  0.097 0.879 0.024 
742    U1771    (0)   18 :  0.040 0.945 0.015 
743    U1772    (0)   18 :  0.118 0.826 0.056 
744    U1773    (9)   18 :  0.045 0.926 0.030 
745    U1777    (0)   18 :  0.031 0.953 0.016 
746    U1778    (0)   18 :  0.431 0.544 0.025 
747    U1779    (0)   18 :  0.207 0.780 0.012 
748    U1780    (0)   18 :  0.094 0.885 0.021 
749    U1781    (0)   18 :  0.035 0.905 0.060 
750    U1786    (0)   18 :  0.043 0.943 0.014 
751    U1789    (0)   18 :  0.062 0.919 0.018 
752    U1790    (0)   18 :  0.029 0.951 0.020 
753    U2467    (0)   19 :  0.685 0.169 0.146 
754    U2468    (0)   19 :  0.626 0.310 0.063 
755    U2469    (0)   19 :  0.317 0.563 0.120 
756    U2470    (0)   19 :  0.415 0.552 0.032 
757    U2472    (9)   19 :  0.808 0.100 0.092 
758    U2473    (0)   19 :  0.773 0.089 0.137 
759    U2475    (0)   19 :  0.705 0.046 0.249 
760    U2477    (0)   19 :  0.203 0.770 0.027 
761    U2478    (0)   19 :  0.170 0.150 0.680 
762    U2482    (0)   19 :  0.928 0.044 0.028 
763    U2483    (0)   19 :  0.796 0.176 0.028 
764    U2484    (0)   19 :  0.619 0.352 0.029 
765    U2485    (0)   19 :  0.887 0.102 0.011 
766    U2487    (9)   19 :  0.841 0.114 0.044 
767    U2490    (0)   19 :  0.789 0.105 0.106 
768    U2491    (0)   19 :  0.396 0.568 0.035 
769    U2493   (18)   19 :  0.616 0.361 0.023 
770    U2495    (0)   19 :  0.896 0.045 0.059 
771    U2496    (0)   19 :  0.436 0.548 0.017 
772    U2497    (0)   19 :  0.119 0.101 0.780 
773    U2498    (0)   19 :  0.729 0.102 0.169 
774    U2499    (0)   19 :  0.835 0.038 0.127 
775    U2502    (0)   19 :  0.768 0.201 0.031 
776    U2503    (0)   19 :  0.565 0.382 0.053 
777    U2202    (0)   20 :  0.087 0.888 0.025 
778    U2203    (0)   20 :  0.438 0.518 0.044 
779    U2205    (0)   20 :  0.196 0.651 0.153 
780    U2206    (9)   20 :  0.598 0.380 0.022 
781    U2207    (0)   20 :  0.768 0.178 0.054 
782    U2212   (18)   20 :  0.405 0.057 0.538 
783    U2215    (0)   20 :  0.143 0.671 0.186 
784    U2216    (9)   20 :  0.614 0.357 0.029 
785    U2217    (0)   20 :  0.851 0.139 0.011 
786    U2221    (0)   20 :  0.749 0.232 0.019 
787    U2222    (0)   20 :  0.688 0.248 0.064 
788    U2225    (9)   20 :  0.541 0.413 0.046 
789    U1120    (9)   21 :  0.745 0.177 0.078 
790    U1122    (9)   21 :  0.492 0.433 0.075 
791    U1125    (0)   21 :  0.413 0.561 0.026 
792    U1126    (0)   21 :  0.081 0.903 0.016 
