

----------------------------------------------------
STRUCTURE by Pritchard, Stephens and Donnelly (2000)
     and Falush, Stephens and Pritchard (2003)
       Code by Pritchard, Falush and Hubisz
             Version 2.3.4 (Jul 2012)
----------------------------------------------------



Command line arguments:   bin\structure -m C:\Users\eschumacher\Documents\Butternut\butternut_STRUCTURE_withQU\50-50\mainparams -e C:\Users\eschumacher\Documents\Butternut\butternut_STRUCTURE_withQU\50-50\extraparams 
Input File:    C:\Users\eschumacher\Documents\Butternut\butternut_STRUCTURE_withQU\project_data

Run parameters:
   1015 individuals
   11 loci
   9 populations assumed
   50000 Burn-in period
   50000 Reps


--------------------------------------------
Proportion of membership of each pre-defined
 population in each of the 9 clusters

Given    Inferred Clusters                                                 Number of
 Pop       1      2      3      4      5      6      7      8      9      Individuals

  1:     0.188  0.061  0.037  0.051  0.211  0.036  0.036  0.346  0.033       40
  2:     0.290  0.083  0.032  0.056  0.174  0.025  0.026  0.277  0.036       46
  3:     0.164  0.040  0.040  0.034  0.425  0.023  0.041  0.210  0.024       63
  4:     0.292  0.094  0.026  0.032  0.310  0.040  0.044  0.127  0.035       48
  5:     0.266  0.051  0.036  0.033  0.181  0.048  0.040  0.309  0.035       85
  6:     0.177  0.065  0.032  0.045  0.235  0.026  0.045  0.339  0.037       70
  7:     0.042  0.053  0.208  0.224  0.026  0.088  0.107  0.061  0.193       22
  8:     0.019  0.073  0.193  0.113  0.025  0.142  0.110  0.019  0.306       11
  9:     0.157  0.105  0.147  0.108  0.029  0.063  0.092  0.046  0.253       33
 10:     0.148  0.086  0.086  0.129  0.041  0.139  0.126  0.032  0.213       48
 11:     0.237  0.119  0.137  0.087  0.023  0.072  0.077  0.036  0.212       48
 12:     0.021  0.815  0.016  0.034  0.012  0.043  0.017  0.017  0.025       13
 13:     0.025  0.725  0.019  0.023  0.031  0.102  0.033  0.025  0.017        9
 14:     0.026  0.073  0.121  0.188  0.039  0.113  0.199  0.042  0.199       90
 15:     0.017  0.041  0.491  0.118  0.028  0.039  0.134  0.023  0.109       63
 16:     0.022  0.148  0.086  0.154  0.055  0.084  0.176  0.074  0.200       16
 17:     0.051  0.139  0.066  0.114  0.055  0.135  0.272  0.068  0.100       31
 18:     0.025  0.058  0.027  0.043  0.012  0.741  0.021  0.016  0.058       16
 19:     0.022  0.041  0.340  0.201  0.075  0.038  0.100  0.089  0.094       24
 20:     0.033  0.040  0.093  0.366  0.037  0.128  0.060  0.073  0.171       12
 21:     0.025  0.080  0.152  0.209  0.031  0.137  0.151  0.053  0.162       54
 22:     0.036  0.062  0.056  0.153  0.033  0.242  0.214  0.050  0.153       96
 23:     0.017  0.057  0.133  0.201  0.021  0.277  0.154  0.061  0.079       22
 24:     0.070  0.070  0.025  0.038  0.036  0.525  0.069  0.070  0.096       23
 25:     0.017  0.039  0.057  0.102  0.032  0.288  0.268  0.026  0.170       13
 26:     0.039  0.058  0.132  0.256  0.065  0.075  0.135  0.047  0.193       19
--------------------------------------------

Allele-freq. divergence among pops (Net nucleotide distance),
computed using point estimates of P.

      1       2       3       4       5       6       7       8       9      
 1      -    0.0296  0.0417  0.0412  0.0383  0.0571  0.0535  0.0367  0.0412  
 2   0.0296     -    0.0181  0.0139  0.0308  0.0201  0.0176  0.0260  0.0143  
 3   0.0417  0.0181     -    0.0119  0.0393  0.0267  0.0189  0.0364  0.0128  
 4   0.0412  0.0139  0.0119     -    0.0276  0.0159  0.0105  0.0289  0.0095  
 5   0.0383  0.0308  0.0393  0.0276     -    0.0427  0.0350  0.0249  0.0384  
 6   0.0571  0.0201  0.0267  0.0159  0.0427     -    0.0178  0.0429  0.0169  
 7   0.0535  0.0176  0.0189  0.0105  0.0350  0.0178     -    0.0388  0.0132  
 8   0.0367  0.0260  0.0364  0.0289  0.0249  0.0429  0.0388     -    0.0359  
 9   0.0412  0.0143  0.0128  0.0095  0.0384  0.0169  0.0132  0.0359     -    

Average distances (expected heterozygosity) between individuals in same cluster:
cluster  1  : 0.8176 
cluster  2  : 0.8523 
cluster  3  : 0.8462 
cluster  4  : 0.8582 
cluster  5  : 0.8153 
cluster  6  : 0.8271 
cluster  7  : 0.8384 
cluster  8  : 0.8033 
cluster  9  : 0.8438 

--------------------------------------------
Estimated Ln Prob of Data   = -47886.4
Mean value of ln likelihood = -45919.2
Variance of ln likelihood   = 3934.5
Mean value of alpha         = 0.0521

Mean value of Fst_1         = 0.0811
Mean value of Fst_2         = 0.0313
Mean value of Fst_3         = 0.0373
Mean value of Fst_4         = 0.0202
Mean value of Fst_5         = 0.0718
Mean value of Fst_6         = 0.0479
Mean value of Fst_7         = 0.0358
Mean value of Fst_8         = 0.0686
Mean value of Fst_9         = 0.0293


Inferred ancestry of individuals:
        Label (%Miss) Pop:  Inferred clusters
  1    C3984    (0)    1 :  0.465 0.029 0.011 0.019 0.017 0.007 0.013 0.428 0.011 
  2    C3985    (0)    1 :  0.710 0.008 0.014 0.015 0.048 0.013 0.009 0.169 0.014 
  3    C3986    (0)    1 :  0.793 0.012 0.014 0.009 0.089 0.006 0.011 0.058 0.008 
  4    C4231    (0)    1 :  0.357 0.129 0.014 0.027 0.040 0.009 0.023 0.364 0.038 
  5    C4344    (0)    1 :  0.085 0.016 0.039 0.048 0.560 0.016 0.025 0.188 0.023 
  6    C4347   (18)    1 :  0.037 0.022 0.012 0.016 0.493 0.050 0.022 0.333 0.015 
  7    C4352   (18)    1 :  0.394 0.063 0.030 0.031 0.068 0.017 0.014 0.354 0.029 
  8    C4355    (9)    1 :  0.057 0.042 0.022 0.030 0.135 0.013 0.057 0.632 0.012 
  9    C4358   (18)    1 :  0.029 0.061 0.032 0.649 0.015 0.036 0.056 0.039 0.083 
 10    C4419    (9)    1 :  0.111 0.108 0.019 0.030 0.016 0.015 0.080 0.599 0.022 
 11    C4428    (9)    1 :  0.168 0.054 0.013 0.013 0.129 0.016 0.016 0.581 0.011 
 12    C4436    (0)    1 :  0.291 0.012 0.014 0.010 0.073 0.017 0.010 0.558 0.014 
 13    C4437   (18)    1 :  0.654 0.013 0.019 0.039 0.037 0.038 0.030 0.146 0.025 
 14    C4450    (0)    1 :  0.149 0.040 0.050 0.100 0.025 0.043 0.063 0.467 0.063 
 15    C4531    (0)    1 :  0.838 0.020 0.026 0.018 0.008 0.022 0.016 0.014 0.038 
 16    C1615    (0)    1 :  0.311 0.072 0.069 0.035 0.042 0.086 0.051 0.219 0.116 
 17    C1616    (0)    1 :  0.061 0.063 0.019 0.112 0.066 0.121 0.215 0.202 0.141 
 18    C1617    (9)    1 :  0.011 0.015 0.009 0.014 0.078 0.017 0.031 0.814 0.011 
 19    C1618    (0)    1 :  0.424 0.048 0.123 0.025 0.027 0.034 0.024 0.247 0.048 
 20    C1619    (0)    1 :  0.144 0.050 0.146 0.127 0.049 0.056 0.025 0.376 0.029 
 21    C1620    (9)    1 :  0.159 0.036 0.139 0.077 0.034 0.039 0.016 0.458 0.041 
 22    C1621    (0)    1 :  0.016 0.453 0.030 0.050 0.022 0.241 0.060 0.099 0.029 
 23    C1623    (9)    1 :  0.329 0.141 0.224 0.070 0.013 0.115 0.047 0.023 0.038 
 24    C1625    (0)    1 :  0.035 0.073 0.096 0.093 0.048 0.100 0.018 0.507 0.030 
 25    C1626    (0)    1 :  0.020 0.351 0.040 0.043 0.033 0.071 0.050 0.316 0.075 
 26    C1627    (9)    1 :  0.047 0.034 0.022 0.018 0.022 0.039 0.008 0.794 0.017 
 27    C1633    (0)    1 :  0.012 0.022 0.010 0.011 0.011 0.012 0.011 0.904 0.008 
 28    C1637    (0)    1 :  0.015 0.046 0.014 0.015 0.044 0.022 0.021 0.801 0.022 
 29    C1650    (0)    1 :  0.530 0.077 0.013 0.017 0.058 0.030 0.052 0.202 0.021 
 30    C3202    (0)    1 :  0.015 0.009 0.009 0.014 0.907 0.015 0.009 0.013 0.008 
 31    C3248    (0)    1 :  0.009 0.018 0.013 0.015 0.109 0.013 0.009 0.796 0.019 
 32    C3304    (9)    1 :  0.018 0.016 0.013 0.038 0.662 0.011 0.047 0.185 0.011 
 33    C3326    (0)    1 :  0.076 0.051 0.022 0.071 0.411 0.021 0.054 0.134 0.160 
 34    C3333    (0)    1 :  0.011 0.010 0.010 0.015 0.890 0.014 0.017 0.022 0.012 
 35    C3339   (18)    1 :  0.013 0.018 0.036 0.035 0.141 0.014 0.078 0.651 0.013 
 36    C3346    (0)    1 :  0.015 0.008 0.012 0.008 0.923 0.006 0.008 0.013 0.008 
 37    C3349    (0)    1 :  0.017 0.026 0.032 0.032 0.693 0.016 0.064 0.078 0.041 
 38    C3367   (18)    1 :  0.052 0.028 0.015 0.019 0.799 0.021 0.023 0.030 0.013 
 39    C3374    (0)    1 :  0.016 0.022 0.011 0.009 0.026 0.006 0.008 0.895 0.007 
 40    C3405    (0)    1 :  0.017 0.125 0.040 0.034 0.575 0.011 0.064 0.116 0.018 
 41    C4543    (0)    2 :  0.797 0.056 0.016 0.016 0.041 0.010 0.028 0.021 0.015 
 42    C4545    (9)    2 :  0.853 0.020 0.052 0.008 0.012 0.007 0.009 0.029 0.010 
 43    C4551    (9)    2 :  0.238 0.286 0.060 0.056 0.017 0.020 0.020 0.116 0.187 
 44    C4491    (0)    2 :  0.544 0.026 0.059 0.092 0.052 0.026 0.032 0.080 0.089 
 45    C4494    (0)    2 :  0.221 0.032 0.012 0.015 0.588 0.008 0.011 0.100 0.012 
 46    C4495    (0)    2 :  0.049 0.075 0.033 0.092 0.639 0.017 0.013 0.038 0.044 
 47    C4497    (9)    2 :  0.037 0.020 0.014 0.026 0.042 0.012 0.013 0.821 0.014 
 48    C4501    (0)    2 :  0.041 0.265 0.018 0.055 0.016 0.011 0.054 0.515 0.026 
 49    C4502    (0)    2 :  0.227 0.067 0.070 0.017 0.048 0.012 0.016 0.533 0.010 
 50    C4503    (0)    2 :  0.634 0.099 0.178 0.019 0.011 0.017 0.013 0.012 0.018 
 51    C4504    (0)    2 :  0.142 0.028 0.049 0.591 0.049 0.019 0.047 0.060 0.016 
 52    C4470    (0)    2 :  0.072 0.211 0.018 0.097 0.023 0.016 0.017 0.474 0.072 
 53    C4471    (0)    2 :  0.589 0.147 0.020 0.042 0.033 0.012 0.021 0.123 0.014 
 54    C4474    (9)    2 :  0.775 0.076 0.018 0.018 0.008 0.026 0.016 0.010 0.052 
 55    C4476    (0)    2 :  0.115 0.066 0.016 0.009 0.014 0.010 0.009 0.742 0.018 
 56    C4478    (0)    2 :  0.641 0.046 0.096 0.022 0.075 0.008 0.048 0.053 0.010 
 57    C4479    (0)    2 :  0.063 0.203 0.010 0.011 0.114 0.046 0.016 0.523 0.014 
 58    C4482    (0)    2 :  0.437 0.049 0.008 0.080 0.120 0.174 0.029 0.065 0.037 
 59    C4483    (0)    2 :  0.789 0.097 0.016 0.049 0.009 0.011 0.011 0.008 0.011 
 60    C4484    (0)    2 :  0.548 0.046 0.059 0.056 0.102 0.021 0.064 0.082 0.022 
 61    C4485    (0)    2 :  0.051 0.075 0.021 0.170 0.308 0.045 0.032 0.235 0.062 
 62    C4489    (0)    2 :  0.309 0.059 0.029 0.029 0.091 0.022 0.026 0.422 0.014 
 63    C4505    (0)    2 :  0.092 0.048 0.013 0.020 0.018 0.011 0.014 0.762 0.023 
 64    C4507    (0)    2 :  0.286 0.152 0.082 0.038 0.011 0.010 0.037 0.300 0.085 
 65    C4535    (0)    2 :  0.813 0.065 0.018 0.023 0.010 0.022 0.014 0.012 0.024 
 66    C4542    (0)    2 :  0.245 0.232 0.019 0.159 0.015 0.021 0.145 0.016 0.147 
 67    C4553    (9)    2 :  0.658 0.061 0.016 0.022 0.090 0.019 0.019 0.060 0.055 
 68    C4562   (18)    2 :  0.592 0.072 0.051 0.021 0.040 0.025 0.015 0.123 0.061 
 69    C4582   (18)    2 :  0.729 0.067 0.017 0.023 0.028 0.035 0.019 0.043 0.040 
 70    C4693    (0)    2 :  0.732 0.142 0.009 0.011 0.032 0.013 0.011 0.038 0.012 
 71    C4696    (0)    2 :  0.467 0.102 0.038 0.046 0.045 0.024 0.023 0.118 0.138 
 72    C3179    (0)    2 :  0.023 0.009 0.055 0.049 0.642 0.010 0.024 0.173 0.016 
 73    C3181    (0)    2 :  0.016 0.142 0.015 0.078 0.274 0.019 0.032 0.407 0.018 
 74    C3188    (0)    2 :  0.023 0.027 0.027 0.085 0.131 0.020 0.023 0.644 0.020 
 75    C3190    (0)    2 :  0.024 0.028 0.012 0.019 0.813 0.022 0.048 0.016 0.018 
 76    C3193    (0)    2 :  0.014 0.014 0.008 0.024 0.222 0.027 0.010 0.657 0.023 
 77    C3232    (0)    2 :  0.193 0.077 0.013 0.019 0.156 0.008 0.013 0.510 0.010 
 78    C3236    (0)    2 :  0.041 0.013 0.007 0.010 0.810 0.008 0.008 0.092 0.012 
 79    C3249    (0)    2 :  0.018 0.051 0.027 0.035 0.411 0.028 0.036 0.364 0.029 
 80    C3250    (0)    2 :  0.017 0.056 0.008 0.009 0.041 0.010 0.012 0.839 0.009 
 81    C3253    (0)    2 :  0.012 0.011 0.007 0.011 0.008 0.012 0.008 0.920 0.010 
 82    C3255    (0)    2 :  0.034 0.066 0.010 0.023 0.173 0.009 0.009 0.667 0.009 
 83    C3277    (0)    2 :  0.016 0.073 0.036 0.085 0.069 0.066 0.026 0.575 0.054 
 84    C3315    (0)    2 :  0.065 0.209 0.065 0.079 0.014 0.151 0.058 0.303 0.056 
 85    C3288    (0)    2 :  0.017 0.016 0.014 0.015 0.877 0.019 0.011 0.019 0.011 
 86    C3293    (0)    2 :  0.049 0.049 0.027 0.116 0.658 0.026 0.034 0.019 0.021 
 87    C4018    (0)    3 :  0.775 0.010 0.007 0.007 0.155 0.005 0.014 0.018 0.009 
 88    C3980    (0)    3 :  0.882 0.020 0.009 0.012 0.031 0.010 0.014 0.012 0.010 
 89    C3987    (0)    3 :  0.898 0.011 0.009 0.009 0.017 0.009 0.010 0.031 0.007 
 90    C3988    (0)    3 :  0.834 0.011 0.011 0.016 0.034 0.010 0.006 0.066 0.012 
 91    C3989    (0)    3 :  0.035 0.038 0.006 0.209 0.634 0.007 0.012 0.044 0.015 
 92    C4011    (0)    3 :  0.765 0.007 0.006 0.006 0.117 0.005 0.005 0.084 0.005 
 93    C4017    (0)    3 :  0.937 0.008 0.006 0.007 0.011 0.006 0.006 0.013 0.006 
 94    C4296    (0)    3 :  0.045 0.226 0.037 0.023 0.026 0.027 0.037 0.309 0.270 
 95    C4301    (9)    3 :  0.009 0.018 0.031 0.073 0.039 0.009 0.799 0.010 0.011 
 96    C4303    (0)    3 :  0.013 0.018 0.027 0.024 0.550 0.259 0.044 0.036 0.029 
 97    C4453    (0)    3 :  0.137 0.034 0.066 0.031 0.590 0.041 0.027 0.062 0.012 
 98    C4455    (9)    3 :  0.045 0.022 0.016 0.014 0.831 0.034 0.011 0.013 0.013 
 99    C4456   (18)    3 :  0.351 0.024 0.106 0.037 0.338 0.061 0.043 0.017 0.022 
100    C4457    (9)    3 :  0.034 0.035 0.020 0.104 0.630 0.054 0.048 0.049 0.025 
101    C4459    (9)    3 :  0.308 0.031 0.013 0.028 0.295 0.024 0.015 0.252 0.033 
102    C4464   (18)    3 :  0.108 0.012 0.011 0.011 0.624 0.008 0.009 0.206 0.011 
103    C4468    (9)    3 :  0.039 0.059 0.015 0.021 0.190 0.052 0.014 0.593 0.015 
104    C4783    (0)    3 :  0.547 0.016 0.011 0.021 0.349 0.011 0.010 0.008 0.027 
105    C4786    (0)    3 :  0.234 0.020 0.009 0.009 0.640 0.010 0.026 0.036 0.016 
106    C4789    (9)    3 :  0.398 0.029 0.008 0.017 0.363 0.011 0.060 0.103 0.011 
107    C4891    (0)    3 :  0.052 0.019 0.019 0.017 0.825 0.009 0.012 0.012 0.035 
108    C4896    (0)    3 :  0.307 0.057 0.014 0.045 0.454 0.028 0.058 0.014 0.023 
109    C4898    (0)    3 :  0.580 0.094 0.017 0.031 0.180 0.014 0.014 0.048 0.023 
110    C4901    (0)    3 :  0.193 0.020 0.007 0.012 0.718 0.013 0.015 0.012 0.012 
111    C4903    (9)    3 :  0.054 0.030 0.011 0.028 0.781 0.023 0.038 0.016 0.018 
112    C4904    (0)    3 :  0.650 0.016 0.009 0.071 0.204 0.008 0.013 0.015 0.015 
113    C3263    (0)    3 :  0.015 0.014 0.180 0.043 0.119 0.018 0.012 0.591 0.010 
114    C3271    (0)    3 :  0.021 0.009 0.021 0.028 0.038 0.009 0.023 0.834 0.016 
115    C3272    (0)    3 :  0.012 0.019 0.015 0.023 0.032 0.008 0.037 0.837 0.017 
116    C3276    (0)    3 :  0.014 0.041 0.074 0.083 0.446 0.023 0.268 0.027 0.023 
117    C3280    (9)    3 :  0.025 0.034 0.065 0.032 0.019 0.025 0.024 0.739 0.038 
118    C3305    (9)    3 :  0.011 0.010 0.009 0.011 0.008 0.007 0.012 0.922 0.008 
119    C3306    (0)    3 :  0.018 0.019 0.075 0.073 0.048 0.018 0.013 0.712 0.024 
120    C3324    (0)    3 :  0.016 0.018 0.120 0.055 0.012 0.016 0.012 0.721 0.029 
121    C3329    (0)    3 :  0.096 0.089 0.066 0.033 0.061 0.021 0.027 0.516 0.090 
122    C3336    (0)    3 :  0.023 0.018 0.015 0.022 0.056 0.011 0.043 0.789 0.024 
123    C3341   (18)    3 :  0.046 0.096 0.608 0.072 0.027 0.025 0.023 0.056 0.047 
124    C3409   (18)    3 :  0.033 0.248 0.037 0.099 0.123 0.029 0.062 0.327 0.041 
125    C3168    (9)    3 :  0.013 0.009 0.007 0.010 0.927 0.007 0.009 0.011 0.007 
126    C3170    (0)    3 :  0.018 0.011 0.010 0.016 0.860 0.007 0.020 0.048 0.011 
127    C3214   (18)    3 :  0.026 0.112 0.010 0.012 0.531 0.027 0.181 0.089 0.014 
128    C3227    (0)    3 :  0.015 0.008 0.006 0.008 0.914 0.011 0.022 0.011 0.007 
129    C3228    (0)    3 :  0.063 0.079 0.029 0.025 0.063 0.029 0.038 0.631 0.043 
130    C3278    (0)    3 :  0.007 0.007 0.008 0.013 0.917 0.009 0.018 0.008 0.012 
131    C3279    (0)    3 :  0.010 0.011 0.008 0.040 0.853 0.013 0.022 0.019 0.023 
132    C3321    (0)    3 :  0.024 0.007 0.005 0.007 0.929 0.005 0.006 0.011 0.006 
133    C3322    (0)    3 :  0.029 0.018 0.010 0.026 0.804 0.045 0.033 0.010 0.024 
134    C3303    (0)    3 :  0.016 0.019 0.027 0.016 0.764 0.013 0.046 0.049 0.051 
135    C3317    (0)    3 :  0.023 0.017 0.019 0.026 0.044 0.014 0.010 0.832 0.014 
136    C3355    (0)    3 :  0.025 0.019 0.019 0.016 0.557 0.009 0.009 0.335 0.012 
137    C3376    (9)    3 :  0.033 0.151 0.016 0.020 0.270 0.019 0.054 0.415 0.021 
138    C3401    (0)    3 :  0.027 0.017 0.017 0.021 0.088 0.022 0.023 0.753 0.030 
139    C3203    (9)    3 :  0.029 0.065 0.062 0.043 0.478 0.038 0.056 0.216 0.013 
140    C3245    (0)    3 :  0.008 0.010 0.010 0.022 0.887 0.017 0.013 0.022 0.011 
141    C3302    (0)    3 :  0.009 0.012 0.014 0.017 0.898 0.011 0.017 0.010 0.012 
142    C3307    (0)    3 :  0.102 0.242 0.119 0.063 0.322 0.077 0.009 0.045 0.021 
143    C3310    (0)    3 :  0.008 0.007 0.011 0.010 0.928 0.008 0.011 0.007 0.009 
144    C3312    (9)    3 :  0.066 0.035 0.016 0.096 0.349 0.033 0.016 0.355 0.034 
145    C3345    (0)    3 :  0.021 0.014 0.020 0.020 0.876 0.011 0.012 0.018 0.008 
146    C3371    (0)    3 :  0.008 0.015 0.038 0.023 0.874 0.009 0.008 0.014 0.010 
147    C3372    (0)    3 :  0.021 0.095 0.044 0.050 0.611 0.021 0.015 0.126 0.018 
148    C3380    (9)    3 :  0.013 0.012 0.006 0.006 0.930 0.007 0.007 0.014 0.006 
149    C3417    (0)    3 :  0.133 0.039 0.173 0.090 0.467 0.026 0.017 0.033 0.022 
150    C4569    (9)    4 :  0.278 0.133 0.094 0.049 0.013 0.043 0.111 0.073 0.206 
151    C4570    (9)    4 :  0.736 0.141 0.015 0.010 0.013 0.012 0.009 0.046 0.018 
152    C4571    (9)    4 :  0.291 0.369 0.015 0.014 0.030 0.022 0.016 0.226 0.015 
153    C4572    (9)    4 :  0.873 0.022 0.015 0.011 0.010 0.020 0.014 0.023 0.012 
154    C4573    (9)    4 :  0.055 0.442 0.021 0.054 0.010 0.254 0.051 0.069 0.043 
155    C4575    (9)    4 :  0.376 0.338 0.025 0.054 0.020 0.075 0.047 0.043 0.021 
156    C4577    (9)    4 :  0.830 0.060 0.014 0.016 0.013 0.008 0.013 0.024 0.022 
157    C4578    (9)    4 :  0.356 0.393 0.024 0.045 0.016 0.047 0.035 0.044 0.040 
158    C4600   (18)    4 :  0.450 0.031 0.020 0.112 0.022 0.026 0.027 0.030 0.282 
159    C4612    (9)    4 :  0.464 0.295 0.014 0.018 0.021 0.017 0.129 0.019 0.023 
160    C4621    (0)    4 :  0.854 0.027 0.005 0.010 0.038 0.015 0.012 0.031 0.007 
161    C4622    (9)    4 :  0.928 0.010 0.008 0.008 0.013 0.008 0.007 0.008 0.010 
162    C4623    (0)    4 :  0.162 0.326 0.155 0.081 0.082 0.037 0.042 0.082 0.033 
163    C4624    (0)    4 :  0.742 0.075 0.017 0.012 0.016 0.055 0.025 0.025 0.033 
164    C4625    (0)    4 :  0.121 0.083 0.015 0.025 0.014 0.441 0.048 0.141 0.111 
165    C4627    (0)    4 :  0.802 0.023 0.015 0.021 0.063 0.025 0.022 0.017 0.012 
166    C4631    (0)    4 :  0.633 0.101 0.178 0.019 0.010 0.017 0.012 0.012 0.018 
167    C4632    (0)    4 :  0.827 0.023 0.014 0.011 0.028 0.020 0.011 0.039 0.027 
168    C3939    (0)    4 :  0.820 0.024 0.011 0.013 0.065 0.009 0.020 0.019 0.020 
169    C3940    (0)    4 :  0.567 0.209 0.028 0.036 0.043 0.007 0.050 0.015 0.043 
170    C3945    (0)    4 :  0.930 0.006 0.007 0.009 0.013 0.005 0.007 0.011 0.012 
171    C4520    (0)    4 :  0.034 0.072 0.042 0.066 0.060 0.018 0.549 0.091 0.068 
172    C4522    (0)    4 :  0.683 0.020 0.009 0.011 0.218 0.009 0.011 0.029 0.010 
173    C3182    (0)    4 :  0.061 0.022 0.028 0.021 0.726 0.012 0.015 0.098 0.018 
174    C3189    (0)    4 :  0.029 0.054 0.019 0.138 0.052 0.114 0.034 0.519 0.041 
175    C3191    (9)    4 :  0.016 0.042 0.026 0.029 0.167 0.051 0.016 0.638 0.015 
176    C3196    (0)    4 :  0.013 0.025 0.012 0.020 0.792 0.020 0.025 0.074 0.019 
177    C3208    (0)    4 :  0.171 0.044 0.049 0.021 0.576 0.043 0.045 0.024 0.028 
178    C3211    (0)    4 :  0.014 0.010 0.010 0.012 0.908 0.007 0.014 0.014 0.010 
179    C3212    (0)    4 :  0.047 0.379 0.061 0.112 0.114 0.008 0.168 0.073 0.037 
180    C3213    (0)    4 :  0.007 0.010 0.013 0.024 0.892 0.009 0.016 0.013 0.016 
181    C3215    (0)    4 :  0.012 0.016 0.009 0.008 0.885 0.027 0.023 0.007 0.013 
182    C3217    (0)    4 :  0.015 0.044 0.039 0.031 0.451 0.013 0.019 0.368 0.019 
183    C3225    (9)    4 :  0.018 0.064 0.017 0.029 0.214 0.028 0.071 0.527 0.033 
184    C3226    (0)    4 :  0.191 0.026 0.013 0.013 0.578 0.010 0.009 0.152 0.008 
185    C3238    (9)    4 :  0.108 0.024 0.013 0.017 0.741 0.017 0.021 0.046 0.014 
186    C3239    (0)    4 :  0.031 0.181 0.029 0.026 0.183 0.014 0.022 0.502 0.013 
187    C3269   (18)    4 :  0.153 0.069 0.020 0.043 0.056 0.138 0.108 0.387 0.027 
188    C3273    (0)    4 :  0.028 0.016 0.009 0.026 0.376 0.046 0.027 0.459 0.013 
189    C3274    (0)    4 :  0.025 0.078 0.011 0.097 0.538 0.018 0.062 0.025 0.146 
190    C3354    (0)    4 :  0.018 0.022 0.010 0.052 0.767 0.016 0.014 0.085 0.016 
191    C3361    (0)    4 :  0.017 0.030 0.009 0.010 0.854 0.013 0.017 0.033 0.016 
192    C3289    (0)    4 :  0.014 0.011 0.009 0.014 0.901 0.014 0.012 0.012 0.011 
193    C3169    (0)    4 :  0.036 0.032 0.009 0.013 0.424 0.012 0.018 0.451 0.007 
194    C3199    (9)    4 :  0.111 0.032 0.016 0.014 0.631 0.034 0.026 0.118 0.017 
195    C3224    (0)    4 :  0.015 0.012 0.011 0.010 0.706 0.015 0.031 0.187 0.013 
196    C3261   (18)    4 :  0.049 0.011 0.013 0.033 0.744 0.009 0.010 0.118 0.013 
197    C3320    (0)    4 :  0.028 0.033 0.012 0.032 0.747 0.026 0.021 0.072 0.028 
198    C4151    (0)    5 :  0.916 0.018 0.008 0.009 0.010 0.009 0.006 0.016 0.008 
199    C4152    (0)    5 :  0.835 0.016 0.011 0.009 0.008 0.012 0.010 0.090 0.010 
200    C4153    (0)    5 :  0.430 0.074 0.013 0.028 0.264 0.023 0.048 0.094 0.026 
201    C4154   (18)    5 :  0.741 0.021 0.016 0.030 0.097 0.008 0.016 0.048 0.022 
202    C4157    (0)    5 :  0.190 0.015 0.013 0.026 0.026 0.016 0.011 0.509 0.194 
203    C4158    (0)    5 :  0.907 0.016 0.006 0.009 0.016 0.013 0.007 0.017 0.009 
204    C4163    (0)    5 :  0.939 0.009 0.006 0.006 0.010 0.006 0.005 0.013 0.006 
205    C4165    (0)    5 :  0.182 0.374 0.063 0.174 0.040 0.023 0.006 0.027 0.110 
206    C4248    (9)    5 :  0.046 0.015 0.013 0.037 0.350 0.019 0.014 0.480 0.026 
207    C4371    (9)    5 :  0.054 0.029 0.030 0.020 0.017 0.013 0.009 0.814 0.014 
208    C3936    (0)    5 :  0.883 0.014 0.013 0.011 0.018 0.011 0.012 0.018 0.021 
209    C3937    (0)    5 :  0.882 0.032 0.011 0.007 0.022 0.011 0.008 0.015 0.011 
210    C3944    (0)    5 :  0.831 0.013 0.009 0.008 0.037 0.006 0.007 0.081 0.009 
211    C3954    (0)    5 :  0.136 0.012 0.007 0.011 0.067 0.041 0.026 0.690 0.010 
212    C3955    (9)    5 :  0.489 0.016 0.007 0.023 0.288 0.028 0.028 0.099 0.022 
213    C3961    (0)    5 :  0.796 0.016 0.041 0.014 0.047 0.010 0.023 0.040 0.012 
214    C3974    (0)    5 :  0.829 0.039 0.013 0.012 0.024 0.015 0.027 0.017 0.023 
215    C4024    (0)    5 :  0.544 0.017 0.057 0.027 0.023 0.009 0.025 0.278 0.019 
216    C4025    (0)    5 :  0.821 0.056 0.025 0.015 0.009 0.016 0.015 0.034 0.009 
217    C4028    (0)    5 :  0.516 0.123 0.034 0.020 0.044 0.062 0.051 0.099 0.051 
218    C4032   (18)    5 :  0.068 0.039 0.008 0.012 0.043 0.011 0.012 0.797 0.009 
219    C4033   (18)    5 :  0.040 0.014 0.012 0.018 0.516 0.013 0.011 0.362 0.014 
220    C4034    (0)    5 :  0.038 0.023 0.076 0.073 0.329 0.020 0.047 0.329 0.065 
221    C4041    (9)    5 :  0.031 0.039 0.085 0.027 0.046 0.013 0.131 0.585 0.044 
222    C4043    (9)    5 :  0.195 0.094 0.016 0.022 0.095 0.020 0.013 0.527 0.019 
223    C4044    (9)    5 :  0.121 0.068 0.404 0.069 0.090 0.057 0.047 0.076 0.069 
224    C4045    (9)    5 :  0.122 0.090 0.012 0.028 0.206 0.042 0.017 0.452 0.031 
225    C4046    (9)    5 :  0.029 0.025 0.029 0.013 0.155 0.026 0.013 0.688 0.021 
226    C4047    (0)    5 :  0.019 0.015 0.017 0.019 0.771 0.033 0.034 0.038 0.054 
227    C4048    (9)    5 :  0.022 0.027 0.053 0.037 0.617 0.047 0.041 0.107 0.048 
228    C4055    (9)    5 :  0.106 0.061 0.017 0.027 0.027 0.031 0.022 0.684 0.025 
229    C4057   (18)    5 :  0.079 0.025 0.034 0.022 0.034 0.008 0.015 0.771 0.011 
230    C4059    (0)    5 :  0.082 0.022 0.012 0.018 0.157 0.025 0.027 0.647 0.011 
231    C4060    (9)    5 :  0.138 0.354 0.017 0.019 0.077 0.016 0.022 0.334 0.023 
232    C4064    (9)    5 :  0.035 0.081 0.016 0.042 0.026 0.194 0.027 0.467 0.112 
233    C4067    (0)    5 :  0.025 0.029 0.042 0.054 0.704 0.072 0.018 0.040 0.017 
234    C4068    (9)    5 :  0.030 0.043 0.018 0.023 0.771 0.026 0.022 0.043 0.025 
235    C4070    (9)    5 :  0.205 0.023 0.127 0.067 0.376 0.025 0.016 0.126 0.034 
236    C4075   (18)    5 :  0.027 0.035 0.019 0.028 0.791 0.014 0.025 0.049 0.014 
237    C4081    (9)    5 :  0.021 0.038 0.017 0.027 0.049 0.021 0.024 0.762 0.040 
238    C4082    (0)    5 :  0.147 0.030 0.018 0.024 0.597 0.034 0.048 0.081 0.021 
239    C4083    (0)    5 :  0.101 0.154 0.151 0.202 0.042 0.043 0.023 0.162 0.121 
240    C4086    (0)    5 :  0.032 0.033 0.012 0.037 0.080 0.142 0.019 0.621 0.024 
241    C4088    (9)    5 :  0.021 0.027 0.007 0.021 0.017 0.840 0.016 0.031 0.020 
242    C4092    (0)    5 :  0.165 0.025 0.042 0.052 0.030 0.008 0.014 0.645 0.018 
243    C4099    (9)    5 :  0.046 0.055 0.083 0.021 0.148 0.025 0.089 0.483 0.050 
244    C4104    (0)    5 :  0.675 0.018 0.037 0.025 0.134 0.017 0.012 0.062 0.019 
245    C4108   (18)    5 :  0.009 0.023 0.020 0.067 0.013 0.046 0.680 0.011 0.130 
246    C4118    (0)    5 :  0.018 0.087 0.011 0.118 0.010 0.024 0.033 0.643 0.055 
247    C4131    (0)    5 :  0.436 0.058 0.017 0.072 0.038 0.103 0.016 0.226 0.034 
248    C4133    (0)    5 :  0.020 0.015 0.008 0.018 0.030 0.008 0.013 0.878 0.009 
249    C4135    (0)    5 :  0.747 0.007 0.007 0.013 0.022 0.005 0.005 0.185 0.009 
250    C4136    (0)    5 :  0.578 0.103 0.021 0.022 0.021 0.121 0.052 0.020 0.062 
251    C4137    (9)    5 :  0.360 0.021 0.017 0.033 0.022 0.023 0.014 0.470 0.040 
252    C4139    (0)    5 :  0.875 0.017 0.010 0.015 0.020 0.007 0.012 0.031 0.013 
253    C4140    (9)    5 :  0.730 0.015 0.019 0.023 0.043 0.010 0.012 0.121 0.029 
254    C4167    (0)    5 :  0.579 0.066 0.050 0.020 0.014 0.032 0.013 0.127 0.099 
255    C4236    (0)    5 :  0.026 0.032 0.027 0.027 0.043 0.029 0.020 0.700 0.096 
256    C4237    (0)    5 :  0.053 0.065 0.018 0.047 0.012 0.589 0.095 0.051 0.069 
257    C4238    (0)    5 :  0.115 0.034 0.015 0.025 0.254 0.060 0.033 0.441 0.023 
258    C4241    (0)    5 :  0.080 0.033 0.021 0.029 0.331 0.017 0.030 0.433 0.027 
259    C4247    (9)    5 :  0.095 0.017 0.085 0.138 0.042 0.192 0.036 0.379 0.015 
260    C4257    (0)    5 :  0.031 0.075 0.019 0.015 0.648 0.022 0.049 0.123 0.018 
261    C4383    (0)    5 :  0.163 0.054 0.243 0.028 0.034 0.059 0.068 0.286 0.064 
262    C4397    (9)    5 :  0.059 0.008 0.007 0.009 0.009 0.008 0.009 0.876 0.016 
263    C4514    (0)    5 :  0.712 0.037 0.023 0.022 0.031 0.014 0.015 0.133 0.013 
264    C4519    (0)    5 :  0.444 0.186 0.014 0.016 0.195 0.007 0.100 0.025 0.013 
265    C4527    (0)    5 :  0.215 0.018 0.018 0.014 0.626 0.014 0.013 0.063 0.019 
266    C4534    (0)    5 :  0.129 0.084 0.065 0.064 0.449 0.016 0.067 0.103 0.023 
267    C4699    (0)    5 :  0.812 0.020 0.020 0.014 0.041 0.049 0.012 0.012 0.020 
268    C1541    (9)    5 :  0.023 0.032 0.010 0.010 0.795 0.011 0.008 0.101 0.010 
269    C1542    (9)    5 :  0.010 0.011 0.010 0.011 0.883 0.012 0.011 0.040 0.011 
270    C1544    (0)    5 :  0.030 0.024 0.014 0.021 0.224 0.056 0.038 0.570 0.023 
271    C1547    (9)    5 :  0.029 0.253 0.120 0.061 0.052 0.070 0.248 0.092 0.076 
272    C1553    (9)    5 :  0.272 0.035 0.117 0.121 0.046 0.057 0.165 0.039 0.148 
273    C1555    (9)    5 :  0.018 0.018 0.012 0.016 0.022 0.016 0.028 0.849 0.021 
274    C1557    (0)    5 :  0.024 0.013 0.016 0.012 0.019 0.019 0.012 0.870 0.016 
275    C1560    (0)    5 :  0.014 0.013 0.015 0.012 0.031 0.009 0.048 0.843 0.016 
276    C1565    (0)    5 :  0.031 0.048 0.059 0.057 0.470 0.012 0.018 0.240 0.064 
277    C1567    (0)    5 :  0.024 0.032 0.028 0.012 0.035 0.033 0.071 0.737 0.029 
278    C1569    (0)    5 :  0.039 0.037 0.025 0.012 0.120 0.014 0.017 0.714 0.023 
279    C1571    (0)    5 :  0.042 0.035 0.039 0.034 0.332 0.071 0.139 0.281 0.029 
280    C1576    (0)    5 :  0.098 0.269 0.020 0.016 0.061 0.056 0.027 0.428 0.023 
281    C1577    (9)    5 :  0.020 0.020 0.014 0.019 0.733 0.030 0.035 0.107 0.022 
282    C1579    (0)    5 :  0.018 0.038 0.012 0.026 0.304 0.016 0.014 0.546 0.026 
283    C3990    (0)    6 :  0.932 0.007 0.007 0.006 0.015 0.007 0.007 0.013 0.007 
284    C3991    (0)    6 :  0.488 0.341 0.029 0.025 0.029 0.036 0.015 0.023 0.015 
285    C3992    (0)    6 :  0.741 0.103 0.013 0.024 0.023 0.030 0.036 0.015 0.016 
286    C3994    (0)    6 :  0.122 0.223 0.095 0.086 0.140 0.041 0.021 0.249 0.023 
287    C4172    (0)    6 :  0.649 0.078 0.046 0.045 0.018 0.065 0.039 0.008 0.052 
288    C4173    (9)    6 :  0.517 0.068 0.314 0.017 0.030 0.011 0.015 0.013 0.015 
289    C4232    (9)    6 :  0.014 0.014 0.007 0.007 0.740 0.008 0.009 0.194 0.007 
290    C4234    (9)    6 :  0.019 0.009 0.008 0.016 0.392 0.011 0.010 0.526 0.009 
291    C4259    (0)    6 :  0.022 0.010 0.009 0.012 0.088 0.010 0.008 0.830 0.010 
292    C4260    (0)    6 :  0.025 0.012 0.007 0.008 0.906 0.007 0.009 0.019 0.007 
293    C4261    (9)    6 :  0.026 0.057 0.063 0.036 0.680 0.024 0.032 0.018 0.065 
294    C4262    (0)    6 :  0.211 0.121 0.072 0.016 0.058 0.010 0.022 0.454 0.035 
295    C4263    (0)    6 :  0.027 0.020 0.026 0.028 0.081 0.065 0.013 0.722 0.019 
296    C4267    (9)    6 :  0.162 0.148 0.013 0.018 0.176 0.039 0.014 0.412 0.020 
297    C4269    (0)    6 :  0.197 0.126 0.040 0.022 0.170 0.019 0.012 0.368 0.045 
298    C4272    (0)    6 :  0.017 0.010 0.013 0.016 0.012 0.007 0.011 0.903 0.012 
299    C4274    (0)    6 :  0.023 0.301 0.010 0.014 0.088 0.010 0.252 0.266 0.035 
300    C4276    (9)    6 :  0.010 0.043 0.015 0.019 0.049 0.035 0.783 0.030 0.016 
301    C4278    (0)    6 :  0.093 0.072 0.024 0.106 0.062 0.015 0.037 0.564 0.026 
302    C4280    (0)    6 :  0.140 0.074 0.014 0.038 0.568 0.011 0.024 0.088 0.041 
303    C4281    (0)    6 :  0.027 0.039 0.014 0.011 0.047 0.021 0.011 0.810 0.019 
304    C4282    (0)    6 :  0.019 0.014 0.234 0.203 0.184 0.050 0.028 0.114 0.154 
305    C4284    (9)    6 :  0.277 0.014 0.009 0.009 0.049 0.008 0.008 0.615 0.010 
306    C4286    (9)    6 :  0.150 0.281 0.025 0.036 0.305 0.022 0.066 0.083 0.032 
307    C4287    (0)    6 :  0.099 0.212 0.051 0.041 0.373 0.009 0.038 0.126 0.049 
308    C4290    (0)    6 :  0.024 0.287 0.049 0.020 0.014 0.088 0.406 0.064 0.048 
309    C4307   (18)    6 :  0.146 0.019 0.016 0.323 0.355 0.012 0.013 0.106 0.010 
310    C4310    (9)    6 :  0.078 0.031 0.013 0.018 0.231 0.066 0.079 0.466 0.018 
311    C4311   (18)    6 :  0.031 0.025 0.022 0.038 0.648 0.019 0.046 0.150 0.020 
312    C4312    (0)    6 :  0.026 0.008 0.012 0.015 0.606 0.012 0.013 0.296 0.012 
313    C4314    (0)    6 :  0.019 0.173 0.010 0.019 0.084 0.125 0.018 0.514 0.038 
314    C4318    (9)    6 :  0.052 0.078 0.029 0.107 0.047 0.011 0.013 0.649 0.016 
315    C4321    (9)    6 :  0.168 0.057 0.054 0.034 0.367 0.011 0.072 0.217 0.019 
316    C4324    (0)    6 :  0.081 0.042 0.037 0.025 0.081 0.010 0.030 0.676 0.017 
317    C4334    (0)    6 :  0.143 0.013 0.037 0.030 0.021 0.009 0.019 0.719 0.010 
318    C4529    (0)    6 :  0.038 0.067 0.030 0.056 0.268 0.046 0.024 0.446 0.025 
319    C1582    (9)    6 :  0.135 0.019 0.012 0.010 0.134 0.014 0.018 0.640 0.018 
320    C1583    (0)    6 :  0.023 0.044 0.018 0.038 0.211 0.054 0.022 0.569 0.021 
321    C1584    (9)    6 :  0.042 0.016 0.009 0.013 0.032 0.020 0.034 0.823 0.012 
322    C1585    (0)    6 :  0.086 0.012 0.006 0.009 0.016 0.013 0.013 0.840 0.006 
323    C1586    (0)    6 :  0.034 0.013 0.059 0.029 0.075 0.021 0.011 0.742 0.017 
324    C1589    (0)    6 :  0.168 0.040 0.012 0.010 0.086 0.010 0.012 0.652 0.012 
325    C1591    (0)    6 :  0.041 0.014 0.008 0.008 0.034 0.010 0.010 0.866 0.007 
326    C1592    (0)    6 :  0.013 0.106 0.020 0.020 0.086 0.014 0.016 0.708 0.018 
327    C1594    (0)    6 :  0.044 0.042 0.015 0.016 0.240 0.062 0.021 0.543 0.018 
328    C1597    (9)    6 :  0.056 0.024 0.028 0.025 0.535 0.029 0.065 0.189 0.048 
329    C1598    (9)    6 :  0.277 0.050 0.013 0.021 0.092 0.039 0.021 0.471 0.017 
330    C1599    (0)    6 :  0.013 0.022 0.010 0.020 0.302 0.008 0.029 0.584 0.011 
331    C1601    (0)    6 :  0.379 0.061 0.024 0.050 0.219 0.061 0.022 0.106 0.077 
332    C1605    (0)    6 :  0.043 0.290 0.025 0.394 0.050 0.053 0.055 0.061 0.029 
333    C1609    (0)    6 :  0.077 0.013 0.008 0.009 0.029 0.008 0.008 0.839 0.008 
334    C1610    (0)    6 :  0.015 0.044 0.012 0.079 0.379 0.073 0.085 0.218 0.095 
335    C1611    (0)    6 :  0.011 0.011 0.032 0.041 0.835 0.012 0.010 0.035 0.013 
336    C1612    (0)    6 :  0.011 0.007 0.006 0.012 0.880 0.009 0.008 0.060 0.007 
337    C1613    (0)    6 :  0.031 0.039 0.045 0.022 0.570 0.033 0.038 0.201 0.021 
338    C3173    (9)    6 :  0.045 0.025 0.037 0.070 0.222 0.032 0.048 0.457 0.065 
339    C3204    (0)    6 :  0.019 0.015 0.012 0.015 0.861 0.015 0.017 0.034 0.013 
340    C3223    (9)    6 :  0.018 0.026 0.055 0.223 0.495 0.013 0.133 0.019 0.019 
341    C3262    (0)    6 :  0.037 0.037 0.028 0.052 0.269 0.082 0.047 0.428 0.019 
342    C3270    (0)    6 :  0.174 0.029 0.016 0.027 0.492 0.013 0.021 0.204 0.024 
343    C3300    (0)    6 :  0.462 0.016 0.010 0.013 0.162 0.008 0.010 0.309 0.009 
344    C3330    (0)    6 :  0.135 0.096 0.013 0.095 0.138 0.011 0.023 0.464 0.026 
345    C3390    (9)    6 :  0.110 0.026 0.023 0.029 0.339 0.016 0.016 0.417 0.025 
346    C3424    (9)    6 :  0.030 0.035 0.015 0.039 0.486 0.015 0.021 0.317 0.043 
347    C3958    (0)    6 :  0.867 0.017 0.013 0.010 0.014 0.006 0.008 0.050 0.015 
348    C3962    (0)    6 :  0.875 0.017 0.009 0.019 0.011 0.006 0.009 0.026 0.028 
349    C4019    (0)    6 :  0.069 0.013 0.029 0.126 0.009 0.019 0.019 0.010 0.706 
350    C3995   (18)    6 :  0.822 0.023 0.034 0.023 0.030 0.018 0.013 0.017 0.021 
351    C4000    (0)    6 :  0.563 0.069 0.073 0.045 0.093 0.015 0.022 0.023 0.097 
352    C4002    (0)    6 :  0.839 0.016 0.017 0.013 0.047 0.012 0.009 0.026 0.020 
353    C1692    (0)    7 :  0.120 0.056 0.024 0.534 0.017 0.038 0.050 0.015 0.146 
354    C1693    (0)    7 :  0.035 0.116 0.072 0.519 0.080 0.012 0.078 0.063 0.026 
355    C1694    (0)    7 :  0.017 0.066 0.294 0.182 0.028 0.111 0.098 0.125 0.079 
356    C1698    (0)    7 :  0.007 0.035 0.111 0.325 0.007 0.058 0.062 0.039 0.355 
357    C1699    (0)    7 :  0.016 0.065 0.038 0.334 0.021 0.366 0.081 0.022 0.056 
358    C1700    (0)    7 :  0.057 0.079 0.107 0.048 0.027 0.039 0.040 0.040 0.564 
359    C1701    (0)    7 :  0.010 0.052 0.021 0.245 0.012 0.347 0.020 0.027 0.267 
360    C1702    (0)    7 :  0.013 0.047 0.044 0.560 0.010 0.073 0.047 0.010 0.196 
361    C1703    (0)    7 :  0.022 0.059 0.272 0.098 0.008 0.043 0.121 0.015 0.362 
362    C1704    (0)    7 :  0.027 0.043 0.202 0.093 0.015 0.021 0.049 0.441 0.110 
363    C1705    (0)    7 :  0.287 0.083 0.370 0.038 0.008 0.014 0.143 0.011 0.045 
364    C1706    (0)    7 :  0.009 0.075 0.035 0.344 0.017 0.370 0.072 0.015 0.064 
365    C1707    (0)    7 :  0.019 0.111 0.034 0.038 0.114 0.142 0.291 0.213 0.038 
366    C1708    (0)    7 :  0.011 0.021 0.380 0.469 0.014 0.020 0.017 0.018 0.052 
367    C1709    (0)    7 :  0.086 0.018 0.648 0.110 0.019 0.028 0.018 0.018 0.055 
368    C1710    (0)    7 :  0.018 0.023 0.051 0.353 0.018 0.058 0.028 0.037 0.413 
369    C1712    (0)    7 :  0.029 0.049 0.463 0.119 0.010 0.011 0.041 0.008 0.269 
370    C1714    (0)    7 :  0.013 0.021 0.730 0.155 0.008 0.016 0.017 0.021 0.020 
371    C1715    (0)    7 :  0.016 0.023 0.019 0.142 0.017 0.089 0.401 0.024 0.270 
372    C1717    (0)    7 :  0.015 0.030 0.054 0.117 0.050 0.020 0.512 0.046 0.154 
373    C1718   (18)    7 :  0.014 0.026 0.025 0.071 0.012 0.036 0.142 0.090 0.582 
374    C1719    (0)    7 :  0.093 0.058 0.583 0.029 0.051 0.015 0.016 0.041 0.114 
375    C1656    (0)    8 :  0.042 0.087 0.052 0.103 0.011 0.432 0.030 0.007 0.235 
376    C1657   (18)    8 :  0.021 0.023 0.380 0.148 0.034 0.198 0.076 0.013 0.106 
377    C1658    (0)    8 :  0.009 0.033 0.028 0.049 0.007 0.076 0.134 0.008 0.656 
378    C1659    (0)    8 :  0.024 0.043 0.016 0.113 0.083 0.122 0.489 0.023 0.088 
379    C1661    (9)    8 :  0.020 0.317 0.060 0.154 0.028 0.042 0.080 0.056 0.245 
380    C1665    (0)    8 :  0.012 0.050 0.025 0.146 0.027 0.163 0.086 0.017 0.474 
381    C1667    (9)    8 :  0.005 0.009 0.830 0.065 0.007 0.017 0.014 0.007 0.045 
382    C1676    (9)    8 :  0.021 0.046 0.123 0.098 0.011 0.140 0.024 0.013 0.524 
383    C1681    (9)    8 :  0.016 0.070 0.100 0.056 0.012 0.222 0.218 0.045 0.261 
384    C1682    (0)    8 :  0.016 0.100 0.464 0.143 0.016 0.086 0.043 0.014 0.118 
385    C1685    (0)    8 :  0.026 0.020 0.043 0.172 0.040 0.065 0.014 0.010 0.610 
386    C4707    (0)    9 :  0.048 0.111 0.031 0.057 0.023 0.020 0.014 0.031 0.664 
387    C4747    (0)    9 :  0.129 0.040 0.410 0.148 0.110 0.016 0.079 0.039 0.029 
388    C4772    (0)    9 :  0.312 0.181 0.025 0.031 0.061 0.055 0.042 0.033 0.259 
389    C4781    (0)    9 :  0.023 0.150 0.687 0.020 0.008 0.012 0.021 0.047 0.033 
390    C4782    (0)    9 :  0.060 0.147 0.085 0.077 0.018 0.046 0.104 0.096 0.366 
391    C4787    (0)    9 :  0.098 0.035 0.037 0.139 0.012 0.021 0.578 0.022 0.059 
392    C4790    (0)    9 :  0.073 0.018 0.512 0.082 0.011 0.028 0.018 0.019 0.240 
393    C4803    (0)    9 :  0.068 0.308 0.062 0.116 0.048 0.020 0.158 0.022 0.198 
394    C4813    (0)    9 :  0.612 0.141 0.022 0.065 0.023 0.037 0.041 0.007 0.052 
395    C4837    (0)    9 :  0.083 0.174 0.026 0.074 0.033 0.018 0.036 0.016 0.539 
396    C4838    (0)    9 :  0.102 0.021 0.040 0.043 0.010 0.034 0.539 0.010 0.200 
397    C4843    (0)    9 :  0.059 0.030 0.023 0.366 0.047 0.058 0.020 0.013 0.384 
398    C4857    (0)    9 :  0.839 0.014 0.013 0.018 0.025 0.019 0.025 0.030 0.019 
399    C4828    (0)    9 :  0.021 0.395 0.044 0.102 0.157 0.112 0.075 0.038 0.058 
400    C4835    (0)    9 :  0.705 0.059 0.015 0.039 0.013 0.058 0.054 0.017 0.040 
401    C4836    (9)    9 :  0.232 0.101 0.119 0.113 0.018 0.026 0.144 0.038 0.210 
402    C4842    (0)    9 :  0.045 0.013 0.053 0.322 0.021 0.221 0.033 0.009 0.284 
403    C4863    (9)    9 :  0.024 0.433 0.082 0.138 0.013 0.014 0.181 0.028 0.088 
404    C4744    (0)    9 :  0.022 0.020 0.217 0.266 0.054 0.081 0.071 0.009 0.259 
405    C4745    (0)    9 :  0.095 0.056 0.025 0.417 0.013 0.095 0.074 0.024 0.201 
406    C4768    (0)    9 :  0.131 0.072 0.264 0.074 0.024 0.046 0.017 0.072 0.301 
407    C4769    (0)    9 :  0.156 0.030 0.060 0.055 0.014 0.412 0.109 0.009 0.156 
408    C4771    (0)    9 :  0.012 0.016 0.023 0.022 0.009 0.024 0.023 0.009 0.862 
409    C4784    (0)    9 :  0.124 0.241 0.351 0.114 0.014 0.043 0.029 0.035 0.050 
410    C4785    (0)    9 :  0.027 0.059 0.730 0.064 0.016 0.044 0.019 0.026 0.017 
411    C4795    (0)    9 :  0.069 0.061 0.674 0.042 0.022 0.024 0.048 0.047 0.015 
412    C4796    (0)    9 :  0.011 0.044 0.068 0.027 0.010 0.017 0.053 0.015 0.754 
413    C4800    (0)    9 :  0.338 0.102 0.011 0.156 0.007 0.019 0.215 0.013 0.138 
414    C4801    (0)    9 :  0.427 0.041 0.053 0.114 0.008 0.192 0.068 0.055 0.041 
415    C4802    (0)    9 :  0.024 0.047 0.016 0.062 0.019 0.102 0.042 0.630 0.059 
416    C4805    (0)    9 :  0.060 0.016 0.054 0.028 0.009 0.078 0.021 0.016 0.718 
417    C4806    (0)    9 :  0.027 0.023 0.012 0.013 0.007 0.059 0.038 0.009 0.812 
418    C4850    (0)    9 :  0.133 0.254 0.022 0.162 0.069 0.039 0.032 0.045 0.244 
419    C4748    (0)   10 :  0.150 0.017 0.083 0.061 0.009 0.610 0.045 0.008 0.018 
420    C4753    (0)   10 :  0.037 0.026 0.062 0.494 0.009 0.044 0.064 0.028 0.236 
421    C4754    (0)   10 :  0.116 0.056 0.047 0.085 0.011 0.038 0.018 0.028 0.601 
422    C4760    (0)   10 :  0.213 0.201 0.015 0.101 0.059 0.014 0.134 0.052 0.210 
