

----------------------------------------------------
STRUCTURE by Pritchard, Stephens and Donnelly (2000)
     and Falush, Stephens and Pritchard (2003)
       Code by Pritchard, Falush and Hubisz
             Version 2.3.4 (Jul 2012)
----------------------------------------------------



Command line arguments:   bin\structure -m C:\Users\eschumacher\Documents\Butternut\butternut_STRUCTURE_withQU\50-50\mainparams -e C:\Users\eschumacher\Documents\Butternut\butternut_STRUCTURE_withQU\50-50\extraparams 
Input File:    C:\Users\eschumacher\Documents\Butternut\butternut_STRUCTURE_withQU\project_data

Run parameters:
   1015 individuals
   11 loci
   6 populations assumed
   50000 Burn-in period
   50000 Reps


--------------------------------------------
Proportion of membership of each pre-defined
 population in each of the 6 clusters

Given    Inferred Clusters                            Number of
 Pop       1      2      3      4      5      6      Individuals

  1:     0.061  0.213  0.057  0.060  0.060  0.549       40
  2:     0.062  0.393  0.065  0.058  0.035  0.388       46
  3:     0.061  0.222  0.049  0.071  0.038  0.560       63
  4:     0.064  0.367  0.052  0.039  0.060  0.419       48
  5:     0.051  0.328  0.055  0.056  0.068  0.442       85
  6:     0.070  0.233  0.050  0.044  0.034  0.570       70
  7:     0.225  0.047  0.252  0.306  0.121  0.050       22
  8:     0.175  0.024  0.315  0.240  0.222  0.023       11
  9:     0.170  0.178  0.300  0.202  0.109  0.042       33
 10:     0.186  0.165  0.288  0.124  0.195  0.042       48
 11:     0.131  0.296  0.254  0.181  0.099  0.038       48
 12:     0.086  0.666  0.106  0.034  0.089  0.020       13
 13:     0.068  0.720  0.028  0.024  0.134  0.026        9
 14:     0.294  0.035  0.268  0.192  0.156  0.055       90
 15:     0.169  0.023  0.139  0.575  0.063  0.032       63
 16:     0.307  0.043  0.266  0.150  0.146  0.088       16
 17:     0.346  0.098  0.140  0.110  0.204  0.103       31
 18:     0.029  0.059  0.082  0.036  0.778  0.015       16
 19:     0.145  0.027  0.158  0.483  0.064  0.123       24
 20:     0.178  0.030  0.418  0.132  0.161  0.081       12
 21:     0.229  0.032  0.253  0.239  0.193  0.055       54
 22:     0.253  0.048  0.212  0.087  0.340  0.060       96
 23:     0.204  0.022  0.137  0.195  0.391  0.051       22
 24:     0.085  0.108  0.101  0.033  0.613  0.060       23
 25:     0.213  0.022  0.256  0.075  0.399  0.035       13
 26:     0.278  0.036  0.278  0.227  0.119  0.062       19
--------------------------------------------

Allele-freq. divergence among pops (Net nucleotide distance),
computed using point estimates of P.

      1       2       3       4       5       6      
 1      -    0.0337  0.0064  0.0101  0.0121  0.0256  
 2   0.0337     -    0.0271  0.0291  0.0390  0.0251  
 3   0.0064  0.0271     -    0.0071  0.0105  0.0266  
 4   0.0101  0.0291  0.0071     -    0.0175  0.0281  
 5   0.0121  0.0390  0.0105  0.0175     -    0.0328  
 6   0.0256  0.0251  0.0266  0.0281  0.0328     -    

Average distances (expected heterozygosity) between individuals in same cluster:
cluster  1  : 0.8488 
cluster  2  : 0.8360 
cluster  3  : 0.8555 
cluster  4  : 0.8532 
cluster  5  : 0.8339 
cluster  6  : 0.8175 

--------------------------------------------
Estimated Ln Prob of Data   = -48161.4
Mean value of ln likelihood = -46676.5
Variance of ln likelihood   = 2969.9
Mean value of alpha         = 0.0548

Mean value of Fst_1         = 0.0195
Mean value of Fst_2         = 0.0547
Mean value of Fst_3         = 0.0154
Mean value of Fst_4         = 0.0234
Mean value of Fst_5         = 0.0313
Mean value of Fst_6         = 0.0515


Inferred ancestry of individuals:
        Label (%Miss) Pop:  Inferred clusters
  1    C3984    (0)    1 :  0.019 0.641 0.012 0.015 0.008 0.305 
  2    C3985    (0)    1 :  0.014 0.526 0.025 0.019 0.017 0.398 
  3    C3986    (0)    1 :  0.010 0.877 0.011 0.015 0.008 0.080 
  4    C4231    (0)    1 :  0.034 0.681 0.060 0.022 0.013 0.191 
  5    C4344    (0)    1 :  0.025 0.043 0.024 0.038 0.016 0.855 
  6    C4347   (18)    1 :  0.014 0.018 0.016 0.010 0.029 0.913 
  7    C4352   (18)    1 :  0.017 0.479 0.034 0.037 0.021 0.412 
  8    C4355    (9)    1 :  0.050 0.059 0.014 0.028 0.016 0.833 
  9    C4358   (18)    1 :  0.213 0.036 0.462 0.198 0.063 0.028 
 10    C4419    (9)    1 :  0.253 0.409 0.045 0.044 0.025 0.224 
 11    C4428    (9)    1 :  0.017 0.181 0.012 0.015 0.018 0.756 
 12    C4436    (0)    1 :  0.011 0.157 0.017 0.017 0.016 0.783 
 13    C4437   (18)    1 :  0.078 0.338 0.060 0.035 0.068 0.420 
 14    C4450    (0)    1 :  0.147 0.162 0.096 0.123 0.064 0.409 
 15    C4531    (0)    1 :  0.031 0.825 0.058 0.036 0.032 0.019 
 16    C1615    (0)    1 :  0.056 0.344 0.138 0.103 0.137 0.222 
 17    C1616    (0)    1 :  0.363 0.072 0.150 0.025 0.173 0.217 
 18    C1617    (9)    1 :  0.018 0.012 0.013 0.011 0.016 0.930 
 19    C1618    (0)    1 :  0.021 0.596 0.058 0.121 0.052 0.153 
 20    C1619    (0)    1 :  0.052 0.188 0.075 0.311 0.085 0.290 
 21    C1620    (9)    1 :  0.032 0.172 0.126 0.222 0.069 0.378 
 22    C1621    (0)    1 :  0.099 0.034 0.062 0.059 0.585 0.160 
 23    C1623    (9)    1 :  0.072 0.309 0.087 0.312 0.194 0.026 
 24    C1625    (0)    1 :  0.035 0.049 0.078 0.187 0.133 0.518 
 25    C1626    (0)    1 :  0.223 0.026 0.156 0.046 0.170 0.380 
 26    C1627    (9)    1 :  0.021 0.087 0.027 0.037 0.061 0.766 
 27    C1633    (0)    1 :  0.027 0.041 0.015 0.024 0.036 0.857 
 28    C1637    (0)    1 :  0.024 0.018 0.018 0.016 0.034 0.891 
 29    C1650    (0)    1 :  0.041 0.684 0.024 0.017 0.039 0.196 
 30    C3202    (0)    1 :  0.011 0.022 0.015 0.016 0.026 0.910 
 31    C3248    (0)    1 :  0.013 0.012 0.022 0.016 0.013 0.924 
 32    C3304    (9)    1 :  0.068 0.015 0.013 0.017 0.012 0.876 
 33    C3326    (0)    1 :  0.070 0.053 0.128 0.025 0.030 0.694 
 34    C3333    (0)    1 :  0.023 0.013 0.018 0.019 0.022 0.906 
 35    C3339   (18)    1 :  0.045 0.013 0.017 0.041 0.016 0.868 
 36    C3346    (0)    1 :  0.008 0.014 0.009 0.012 0.007 0.950 
 37    C3349    (0)    1 :  0.045 0.018 0.025 0.034 0.015 0.862 
 38    C3367   (18)    1 :  0.032 0.208 0.023 0.028 0.033 0.676 
 39    C3374    (0)    1 :  0.011 0.033 0.010 0.012 0.007 0.927 
 40    C3405    (0)    1 :  0.095 0.039 0.026 0.052 0.014 0.774 
 41    C4543    (0)    2 :  0.017 0.926 0.011 0.016 0.010 0.020 
 42    C4545    (9)    2 :  0.008 0.931 0.010 0.027 0.007 0.017 
 43    C4551    (9)    2 :  0.033 0.535 0.259 0.102 0.025 0.047 
 44    C4491    (0)    2 :  0.056 0.544 0.141 0.099 0.031 0.128 
 45    C4494    (0)    2 :  0.012 0.226 0.012 0.017 0.009 0.725 
 46    C4495    (0)    2 :  0.044 0.100 0.249 0.129 0.024 0.455 
 47    C4497    (9)    2 :  0.028 0.099 0.022 0.022 0.019 0.810 
 48    C4501    (0)    2 :  0.383 0.162 0.079 0.079 0.023 0.273 
 49    C4502    (0)    2 :  0.023 0.610 0.013 0.088 0.013 0.253 
 50    C4503    (0)    2 :  0.014 0.821 0.022 0.117 0.017 0.009 
 51    C4504    (0)    2 :  0.201 0.211 0.094 0.342 0.069 0.083 
 52    C4470    (0)    2 :  0.119 0.286 0.221 0.068 0.039 0.267 
 53    C4471    (0)    2 :  0.024 0.888 0.015 0.019 0.011 0.042 
 54    C4474    (9)    2 :  0.017 0.887 0.041 0.019 0.027 0.008 
 55    C4476    (0)    2 :  0.031 0.462 0.025 0.046 0.020 0.416 
 56    C4478    (0)    2 :  0.033 0.850 0.010 0.061 0.008 0.038 
 57    C4479    (0)    2 :  0.016 0.107 0.015 0.013 0.046 0.804 
 58    C4482    (0)    2 :  0.054 0.596 0.053 0.013 0.153 0.131 
 59    C4483    (0)    2 :  0.013 0.938 0.016 0.013 0.012 0.008 
 60    C4484    (0)    2 :  0.080 0.676 0.035 0.066 0.024 0.120 
 61    C4485    (0)    2 :  0.136 0.222 0.120 0.060 0.069 0.394 
 62    C4489    (0)    2 :  0.045 0.375 0.019 0.027 0.020 0.513 
 63    C4505    (0)    2 :  0.046 0.360 0.078 0.036 0.027 0.452 
 64    C4507    (0)    2 :  0.107 0.404 0.108 0.305 0.012 0.063 
 65    C4535    (0)    2 :  0.018 0.893 0.030 0.020 0.027 0.012 
 66    C4542    (0)    2 :  0.367 0.238 0.303 0.043 0.031 0.018 
 67    C4553    (9)    2 :  0.021 0.807 0.047 0.017 0.018 0.091 
 68    C4562   (18)    2 :  0.021 0.613 0.052 0.065 0.029 0.220 
 69    C4582   (18)    2 :  0.025 0.848 0.034 0.020 0.038 0.036 
 70    C4693    (0)    2 :  0.010 0.928 0.012 0.009 0.012 0.028 
 71    C4696    (0)    2 :  0.030 0.478 0.197 0.068 0.042 0.185 
 72    C3179    (0)    2 :  0.035 0.019 0.028 0.092 0.016 0.810 
 73    C3181    (0)    2 :  0.062 0.032 0.042 0.021 0.025 0.819 
 74    C3188    (0)    2 :  0.068 0.044 0.036 0.045 0.033 0.774 
 75    C3190    (0)    2 :  0.085 0.027 0.028 0.016 0.028 0.817 
 76    C3193    (0)    2 :  0.015 0.019 0.023 0.010 0.029 0.903 
 77    C3232    (0)    2 :  0.018 0.180 0.012 0.016 0.012 0.762 
 78    C3236    (0)    2 :  0.009 0.024 0.009 0.008 0.007 0.942 
 79    C3249    (0)    2 :  0.038 0.032 0.022 0.028 0.028 0.852 
 80    C3250    (0)    2 :  0.020 0.049 0.013 0.011 0.015 0.892 
 81    C3253    (0)    2 :  0.027 0.098 0.033 0.018 0.029 0.795 
 82    C3255    (0)    2 :  0.014 0.084 0.016 0.014 0.012 0.861 
 83    C3277    (0)    2 :  0.089 0.026 0.085 0.054 0.096 0.649 
 84    C3315    (0)    2 :  0.147 0.194 0.141 0.191 0.252 0.075 
 85    C3288    (0)    2 :  0.016 0.048 0.017 0.021 0.033 0.865 
 86    C3293    (0)    2 :  0.181 0.194 0.125 0.081 0.067 0.352 
 87    C4018    (0)    3 :  0.012 0.890 0.009 0.008 0.007 0.074 
 88    C3980    (0)    3 :  0.016 0.921 0.014 0.011 0.012 0.027 
 89    C3987    (0)    3 :  0.015 0.900 0.011 0.015 0.012 0.046 
 90    C3988    (0)    3 :  0.010 0.730 0.021 0.015 0.013 0.211 
 91    C3989    (0)    3 :  0.093 0.116 0.216 0.013 0.011 0.551 
 92    C4011    (0)    3 :  0.007 0.762 0.007 0.006 0.006 0.211 
 93    C4017    (0)    3 :  0.007 0.959 0.007 0.007 0.006 0.014 
 94    C4296    (0)    3 :  0.126 0.111 0.339 0.131 0.061 0.232 
 95    C4301    (9)    3 :  0.876 0.010 0.028 0.052 0.015 0.019 
 96    C4303    (0)    3 :  0.047 0.022 0.058 0.042 0.398 0.432 
 97    C4453    (0)    3 :  0.044 0.267 0.018 0.125 0.100 0.446 
 98    C4455    (9)    3 :  0.035 0.179 0.037 0.039 0.083 0.627 
 99    C4456   (18)    3 :  0.058 0.449 0.052 0.188 0.160 0.093 
100    C4457    (9)    3 :  0.143 0.040 0.057 0.037 0.100 0.623 
101    C4459    (9)    3 :  0.018 0.478 0.028 0.013 0.019 0.444 
102    C4464   (18)    3 :  0.011 0.110 0.011 0.011 0.008 0.849 
103    C4468    (9)    3 :  0.020 0.064 0.023 0.022 0.070 0.802 
104    C4783    (0)    3 :  0.015 0.809 0.086 0.014 0.017 0.060 
105    C4786    (0)    3 :  0.026 0.523 0.018 0.013 0.015 0.405 
106    C4789    (9)    3 :  0.067 0.472 0.019 0.010 0.014 0.417 
107    C4891    (0)    3 :  0.053 0.229 0.206 0.047 0.022 0.444 
108    C4896    (0)    3 :  0.065 0.656 0.089 0.040 0.062 0.088 
109    C4898    (0)    3 :  0.016 0.841 0.037 0.019 0.018 0.069 
110    C4901    (0)    3 :  0.023 0.605 0.021 0.011 0.020 0.319 
111    C4903    (9)    3 :  0.104 0.241 0.068 0.024 0.083 0.480 
112    C4904    (0)    3 :  0.019 0.845 0.047 0.013 0.008 0.068 
113    C3263    (0)    3 :  0.011 0.011 0.013 0.147 0.019 0.798 
114    C3271    (0)    3 :  0.019 0.013 0.015 0.016 0.010 0.927 
115    C3272    (0)    3 :  0.075 0.019 0.028 0.030 0.011 0.836 
116    C3276    (0)    3 :  0.378 0.021 0.043 0.065 0.038 0.455 
117    C3280    (9)    3 :  0.056 0.076 0.090 0.354 0.042 0.382 
118    C3305    (9)    3 :  0.041 0.033 0.017 0.024 0.012 0.873 
119    C3306    (0)    3 :  0.029 0.018 0.047 0.072 0.028 0.806 
120    C3324    (0)    3 :  0.056 0.025 0.103 0.537 0.017 0.262 
121    C3329    (0)    3 :  0.071 0.200 0.138 0.186 0.039 0.367 
122    C3336    (0)    3 :  0.056 0.028 0.035 0.027 0.017 0.838 
123    C3341   (18)    3 :  0.040 0.056 0.067 0.756 0.031 0.050 
124    C3409   (18)    3 :  0.141 0.059 0.099 0.067 0.050 0.585 
125    C3168    (9)    3 :  0.012 0.023 0.011 0.012 0.009 0.933 
126    C3170    (0)    3 :  0.031 0.026 0.017 0.020 0.010 0.896 
127    C3214   (18)    3 :  0.182 0.020 0.015 0.011 0.033 0.738 
128    C3227    (0)    3 :  0.030 0.022 0.013 0.011 0.020 0.905 
129    C3228    (0)    3 :  0.046 0.138 0.061 0.041 0.040 0.673 
130    C3278    (0)    3 :  0.037 0.008 0.021 0.018 0.013 0.902 
131    C3279    (0)    3 :  0.051 0.011 0.045 0.019 0.015 0.858 
132    C3321    (0)    3 :  0.009 0.027 0.009 0.008 0.008 0.940 
133    C3322    (0)    3 :  0.130 0.068 0.208 0.025 0.105 0.465 
134    C3303    (0)    3 :  0.046 0.013 0.044 0.032 0.017 0.848 
135    C3317    (0)    3 :  0.015 0.026 0.021 0.027 0.015 0.896 
136    C3355    (0)    3 :  0.010 0.018 0.011 0.014 0.009 0.937 
137    C3376    (9)    3 :  0.053 0.032 0.021 0.017 0.023 0.854 
138    C3401    (0)    3 :  0.027 0.022 0.028 0.027 0.026 0.870 
139    C3203    (9)    3 :  0.057 0.029 0.017 0.053 0.042 0.802 
140    C3245    (0)    3 :  0.027 0.011 0.017 0.013 0.025 0.908 
141    C3302    (0)    3 :  0.027 0.016 0.044 0.038 0.024 0.852 
142    C3307    (0)    3 :  0.015 0.174 0.059 0.307 0.123 0.321 
143    C3310    (0)    3 :  0.020 0.013 0.022 0.025 0.014 0.906 
144    C3312    (9)    3 :  0.028 0.108 0.065 0.032 0.040 0.727 
145    C3345    (0)    3 :  0.018 0.021 0.013 0.037 0.013 0.898 
146    C3371    (0)    3 :  0.013 0.015 0.021 0.111 0.014 0.825 
147    C3372    (0)    3 :  0.019 0.023 0.028 0.062 0.023 0.845 
148    C3380    (9)    3 :  0.009 0.035 0.008 0.007 0.008 0.933 
149    C3417    (0)    3 :  0.048 0.278 0.051 0.281 0.039 0.303 
150    C4569    (9)    4 :  0.145 0.465 0.157 0.154 0.054 0.024 
151    C4570    (9)    4 :  0.012 0.927 0.016 0.015 0.013 0.016 
152    C4571    (9)    4 :  0.021 0.767 0.019 0.016 0.034 0.143 
153    C4572    (9)    4 :  0.014 0.920 0.014 0.018 0.021 0.014 
154    C4573    (9)    4 :  0.145 0.142 0.091 0.041 0.541 0.041 
155    C4575    (9)    4 :  0.045 0.783 0.033 0.031 0.082 0.027 
156    C4577    (9)    4 :  0.011 0.923 0.021 0.015 0.008 0.022 
157    C4578    (9)    4 :  0.085 0.700 0.070 0.027 0.080 0.038 
158    C4600   (18)    4 :  0.068 0.372 0.435 0.035 0.045 0.046 
159    C4612    (9)    4 :  0.075 0.855 0.023 0.013 0.017 0.017 
160    C4621    (0)    4 :  0.011 0.922 0.010 0.006 0.016 0.035 
161    C4622    (9)    4 :  0.008 0.947 0.011 0.009 0.009 0.016 
162    C4623    (0)    4 :  0.067 0.214 0.066 0.435 0.062 0.155 
163    C4624    (0)    4 :  0.015 0.891 0.023 0.017 0.034 0.019 
164    C4625    (0)    4 :  0.061 0.204 0.093 0.018 0.572 0.053 
165    C4627    (0)    4 :  0.021 0.893 0.015 0.018 0.025 0.028 
166    C4631    (0)    4 :  0.014 0.818 0.021 0.117 0.018 0.011 
167    C4632    (0)    4 :  0.015 0.892 0.019 0.017 0.016 0.041 
168    C3939    (0)    4 :  0.023 0.886 0.019 0.013 0.010 0.049 
169    C3940    (0)    4 :  0.071 0.785 0.087 0.022 0.009 0.026 
170    C3945    (0)    4 :  0.009 0.933 0.017 0.008 0.006 0.026 
171    C4520    (0)    4 :  0.488 0.042 0.184 0.082 0.038 0.167 
172    C4522    (0)    4 :  0.012 0.884 0.011 0.010 0.011 0.072 
173    C3182    (0)    4 :  0.014 0.022 0.017 0.022 0.012 0.914 
174    C3189    (0)    4 :  0.157 0.053 0.109 0.040 0.244 0.397 
175    C3191    (9)    4 :  0.028 0.018 0.018 0.039 0.052 0.845 
176    C3196    (0)    4 :  0.027 0.011 0.019 0.015 0.023 0.905 
177    C3208    (0)    4 :  0.046 0.194 0.033 0.048 0.045 0.633 
178    C3211    (0)    4 :  0.039 0.026 0.026 0.024 0.015 0.870 
179    C3212    (0)    4 :  0.471 0.087 0.129 0.170 0.013 0.130 
180    C3213    (0)    4 :  0.030 0.009 0.028 0.027 0.014 0.892 
181    C3215    (0)    4 :  0.092 0.127 0.110 0.038 0.216 0.418 
182    C3217    (0)    4 :  0.019 0.017 0.025 0.032 0.017 0.891 
183    C3225    (9)    4 :  0.069 0.022 0.034 0.027 0.030 0.818 
184    C3226    (0)    4 :  0.011 0.127 0.011 0.013 0.012 0.827 
185    C3238    (9)    4 :  0.025 0.094 0.017 0.012 0.020 0.832 
186    C3239    (0)    4 :  0.054 0.041 0.019 0.048 0.021 0.817 
187    C3269   (18)    4 :  0.201 0.171 0.061 0.034 0.186 0.347 
188    C3273    (0)    4 :  0.024 0.018 0.013 0.008 0.029 0.908 
189    C3274    (0)    4 :  0.140 0.038 0.193 0.016 0.025 0.589 
190    C3354    (0)    4 :  0.024 0.015 0.029 0.014 0.016 0.903 
191    C3361    (0)    4 :  0.022 0.022 0.020 0.010 0.014 0.912 
192    C3289    (0)    4 :  0.032 0.032 0.020 0.014 0.018 0.883 
193    C3169    (0)    4 :  0.015 0.039 0.009 0.010 0.011 0.915 
194    C3199    (9)    4 :  0.030 0.162 0.023 0.019 0.042 0.725 
195    C3224    (0)    4 :  0.021 0.018 0.016 0.015 0.023 0.907 
196    C3261   (18)    4 :  0.016 0.040 0.019 0.015 0.008 0.901 
197    C3320    (0)    4 :  0.029 0.032 0.031 0.014 0.027 0.866 
198    C4151    (0)    5 :  0.008 0.949 0.010 0.008 0.008 0.017 
199    C4152    (0)    5 :  0.020 0.914 0.013 0.012 0.016 0.025 
200    C4153    (0)    5 :  0.046 0.648 0.027 0.014 0.026 0.240 
201    C4154   (18)    5 :  0.027 0.706 0.039 0.027 0.011 0.190 
202    C4157    (0)    5 :  0.031 0.144 0.231 0.020 0.019 0.554 
203    C4158    (0)    5 :  0.008 0.940 0.012 0.008 0.013 0.019 
204    C4163    (0)    5 :  0.007 0.959 0.008 0.007 0.007 0.013 
205    C4165    (0)    5 :  0.037 0.223 0.339 0.319 0.041 0.040 
206    C4248    (9)    5 :  0.023 0.029 0.035 0.020 0.026 0.866 
207    C4371    (9)    5 :  0.036 0.414 0.029 0.071 0.023 0.426 
208    C3936    (0)    5 :  0.011 0.920 0.019 0.015 0.014 0.021 
209    C3937    (0)    5 :  0.008 0.937 0.010 0.010 0.013 0.021 
210    C3944    (0)    5 :  0.008 0.853 0.010 0.012 0.007 0.109 
211    C3954    (0)    5 :  0.019 0.175 0.011 0.008 0.033 0.755 
212    C3955    (9)    5 :  0.031 0.602 0.018 0.009 0.028 0.311 
213    C3961    (0)    5 :  0.015 0.892 0.015 0.034 0.011 0.033 
214    C3974    (0)    5 :  0.033 0.885 0.023 0.016 0.019 0.024 
215    C4024    (0)    5 :  0.030 0.655 0.025 0.078 0.013 0.200 
216    C4025    (0)    5 :  0.016 0.889 0.013 0.038 0.017 0.027 
217    C4028    (0)    5 :  0.038 0.779 0.038 0.028 0.067 0.051 
218    C4032   (18)    5 :  0.017 0.154 0.012 0.013 0.015 0.790 
219    C4033   (18)    5 :  0.012 0.037 0.014 0.013 0.015 0.909 
220    C4034    (0)    5 :  0.048 0.042 0.090 0.147 0.021 0.652 
221    C4041    (9)    5 :  0.225 0.045 0.066 0.231 0.020 0.412 
222    C4043    (9)    5 :  0.019 0.352 0.020 0.023 0.022 0.565 
223    C4044    (9)    5 :  0.067 0.122 0.099 0.503 0.092 0.117 
224    C4045    (9)    5 :  0.020 0.159 0.036 0.015 0.044 0.726 
225    C4046    (9)    5 :  0.016 0.055 0.026 0.046 0.033 0.825 
226    C4047    (0)    5 :  0.083 0.037 0.142 0.027 0.075 0.635 
227    C4048    (9)    5 :  0.106 0.042 0.084 0.088 0.115 0.565 
228    C4055    (9)    5 :  0.046 0.330 0.045 0.029 0.058 0.491 
229    C4057   (18)    5 :  0.021 0.176 0.018 0.059 0.011 0.714 
230    C4059    (0)    5 :  0.025 0.053 0.013 0.015 0.026 0.868 
231    C4060    (9)    5 :  0.066 0.343 0.038 0.023 0.022 0.509 
232    C4064    (9)    5 :  0.055 0.112 0.210 0.025 0.267 0.330 
233    C4067    (0)    5 :  0.041 0.037 0.038 0.101 0.141 0.642 
234    C4068    (9)    5 :  0.022 0.023 0.021 0.017 0.026 0.891 
235    C4070    (9)    5 :  0.025 0.187 0.053 0.221 0.034 0.480 
236    C4075   (18)    5 :  0.037 0.111 0.029 0.027 0.022 0.775 
237    C4081    (9)    5 :  0.040 0.043 0.042 0.034 0.030 0.811 
238    C4082    (0)    5 :  0.054 0.280 0.046 0.028 0.051 0.540 
239    C4083    (0)    5 :  0.067 0.150 0.213 0.314 0.070 0.185 
240    C4086    (0)    5 :  0.046 0.095 0.053 0.023 0.320 0.462 
241    C4088    (9)    5 :  0.022 0.029 0.033 0.011 0.874 0.033 
242    C4092    (0)    5 :  0.037 0.547 0.031 0.091 0.015 0.279 
243    C4099    (9)    5 :  0.122 0.044 0.034 0.102 0.033 0.664 
244    C4104    (0)    5 :  0.020 0.684 0.024 0.043 0.021 0.208 
245    C4108   (18)    5 :  0.474 0.010 0.290 0.048 0.164 0.014 
246    C4118    (0)    5 :  0.210 0.069 0.325 0.079 0.140 0.177 
247    C4131    (0)    5 :  0.025 0.714 0.049 0.020 0.089 0.104 
248    C4133    (0)    5 :  0.025 0.053 0.018 0.016 0.016 0.872 
249    C4135    (0)    5 :  0.008 0.651 0.012 0.008 0.006 0.314 
250    C4136    (0)    5 :  0.084 0.560 0.120 0.033 0.168 0.035 
251    C4137    (9)    5 :  0.027 0.640 0.057 0.019 0.029 0.228 
252    C4139    (0)    5 :  0.011 0.896 0.015 0.012 0.008 0.057 
253    C4140    (9)    5 :  0.015 0.724 0.039 0.022 0.013 0.188 
254    C4167    (0)    5 :  0.017 0.748 0.088 0.042 0.048 0.057 
255    C4236    (0)    5 :  0.042 0.035 0.065 0.027 0.036 0.795 
256    C4237    (0)    5 :  0.119 0.039 0.077 0.029 0.705 0.031 
257    C4238    (0)    5 :  0.037 0.154 0.030 0.019 0.071 0.689 
258    C4241    (0)    5 :  0.020 0.032 0.025 0.020 0.014 0.890 
259    C4247    (9)    5 :  0.056 0.094 0.040 0.190 0.285 0.335 
260    C4257    (0)    5 :  0.045 0.045 0.019 0.017 0.026 0.848 
261    C4383    (0)    5 :  0.109 0.320 0.068 0.251 0.083 0.170 
262    C4397    (9)    5 :  0.015 0.145 0.044 0.010 0.015 0.770 
263    C4514    (0)    5 :  0.012 0.879 0.013 0.019 0.013 0.064 
264    C4519    (0)    5 :  0.112 0.780 0.022 0.019 0.009 0.058 
265    C4527    (0)    5 :  0.022 0.406 0.026 0.024 0.019 0.503 
266    C4534    (0)    5 :  0.139 0.411 0.044 0.090 0.021 0.294 
267    C4699    (0)    5 :  0.012 0.837 0.031 0.028 0.067 0.025 
268    C1541    (9)    5 :  0.008 0.017 0.011 0.012 0.013 0.939 
269    C1542    (9)    5 :  0.015 0.019 0.017 0.014 0.018 0.918 
270    C1544    (0)    5 :  0.030 0.041 0.019 0.015 0.035 0.860 
271    C1547    (9)    5 :  0.254 0.072 0.091 0.200 0.193 0.190 
272    C1553    (9)    5 :  0.171 0.159 0.279 0.201 0.122 0.070 
273    C1555    (9)    5 :  0.056 0.041 0.043 0.016 0.039 0.805 
274    C1557    (0)    5 :  0.018 0.069 0.026 0.025 0.037 0.825 
275    C1560    (0)    5 :  0.042 0.017 0.017 0.018 0.013 0.893 
276    C1565    (0)    5 :  0.022 0.025 0.042 0.041 0.013 0.857 
277    C1567    (0)    5 :  0.059 0.051 0.030 0.031 0.047 0.782 
278    C1569    (0)    5 :  0.014 0.038 0.019 0.019 0.016 0.894 
279    C1571    (0)    5 :  0.117 0.065 0.040 0.038 0.092 0.647 
280    C1576    (0)    5 :  0.039 0.200 0.030 0.037 0.126 0.569 
281    C1577    (9)    5 :  0.036 0.020 0.026 0.016 0.040 0.862 
282    C1579    (0)    5 :  0.016 0.016 0.018 0.011 0.014 0.924 
283    C3990    (0)    6 :  0.007 0.941 0.008 0.009 0.008 0.026 
284    C3991    (0)    6 :  0.026 0.842 0.023 0.039 0.043 0.027 
285    C3992    (0)    6 :  0.048 0.867 0.026 0.011 0.029 0.019 
286    C3994    (0)    6 :  0.077 0.391 0.046 0.152 0.053 0.282 
287    C4172    (0)    6 :  0.078 0.677 0.096 0.059 0.080 0.010 
288    C4173    (9)    6 :  0.015 0.725 0.016 0.212 0.012 0.020 
289    C4232    (9)    6 :  0.008 0.013 0.008 0.008 0.008 0.956 
290    C4234    (9)    6 :  0.011 0.017 0.011 0.009 0.011 0.941 
291    C4259    (0)    6 :  0.010 0.016 0.010 0.014 0.009 0.940 
292    C4260    (0)    6 :  0.012 0.064 0.009 0.008 0.008 0.899 
293    C4261    (9)    6 :  0.121 0.109 0.279 0.162 0.050 0.279 
294    C4262    (0)    6 :  0.027 0.512 0.038 0.061 0.012 0.350 
295    C4263    (0)    6 :  0.013 0.044 0.022 0.030 0.064 0.828 
296    C4267    (9)    6 :  0.020 0.340 0.028 0.017 0.046 0.549 
297    C4269    (0)    6 :  0.021 0.358 0.054 0.052 0.028 0.488 
298    C4272    (0)    6 :  0.029 0.043 0.027 0.026 0.014 0.861 
299    C4274    (0)    6 :  0.455 0.038 0.044 0.017 0.018 0.427 
300    C4276    (9)    6 :  0.814 0.010 0.026 0.028 0.076 0.047 
301    C4278    (0)    6 :  0.057 0.207 0.046 0.051 0.030 0.610 
302    C4280    (0)    6 :  0.045 0.147 0.059 0.020 0.014 0.715 
303    C4281    (0)    6 :  0.016 0.058 0.026 0.024 0.020 0.855 
304    C4282    (0)    6 :  0.036 0.014 0.158 0.312 0.069 0.411 
305    C4284    (9)    6 :  0.010 0.274 0.011 0.010 0.010 0.685 
306    C4286    (9)    6 :  0.079 0.326 0.049 0.029 0.030 0.487 
307    C4287    (0)    6 :  0.080 0.182 0.080 0.077 0.014 0.567 
308    C4290    (0)    6 :  0.406 0.065 0.099 0.124 0.253 0.053 
309    C4307   (18)    6 :  0.044 0.299 0.068 0.066 0.021 0.502 
310    C4310    (9)    6 :  0.040 0.042 0.018 0.012 0.047 0.841 
311    C4311   (18)    6 :  0.050 0.034 0.029 0.023 0.019 0.844 
312    C4312    (0)    6 :  0.013 0.014 0.013 0.013 0.017 0.931 
313    C4314    (0)    6 :  0.021 0.048 0.035 0.012 0.156 0.729 
314    C4318    (9)    6 :  0.069 0.059 0.051 0.070 0.012 0.740 
315    C4321    (9)    6 :  0.078 0.198 0.026 0.054 0.014 0.628 
316    C4324    (0)    6 :  0.041 0.297 0.025 0.052 0.013 0.571 
317    C4334    (0)    6 :  0.025 0.359 0.015 0.063 0.011 0.526 
318    C4529    (0)    6 :  0.041 0.095 0.042 0.043 0.065 0.715 
319    C1582    (9)    6 :  0.018 0.112 0.016 0.015 0.016 0.822 
320    C1583    (0)    6 :  0.033 0.024 0.029 0.021 0.059 0.834 
321    C1584    (9)    6 :  0.038 0.055 0.016 0.014 0.027 0.851 
322    C1585    (0)    6 :  0.015 0.265 0.009 0.011 0.016 0.684 
323    C1586    (0)    6 :  0.017 0.044 0.032 0.105 0.029 0.773 
324    C1589    (0)    6 :  0.012 0.263 0.012 0.013 0.014 0.686 
325    C1591    (0)    6 :  0.016 0.105 0.010 0.012 0.014 0.843 
326    C1592    (0)    6 :  0.029 0.026 0.030 0.036 0.022 0.856 
327    C1594    (0)    6 :  0.017 0.033 0.018 0.014 0.049 0.868 
328    C1597    (9)    6 :  0.052 0.037 0.033 0.027 0.026 0.826 
329    C1598    (9)    6 :  0.019 0.412 0.020 0.017 0.042 0.491 
330    C1599    (0)    6 :  0.032 0.014 0.014 0.011 0.011 0.917 
331    C1601    (0)    6 :  0.034 0.482 0.078 0.037 0.071 0.299 
332    C1605    (0)    6 :  0.464 0.119 0.120 0.067 0.126 0.104 
333    C1609    (0)    6 :  0.013 0.197 0.011 0.013 0.015 0.752 
334    C1610    (0)    6 :  0.099 0.016 0.095 0.018 0.081 0.690 
335    C1611    (0)    6 :  0.018 0.012 0.022 0.079 0.011 0.858 
336    C1612    (0)    6 :  0.009 0.009 0.009 0.008 0.010 0.955 
337    C1613    (0)    6 :  0.025 0.027 0.013 0.033 0.021 0.881 
338    C3173    (9)    6 :  0.045 0.027 0.068 0.054 0.038 0.767 
339    C3204    (0)    6 :  0.016 0.031 0.018 0.016 0.025 0.895 
340    C3223    (9)    6 :  0.581 0.021 0.049 0.112 0.019 0.219 
341    C3262    (0)    6 :  0.046 0.026 0.025 0.024 0.059 0.820 
342    C3270    (0)    6 :  0.025 0.112 0.024 0.019 0.017 0.803 
343    C3300    (0)    6 :  0.015 0.434 0.010 0.010 0.009 0.521 
344    C3330    (0)    6 :  0.031 0.181 0.043 0.024 0.016 0.705 
345    C3390    (9)    6 :  0.021 0.086 0.022 0.020 0.015 0.836 
346    C3424    (9)    6 :  0.034 0.048 0.059 0.016 0.015 0.828 
347    C3958    (0)    6 :  0.010 0.915 0.015 0.014 0.007 0.038 
348    C3962    (0)    6 :  0.010 0.928 0.021 0.014 0.007 0.020 
349    C4019    (0)    6 :  0.074 0.060 0.757 0.055 0.041 0.012 
350    C3995   (18)    6 :  0.015 0.873 0.023 0.043 0.019 0.027 
351    C4000    (0)    6 :  0.029 0.726 0.107 0.086 0.017 0.035 
352    C4002    (0)    6 :  0.012 0.873 0.029 0.026 0.013 0.048 
353    C1692    (0)    7 :  0.415 0.129 0.340 0.042 0.055 0.018 
354    C1693    (0)    7 :  0.527 0.059 0.082 0.172 0.017 0.144 
355    C1694    (0)    7 :  0.280 0.027 0.098 0.377 0.159 0.060 
356    C1698    (0)    7 :  0.255 0.009 0.362 0.271 0.087 0.016 
357    C1699    (0)    7 :  0.193 0.031 0.120 0.068 0.563 0.025 
358    C1700    (0)    7 :  0.113 0.076 0.470 0.200 0.086 0.056 
359    C1701    (0)    7 :  0.107 0.011 0.506 0.043 0.314 0.019 
360    C1702    (0)    7 :  0.274 0.015 0.513 0.073 0.112 0.013 
361    C1703    (0)    7 :  0.106 0.022 0.390 0.390 0.081 0.010 
362    C1704    (0)    7 :  0.199 0.044 0.200 0.445 0.040 0.073 
363    C1705    (0)    7 :  0.195 0.284 0.055 0.437 0.018 0.011 
364    C1706    (0)    7 :  0.265 0.011 0.153 0.075 0.477 0.018 
365    C1707    (0)    7 :  0.293 0.023 0.069 0.050 0.202 0.363 
366    C1708    (0)    7 :  0.045 0.016 0.130 0.771 0.021 0.017 
367    C1709    (0)    7 :  0.042 0.059 0.100 0.752 0.030 0.017 
368    C1710    (0)    7 :  0.120 0.023 0.599 0.136 0.095 0.028 
369    C1712    (0)    7 :  0.040 0.028 0.225 0.681 0.017 0.009 
370    C1714    (0)    7 :  0.024 0.012 0.039 0.892 0.021 0.012 
371    C1715    (0)    7 :  0.487 0.015 0.323 0.024 0.127 0.025 
372    C1717    (0)    7 :  0.668 0.014 0.146 0.084 0.029 0.060 
373    C1718   (18)    7 :  0.266 0.016 0.524 0.077 0.075 0.041 
374    C1719    (0)    7 :  0.028 0.116 0.101 0.662 0.029 0.063 
375    C1656    (0)    8 :  0.063 0.048 0.230 0.072 0.577 0.010 
376    C1657   (18)    8 :  0.070 0.021 0.106 0.485 0.298 0.020 
377    C1658    (0)    8 :  0.281 0.014 0.430 0.059 0.208 0.008 
378    C1659    (0)    8 :  0.661 0.019 0.101 0.020 0.148 0.051 
379    C1661    (9)    8 :  0.237 0.044 0.477 0.099 0.085 0.058 
380    C1665    (0)    8 :  0.172 0.016 0.441 0.057 0.293 0.021 
381    C1667    (9)    8 :  0.020 0.006 0.037 0.913 0.017 0.007 
382    C1676    (9)    8 :  0.036 0.025 0.551 0.138 0.236 0.013 
383    C1681    (9)    8 :  0.285 0.020 0.195 0.128 0.346 0.026 
384    C1682    (0)    8 :  0.058 0.022 0.177 0.627 0.102 0.014 
385    C1685    (0)    8 :  0.043 0.033 0.722 0.047 0.129 0.025 
386    C4707    (0)    9 :  0.018 0.076 0.819 0.037 0.027 0.022 
387    C4747    (0)    9 :  0.110 0.131 0.075 0.585 0.019 0.080 
388    C4772    (0)    9 :  0.057 0.499 0.275 0.032 0.073 0.063 
389    C4781    (0)    9 :  0.057 0.043 0.089 0.770 0.023 0.018 
390    C4782    (0)    9 :  0.202 0.121 0.290 0.213 0.103 0.071 
391    C4787    (0)    9 :  0.666 0.117 0.098 0.058 0.043 0.018 
392    C4790    (0)    9 :  0.029 0.064 0.220 0.627 0.043 0.017 
393    C4803    (0)    9 :  0.373 0.118 0.297 0.133 0.039 0.039 
394    C4813    (0)    9 :  0.069 0.756 0.079 0.036 0.047 0.013 
395    C4837    (0)    9 :  0.129 0.093 0.689 0.035 0.028 0.027 
396    C4838    (0)    9 :  0.550 0.082 0.207 0.054 0.095 0.012 
397    C4843    (0)    9 :  0.118 0.052 0.660 0.052 0.087 0.032 
398    C4857    (0)    9 :  0.047 0.786 0.036 0.023 0.038 0.070 
399    C4828    (0)    9 :  0.171 0.046 0.243 0.111 0.237 0.192 
400    C4835    (0)    9 :  0.134 0.703 0.054 0.024 0.072 0.013 
401    C4836    (9)    9 :  0.249 0.258 0.263 0.160 0.040 0.030 
402    C4842    (0)    9 :  0.096 0.029 0.453 0.113 0.295 0.014 
403    C4863    (9)    9 :  0.548 0.061 0.149 0.190 0.030 0.023 
404    C4744    (0)    9 :  0.128 0.020 0.431 0.258 0.140 0.022 
405    C4745    (0)    9 :  0.331 0.072 0.379 0.046 0.153 0.020 
406    C4768    (0)    9 :  0.034 0.191 0.375 0.312 0.053 0.034 
407    C4769    (0)    9 :  0.087 0.154 0.125 0.069 0.556 0.009 
408    C4771    (0)    9 :  0.071 0.020 0.766 0.059 0.072 0.011 
409    C4784    (0)    9 :  0.045 0.154 0.081 0.626 0.071 0.023 
410    C4785    (0)    9 :  0.020 0.028 0.032 0.865 0.036 0.019 
411    C4795    (0)    9 :  0.092 0.094 0.037 0.702 0.036 0.039 
412    C4796    (0)    9 :  0.148 0.019 0.640 0.127 0.051 0.015 
413    C4800    (0)    9 :  0.511 0.268 0.179 0.015 0.019 0.009 
414    C4801    (0)    9 :  0.059 0.406 0.110 0.070 0.331 0.025 
415    C4802    (0)    9 :  0.159 0.095 0.131 0.032 0.273 0.309 
416    C4805    (0)    9 :  0.047 0.058 0.522 0.174 0.184 0.015 
417    C4806    (0)    9 :  0.081 0.029 0.635 0.024 0.220 0.010 
418    C4850    (0)    9 :  0.166 0.226 0.444 0.036 0.052 0.075 
419    C4748    (0)   10 :  0.060 0.100 0.027 0.089 0.716 0.007 
420    C4753    (0)   10 :  0.157 0.039 0.545 0.141 0.100 0.018 
421    C4754    (0)   10 :  0.024 0.094 0.771 0.062 0.034 0.015 
422    C4760    (0)   10 :  0.183 0.284 0.373 0.040 0.022 0.099 
423    C4761    (0)   10 :  0.034 0.254 0.089 0.097 0.513 0.013 
424    C4762    (0)   10 :  0.097 0.277 0.047 0.515 0.054 0.010 
425    C4791    (0)   10 :  0.329 0.197 0.343 0.078 0.045 0.008 
426    C4810    (0)   10 :  0.067 0.038 0.041 0.020 0.777 0.057 
427    C4812    (0)   10 :  0.210 0.038 0.362 0.033 0.320 0.037 
428    C4821    (0)   10 :  0.142 0.096 0.548 0.091 0.041 0.081 
429    C4864    (0)   10 :  0.036 0.548 0.288 0.026 0.027 0.076 
430    C4866    (0)   10 :  0.086 0.029 0.092 0.025 0.755 0.012 
431    C1722    (0)   10 :  0.252 0.012 0.192 0.042 0.458 0.044 
432    C1724    (0)   10 :  0.136 0.014 0.077 0.013 0.754 0.006 
433    C1725    (0)   10 :  0.279 0.011 0.161 0.071 0.439 0.040 
434    C1726    (0)   10 :  0.260 0.015 0.515 0.132 0.067 0.012 
435    C1731    (0)   10 :  0.152 0.035 0.229 0.125 0.436 0.024 
436    C1733    (9)   10 :  0.539 0.026 0.110 0.020 0.282 0.024 
437    C1734    (0)   10 :  0.411 0.060 0.403 0.036 0.065 0.024 
438    C1735    (0)   10 :  0.625 0.008 0.171 0.030 0.155 0.011 
439    C1738    (0)   10 :  0.338 0.037 0.105 0.016 0.475 0.029 
440    C1740    (9)   10 :  0.210 0.035 0.374 0.060 0.187 0.134 
441    C1741    (0)   10 :  0.317 0.238 0.142 0.212 0.019 0.072 
442    C1742    (0)   10 :  0.042 0.016 0.849 0.015 0.061 0.017 
443    C1743    (0)   10 :  0.229 0.020 0.114 0.524 0.092 0.021 
444    C1745    (0)   10 :  0.436 0.041 0.393 0.049 0.060 0.022 
445    C1746    (0)   10 :  0.165 0.058 0.231 0.169 0.344 0.033 
446    C1747    (0)   10 :  0.299 0.021 0.072 0.255 0.316 0.037 
447    C4742    (9)   10 :  0.039 0.555 0.218 0.119 0.046 0.024 
448    C4752    (0)   10 :  0.035 0.796 0.027 0.030 0.088 0.024 
449    C4792    (0)   10 :  0.071 0.226 0.308 0.111 0.180 0.104 
450    C4811    (0)   10 :  0.032 0.888 0.024 0.016 0.016 0.025 
451    C4814    (0)   10 :  0.068 0.553 0.230 0.080 0.049 0.021 
452    C4815    (0)   10 :  0.712 0.106 0.083 0.039 0.028 0.032 
453    C4818    (0)   10 :  0.167 0.244 0.205 0.074 0.222 0.090 
454    C4819    (0)   10 :  0.062 0.212 0.327 0.092 0.249 0.057 
455    C4826    (0)   10 :  0.209 0.023 0.593 0.083 0.082 0.009 
456    C4829    (0)   10 :  0.113 0.019 0.397 0.364 0.058 0.050 
457    C4830    (0)   10 :  0.045 0.026 0.749 0.150 0.016 0.015 
458    C4831    (0)   10 :  0.019 0.684 0.103 0.061 0.064 0.068 
459    C4832    (0)   10 :  0.042 0.038 0.306 0.480 0.122 0.013 
460    C4858    (0)   10 :  0.063 0.312 0.084 0.511 0.018 0.012 
461    C4757    (0)   10 :  0.170 0.124 0.379 0.058 0.210 0.059 
462    C4770    (9)   10 :  0.273 0.188 0.060 0.070 0.019 0.389 
463    C4808    (0)   10 :  0.051 0.183 0.651 0.072 0.024 0.018 
464    C4809    (0)   10 :  0.049 0.015 0.855 0.014 0.058 0.009 
465    C4820    (0)   10 :  0.219 0.043 0.277 0.276 0.168 0.016 
466    C4824    (0)   10 :  0.380 0.037 0.284 0.272 0.019 0.009 
467    C4706    (0)   11 :  0.287 0.019 0.295 0.050 0.338 0.011 
468    C4708    (0)   11 :  0.009 0.912 0.014 0.012 0.012 0.042 
469    C4709    (0)   11 :  0.062 0.101 0.048 0.740 0.034 0.015 
470    C4714    (0)   11 :  0.050 0.234 0.163 0.485 0.036 0.033 
471    C4722    (0)   11 :  0.040 0.098 0.286 0.423 0.134 0.020 
472    C4726    (0)   11 :  0.270 0.190 0.127 0.032 0.307 0.074 
473    C4733    (0)   11 :  0.027 0.318 0.377 0.143 0.083 0.052 
474    C4734    (0)   11 :  0.095 0.118 0.414 0.067 0.289 0.018 
475    C4737    (0)   11 :  0.024 0.054 0.063 0.822 0.024 0.012 
476    C4882    (0)   11 :  0.115 0.014 0.704 0.063 0.093 0.012 
477    C4883    (0)   11 :  0.012 0.136 0.020 0.809 0.011 0.012 
478    C4702    (9)   11 :  0.160 0.143 0.319 0.184 0.092 0.102 
479    C4703    (0)   11 :  0.039 0.782 0.074 0.051 0.031 0.024 
480    C4727    (0)   11 :  0.082 0.068 0.272 0.168 0.399 0.011 
481    C4732    (0)   11 :  0.071 0.056 0.082 0.749 0.028 0.015 
482    C4735    (0)   11 :  0.637 0.057 0.227 0.043 0.019 0.016 
483    C4736    (0)   11 :  0.015 0.878 0.016 0.051 0.021 0.018 
484    C4746    (0)   11 :  0.089 0.362 0.169 0.324 0.043 0.014 
485    C4777    (0)   11 :  0.375 0.009 0.510 0.022 0.065 0.020 
486    C4846    (0)   11 :  0.042 0.458 0.174 0.115 0.057 0.154 
487    C4847    (0)   11 :  0.046 0.044 0.683 0.043 0.175 0.009 
488    C4884    (0)   11 :  0.244 0.188 0.374 0.157 0.024 0.014 
489    C4705    (0)   11 :  0.505 0.250 0.188 0.016 0.015 0.026 
490    C4711    (0)   11 :  0.029 0.111 0.077 0.172 0.593 0.018 
491    C4713    (9)   11 :  0.503 0.093 0.078 0.092 0.182 0.053 
492    C4716    (0)   11 :  0.168 0.181 0.402 0.147 0.084 0.019 
493    C4717    (0)   11 :  0.023 0.778 0.094 0.026 0.055 0.024 
494    C4719    (0)   11 :  0.024 0.014 0.881 0.043 0.027 0.010 
495    C4721    (0)   11 :  0.017 0.887 0.026 0.018 0.019 0.033 
496    C4729    (0)   11 :  0.170 0.110 0.650 0.029 0.031 0.012 
497    C4730    (0)   11 :  0.025 0.798 0.063 0.060 0.037 0.017 
498    C4773    (0)   11 :  0.010 0.874 0.022 0.013 0.050 0.031 
499    C4861    (0)   11 :  0.058 0.022 0.809 0.019 0.072 0.019 
500    C4890    (0)   11 :  0.050 0.661 0.174 0.077 0.023 0.014 
501    C4718    (0)   11 :  0.218 0.069 0.410 0.213 0.069 0.022 
502    C4724    (0)   11 :  0.151 0.561 0.182 0.036 0.056 0.014 
503    C4738    (0)   11 :  0.019 0.450 0.070 0.018 0.427 0.015 
504    C4739    (0)   11 :  0.055 0.050 0.658 0.044 0.152 0.040 
505    C4844    (0)   11 :  0.073 0.324 0.491 0.033 0.049 0.031 
506    C4845    (0)   11 :  0.047 0.049 0.087 0.781 0.022 0.014 
507    C4681    (0)   11 :  0.013 0.606 0.051 0.019 0.023 0.287 
508    C4682    (0)   11 :  0.161 0.078 0.068 0.409 0.173 0.111 
509    C4683    (0)   11 :  0.033 0.697 0.095 0.041 0.046 0.087 
510    C4685    (0)   11 :  0.136 0.198 0.353 0.261 0.027 0.025 
511    C4715    (0)   11 :  0.544 0.057 0.154 0.194 0.019 0.031 
512    C4725    (0)   11 :  0.161 0.017 0.496 0.242 0.074 0.011 
513    C4799    (0)   11 :  0.302 0.252 0.171 0.100 0.027 0.149 
514    C4889    (9)   11 :  0.028 0.785 0.030 0.042 0.103 0.013 
515    C4641    (0)   12 :  0.016 0.922 0.027 0.013 0.015 0.007 
516    C4651    (0)   12 :  0.023 0.422 0.042 0.021 0.471 0.022 
517    C4657    (0)   12 :  0.006 0.957 0.007 0.013 0.009 0.008 
518    C4658    (0)   12 :  0.035 0.842 0.027 0.043 0.035 0.017 
519    C4660    (0)   12 :  0.057 0.617 0.171 0.057 0.081 0.017 
520    C4665    (0)   12 :  0.013 0.947 0.009 0.011 0.013 0.008 
521    C4666    (0)   12 :  0.485 0.110 0.359 0.018 0.016 0.012 
522    C4667    (0)   12 :  0.016 0.913 0.024 0.020 0.018 0.009 
523    C4668    (0)   12 :  0.042 0.800 0.033 0.012 0.089 0.024 
524    C4669    (0)   12 :  0.026 0.918 0.015 0.018 0.015 0.008 
525    C4670    (0)   12 :  0.069 0.352 0.436 0.099 0.036 0.006 
526    C4671    (0)   12 :  0.203 0.515 0.157 0.069 0.014 0.042 
527    C4672    (0)   12 :  0.120 0.339 0.070 0.047 0.347 0.076 
528    C4633    (0)   13 :  0.015 0.931 0.012 0.013 0.014 0.016 
529    C4635    (0)   13 :  0.026 0.840 0.038 0.019 0.068 0.010 
530    C4653    (0)   13 :  0.178 0.648 0.035 0.027 0.073 0.040 
531    C4654    (0)   13 :  0.013 0.890 0.016 0.040 0.024 0.018 
532    C4675    (0)   13 :  0.213 0.544 0.069 0.024 0.129 0.021 
533    C4679    (0)   13 :  0.052 0.010 0.035 0.040 0.854 0.009 
534    C4684    (0)   13 :  0.053 0.855 0.011 0.012 0.019 0.049 
535    C4686    (0)   13 :  0.034 0.891 0.024 0.020 0.012 0.019 
536    C4687    (0)   13 :  0.029 0.869 0.015 0.024 0.015 0.048 
537    U1941    (0)   14 :  0.913 0.009 0.016 0.010 0.024 0.029 
538    U1942    (0)   14 :  0.297 0.168 0.292 0.089 0.050 0.104 
539    U1957    (9)   14 :  0.191 0.051 0.076 0.063 0.092 0.526 
540    U2016    (0)   14 :  0.190 0.005 0.642 0.046 0.106 0.010 
541    U2021    (9)   14 :  0.215 0.023 0.285 0.414 0.037 0.027 
542    U2022    (0)   14 :  0.068 0.010 0.667 0.216 0.019 0.020 
543    U2023    (0)   14 :  0.160 0.015 0.665 0.079 0.071 0.010 
544    U2024    (0)   14 :  0.031 0.028 0.726 0.138 0.043 0.034 
545    U2025    (9)   14 :  0.163 0.015 0.665 0.094 0.021 0.043 
546    U2026    (0)   14 :  0.170 0.021 0.356 0.194 0.023 0.236 
547    U2027    (0)   14 :  0.081 0.034 0.519 0.096 0.241 0.029 
548    U2028    (0)   14 :  0.035 0.006 0.885 0.043 0.022 0.008 
549    U2029    (0)   14 :  0.024 0.025 0.654 0.224 0.064 0.009 
550    U2030    (0)   14 :  0.097 0.010 0.598 0.142 0.143 0.011 
551    U2031    (0)   14 :  0.136 0.013 0.576 0.070 0.193 0.012 
552    U1943    (0)   14 :  0.039 0.029 0.038 0.861 0.015 0.017 
553    U1944    (0)   14 :  0.088 0.025 0.064 0.575 0.232 0.016 
554    U1945    (0)   14 :  0.138 0.015 0.348 0.388 0.096 0.016 
555    U1946    (0)   14 :  0.169 0.017 0.180 0.079 0.534 0.022 
556    U1947    (0)   14 :  0.324 0.014 0.551 0.076 0.015 0.020 
557    U1948    (0)   14 :  0.560 0.039 0.207 0.091 0.048 0.055 
