

----------------------------------------------------
STRUCTURE by Pritchard, Stephens and Donnelly (2000)
     and Falush, Stephens and Pritchard (2003)
       Code by Pritchard, Falush and Hubisz
             Version 2.3.4 (Jul 2012)
----------------------------------------------------



Command line arguments:   bin\structure -m C:\Users\eschumacher\Documents\Butternut\butternut_STRUCTURE_withQU\50-50\mainparams -e C:\Users\eschumacher\Documents\Butternut\butternut_STRUCTURE_withQU\50-50\extraparams 
Input File:    C:\Users\eschumacher\Documents\Butternut\butternut_STRUCTURE_withQU\project_data

Run parameters:
   1015 individuals
   11 loci
   9 populations assumed
   50000 Burn-in period
   50000 Reps


--------------------------------------------
Proportion of membership of each pre-defined
 population in each of the 9 clusters

Given    Inferred Clusters                                                 Number of
 Pop       1      2      3      4      5      6      7      8      9      Individuals

  1:     0.212  0.355  0.178  0.037  0.035  0.032  0.039  0.062  0.050       40
  2:     0.181  0.264  0.289  0.034  0.027  0.036  0.028  0.088  0.054       46
  3:     0.422  0.207  0.168  0.039  0.023  0.025  0.042  0.041  0.034       63
  4:     0.317  0.116  0.299  0.028  0.043  0.034  0.042  0.089  0.033       48
  5:     0.181  0.307  0.265  0.037  0.049  0.036  0.039  0.053  0.035       85
  6:     0.242  0.320  0.183  0.033  0.028  0.037  0.044  0.071  0.042       70
  7:     0.027  0.064  0.042  0.210  0.084  0.192  0.119  0.056  0.206       22
  8:     0.024  0.020  0.018  0.188  0.135  0.290  0.119  0.059  0.147       11
  9:     0.028  0.047  0.155  0.140  0.064  0.240  0.103  0.109  0.113       33
 10:     0.039  0.031  0.146  0.084  0.138  0.210  0.123  0.091  0.138       48
 11:     0.024  0.037  0.229  0.137  0.071  0.205  0.078  0.128  0.091       48
 12:     0.012  0.018  0.021  0.016  0.046  0.030  0.019  0.805  0.032       13
 13:     0.030  0.027  0.026  0.018  0.109  0.017  0.036  0.713  0.023        9
 14:     0.040  0.045  0.027  0.120  0.109  0.202  0.208  0.069  0.181       90
 15:     0.028  0.024  0.017  0.492  0.038  0.109  0.129  0.041  0.122       63
 16:     0.054  0.071  0.023  0.082  0.085  0.195  0.179  0.151  0.161       16
 17:     0.056  0.067  0.053  0.064  0.133  0.105  0.282  0.133  0.108       31
 18:     0.012  0.016  0.028  0.028  0.736  0.059  0.021  0.055  0.046       16
 19:     0.078  0.089  0.022  0.340  0.039  0.108  0.093  0.040  0.191       24
 20:     0.039  0.073  0.033  0.091  0.118  0.187  0.070  0.036  0.353       12
 21:     0.032  0.054  0.026  0.152  0.134  0.172  0.147  0.080  0.204       54
 22:     0.034  0.049  0.036  0.055  0.239  0.157  0.210  0.065  0.155       96
 23:     0.023  0.063  0.017  0.131  0.273  0.093  0.142  0.059  0.200       22
 24:     0.036  0.071  0.069  0.025  0.534  0.087  0.069  0.066  0.043       23
 25:     0.034  0.026  0.017  0.062  0.285  0.183  0.238  0.036  0.117       13
 26:     0.068  0.048  0.036  0.137  0.080  0.201  0.124  0.061  0.246       19
--------------------------------------------

Allele-freq. divergence among pops (Net nucleotide distance),
computed using point estimates of P.

      1       2       3       4       5       6       7       8       9      
 1      -    0.0251  0.0382  0.0398  0.0425  0.0372  0.0344  0.0310  0.0280  
 2   0.0251     -    0.0363  0.0367  0.0429  0.0352  0.0378  0.0260  0.0289  
 3   0.0382  0.0363     -    0.0427  0.0576  0.0415  0.0526  0.0296  0.0413  
 4   0.0398  0.0367  0.0427     -    0.0272  0.0123  0.0185  0.0185  0.0115  
 5   0.0425  0.0429  0.0576  0.0272     -    0.0158  0.0178  0.0205  0.0145  
 6   0.0372  0.0352  0.0415  0.0123  0.0158     -    0.0112  0.0136  0.0067  
 7   0.0344  0.0378  0.0526  0.0185  0.0178  0.0112     -    0.0171  0.0094  
 8   0.0310  0.0260  0.0296  0.0185  0.0205  0.0136  0.0171     -    0.0132  
 9   0.0280  0.0289  0.0413  0.0115  0.0145  0.0067  0.0094  0.0132     -    

Average distances (expected heterozygosity) between individuals in same cluster:
cluster  1  : 0.8147 
cluster  2  : 0.8032 
cluster  3  : 0.8169 
cluster  4  : 0.8455 
cluster  5  : 0.8271 
cluster  6  : 0.8476 
cluster  7  : 0.8391 
cluster  8  : 0.8526 
cluster  9  : 0.8584 

--------------------------------------------
Estimated Ln Prob of Data   = -48047.7
Mean value of ln likelihood = -45929.8
Variance of ln likelihood   = 4235.9
Mean value of alpha         = 0.0535

Mean value of Fst_1         = 0.0722
Mean value of Fst_2         = 0.0700
Mean value of Fst_3         = 0.0834
Mean value of Fst_4         = 0.0381
Mean value of Fst_5         = 0.0467
Mean value of Fst_6         = 0.0270
Mean value of Fst_7         = 0.0344
Mean value of Fst_8         = 0.0323
Mean value of Fst_9         = 0.0206


Inferred ancestry of individuals:
        Label (%Miss) Pop:  Inferred clusters
  1    C3984    (0)    1 :  0.018 0.483 0.413 0.011 0.007 0.010 0.014 0.026 0.018 
  2    C3985    (0)    1 :  0.044 0.179 0.700 0.013 0.014 0.014 0.008 0.010 0.017 
  3    C3986    (0)    1 :  0.077 0.092 0.767 0.016 0.007 0.008 0.010 0.012 0.010 
  4    C4231    (0)    1 :  0.048 0.288 0.383 0.014 0.010 0.038 0.022 0.169 0.028 
  5    C4344    (0)    1 :  0.522 0.200 0.102 0.044 0.015 0.025 0.024 0.015 0.053 
  6    C4347   (18)    1 :  0.519 0.305 0.040 0.012 0.052 0.014 0.018 0.022 0.018 
  7    C4352   (18)    1 :  0.066 0.432 0.317 0.026 0.019 0.032 0.018 0.060 0.030 
  8    C4355    (9)    1 :  0.160 0.578 0.066 0.026 0.014 0.012 0.057 0.059 0.027 
  9    C4358   (18)    1 :  0.015 0.045 0.030 0.075 0.032 0.051 0.068 0.056 0.627 
 10    C4419    (9)    1 :  0.017 0.592 0.086 0.019 0.014 0.021 0.074 0.150 0.027 
 11    C4428    (9)    1 :  0.125 0.551 0.190 0.015 0.017 0.011 0.019 0.058 0.013 
 12    C4436    (0)    1 :  0.045 0.611 0.266 0.014 0.017 0.012 0.011 0.014 0.011 
 13    C4437   (18)    1 :  0.042 0.162 0.620 0.017 0.036 0.027 0.036 0.016 0.043 
 14    C4450    (0)    1 :  0.024 0.510 0.117 0.048 0.036 0.066 0.069 0.035 0.096 
 15    C4531    (0)    1 :  0.008 0.013 0.838 0.028 0.020 0.034 0.016 0.020 0.022 
 16    C1615    (0)    1 :  0.041 0.248 0.302 0.061 0.087 0.101 0.044 0.076 0.039 
 17    C1616    (0)    1 :  0.063 0.211 0.060 0.018 0.109 0.108 0.308 0.042 0.080 
 18    C1617    (9)    1 :  0.106 0.787 0.011 0.009 0.017 0.013 0.029 0.012 0.016 
 19    C1618    (0)    1 :  0.031 0.290 0.367 0.122 0.042 0.044 0.023 0.055 0.027 
 20    C1619    (0)    1 :  0.042 0.468 0.120 0.122 0.055 0.029 0.021 0.051 0.092 
 21    C1620    (9)    1 :  0.036 0.526 0.124 0.123 0.040 0.037 0.020 0.035 0.060 
 22    C1621    (0)    1 :  0.023 0.105 0.017 0.030 0.224 0.031 0.048 0.463 0.059 
 23    C1623    (9)    1 :  0.013 0.024 0.292 0.222 0.128 0.043 0.040 0.138 0.099 
 24    C1625    (0)    1 :  0.044 0.586 0.030 0.077 0.085 0.025 0.015 0.058 0.080 
 25    C1626    (0)    1 :  0.035 0.355 0.020 0.035 0.059 0.070 0.064 0.317 0.047 
 26    C1627    (9)    1 :  0.021 0.821 0.039 0.022 0.035 0.015 0.010 0.023 0.015 
 27    C1633    (0)    1 :  0.011 0.905 0.011 0.009 0.012 0.007 0.011 0.023 0.009 
 28    C1637    (0)    1 :  0.039 0.825 0.016 0.013 0.020 0.020 0.020 0.031 0.015 
 29    C1650    (0)    1 :  0.064 0.201 0.519 0.013 0.031 0.021 0.055 0.074 0.023 
 30    C3202    (0)    1 :  0.901 0.013 0.014 0.010 0.017 0.009 0.010 0.009 0.018 
 31    C3248    (0)    1 :  0.184 0.710 0.010 0.012 0.013 0.019 0.010 0.024 0.018 
 32    C3304    (9)    1 :  0.635 0.194 0.022 0.012 0.012 0.013 0.063 0.013 0.037 
 33    C3326    (0)    1 :  0.417 0.107 0.068 0.019 0.024 0.181 0.060 0.045 0.078 
 34    C3333    (0)    1 :  0.888 0.020 0.011 0.011 0.014 0.013 0.017 0.010 0.016 
 35    C3339   (18)    1 :  0.125 0.685 0.012 0.033 0.013 0.014 0.065 0.017 0.035 
 36    C3346    (0)    1 :  0.917 0.016 0.014 0.013 0.006 0.009 0.009 0.009 0.008 
 37    C3349    (0)    1 :  0.708 0.062 0.016 0.037 0.015 0.036 0.068 0.029 0.029 
 38    C3367   (18)    1 :  0.798 0.023 0.047 0.018 0.022 0.014 0.022 0.035 0.022 
 39    C3374    (0)    1 :  0.022 0.898 0.013 0.010 0.006 0.006 0.007 0.029 0.008 
 40    C3405    (0)    1 :  0.582 0.096 0.018 0.041 0.011 0.018 0.061 0.138 0.035 
 41    C4543    (0)    2 :  0.050 0.026 0.779 0.019 0.011 0.014 0.025 0.059 0.017 
 42    C4545    (9)    2 :  0.011 0.038 0.845 0.049 0.007 0.010 0.009 0.022 0.010 
 43    C4551    (9)    2 :  0.016 0.113 0.259 0.059 0.022 0.158 0.023 0.278 0.072 
 44    C4491    (0)    2 :  0.053 0.067 0.561 0.063 0.025 0.090 0.030 0.027 0.084 
 45    C4494    (0)    2 :  0.556 0.098 0.255 0.013 0.009 0.011 0.011 0.033 0.013 
 46    C4495    (0)    2 :  0.574 0.047 0.061 0.036 0.019 0.048 0.013 0.082 0.119 
 47    C4497    (9)    2 :  0.045 0.798 0.050 0.017 0.011 0.015 0.018 0.019 0.026 
 48    C4501    (0)    2 :  0.018 0.556 0.039 0.017 0.012 0.030 0.058 0.234 0.036 
 49    C4502    (0)    2 :  0.043 0.547 0.228 0.065 0.011 0.010 0.019 0.063 0.016 
 50    C4503    (0)    2 :  0.010 0.012 0.629 0.203 0.016 0.022 0.011 0.080 0.017 
 51    C4504    (0)    2 :  0.049 0.061 0.165 0.064 0.027 0.027 0.043 0.038 0.526 
 52    C4470    (0)    2 :  0.028 0.448 0.077 0.022 0.015 0.077 0.021 0.206 0.105 
 53    C4471    (0)    2 :  0.036 0.115 0.614 0.020 0.013 0.014 0.025 0.131 0.033 
 54    C4474    (9)    2 :  0.007 0.010 0.711 0.020 0.026 0.046 0.015 0.141 0.023 
 55    C4476    (0)    2 :  0.021 0.729 0.115 0.017 0.010 0.017 0.012 0.067 0.012 
 56    C4478    (0)    2 :  0.059 0.049 0.670 0.090 0.009 0.011 0.050 0.040 0.023 
 57    C4479    (0)    2 :  0.164 0.459 0.052 0.011 0.051 0.015 0.016 0.217 0.015 
 58    C4482    (0)    2 :  0.118 0.063 0.449 0.010 0.172 0.037 0.036 0.041 0.074 
 59    C4483    (0)    2 :  0.008 0.009 0.766 0.015 0.011 0.012 0.010 0.125 0.046 
 60    C4484    (0)    2 :  0.122 0.082 0.519 0.059 0.025 0.032 0.054 0.055 0.052 
 61    C4485    (0)    2 :  0.340 0.228 0.054 0.025 0.042 0.061 0.047 0.066 0.138 
 62    C4489    (0)    2 :  0.081 0.409 0.340 0.029 0.021 0.014 0.026 0.049 0.030 
 63    C4505    (0)    2 :  0.016 0.786 0.084 0.013 0.012 0.020 0.015 0.036 0.017 
 64    C4507    (0)    2 :  0.011 0.318 0.258 0.087 0.009 0.067 0.040 0.172 0.040 
 65    C4535    (0)    2 :  0.011 0.015 0.735 0.022 0.024 0.028 0.016 0.120 0.028 
 66    C4542    (0)    2 :  0.014 0.017 0.191 0.022 0.023 0.128 0.159 0.294 0.152 
 67    C4553    (9)    2 :  0.087 0.064 0.644 0.016 0.022 0.068 0.018 0.058 0.024 
 68    C4562   (18)    2 :  0.051 0.118 0.603 0.047 0.025 0.057 0.016 0.060 0.022 
 69    C4582   (18)    2 :  0.031 0.045 0.710 0.018 0.037 0.033 0.025 0.081 0.020 
 70    C4693    (0)    2 :  0.037 0.031 0.713 0.009 0.013 0.012 0.013 0.162 0.010 
 71    C4696    (0)    2 :  0.039 0.121 0.439 0.038 0.027 0.131 0.020 0.138 0.048 
 72    C3179    (0)    2 :  0.649 0.169 0.022 0.059 0.011 0.018 0.025 0.009 0.037 
 73    C3181    (0)    2 :  0.348 0.338 0.024 0.015 0.021 0.020 0.039 0.130 0.065 
 74    C3188    (0)    2 :  0.139 0.611 0.026 0.032 0.022 0.023 0.029 0.041 0.076 
 75    C3190    (0)    2 :  0.807 0.014 0.027 0.012 0.022 0.019 0.054 0.025 0.020 
 76    C3193    (0)    2 :  0.312 0.554 0.017 0.008 0.036 0.024 0.011 0.015 0.023 
 77    C3232    (0)    2 :  0.187 0.444 0.238 0.014 0.010 0.012 0.016 0.057 0.022 
 78    C3236    (0)    2 :  0.814 0.087 0.039 0.008 0.008 0.012 0.008 0.012 0.010 
 79    C3249    (0)    2 :  0.436 0.322 0.027 0.030 0.025 0.027 0.052 0.048 0.034 
 80    C3250    (0)    2 :  0.078 0.750 0.024 0.009 0.011 0.010 0.015 0.092 0.010 
 81    C3253    (0)    2 :  0.009 0.921 0.011 0.008 0.012 0.010 0.008 0.012 0.009 
 82    C3255    (0)    2 :  0.254 0.561 0.064 0.010 0.010 0.010 0.010 0.057 0.024 
 83    C3277    (0)    2 :  0.087 0.543 0.019 0.035 0.068 0.053 0.035 0.082 0.078 
 84    C3315    (0)    2 :  0.015 0.316 0.073 0.072 0.165 0.051 0.048 0.187 0.072 
 85    C3288    (0)    2 :  0.857 0.025 0.021 0.014 0.020 0.013 0.012 0.019 0.019 
 86    C3293    (0)    2 :  0.647 0.016 0.050 0.028 0.025 0.026 0.033 0.046 0.128 
 87    C4018    (0)    3 :  0.113 0.020 0.814 0.007 0.006 0.008 0.015 0.010 0.007 
 88    C3980    (0)    3 :  0.023 0.013 0.893 0.009 0.011 0.009 0.013 0.018 0.011 
 89    C3987    (0)    3 :  0.018 0.033 0.891 0.010 0.008 0.009 0.010 0.011 0.009 
 90    C3988    (0)    3 :  0.037 0.073 0.823 0.010 0.010 0.015 0.007 0.012 0.013 
 91    C3989    (0)    3 :  0.667 0.048 0.038 0.007 0.007 0.025 0.015 0.026 0.167 
 92    C4011    (0)    3 :  0.110 0.092 0.764 0.006 0.005 0.006 0.006 0.006 0.006 
 93    C4017    (0)    3 :  0.011 0.012 0.937 0.007 0.006 0.006 0.006 0.009 0.007 
 94    C4296    (0)    3 :  0.032 0.285 0.041 0.043 0.026 0.265 0.042 0.233 0.032 
 95    C4301    (9)    3 :  0.046 0.011 0.009 0.033 0.010 0.016 0.760 0.026 0.089 
 96    C4303    (0)    3 :  0.565 0.034 0.013 0.026 0.249 0.029 0.041 0.018 0.025 
 97    C4453    (0)    3 :  0.598 0.055 0.139 0.068 0.037 0.012 0.026 0.034 0.031 
 98    C4455    (9)    3 :  0.806 0.013 0.057 0.019 0.038 0.016 0.012 0.024 0.015 
 99    C4456   (18)    3 :  0.332 0.016 0.337 0.111 0.062 0.025 0.043 0.033 0.041 
100    C4457    (9)    3 :  0.607 0.063 0.032 0.020 0.057 0.034 0.047 0.036 0.104 
101    C4459    (9)    3 :  0.304 0.224 0.332 0.011 0.023 0.029 0.016 0.035 0.026 
102    C4464   (18)    3 :  0.603 0.226 0.109 0.010 0.008 0.011 0.009 0.013 0.011 
103    C4468    (9)    3 :  0.232 0.563 0.042 0.016 0.046 0.013 0.016 0.050 0.023 
104    C4783    (0)    3 :  0.294 0.008 0.601 0.010 0.012 0.025 0.009 0.016 0.026 
105    C4786    (0)    3 :  0.608 0.042 0.256 0.011 0.012 0.017 0.026 0.019 0.009 
106    C4789    (9)    3 :  0.395 0.094 0.348 0.009 0.011 0.013 0.075 0.037 0.018 
107    C4891    (0)    3 :  0.806 0.012 0.056 0.019 0.011 0.038 0.013 0.025 0.020 
108    C4896    (0)    3 :  0.442 0.012 0.324 0.014 0.029 0.023 0.048 0.050 0.059 
109    C4898    (0)    3 :  0.184 0.050 0.581 0.015 0.015 0.023 0.012 0.090 0.031 
110    C4901    (0)    3 :  0.612 0.014 0.290 0.008 0.011 0.012 0.017 0.024 0.011 
111    C4903    (9)    3 :  0.754 0.015 0.066 0.010 0.023 0.020 0.044 0.034 0.033 
112    C4904    (0)    3 :  0.186 0.014 0.685 0.009 0.007 0.016 0.014 0.018 0.051 
113    C3263    (0)    3 :  0.123 0.596 0.016 0.160 0.018 0.014 0.010 0.012 0.050 
114    C3271    (0)    3 :  0.038 0.826 0.026 0.022 0.010 0.022 0.021 0.010 0.025 
115    C3272    (0)    3 :  0.040 0.820 0.015 0.017 0.008 0.020 0.038 0.016 0.026 
116    C3276    (0)    3 :  0.434 0.021 0.013 0.063 0.021 0.034 0.290 0.039 0.086 
117    C3280    (9)    3 :  0.019 0.735 0.025 0.067 0.023 0.038 0.022 0.038 0.034 
118    C3305    (9)    3 :  0.009 0.920 0.011 0.010 0.008 0.009 0.011 0.012 0.010 
119    C3306    (0)    3 :  0.052 0.694 0.021 0.066 0.019 0.034 0.014 0.023 0.076 
120    C3324    (0)    3 :  0.013 0.722 0.017 0.139 0.013 0.024 0.011 0.016 0.044 
121    C3329    (0)    3 :  0.063 0.508 0.093 0.061 0.024 0.093 0.024 0.099 0.036 
122    C3336    (0)    3 :  0.057 0.779 0.024 0.016 0.013 0.026 0.039 0.025 0.021 
123    C3341   (18)    3 :  0.030 0.053 0.044 0.583 0.030 0.042 0.024 0.121 0.073 
124    C3409   (18)    3 :  0.120 0.373 0.036 0.040 0.031 0.044 0.059 0.210 0.087 
125    C3168    (9)    3 :  0.926 0.011 0.012 0.008 0.008 0.007 0.009 0.009 0.011 
126    C3170    (0)    3 :  0.859 0.045 0.021 0.012 0.008 0.011 0.020 0.010 0.016 
127    C3214   (18)    3 :  0.538 0.079 0.025 0.010 0.027 0.015 0.176 0.119 0.010 
128    C3227    (0)    3 :  0.908 0.011 0.015 0.006 0.011 0.007 0.025 0.009 0.008 
129    C3228    (0)    3 :  0.072 0.595 0.060 0.034 0.030 0.043 0.037 0.098 0.029 
130    C3278    (0)    3 :  0.920 0.008 0.006 0.008 0.008 0.012 0.019 0.007 0.012 
131    C3279    (0)    3 :  0.851 0.020 0.009 0.009 0.011 0.025 0.029 0.011 0.035 
132    C3321    (0)    3 :  0.932 0.012 0.019 0.005 0.005 0.006 0.006 0.007 0.007 
133    C3322    (0)    3 :  0.802 0.009 0.027 0.010 0.039 0.031 0.026 0.021 0.034 
134    C3303    (0)    3 :  0.765 0.045 0.015 0.030 0.014 0.050 0.047 0.018 0.016 
135    C3317    (0)    3 :  0.045 0.841 0.019 0.018 0.013 0.014 0.011 0.017 0.022 
136    C3355    (0)    3 :  0.589 0.304 0.025 0.019 0.010 0.014 0.010 0.016 0.014 
137    C3376    (9)    3 :  0.344 0.385 0.039 0.016 0.018 0.020 0.067 0.092 0.019 
138    C3401    (0)    3 :  0.087 0.744 0.031 0.018 0.026 0.026 0.024 0.019 0.025 
139    C3203    (9)    3 :  0.539 0.172 0.028 0.051 0.033 0.013 0.070 0.055 0.039 
140    C3245    (0)    3 :  0.885 0.022 0.009 0.009 0.018 0.012 0.017 0.009 0.019 
141    C3302    (0)    3 :  0.886 0.011 0.011 0.015 0.013 0.013 0.015 0.016 0.021 
142    C3307    (0)    3 :  0.280 0.045 0.094 0.115 0.070 0.023 0.008 0.297 0.068 
143    C3310    (0)    3 :  0.923 0.008 0.008 0.013 0.008 0.010 0.010 0.008 0.013 
144    C3312    (9)    3 :  0.363 0.325 0.079 0.022 0.032 0.036 0.017 0.041 0.084 
145    C3345    (0)    3 :  0.857 0.022 0.023 0.029 0.011 0.009 0.013 0.013 0.024 
146    C3371    (0)    3 :  0.858 0.018 0.009 0.043 0.010 0.010 0.009 0.016 0.027 
147    C3372    (0)    3 :  0.570 0.173 0.023 0.044 0.022 0.019 0.014 0.078 0.057 
148    C3380    (9)    3 :  0.926 0.013 0.014 0.006 0.007 0.006 0.008 0.014 0.007 
149    C3417    (0)    3 :  0.463 0.032 0.131 0.175 0.024 0.028 0.021 0.042 0.083 
150    C4569    (9)    4 :  0.014 0.072 0.279 0.113 0.046 0.191 0.103 0.123 0.060 
151    C4570    (9)    4 :  0.011 0.061 0.742 0.015 0.011 0.016 0.011 0.122 0.011 
152    C4571    (9)    4 :  0.031 0.199 0.346 0.015 0.022 0.015 0.018 0.339 0.013 
153    C4572    (9)    4 :  0.011 0.025 0.857 0.018 0.024 0.014 0.014 0.027 0.011 
154    C4573    (9)    4 :  0.011 0.073 0.050 0.021 0.272 0.048 0.046 0.422 0.056 
155    C4575    (9)    4 :  0.023 0.044 0.407 0.028 0.083 0.025 0.050 0.274 0.065 
156    C4577    (9)    4 :  0.015 0.025 0.813 0.014 0.008 0.021 0.013 0.072 0.018 
157    C4578    (9)    4 :  0.020 0.054 0.389 0.022 0.059 0.052 0.043 0.316 0.046 
158    C4600   (18)    4 :  0.025 0.035 0.495 0.019 0.032 0.224 0.033 0.031 0.106 
159    C4612    (9)    4 :  0.023 0.019 0.505 0.014 0.017 0.028 0.127 0.245 0.023 
160    C4621    (0)    4 :  0.036 0.025 0.873 0.006 0.014 0.008 0.012 0.017 0.009 
161    C4622    (9)    4 :  0.012 0.008 0.927 0.008 0.009 0.010 0.008 0.011 0.009 
162    C4623    (0)    4 :  0.076 0.080 0.130 0.167 0.034 0.026 0.029 0.387 0.072 
163    C4624    (0)    4 :  0.018 0.024 0.719 0.018 0.058 0.031 0.023 0.094 0.015 
164    C4625    (0)    4 :  0.014 0.147 0.130 0.015 0.470 0.076 0.050 0.065 0.032 
165    C4627    (0)    4 :  0.055 0.016 0.811 0.015 0.025 0.013 0.023 0.021 0.022 
166    C4631    (0)    4 :  0.010 0.013 0.650 0.186 0.017 0.021 0.011 0.072 0.021 
167    C4632    (0)    4 :  0.025 0.036 0.838 0.017 0.020 0.020 0.010 0.023 0.012 
168    C3939    (0)    4 :  0.061 0.016 0.825 0.011 0.009 0.017 0.024 0.024 0.013 
169    C3940    (0)    4 :  0.041 0.013 0.552 0.023 0.007 0.045 0.063 0.208 0.048 
170    C3945    (0)    4 :  0.014 0.013 0.926 0.007 0.006 0.011 0.006 0.007 0.010 
171    C4520    (0)    4 :  0.071 0.106 0.036 0.056 0.023 0.088 0.412 0.091 0.116 
172    C4522    (0)    4 :  0.164 0.028 0.741 0.009 0.009 0.009 0.011 0.017 0.012 
173    C3182    (0)    4 :  0.735 0.078 0.066 0.029 0.012 0.022 0.016 0.021 0.022 
174    C3189    (0)    4 :  0.061 0.495 0.029 0.023 0.140 0.052 0.033 0.046 0.121 
175    C3191    (9)    4 :  0.219 0.541 0.018 0.031 0.071 0.018 0.019 0.045 0.038 
176    C3196    (0)    4 :  0.820 0.047 0.014 0.013 0.020 0.018 0.023 0.020 0.024 
177    C3208    (0)    4 :  0.557 0.023 0.193 0.046 0.038 0.029 0.051 0.040 0.023 
178    C3211    (0)    4 :  0.900 0.016 0.016 0.010 0.007 0.012 0.015 0.010 0.014 
179    C3212    (0)    4 :  0.109 0.072 0.058 0.074 0.009 0.036 0.186 0.389 0.067 
180    C3213    (0)    4 :  0.893 0.011 0.007 0.015 0.009 0.017 0.018 0.010 0.020 
181    C3215    (0)    4 :  0.882 0.007 0.012 0.009 0.028 0.013 0.019 0.018 0.013 
182    C3217    (0)    4 :  0.549 0.267 0.018 0.041 0.012 0.021 0.020 0.035 0.035 
183    C3225    (9)    4 :  0.279 0.448 0.020 0.020 0.028 0.036 0.069 0.064 0.036 
184    C3226    (0)    4 :  0.601 0.135 0.184 0.013 0.011 0.010 0.010 0.024 0.012 
185    C3238    (9)    4 :  0.741 0.040 0.110 0.011 0.017 0.014 0.024 0.025 0.017 
186    C3239    (0)    4 :  0.224 0.457 0.040 0.031 0.016 0.015 0.028 0.154 0.036 
187    C3269   (18)    4 :  0.058 0.373 0.148 0.023 0.137 0.036 0.099 0.084 0.042 
188    C3273    (0)    4 :  0.385 0.440 0.039 0.008 0.046 0.015 0.028 0.014 0.024 
189    C3274    (0)    4 :  0.553 0.022 0.022 0.012 0.018 0.154 0.055 0.074 0.089 
190    C3354    (0)    4 :  0.771 0.087 0.016 0.011 0.019 0.014 0.014 0.021 0.047 
191    C3361    (0)    4 :  0.843 0.040 0.018 0.009 0.013 0.016 0.018 0.030 0.014 
192    C3289    (0)    4 :  0.898 0.012 0.015 0.010 0.014 0.012 0.014 0.010 0.015 
193    C3169    (0)    4 :  0.507 0.354 0.046 0.009 0.013 0.008 0.020 0.029 0.013 
194    C3199    (9)    4 :  0.648 0.095 0.103 0.018 0.042 0.016 0.029 0.035 0.014 
195    C3224    (0)    4 :  0.668 0.219 0.017 0.012 0.017 0.012 0.031 0.012 0.012 
196    C3261   (18)    4 :  0.779 0.084 0.058 0.014 0.009 0.013 0.009 0.011 0.023 
197    C3320    (0)    4 :  0.770 0.055 0.027 0.012 0.025 0.026 0.023 0.030 0.031 
198    C4151    (0)    5 :  0.012 0.020 0.897 0.008 0.010 0.008 0.007 0.029 0.009 
199    C4152    (0)    5 :  0.009 0.124 0.772 0.013 0.014 0.012 0.011 0.031 0.013 
200    C4153    (0)    5 :  0.275 0.094 0.407 0.014 0.028 0.030 0.052 0.071 0.029 
201    C4154   (18)    5 :  0.094 0.047 0.734 0.018 0.009 0.025 0.017 0.023 0.032 
202    C4157    (0)    5 :  0.022 0.585 0.156 0.014 0.018 0.152 0.012 0.016 0.027 
203    C4158    (0)    5 :  0.017 0.018 0.879 0.007 0.014 0.010 0.007 0.038 0.010 
204    C4163    (0)    5 :  0.010 0.014 0.933 0.006 0.006 0.006 0.005 0.014 0.006 
205    C4165    (0)    5 :  0.032 0.026 0.189 0.055 0.028 0.104 0.007 0.380 0.178 
206    C4248    (9)    5 :  0.386 0.422 0.069 0.012 0.020 0.026 0.016 0.015 0.034 
207    C4371    (9)    5 :  0.015 0.826 0.057 0.026 0.012 0.014 0.010 0.023 0.017 
208    C3936    (0)    5 :  0.016 0.015 0.888 0.013 0.011 0.017 0.012 0.013 0.013 
209    C3937    (0)    5 :  0.020 0.015 0.895 0.009 0.011 0.009 0.008 0.024 0.008 
210    C3944    (0)    5 :  0.034 0.095 0.816 0.010 0.006 0.009 0.007 0.015 0.008 
211    C3954    (0)    5 :  0.069 0.631 0.198 0.007 0.036 0.010 0.023 0.014 0.011 
212    C3955    (9)    5 :  0.259 0.110 0.514 0.007 0.027 0.021 0.027 0.015 0.019 
213    C3961    (0)    5 :  0.055 0.031 0.773 0.056 0.011 0.012 0.025 0.020 0.017 
214    C3974    (0)    5 :  0.026 0.021 0.813 0.015 0.014 0.021 0.033 0.044 0.013 
215    C4024    (0)    5 :  0.021 0.317 0.495 0.065 0.010 0.020 0.027 0.016 0.029 
216    C4025    (0)    5 :  0.010 0.043 0.794 0.032 0.016 0.011 0.016 0.062 0.015 
217    C4028    (0)    5 :  0.038 0.074 0.544 0.035 0.061 0.059 0.047 0.109 0.033 
218    C4032   (18)    5 :  0.044 0.730 0.119 0.010 0.013 0.009 0.013 0.050 0.013 
219    C4033   (18)    5 :  0.533 0.345 0.042 0.011 0.013 0.013 0.011 0.016 0.017 
220    C4034    (0)    5 :  0.314 0.361 0.038 0.078 0.020 0.067 0.035 0.029 0.057 
221    C4041    (9)    5 :  0.058 0.557 0.030 0.087 0.016 0.051 0.124 0.045 0.034 
222    C4043    (9)    5 :  0.100 0.559 0.178 0.017 0.019 0.021 0.016 0.070 0.020 
223    C4044    (9)    5 :  0.098 0.082 0.119 0.401 0.063 0.069 0.049 0.059 0.061 
224    C4045    (9)    5 :  0.217 0.451 0.115 0.013 0.042 0.032 0.016 0.079 0.035 
225    C4046    (9)    5 :  0.120 0.744 0.021 0.029 0.022 0.016 0.012 0.023 0.013 
226    C4047    (0)    5 :  0.779 0.033 0.023 0.019 0.035 0.052 0.022 0.015 0.021 
227    C4048    (9)    5 :  0.617 0.107 0.020 0.063 0.049 0.048 0.030 0.025 0.041 
228    C4055    (9)    5 :  0.025 0.664 0.117 0.017 0.034 0.028 0.025 0.063 0.027 
229    C4057   (18)    5 :  0.044 0.702 0.118 0.041 0.009 0.013 0.018 0.034 0.023 
230    C4059    (0)    5 :  0.134 0.692 0.064 0.011 0.023 0.011 0.028 0.019 0.019 
231    C4060    (9)    5 :  0.075 0.329 0.167 0.017 0.019 0.019 0.027 0.330 0.018 
232    C4064    (9)    5 :  0.028 0.455 0.034 0.014 0.199 0.112 0.031 0.076 0.050 
233    C4067    (0)    5 :  0.697 0.045 0.023 0.039 0.069 0.023 0.016 0.031 0.057 
234    C4068    (9)    5 :  0.771 0.042 0.035 0.018 0.026 0.027 0.021 0.036 0.023 
235    C4070    (9)    5 :  0.378 0.150 0.187 0.122 0.024 0.035 0.016 0.022 0.066 
236    C4075   (18)    5 :  0.779 0.047 0.039 0.019 0.015 0.015 0.022 0.036 0.029 
237    C4081    (9)    5 :  0.065 0.747 0.022 0.019 0.020 0.037 0.022 0.043 0.024 
238    C4082    (0)    5 :  0.550 0.087 0.177 0.020 0.037 0.024 0.044 0.033 0.028 
239    C4083    (0)    5 :  0.045 0.194 0.081 0.149 0.051 0.105 0.027 0.153 0.193 
240    C4086    (0)    5 :  0.081 0.581 0.038 0.012 0.169 0.024 0.027 0.029 0.039 
241    C4088    (9)    5 :  0.020 0.029 0.022 0.008 0.829 0.020 0.017 0.034 0.020 
242    C4092    (0)    5 :  0.026 0.676 0.145 0.048 0.009 0.016 0.016 0.025 0.038 
243    C4099    (9)    5 :  0.182 0.442 0.043 0.069 0.024 0.046 0.114 0.055 0.026 
244    C4104    (0)    5 :  0.118 0.045 0.700 0.041 0.016 0.018 0.013 0.023 0.025 
245    C4108   (18)    5 :  0.016 0.011 0.011 0.019 0.052 0.193 0.550 0.023 0.124 
246    C4118    (0)    5 :  0.011 0.667 0.019 0.013 0.027 0.052 0.024 0.077 0.111 
247    C4131    (0)    5 :  0.050 0.250 0.403 0.015 0.100 0.033 0.018 0.063 0.067 
248    C4133    (0)    5 :  0.034 0.864 0.024 0.009 0.009 0.011 0.014 0.017 0.020 
249    C4135    (0)    5 :  0.022 0.180 0.752 0.007 0.005 0.009 0.005 0.007 0.012 
250    C4136    (0)    5 :  0.021 0.022 0.531 0.024 0.106 0.057 0.063 0.153 0.022 
251    C4137    (9)    5 :  0.023 0.475 0.352 0.018 0.024 0.038 0.013 0.021 0.037 
252    C4139    (0)    5 :  0.022 0.035 0.865 0.009 0.007 0.013 0.013 0.020 0.015 
253    C4140    (9)    5 :  0.039 0.107 0.741 0.017 0.009 0.028 0.011 0.015 0.031 
254    C4167    (0)    5 :  0.015 0.155 0.544 0.049 0.044 0.077 0.013 0.079 0.025 
255    C4236    (0)    5 :  0.046 0.701 0.026 0.030 0.033 0.083 0.025 0.027 0.030 
256    C4237    (0)    5 :  0.013 0.059 0.048 0.019 0.599 0.057 0.101 0.054 0.051 
257    C4238    (0)    5 :  0.231 0.425 0.151 0.013 0.061 0.027 0.030 0.042 0.020 
258    C4241    (0)    5 :  0.324 0.447 0.072 0.024 0.016 0.027 0.031 0.029 0.030 
259    C4247    (9)    5 :  0.049 0.345 0.099 0.081 0.188 0.021 0.037 0.020 0.160 
260    C4257    (0)    5 :  0.612 0.143 0.035 0.019 0.023 0.018 0.052 0.083 0.015 
261    C4383    (0)    5 :  0.035 0.298 0.160 0.247 0.059 0.056 0.071 0.042 0.032 
262    C4397    (9)    5 :  0.010 0.866 0.065 0.007 0.008 0.017 0.008 0.008 0.010 
263    C4514    (0)    5 :  0.026 0.126 0.725 0.021 0.013 0.015 0.014 0.036 0.023 
264    C4519    (0)    5 :  0.121 0.029 0.500 0.013 0.006 0.014 0.091 0.211 0.015 
265    C4527    (0)    5 :  0.573 0.054 0.273 0.019 0.016 0.018 0.013 0.018 0.015 
266    C4534    (0)    5 :  0.444 0.087 0.122 0.076 0.015 0.032 0.086 0.076 0.062 
267    C4699    (0)    5 :  0.049 0.016 0.788 0.026 0.051 0.020 0.013 0.021 0.017 
268    C1541    (9)    5 :  0.809 0.098 0.020 0.010 0.011 0.010 0.008 0.027 0.009 
269    C1542    (9)    5 :  0.876 0.045 0.011 0.009 0.013 0.012 0.011 0.012 0.009 
270    C1544    (0)    5 :  0.266 0.527 0.033 0.014 0.049 0.027 0.041 0.022 0.021 
271    C1547    (9)    5 :  0.056 0.093 0.030 0.136 0.073 0.075 0.247 0.218 0.073 
272    C1553    (9)    5 :  0.040 0.051 0.224 0.116 0.058 0.191 0.142 0.043 0.135 
273    C1555    (9)    5 :  0.022 0.837 0.023 0.011 0.018 0.024 0.031 0.019 0.015 
274    C1557    (0)    5 :  0.020 0.870 0.023 0.016 0.019 0.016 0.011 0.014 0.011 
275    C1560    (0)    5 :  0.026 0.843 0.014 0.014 0.008 0.015 0.052 0.015 0.012 
276    C1565    (0)    5 :  0.512 0.194 0.033 0.062 0.012 0.060 0.021 0.058 0.049 
277    C1567    (0)    5 :  0.050 0.710 0.031 0.030 0.029 0.027 0.072 0.037 0.014 
278    C1569    (0)    5 :  0.132 0.707 0.037 0.024 0.015 0.020 0.016 0.035 0.014 
279    C1571    (0)    5 :  0.315 0.301 0.044 0.040 0.072 0.036 0.104 0.039 0.048 
280    C1576    (0)    5 :  0.070 0.377 0.099 0.018 0.063 0.021 0.026 0.307 0.020 
281    C1577    (9)    5 :  0.738 0.098 0.024 0.014 0.034 0.022 0.030 0.023 0.018 
282    C1579    (0)    5 :  0.320 0.520 0.019 0.013 0.016 0.026 0.015 0.040 0.030 
283    C3990    (0)    6 :  0.015 0.013 0.930 0.008 0.007 0.007 0.007 0.006 0.007 
284    C3991    (0)    6 :  0.034 0.025 0.461 0.031 0.038 0.017 0.015 0.352 0.027 
285    C3992    (0)    6 :  0.020 0.016 0.736 0.014 0.033 0.020 0.038 0.102 0.021 
286    C3994    (0)    6 :  0.159 0.210 0.144 0.103 0.038 0.021 0.022 0.235 0.068 
287    C4172    (0)    6 :  0.019 0.008 0.584 0.047 0.066 0.049 0.037 0.146 0.043 
288    C4173    (9)    6 :  0.026 0.014 0.514 0.317 0.012 0.014 0.014 0.074 0.014 
289    C4232    (9)    6 :  0.796 0.137 0.014 0.008 0.009 0.008 0.010 0.013 0.007 
290    C4234    (9)    6 :  0.450 0.471 0.017 0.008 0.011 0.010 0.009 0.011 0.013 
291    C4259    (0)    6 :  0.161 0.753 0.023 0.010 0.012 0.011 0.008 0.012 0.011 
292    C4260    (0)    6 :  0.903 0.020 0.029 0.007 0.007 0.007 0.008 0.011 0.008 
293    C4261    (9)    6 :  0.633 0.020 0.032 0.072 0.025 0.071 0.030 0.071 0.047 
294    C4262    (0)    6 :  0.050 0.508 0.168 0.070 0.010 0.030 0.024 0.121 0.020 
295    C4263    (0)    6 :  0.077 0.739 0.020 0.026 0.058 0.021 0.013 0.018 0.027 
296    C4267    (9)    6 :  0.192 0.366 0.183 0.016 0.047 0.019 0.016 0.142 0.019 
297    C4269    (0)    6 :  0.141 0.358 0.213 0.038 0.019 0.041 0.011 0.155 0.023 
298    C4272    (0)    6 :  0.016 0.900 0.014 0.011 0.007 0.012 0.012 0.012 0.015 
299    C4274    (0)    6 :  0.063 0.262 0.028 0.010 0.011 0.030 0.231 0.349 0.016 
300    C4276    (9)    6 :  0.039 0.044 0.011 0.018 0.051 0.027 0.691 0.097 0.023 
301    C4278    (0)    6 :  0.051 0.589 0.109 0.021 0.015 0.024 0.031 0.058 0.102 
302    C4280    (0)    6 :  0.559 0.089 0.136 0.016 0.012 0.036 0.025 0.087 0.040 
303    C4281    (0)    6 :  0.074 0.760 0.029 0.016 0.023 0.020 0.013 0.054 0.011 
304    C4282    (0)    6 :  0.214 0.107 0.020 0.243 0.046 0.149 0.025 0.015 0.183 
305    C4284    (9)    6 :  0.047 0.596 0.297 0.010 0.009 0.011 0.009 0.013 0.009 
306    C4286    (9)    6 :  0.290 0.088 0.123 0.021 0.019 0.034 0.064 0.327 0.034 
307    C4287    (0)    6 :  0.318 0.151 0.086 0.051 0.009 0.044 0.044 0.249 0.048 
308    C4290    (0)    6 :  0.017 0.068 0.023 0.058 0.126 0.061 0.328 0.286 0.032 
309    C4307   (18)    6 :  0.371 0.145 0.155 0.016 0.012 0.012 0.016 0.021 0.252 
310    C4310    (9)    6 :  0.269 0.383 0.111 0.014 0.064 0.025 0.080 0.034 0.020 
311    C4311   (18)    6 :  0.678 0.108 0.045 0.021 0.019 0.025 0.048 0.022 0.035 
312    C4312    (0)    6 :  0.665 0.211 0.049 0.011 0.013 0.013 0.011 0.009 0.018 
313    C4314    (0)    6 :  0.098 0.471 0.019 0.010 0.128 0.033 0.022 0.198 0.022 
314    C4318    (9)    6 :  0.034 0.731 0.044 0.021 0.008 0.013 0.018 0.069 0.061 
315    C4321    (9)    6 :  0.355 0.232 0.158 0.054 0.011 0.021 0.068 0.060 0.041 
316    C4324    (0)    6 :  0.076 0.647 0.105 0.044 0.010 0.018 0.024 0.048 0.028 
317    C4334    (0)    6 :  0.018 0.707 0.161 0.037 0.009 0.010 0.017 0.013 0.027 
318    C4529    (0)    6 :  0.275 0.430 0.042 0.030 0.048 0.026 0.030 0.068 0.050 
319    C1582    (9)    6 :  0.166 0.558 0.175 0.015 0.015 0.020 0.017 0.022 0.011 
320    C1583    (0)    6 :  0.265 0.502 0.029 0.018 0.062 0.024 0.027 0.039 0.035 
321    C1584    (9)    6 :  0.035 0.801 0.057 0.009 0.020 0.013 0.036 0.016 0.013 
322    C1585    (0)    6 :  0.018 0.780 0.137 0.006 0.014 0.007 0.013 0.017 0.010 
323    C1586    (0)    6 :  0.075 0.702 0.061 0.061 0.025 0.019 0.012 0.011 0.036 
324    C1589    (0)    6 :  0.075 0.566 0.246 0.011 0.011 0.012 0.013 0.055 0.011 
325    C1591    (0)    6 :  0.034 0.833 0.072 0.009 0.010 0.007 0.011 0.015 0.009 
326    C1592    (0)    6 :  0.095 0.678 0.017 0.021 0.019 0.018 0.016 0.114 0.022 
327    C1594    (0)    6 :  0.283 0.439 0.067 0.017 0.076 0.023 0.019 0.057 0.018 
328    C1597    (9)    6 :  0.541 0.167 0.068 0.032 0.028 0.047 0.066 0.022 0.028 
329    C1598    (9)    6 :  0.093 0.416 0.313 0.014 0.042 0.020 0.022 0.057 0.025 
330    C1599    (0)    6 :  0.293 0.591 0.013 0.010 0.009 0.013 0.027 0.021 0.022 
331    C1601    (0)    6 :  0.231 0.102 0.362 0.021 0.070 0.078 0.026 0.061 0.048 
332    C1605    (0)    6 :  0.054 0.080 0.047 0.028 0.077 0.044 0.088 0.277 0.305 
333    C1609    (0)    6 :  0.027 0.786 0.121 0.009 0.009 0.008 0.010 0.021 0.009 
334    C1610    (0)    6 :  0.420 0.182 0.014 0.013 0.073 0.089 0.096 0.043 0.071 
335    C1611    (0)    6 :  0.837 0.032 0.010 0.031 0.011 0.014 0.011 0.010 0.043 
336    C1612    (0)    6 :  0.874 0.065 0.011 0.006 0.009 0.008 0.009 0.007 0.011 
337    C1613    (0)    6 :  0.590 0.181 0.030 0.044 0.031 0.020 0.042 0.039 0.022 
338    C3173    (9)    6 :  0.231 0.464 0.037 0.038 0.036 0.056 0.045 0.027 0.066 
339    C3204    (0)    6 :  0.863 0.029 0.018 0.014 0.014 0.015 0.018 0.015 0.014 
340    C3223    (9)    6 :  0.470 0.023 0.017 0.071 0.015 0.026 0.158 0.022 0.199 
341    C3262    (0)    6 :  0.349 0.324 0.037 0.026 0.091 0.024 0.053 0.039 0.056 
342    C3270    (0)    6 :  0.442 0.223 0.201 0.015 0.015 0.025 0.021 0.030 0.029 
343    C3300    (0)    6 :  0.162 0.293 0.478 0.008 0.010 0.010 0.012 0.016 0.011 
344    C3330    (0)    6 :  0.203 0.381 0.158 0.016 0.011 0.038 0.023 0.096 0.074 
345    C3390    (9)    6 :  0.343 0.388 0.137 0.026 0.017 0.023 0.015 0.025 0.025 
346    C3424    (9)    6 :  0.482 0.305 0.034 0.014 0.013 0.046 0.031 0.036 0.039 
347    C3958    (0)    6 :  0.014 0.045 0.877 0.012 0.006 0.015 0.008 0.012 0.010 
348    C3962    (0)    6 :  0.014 0.030 0.872 0.010 0.005 0.027 0.008 0.015 0.019 
349    C4019    (0)    6 :  0.009 0.012 0.081 0.029 0.024 0.669 0.031 0.017 0.127 
350    C3995   (18)    6 :  0.033 0.018 0.804 0.039 0.018 0.019 0.013 0.032 0.024 
351    C4000    (0)    6 :  0.084 0.023 0.571 0.078 0.015 0.087 0.024 0.073 0.046 
352    C4002    (0)    6 :  0.042 0.028 0.831 0.018 0.014 0.021 0.009 0.021 0.017 
353    C1692    (0)    7 :  0.020 0.017 0.120 0.025 0.049 0.189 0.105 0.090 0.384 
354    C1693    (0)    7 :  0.106 0.073 0.033 0.064 0.012 0.050 0.135 0.117 0.410 
355    C1694    (0)    7 :  0.038 0.140 0.017 0.274 0.099 0.088 0.132 0.067 0.145 
356    C1698    (0)    7 :  0.008 0.046 0.008 0.112 0.048 0.331 0.136 0.029 0.283 
357    C1699    (0)    7 :  0.020 0.023 0.017 0.035 0.329 0.090 0.082 0.072 0.332 
358    C1700    (0)    7 :  0.030 0.040 0.063 0.135 0.038 0.473 0.056 0.089 0.077 
359    C1701    (0)    7 :  0.012 0.029 0.010 0.021 0.345 0.254 0.029 0.045 0.255 
360    C1702    (0)    7 :  0.011 0.011 0.013 0.047 0.063 0.267 0.083 0.041 0.465 
361    C1703    (0)    7 :  0.008 0.017 0.020 0.252 0.040 0.341 0.092 0.071 0.158 
362    C1704    (0)    7 :  0.017 0.409 0.030 0.228 0.022 0.104 0.058 0.051 0.082 
363    C1705    (0)    7 :  0.008 0.012 0.261 0.384 0.014 0.052 0.146 0.092 0.031 
364    C1706    (0)    7 :  0.016 0.015 0.008 0.035 0.370 0.085 0.073 0.054 0.344 
365    C1707    (0)    7 :  0.098 0.266 0.019 0.040 0.115 0.042 0.251 0.126 0.043 
366    C1708    (0)    7 :  0.016 0.018 0.011 0.415 0.021 0.067 0.020 0.028 0.405 
367    C1709    (0)    7 :  0.021 0.017 0.083 0.670 0.025 0.065 0.019 0.020 0.079 
368    C1710    (0)    7 :  0.020 0.043 0.019 0.067 0.069 0.414 0.068 0.022 0.279 
369    C1712    (0)    7 :  0.011 0.009 0.028 0.430 0.012 0.310 0.030 0.042 0.128 
370    C1714    (0)    7 :  0.008 0.025 0.013 0.681 0.015 0.031 0.016 0.017 0.194 
371    C1715    (0)    7 :  0.015 0.022 0.017 0.018 0.093 0.260 0.392 0.025 0.157 
372    C1717    (0)    7 :  0.048 0.047 0.014 0.057 0.019 0.119 0.539 0.032 0.125 
373    C1718   (18)    7 :  0.014 0.081 0.014 0.030 0.038 0.516 0.143 0.038 0.125 
374    C1719    (0)    7 :  0.059 0.051 0.095 0.609 0.016 0.072 0.017 0.054 0.027 
375    C1656    (0)    8 :  0.011 0.008 0.036 0.052 0.407 0.228 0.034 0.062 0.162 
376    C1657   (18)    8 :  0.038 0.012 0.020 0.355 0.190 0.099 0.072 0.022 0.192 
377    C1658    (0)    8 :  0.008 0.009 0.010 0.026 0.065 0.580 0.204 0.027 0.072 
378    C1659    (0)    8 :  0.071 0.022 0.022 0.019 0.127 0.106 0.471 0.054 0.108 
379    C1661    (9)    8 :  0.028 0.053 0.019 0.051 0.044 0.260 0.090 0.259 0.195 
380    C1665    (0)    8 :  0.027 0.017 0.012 0.026 0.184 0.454 0.077 0.038 0.164 
381    C1667    (9)    8 :  0.008 0.007 0.005 0.819 0.017 0.051 0.015 0.010 0.068 
382    C1676    (9)    8 :  0.013 0.012 0.020 0.121 0.110 0.515 0.027 0.036 0.147 
383    C1681    (9)    8 :  0.013 0.052 0.016 0.102 0.204 0.215 0.255 0.058 0.084 
384    C1682    (0)    8 :  0.013 0.014 0.015 0.463 0.074 0.100 0.052 0.068 0.202 
385    C1685    (0)    8 :  0.037 0.012 0.026 0.030 0.059 0.583 0.013 0.018 0.222 
386    C4707    (0)    9 :  0.025 0.037 0.052 0.029 0.019 0.610 0.015 0.104 0.110 
387    C4747    (0)    9 :  0.093 0.041 0.153 0.382 0.016 0.044 0.076 0.038 0.156 
388    C4772    (0)    9 :  0.067 0.035 0.325 0.030 0.055 0.235 0.050 0.154 0.048 
389    C4781    (0)    9 :  0.008 0.046 0.026 0.570 0.017 0.026 0.017 0.270 0.021 
390    C4782    (0)    9 :  0.021 0.102 0.064 0.088 0.056 0.292 0.147 0.152 0.078 
391    C4787    (0)    9 :  0.013 0.024 0.100 0.042 0.024 0.074 0.572 0.041 0.109 
392    C4790    (0)    9 :  0.012 0.024 0.080 0.481 0.024 0.238 0.017 0.020 0.104 
393    C4803    (0)    9 :  0.048 0.022 0.068 0.058 0.021 0.190 0.179 0.271 0.142 
394    C4813    (0)    9 :  0.024 0.007 0.604 0.024 0.035 0.053 0.048 0.148 0.057 
395    C4837    (0)    9 :  0.034 0.016 0.112 0.026 0.019 0.459 0.053 0.186 0.096 
396    C4838    (0)    9 :  0.010 0.010 0.106 0.039 0.043 0.198 0.496 0.029 0.069 
397    C4843    (0)    9 :  0.043 0.011 0.049 0.021 0.054 0.454 0.020 0.032 0.317 
398    C4857    (0)    9 :  0.026 0.028 0.831 0.013 0.021 0.021 0.025 0.015 0.020 
399    C4828    (0)    9 :  0.137 0.033 0.022 0.043 0.094 0.065 0.075 0.410 0.121 
400    C4835    (0)    9 :  0.011 0.017 0.712 0.016 0.049 0.034 0.060 0.067 0.033 
401    C4836    (9)    9 :  0.018 0.041 0.211 0.100 0.030 0.236 0.167 0.092 0.104 
402    C4842    (0)    9 :  0.021 0.009 0.045 0.064 0.202 0.305 0.029 0.015 0.309 
403    C4863    (9)    9 :  0.013 0.024 0.022 0.065 0.016 0.072 0.287 0.402 0.098 
404    C4744    (0)    9 :  0.050 0.009 0.022 0.221 0.090 0.236 0.078 0.018 0.276 
405    C4745    (0)    9 :  0.013 0.027 0.084 0.030 0.108 0.236 0.137 0.062 0.304 
406    C4768    (0)    9 :  0.024 0.074 0.139 0.288 0.047 0.279 0.016 0.054 0.080 
407    C4769    (0)    9 :  0.012 0.009 0.157 0.051 0.392 0.149 0.112 0.039 0.079 
408    C4771    (0)    9 :  0.008 0.010 0.014 0.028 0.038 0.766 0.038 0.029 0.069 
409    C4784    (0)    9 :  0.015 0.043 0.128 0.318 0.054 0.055 0.027 0.235 0.124 
410    C4785    (0)    9 :  0.017 0.029 0.029 0.728 0.038 0.018 0.018 0.055 0.067 
411    C4795    (0)    9 :  0.020 0.049 0.082 0.580 0.023 0.016 0.046 0.140 0.044 
412    C4796    (0)    9 :  0.011 0.016 0.012 0.096 0.021 0.670 0.062 0.038 0.074 
413    C4800    (0)    9 :  0.007 0.013 0.272 0.012 0.017 0.126 0.313 0.125 0.114 
414    C4801    (0)    9 :  0.009 0.062 0.366 0.049 0.192 0.048 0.063 0.057 0.155 
415    C4802    (0)    9 :  0.018 0.626 0.025 0.016 0.113 0.048 0.041 0.051 0.061 
416    C4805    (0)    9 :  0.009 0.015 0.064 0.069 0.084 0.646 0.029 0.019 0.064 
417    C4806    (0)    9 :  0.008 0.011 0.026 0.011 0.066 0.746 0.046 0.034 0.052 
418    C4850    (0)    9 :  0.075 0.044 0.120 0.024 0.039 0.287 0.040 0.214 0.156 
419    C4748    (0)   10 :  0.008 0.008 0.141 0.064 0.600 0.032 0.035 0.031 0.080 
420    C4753    (0)   10 :  0.009 0.029 0.037 0.072 0.054 0.302 0.066 0.023 0.407 
421    C4754    (0)   10 :  0.012 0.031 0.109 0.049 0.038 0.555 0.018 0.065 0.124 
422    C4760    (0)   10 :  0.057 0.059 0.238 0.020 0.013 0.175 0.131 0.224 0.083 
