

----------------------------------------------------
STRUCTURE by Pritchard, Stephens and Donnelly (2000)
     and Falush, Stephens and Pritchard (2003)
       Code by Pritchard, Falush and Hubisz
             Version 2.3.4 (Jul 2012)
----------------------------------------------------



Command line arguments:   bin\structure -m C:\Users\eschumacher\Documents\Butternut\butternut_STRUCTURE_withQU\50-50\mainparams -e C:\Users\eschumacher\Documents\Butternut\butternut_STRUCTURE_withQU\50-50\extraparams 
Input File:    C:\Users\eschumacher\Documents\Butternut\butternut_STRUCTURE_withQU\project_data

Run parameters:
   1015 individuals
   11 loci
   10 populations assumed
   50000 Burn-in period
   50000 Reps


--------------------------------------------
Proportion of membership of each pre-defined
 population in each of the 10 clusters

Given    Inferred Clusters                                                        Number of
 Pop       1      2      3      4      5      6      7      8      9     10      Individuals

  1:     0.105  0.030  0.029  0.027  0.137  0.386  0.027  0.048  0.042  0.168       40
  2:     0.253  0.022  0.023  0.031  0.330  0.071  0.029  0.063  0.040  0.138       46
  3:     0.141  0.021  0.039  0.022  0.095  0.187  0.033  0.034  0.028  0.400       63
  4:     0.280  0.037  0.040  0.028  0.152  0.066  0.024  0.081  0.035  0.256       48
  5:     0.223  0.043  0.037  0.031  0.217  0.213  0.031  0.043  0.027  0.134       85
  6:     0.152  0.025  0.045  0.033  0.218  0.219  0.029  0.056  0.037  0.185       70
  7:     0.041  0.078  0.082  0.151  0.082  0.055  0.203  0.049  0.238  0.021       22
  8:     0.018  0.138  0.098  0.226  0.016  0.023  0.198  0.071  0.185  0.026       11
  9:     0.156  0.065  0.078  0.200  0.054  0.039  0.132  0.106  0.142  0.028       33
 10:     0.150  0.132  0.115  0.178  0.040  0.037  0.078  0.088  0.138  0.044       48
 11:     0.234  0.070  0.062  0.175  0.032  0.044  0.124  0.127  0.108  0.023       48
 12:     0.023  0.044  0.018  0.023  0.024  0.016  0.016  0.783  0.041  0.013       13
 13:     0.028  0.096  0.040  0.016  0.041  0.023  0.017  0.686  0.022  0.031        9
 14:     0.027  0.109  0.164  0.201  0.040  0.037  0.123  0.067  0.193  0.038       90
 15:     0.017  0.038  0.136  0.114  0.026  0.025  0.487  0.040  0.088  0.028       63
 16:     0.021  0.082  0.142  0.203  0.069  0.047  0.090  0.146  0.145  0.055       16
 17:     0.052  0.131  0.204  0.089  0.090  0.051  0.059  0.106  0.169  0.048       31
 18:     0.031  0.709  0.024  0.053  0.011  0.036  0.027  0.050  0.048  0.011       16
 19:     0.021  0.037  0.103  0.112  0.043  0.126  0.316  0.038  0.138  0.066       24
 20:     0.033  0.115  0.073  0.271  0.027  0.082  0.079  0.039  0.236  0.043       12
 21:     0.027  0.132  0.152  0.175  0.045  0.041  0.155  0.075  0.168  0.030       54
 22:     0.034  0.231  0.208  0.152  0.055  0.040  0.052  0.061  0.136  0.031       96
 23:     0.017  0.254  0.179  0.095  0.069  0.031  0.131  0.056  0.146  0.022       22
 24:     0.061  0.491  0.068  0.091  0.114  0.034  0.024  0.052  0.037  0.029       23
 25:     0.018  0.263  0.272  0.184  0.017  0.037  0.052  0.039  0.088  0.030       13
 26:     0.038  0.080  0.141  0.194  0.059  0.039  0.135  0.061  0.193  0.061       19
--------------------------------------------

Allele-freq. divergence among pops (Net nucleotide distance),
computed using point estimates of P.

      1       2       3       4       5       6       7       8       9      10      
 1      -    0.0597  0.0574  0.0441  0.0399  0.0416  0.0446  0.0307  0.0435  0.0423  
 2   0.0597     -    0.0175  0.0167  0.0414  0.0462  0.0281  0.0213  0.0161  0.0457  
 3   0.0574  0.0175     -    0.0131  0.0376  0.0435  0.0203  0.0188  0.0096  0.0379  
 4   0.0441  0.0167  0.0131     -    0.0351  0.0359  0.0131  0.0141  0.0074  0.0400  
 5   0.0399  0.0414  0.0376  0.0351     -    0.0213  0.0381  0.0266  0.0276  0.0298  
 6   0.0416  0.0462  0.0435  0.0359  0.0213     -    0.0378  0.0310  0.0318  0.0304  
 7   0.0446  0.0281  0.0203  0.0131  0.0381  0.0378     -    0.0190  0.0125  0.0427  
 8   0.0307  0.0213  0.0188  0.0141  0.0266  0.0310  0.0190     -    0.0139  0.0337  
 9   0.0435  0.0161  0.0096  0.0074  0.0276  0.0318  0.0125  0.0139     -    0.0304  
10   0.0423  0.0457  0.0379  0.0400  0.0298  0.0304  0.0427  0.0337  0.0304     -    

Average distances (expected heterozygosity) between individuals in same cluster:
cluster  1  : 0.8143 
cluster  2  : 0.8269 
cluster  3  : 0.8373 
cluster  4  : 0.8467 
cluster  5  : 0.8031 
cluster  6  : 0.8045 
cluster  7  : 0.8461 
cluster  8  : 0.8537 
cluster  9  : 0.8568 
cluster 10  : 0.8159 

--------------------------------------------
Estimated Ln Prob of Data   = -47847.1
Mean value of ln likelihood = -45693.3
Variance of ln likelihood   = 4307.5
Mean value of alpha         = 0.0533

Mean value of Fst_1         = 0.0862
Mean value of Fst_2         = 0.0501
Mean value of Fst_3         = 0.0406
Mean value of Fst_4         = 0.0296
Mean value of Fst_5         = 0.0869
Mean value of Fst_6         = 0.0738
Mean value of Fst_7         = 0.0412
Mean value of Fst_8         = 0.0335
Mean value of Fst_9         = 0.0251
Mean value of Fst_10         = 0.0791


Inferred ancestry of individuals:
        Label (%Miss) Pop:  Inferred clusters
  1    C3984    (0)    1 :  0.322 0.007 0.013 0.009 0.282 0.285 0.011 0.029 0.023 0.020 
  2    C3985    (0)    1 :  0.262 0.010 0.011 0.015 0.020 0.620 0.013 0.010 0.014 0.025 
  3    C3986    (0)    1 :  0.547 0.006 0.012 0.011 0.041 0.206 0.017 0.015 0.009 0.136 
  4    C4231    (0)    1 :  0.189 0.009 0.016 0.032 0.521 0.092 0.010 0.080 0.025 0.026 
  5    C4344    (0)    1 :  0.055 0.013 0.022 0.021 0.132 0.481 0.025 0.014 0.039 0.199 
  6    C4347   (18)    1 :  0.022 0.032 0.022 0.014 0.056 0.414 0.010 0.016 0.013 0.400 
  7    C4352   (18)    1 :  0.170 0.020 0.017 0.031 0.136 0.453 0.027 0.057 0.023 0.066 
  8    C4355    (9)    1 :  0.024 0.010 0.026 0.011 0.734 0.086 0.016 0.024 0.018 0.050 
  9    C4358   (18)    1 :  0.024 0.052 0.072 0.161 0.026 0.122 0.070 0.090 0.367 0.017 
 10    C4419    (9)    1 :  0.062 0.014 0.063 0.023 0.408 0.213 0.019 0.130 0.050 0.018 
 11    C4428    (9)    1 :  0.117 0.018 0.018 0.011 0.143 0.472 0.015 0.062 0.015 0.129 
 12    C4436    (0)    1 :  0.027 0.010 0.008 0.008 0.012 0.890 0.009 0.008 0.008 0.019 
 13    C4437   (18)    1 :  0.216 0.035 0.022 0.018 0.016 0.578 0.018 0.016 0.045 0.036 
 14    C4450    (0)    1 :  0.062 0.037 0.048 0.042 0.063 0.543 0.049 0.039 0.095 0.022 
 15    C4531    (0)    1 :  0.771 0.024 0.014 0.039 0.010 0.043 0.030 0.033 0.029 0.008 
 16    C1615    (0)    1 :  0.161 0.053 0.032 0.057 0.037 0.509 0.033 0.059 0.032 0.027 
 17    C1616    (0)    1 :  0.042 0.100 0.123 0.076 0.122 0.240 0.020 0.044 0.199 0.033 
 18    C1617    (9)    1 :  0.010 0.017 0.023 0.011 0.049 0.812 0.009 0.013 0.012 0.044 
 19    C1618    (0)    1 :  0.181 0.025 0.019 0.029 0.024 0.571 0.065 0.040 0.020 0.026 
 20    C1619    (0)    1 :  0.053 0.025 0.014 0.017 0.028 0.709 0.058 0.031 0.043 0.023 
 21    C1620    (9)    1 :  0.030 0.016 0.009 0.014 0.015 0.840 0.026 0.014 0.022 0.013 
 22    C1621    (0)    1 :  0.014 0.236 0.074 0.032 0.067 0.166 0.028 0.329 0.035 0.018 
 23    C1623    (9)    1 :  0.209 0.145 0.049 0.036 0.024 0.056 0.230 0.168 0.067 0.016 
 24    C1625    (0)    1 :  0.011 0.030 0.011 0.017 0.013 0.823 0.032 0.021 0.024 0.019 
 25    C1626    (0)    1 :  0.014 0.041 0.026 0.041 0.046 0.562 0.022 0.151 0.076 0.020 
 26    C1627    (9)    1 :  0.014 0.018 0.006 0.009 0.015 0.891 0.011 0.011 0.013 0.012 
 27    C1633    (0)    1 :  0.011 0.013 0.012 0.008 0.066 0.838 0.009 0.021 0.013 0.011 
 28    C1637    (0)    1 :  0.010 0.016 0.012 0.015 0.014 0.878 0.008 0.018 0.013 0.015 
 29    C1650    (0)    1 :  0.349 0.021 0.029 0.021 0.428 0.042 0.011 0.040 0.020 0.039 
 30    C3202    (0)    1 :  0.013 0.013 0.009 0.008 0.012 0.013 0.010 0.008 0.011 0.903 
 31    C3248    (0)    1 :  0.008 0.010 0.008 0.014 0.825 0.063 0.010 0.013 0.012 0.038 
 32    C3304    (9)    1 :  0.018 0.012 0.048 0.009 0.228 0.238 0.012 0.014 0.044 0.376 
 33    C3326    (0)    1 :  0.081 0.025 0.052 0.104 0.072 0.199 0.019 0.056 0.077 0.315 
 34    C3333    (0)    1 :  0.015 0.021 0.018 0.015 0.090 0.045 0.015 0.012 0.025 0.744 
 35    C3339   (18)    1 :  0.009 0.010 0.044 0.013 0.020 0.794 0.020 0.013 0.024 0.053 
 36    C3346    (0)    1 :  0.017 0.006 0.010 0.009 0.027 0.023 0.012 0.009 0.011 0.876 
 37    C3349    (0)    1 :  0.016 0.014 0.049 0.035 0.078 0.064 0.031 0.026 0.068 0.619 
 38    C3367   (18)    1 :  0.029 0.019 0.019 0.011 0.015 0.045 0.012 0.026 0.018 0.807 
 39    C3374    (0)    1 :  0.016 0.006 0.008 0.008 0.457 0.439 0.010 0.024 0.009 0.024 
 40    C3405    (0)    1 :  0.014 0.009 0.064 0.020 0.114 0.092 0.039 0.127 0.030 0.491 
 41    C4543    (0)    2 :  0.723 0.010 0.026 0.012 0.104 0.014 0.017 0.033 0.016 0.046 
 42    C4545    (9)    2 :  0.808 0.007 0.009 0.009 0.011 0.059 0.047 0.026 0.008 0.015 
 43    C4551    (9)    2 :  0.305 0.022 0.018 0.176 0.092 0.057 0.043 0.212 0.062 0.013 
 44    C4491    (0)    2 :  0.546 0.025 0.031 0.073 0.107 0.054 0.051 0.029 0.055 0.030 
 45    C4494    (0)    2 :  0.245 0.008 0.013 0.011 0.202 0.036 0.014 0.031 0.014 0.427 
 46    C4495    (0)    2 :  0.056 0.016 0.017 0.063 0.032 0.052 0.031 0.075 0.051 0.607 
 47    C4497    (9)    2 :  0.027 0.009 0.010 0.014 0.769 0.100 0.014 0.013 0.022 0.023 
 48    C4501    (0)    2 :  0.049 0.012 0.042 0.024 0.434 0.094 0.014 0.153 0.165 0.013 
 49    C4502    (0)    2 :  0.121 0.010 0.013 0.010 0.155 0.533 0.047 0.047 0.018 0.047 
 50    C4503    (0)    2 :  0.688 0.017 0.011 0.021 0.016 0.011 0.177 0.035 0.017 0.009 
 51    C4504    (0)    2 :  0.155 0.040 0.070 0.031 0.214 0.031 0.082 0.031 0.291 0.054 
 52    C4470    (0)    2 :  0.043 0.015 0.016 0.041 0.755 0.015 0.014 0.056 0.035 0.011 
 53    C4471    (0)    2 :  0.340 0.009 0.013 0.011 0.517 0.013 0.014 0.042 0.025 0.015 
 54    C4474    (9)    2 :  0.728 0.024 0.017 0.038 0.017 0.007 0.016 0.129 0.016 0.007 
 55    C4476    (0)    2 :  0.035 0.007 0.005 0.008 0.891 0.017 0.008 0.012 0.008 0.008 
 56    C4478    (0)    2 :  0.558 0.008 0.044 0.009 0.099 0.033 0.089 0.037 0.033 0.089 
 57    C4479    (0)    2 :  0.032 0.023 0.013 0.009 0.726 0.077 0.007 0.064 0.009 0.040 
 58    C4482    (0)    2 :  0.329 0.152 0.023 0.026 0.182 0.049 0.009 0.043 0.088 0.099 
 59    C4483    (0)    2 :  0.757 0.011 0.009 0.010 0.011 0.007 0.016 0.132 0.036 0.010 
 60    C4484    (0)    2 :  0.457 0.020 0.051 0.026 0.219 0.024 0.049 0.033 0.032 0.089 
 61    C4485    (0)    2 :  0.025 0.019 0.022 0.032 0.743 0.008 0.014 0.021 0.039 0.076 
 62    C4489    (0)    2 :  0.275 0.018 0.022 0.016 0.373 0.163 0.023 0.032 0.026 0.051 
 63    C4505    (0)    2 :  0.069 0.010 0.015 0.031 0.717 0.088 0.012 0.028 0.018 0.013 
 64    C4507    (0)    2 :  0.181 0.009 0.036 0.047 0.509 0.033 0.051 0.097 0.025 0.011 
 65    C4535    (0)    2 :  0.724 0.023 0.015 0.024 0.010 0.026 0.020 0.124 0.019 0.014 
 66    C4542    (0)    2 :  0.179 0.021 0.134 0.097 0.014 0.016 0.023 0.340 0.153 0.023 
 67    C4553    (9)    2 :  0.460 0.019 0.021 0.056 0.174 0.075 0.016 0.081 0.029 0.070 
 68    C4562   (18)    2 :  0.532 0.023 0.016 0.053 0.159 0.078 0.040 0.046 0.020 0.032 
 69    C4582   (18)    2 :  0.567 0.045 0.018 0.036 0.078 0.048 0.019 0.116 0.036 0.038 
 70    C4693    (0)    2 :  0.683 0.013 0.011 0.011 0.034 0.032 0.008 0.149 0.011 0.049 
 71    C4696    (0)    2 :  0.468 0.023 0.019 0.111 0.033 0.136 0.038 0.099 0.031 0.040 
 72    C3179    (0)    2 :  0.020 0.012 0.027 0.024 0.104 0.242 0.055 0.009 0.039 0.469 
 73    C3181    (0)    2 :  0.013 0.014 0.024 0.016 0.594 0.062 0.012 0.034 0.043 0.188 
 74    C3188    (0)    2 :  0.015 0.014 0.014 0.013 0.850 0.018 0.019 0.010 0.024 0.022 
 75    C3190    (0)    2 :  0.026 0.020 0.038 0.018 0.020 0.014 0.011 0.028 0.021 0.804 
 76    C3193    (0)    2 :  0.012 0.023 0.010 0.012 0.816 0.023 0.006 0.010 0.012 0.076 
 77    C3232    (0)    2 :  0.121 0.008 0.012 0.010 0.709 0.043 0.011 0.020 0.011 0.054 
 78    C3236    (0)    2 :  0.043 0.008 0.008 0.010 0.026 0.178 0.007 0.012 0.009 0.697 
 79    C3249    (0)    2 :  0.014 0.021 0.026 0.019 0.613 0.053 0.019 0.027 0.031 0.177 
 80    C3250    (0)    2 :  0.011 0.008 0.010 0.009 0.839 0.058 0.006 0.028 0.009 0.021 
 81    C3253    (0)    2 :  0.015 0.013 0.007 0.016 0.719 0.191 0.008 0.014 0.011 0.008 
 82    C3255    (0)    2 :  0.043 0.010 0.009 0.010 0.564 0.150 0.009 0.027 0.016 0.160 
 83    C3277    (0)    2 :  0.015 0.047 0.020 0.035 0.571 0.135 0.027 0.048 0.064 0.038 
 84    C3315    (0)    2 :  0.065 0.106 0.049 0.056 0.321 0.073 0.064 0.194 0.061 0.012 
 85    C3288    (0)    2 :  0.016 0.020 0.012 0.012 0.021 0.026 0.012 0.017 0.012 0.852 
 86    C3293    (0)    2 :  0.040 0.023 0.034 0.026 0.026 0.013 0.026 0.043 0.081 0.687 
 87    C4018    (0)    3 :  0.699 0.006 0.011 0.008 0.035 0.016 0.007 0.011 0.009 0.196 
 88    C3980    (0)    3 :  0.876 0.010 0.011 0.009 0.025 0.011 0.009 0.016 0.011 0.022 
 89    C3987    (0)    3 :  0.818 0.010 0.012 0.009 0.034 0.071 0.011 0.011 0.009 0.015 
 90    C3988    (0)    3 :  0.655 0.010 0.006 0.013 0.077 0.173 0.011 0.009 0.017 0.028 
 91    C3989    (0)    3 :  0.024 0.007 0.009 0.013 0.054 0.058 0.007 0.028 0.167 0.634 
 92    C4011    (0)    3 :  0.619 0.005 0.006 0.005 0.183 0.047 0.005 0.007 0.006 0.116 
 93    C4017    (0)    3 :  0.922 0.006 0.006 0.006 0.017 0.010 0.006 0.009 0.007 0.012 
 94    C4296    (0)    3 :  0.031 0.028 0.029 0.243 0.274 0.151 0.030 0.164 0.030 0.022 
 95    C4301    (9)    3 :  0.009 0.010 0.735 0.011 0.012 0.010 0.028 0.024 0.056 0.105 
 96    C4303    (0)    3 :  0.011 0.203 0.050 0.028 0.018 0.120 0.026 0.015 0.021 0.508 
 97    C4453    (0)    3 :  0.084 0.036 0.021 0.010 0.060 0.042 0.052 0.026 0.029 0.639 
 98    C4455    (9)    3 :  0.033 0.034 0.011 0.011 0.019 0.010 0.015 0.020 0.012 0.834 
 99    C4456   (18)    3 :  0.199 0.046 0.033 0.015 0.009 0.051 0.075 0.023 0.032 0.516 
100    C4457    (9)    3 :  0.024 0.053 0.054 0.028 0.085 0.096 0.022 0.033 0.066 0.540 
101    C4459    (9)    3 :  0.275 0.020 0.014 0.026 0.329 0.076 0.010 0.029 0.022 0.199 
102    C4464   (18)    3 :  0.078 0.008 0.009 0.012 0.246 0.132 0.010 0.013 0.011 0.481 
103    C4468    (9)    3 :  0.037 0.048 0.013 0.015 0.360 0.319 0.015 0.032 0.018 0.142 
104    C4783    (0)    3 :  0.396 0.012 0.008 0.023 0.010 0.007 0.010 0.017 0.015 0.502 
105    C4786    (0)    3 :  0.185 0.009 0.024 0.015 0.037 0.039 0.009 0.016 0.009 0.656 
106    C4789    (9)    3 :  0.261 0.009 0.041 0.012 0.174 0.029 0.008 0.026 0.019 0.421 
107    C4891    (0)    3 :  0.053 0.010 0.011 0.025 0.010 0.017 0.018 0.019 0.019 0.818 
108    C4896    (0)    3 :  0.247 0.028 0.043 0.021 0.032 0.013 0.013 0.049 0.038 0.516 
109    C4898    (0)    3 :  0.434 0.013 0.011 0.020 0.060 0.026 0.011 0.066 0.017 0.340 
110    C4901    (0)    3 :  0.309 0.013 0.014 0.011 0.026 0.018 0.007 0.020 0.015 0.567 
111    C4903    (9)    3 :  0.056 0.026 0.033 0.019 0.025 0.018 0.010 0.029 0.028 0.756 
112    C4904    (0)    3 :  0.573 0.007 0.012 0.022 0.020 0.012 0.008 0.014 0.031 0.301 
113    C3263    (0)    3 :  0.008 0.009 0.007 0.008 0.025 0.827 0.055 0.009 0.017 0.034 
114    C3271    (0)    3 :  0.010 0.007 0.019 0.014 0.017 0.886 0.012 0.007 0.013 0.016 
115    C3272    (0)    3 :  0.016 0.008 0.050 0.025 0.222 0.557 0.020 0.022 0.031 0.049 
116    C3276    (0)    3 :  0.014 0.022 0.279 0.023 0.021 0.031 0.064 0.042 0.063 0.441 
117    C3280    (9)    3 :  0.030 0.028 0.023 0.044 0.232 0.479 0.067 0.042 0.037 0.020 
118    C3305    (9)    3 :  0.010 0.007 0.010 0.008 0.016 0.906 0.010 0.011 0.013 0.008 
119    C3306    (0)    3 :  0.009 0.011 0.009 0.012 0.024 0.854 0.030 0.013 0.022 0.016 
120    C3324    (0)    3 :  0.015 0.014 0.012 0.040 0.050 0.680 0.132 0.020 0.025 0.012 
121    C3329    (0)    3 :  0.098 0.021 0.021 0.068 0.121 0.467 0.046 0.071 0.042 0.045 
122    C3336    (0)    3 :  0.026 0.014 0.046 0.036 0.167 0.563 0.017 0.032 0.025 0.075 
123    C3341   (18)    3 :  0.051 0.027 0.020 0.045 0.049 0.078 0.509 0.118 0.077 0.026 
124    C3409   (18)    3 :  0.033 0.030 0.042 0.033 0.089 0.361 0.038 0.185 0.093 0.097 
125    C3168    (9)    3 :  0.013 0.007 0.010 0.007 0.011 0.012 0.007 0.009 0.009 0.915 
126    C3170    (0)    3 :  0.019 0.008 0.019 0.013 0.216 0.028 0.011 0.009 0.016 0.661 
127    C3214   (18)    3 :  0.027 0.026 0.214 0.013 0.097 0.102 0.009 0.082 0.015 0.415 
128    C3227    (0)    3 :  0.016 0.010 0.026 0.007 0.009 0.013 0.006 0.008 0.008 0.896 
129    C3228    (0)    3 :  0.072 0.025 0.056 0.041 0.334 0.276 0.036 0.087 0.024 0.048 
130    C3278    (0)    3 :  0.006 0.009 0.016 0.011 0.008 0.007 0.008 0.007 0.013 0.914 
131    C3279    (0)    3 :  0.009 0.011 0.020 0.019 0.009 0.053 0.008 0.011 0.051 0.808 
132    C3321    (0)    3 :  0.018 0.005 0.006 0.005 0.008 0.013 0.005 0.007 0.006 0.927 
133    C3322    (0)    3 :  0.027 0.032 0.035 0.026 0.011 0.009 0.008 0.016 0.016 0.821 
134    C3303    (0)    3 :  0.014 0.012 0.036 0.042 0.016 0.168 0.028 0.021 0.017 0.645 
135    C3317    (0)    3 :  0.014 0.016 0.010 0.016 0.040 0.840 0.013 0.012 0.021 0.018 
136    C3355    (0)    3 :  0.021 0.009 0.008 0.011 0.031 0.492 0.014 0.015 0.012 0.387 
137    C3376    (9)    3 :  0.028 0.015 0.037 0.016 0.548 0.143 0.013 0.051 0.024 0.124 
138    C3401    (0)    3 :  0.021 0.015 0.018 0.021 0.034 0.801 0.013 0.016 0.016 0.045 
139    C3203    (9)    3 :  0.022 0.029 0.042 0.012 0.346 0.080 0.047 0.033 0.041 0.348 
140    C3245    (0)    3 :  0.009 0.022 0.022 0.016 0.211 0.049 0.010 0.011 0.027 0.623 
141    C3302    (0)    3 :  0.009 0.013 0.013 0.013 0.012 0.013 0.013 0.012 0.013 0.890 
142    C3307    (0)    3 :  0.103 0.072 0.012 0.022 0.075 0.047 0.115 0.232 0.042 0.279 
143    C3310    (0)    3 :  0.009 0.008 0.014 0.010 0.010 0.009 0.012 0.008 0.011 0.910 
144    C3312    (9)    3 :  0.047 0.029 0.015 0.036 0.530 0.115 0.015 0.027 0.046 0.139 
145    C3345    (0)    3 :  0.020 0.012 0.014 0.009 0.027 0.021 0.023 0.013 0.016 0.845 
146    C3371    (0)    3 :  0.007 0.010 0.007 0.010 0.017 0.012 0.028 0.014 0.018 0.877 
147    C3372    (0)    3 :  0.020 0.021 0.015 0.020 0.087 0.156 0.035 0.086 0.032 0.528 
148    C3380    (9)    3 :  0.014 0.007 0.007 0.005 0.019 0.014 0.006 0.011 0.007 0.910 
149    C3417    (0)    3 :  0.085 0.025 0.014 0.020 0.043 0.034 0.178 0.035 0.086 0.480 
150    C4569    (9)    4 :  0.302 0.044 0.065 0.127 0.122 0.031 0.076 0.120 0.102 0.011 
151    C4570    (9)    4 :  0.680 0.011 0.010 0.016 0.123 0.020 0.013 0.102 0.012 0.012 
152    C4571    (9)    4 :  0.286 0.022 0.014 0.016 0.207 0.083 0.016 0.310 0.016 0.031 
153    C4572    (9)    4 :  0.835 0.020 0.012 0.013 0.027 0.027 0.014 0.030 0.013 0.010 
154    C4573    (9)    4 :  0.045 0.249 0.041 0.036 0.053 0.035 0.020 0.448 0.064 0.010 
155    C4575    (9)    4 :  0.419 0.088 0.035 0.021 0.052 0.034 0.021 0.253 0.051 0.024 
156    C4577    (9)    4 :  0.799 0.008 0.009 0.022 0.029 0.025 0.011 0.069 0.015 0.015 
157    C4578    (9)    4 :  0.358 0.061 0.036 0.044 0.059 0.040 0.022 0.292 0.067 0.021 
158    C4600   (18)    4 :  0.474 0.029 0.027 0.143 0.024 0.065 0.019 0.039 0.155 0.025 
159    C4612    (9)    4 :  0.479 0.014 0.146 0.021 0.030 0.018 0.011 0.236 0.020 0.025 
160    C4621    (0)    4 :  0.767 0.017 0.012 0.007 0.070 0.024 0.006 0.027 0.010 0.059 
161    C4622    (9)    4 :  0.910 0.009 0.008 0.010 0.009 0.010 0.008 0.011 0.008 0.016 
162    C4623    (0)    4 :  0.151 0.028 0.036 0.023 0.052 0.113 0.145 0.328 0.044 0.080 
163    C4624    (0)    4 :  0.699 0.051 0.033 0.025 0.019 0.036 0.014 0.093 0.012 0.018 
164    C4625    (0)    4 :  0.100 0.430 0.026 0.048 0.051 0.143 0.012 0.074 0.102 0.013 
165    C4627    (0)    4 :  0.680 0.031 0.022 0.013 0.079 0.011 0.018 0.023 0.039 0.085 
166    C4631    (0)    4 :  0.687 0.015 0.012 0.021 0.014 0.012 0.178 0.036 0.015 0.009 
167    C4632    (0)    4 :  0.770 0.017 0.010 0.023 0.082 0.020 0.014 0.032 0.012 0.021 
168    C3939    (0)    4 :  0.822 0.008 0.019 0.015 0.032 0.015 0.009 0.018 0.014 0.049 
169    C3940    (0)    4 :  0.546 0.006 0.030 0.036 0.010 0.014 0.020 0.213 0.048 0.076 
170    C3945    (0)    4 :  0.906 0.005 0.007 0.011 0.020 0.014 0.007 0.006 0.008 0.016 
171    C4520    (0)    4 :  0.027 0.019 0.519 0.062 0.071 0.045 0.040 0.093 0.063 0.062 
172    C4522    (0)    4 :  0.505 0.008 0.011 0.010 0.062 0.026 0.010 0.020 0.014 0.333 
173    C3182    (0)    4 :  0.052 0.011 0.015 0.017 0.068 0.263 0.028 0.017 0.018 0.511 
174    C3189    (0)    4 :  0.019 0.069 0.018 0.031 0.693 0.044 0.016 0.025 0.061 0.024 
175    C3191    (9)    4 :  0.011 0.020 0.011 0.010 0.842 0.028 0.013 0.013 0.016 0.035 
176    C3196    (0)    4 :  0.014 0.023 0.026 0.025 0.268 0.051 0.016 0.022 0.025 0.530 
177    C3208    (0)    4 :  0.252 0.044 0.045 0.027 0.075 0.025 0.044 0.034 0.023 0.432 
178    C3211    (0)    4 :  0.020 0.009 0.016 0.013 0.076 0.020 0.012 0.012 0.017 0.804 
179    C3212    (0)    4 :  0.046 0.008 0.120 0.037 0.045 0.091 0.070 0.356 0.112 0.115 
180    C3213    (0)    4 :  0.007 0.009 0.015 0.014 0.013 0.017 0.015 0.009 0.019 0.882 
181    C3215    (0)    4 :  0.010 0.020 0.029 0.011 0.007 0.007 0.008 0.016 0.007 0.886 
182    C3217    (0)    4 :  0.014 0.012 0.019 0.019 0.294 0.135 0.034 0.034 0.034 0.407 
183    C3225    (9)    4 :  0.018 0.025 0.085 0.042 0.241 0.251 0.019 0.044 0.045 0.230 
184    C3226    (0)    4 :  0.116 0.010 0.008 0.008 0.072 0.097 0.012 0.021 0.012 0.644 
185    C3238    (9)    4 :  0.106 0.019 0.020 0.014 0.197 0.021 0.010 0.022 0.016 0.575 
186    C3239    (0)    4 :  0.018 0.012 0.014 0.010 0.756 0.044 0.021 0.041 0.020 0.064 
187    C3269   (18)    4 :  0.162 0.110 0.101 0.030 0.138 0.233 0.021 0.104 0.046 0.055 
188    C3273    (0)    4 :  0.028 0.041 0.025 0.014 0.087 0.466 0.009 0.017 0.042 0.271 
189    C3274    (0)    4 :  0.036 0.016 0.062 0.115 0.031 0.029 0.012 0.077 0.114 0.508 
190    C3354    (0)    4 :  0.018 0.016 0.014 0.022 0.346 0.046 0.010 0.016 0.034 0.477 
191    C3361    (0)    4 :  0.023 0.016 0.020 0.019 0.080 0.049 0.009 0.033 0.017 0.733 
192    C3289    (0)    4 :  0.011 0.013 0.012 0.010 0.015 0.010 0.009 0.011 0.011 0.896 
193    C3169    (0)    4 :  0.022 0.009 0.013 0.007 0.708 0.038 0.008 0.017 0.010 0.168 
194    C3199    (9)    4 :  0.111 0.042 0.025 0.014 0.212 0.065 0.016 0.030 0.016 0.469 
195    C3224    (0)    4 :  0.016 0.016 0.035 0.013 0.058 0.202 0.012 0.012 0.012 0.624 
196    C3261   (18)    4 :  0.054 0.008 0.008 0.015 0.369 0.037 0.011 0.011 0.025 0.460 
197    C3320    (0)    4 :  0.026 0.023 0.020 0.030 0.294 0.044 0.012 0.032 0.037 0.482 
198    C4151    (0)    5 :  0.890 0.009 0.006 0.008 0.024 0.018 0.007 0.017 0.009 0.011 
199    C4152    (0)    5 :  0.791 0.013 0.009 0.010 0.063 0.060 0.013 0.021 0.012 0.009 
200    C4153    (0)    5 :  0.230 0.022 0.048 0.022 0.298 0.051 0.011 0.065 0.026 0.228 
201    C4154   (18)    5 :  0.663 0.008 0.017 0.023 0.059 0.046 0.017 0.027 0.027 0.113 
202    C4157    (0)    5 :  0.085 0.011 0.010 0.067 0.036 0.727 0.014 0.013 0.020 0.016 
203    C4158    (0)    5 :  0.892 0.012 0.007 0.009 0.017 0.018 0.007 0.017 0.008 0.013 
204    C4163    (0)    5 :  0.920 0.006 0.005 0.006 0.021 0.009 0.006 0.009 0.006 0.012 
205    C4165    (0)    5 :  0.201 0.034 0.008 0.120 0.061 0.031 0.056 0.352 0.089 0.048 
206    C4248    (9)    5 :  0.046 0.020 0.012 0.025 0.359 0.243 0.011 0.013 0.043 0.229 
207    C4371    (9)    5 :  0.039 0.014 0.008 0.014 0.744 0.106 0.029 0.019 0.016 0.011 
208    C3936    (0)    5 :  0.822 0.011 0.011 0.018 0.073 0.013 0.013 0.012 0.013 0.014 
209    C3937    (0)    5 :  0.822 0.012 0.008 0.011 0.016 0.016 0.011 0.058 0.008 0.038 
210    C3944    (0)    5 :  0.706 0.007 0.007 0.009 0.152 0.056 0.011 0.014 0.008 0.031 
211    C3954    (0)    5 :  0.079 0.030 0.019 0.009 0.694 0.096 0.007 0.011 0.012 0.043 
212    C3955    (9)    5 :  0.355 0.026 0.025 0.013 0.259 0.113 0.007 0.012 0.027 0.164 
213    C3961    (0)    5 :  0.717 0.010 0.022 0.015 0.073 0.027 0.042 0.018 0.017 0.059 
214    C3974    (0)    5 :  0.694 0.016 0.032 0.021 0.095 0.012 0.016 0.064 0.021 0.028 
215    C4024    (0)    5 :  0.271 0.011 0.025 0.020 0.078 0.478 0.055 0.017 0.027 0.018 
216    C4025    (0)    5 :  0.756 0.018 0.016 0.010 0.033 0.058 0.030 0.059 0.012 0.009 
217    C4028    (0)    5 :  0.442 0.063 0.033 0.041 0.067 0.057 0.031 0.171 0.037 0.057 
218    C4032   (18)    5 :  0.040 0.010 0.010 0.008 0.687 0.183 0.009 0.026 0.011 0.018 
219    C4033   (18)    5 :  0.047 0.015 0.013 0.015 0.179 0.399 0.011 0.013 0.017 0.292 
220    C4034    (0)    5 :  0.054 0.020 0.070 0.083 0.145 0.288 0.069 0.025 0.038 0.208 
221    C4041    (9)    5 :  0.022 0.012 0.074 0.036 0.332 0.370 0.046 0.033 0.037 0.037 
222    C4043    (9)    5 :  0.085 0.016 0.011 0.016 0.589 0.148 0.014 0.049 0.018 0.054 
223    C4044    (9)    5 :  0.099 0.062 0.040 0.056 0.138 0.037 0.356 0.060 0.063 0.090 
224    C4045    (9)    5 :  0.065 0.030 0.016 0.025 0.499 0.186 0.011 0.045 0.022 0.103 
225    C4046    (9)    5 :  0.018 0.015 0.011 0.014 0.065 0.759 0.022 0.020 0.009 0.066 
226    C4047    (0)    5 :  0.019 0.034 0.035 0.043 0.041 0.041 0.016 0.015 0.031 0.724 
227    C4048    (9)    5 :  0.019 0.051 0.050 0.044 0.075 0.126 0.047 0.022 0.037 0.529 
228    C4055    (9)    5 :  0.074 0.037 0.027 0.026 0.186 0.524 0.016 0.057 0.028 0.024 
229    C4057   (18)    5 :  0.033 0.009 0.015 0.014 0.289 0.506 0.041 0.029 0.021 0.042 
230    C4059    (0)    5 :  0.037 0.015 0.014 0.008 0.020 0.829 0.008 0.012 0.012 0.044 
231    C4060    (9)    5 :  0.092 0.015 0.021 0.023 0.313 0.133 0.015 0.300 0.022 0.067 
232    C4064    (9)    5 :  0.023 0.165 0.029 0.101 0.177 0.375 0.014 0.054 0.046 0.017 
233    C4067    (0)    5 :  0.026 0.108 0.047 0.022 0.049 0.096 0.043 0.032 0.046 0.530 
234    C4068    (9)    5 :  0.032 0.026 0.026 0.026 0.129 0.047 0.019 0.034 0.024 0.637 
235    C4070    (9)    5 :  0.080 0.016 0.012 0.025 0.020 0.557 0.074 0.015 0.024 0.178 
236    C4075   (18)    5 :  0.024 0.015 0.027 0.014 0.031 0.052 0.019 0.029 0.018 0.771 
237    C4081    (9)    5 :  0.014 0.012 0.013 0.021 0.790 0.078 0.013 0.020 0.019 0.020 
238    C4082    (0)    5 :  0.111 0.034 0.052 0.022 0.124 0.054 0.020 0.025 0.030 0.529 
239    C4083    (0)    5 :  0.097 0.042 0.020 0.121 0.212 0.093 0.131 0.106 0.146 0.034 
240    C4086    (0)    5 :  0.015 0.037 0.011 0.011 0.867 0.011 0.007 0.010 0.012 0.018 
241    C4088    (9)    5 :  0.022 0.771 0.019 0.021 0.077 0.018 0.008 0.030 0.019 0.016 
242    C4092    (0)    5 :  0.088 0.007 0.011 0.012 0.720 0.075 0.027 0.016 0.021 0.023 
243    C4099    (9)    5 :  0.020 0.012 0.035 0.020 0.720 0.056 0.030 0.021 0.036 0.049 
244    C4104    (0)    5 :  0.504 0.020 0.013 0.021 0.093 0.053 0.046 0.024 0.024 0.200 
245    C4108   (18)    5 :  0.010 0.045 0.656 0.169 0.012 0.011 0.019 0.019 0.044 0.014 
246    C4118    (0)    5 :  0.013 0.013 0.033 0.028 0.839 0.023 0.009 0.017 0.017 0.009 
247    C4131    (0)    5 :  0.378 0.080 0.016 0.029 0.334 0.051 0.012 0.038 0.035 0.029 
248    C4133    (0)    5 :  0.016 0.010 0.015 0.011 0.253 0.612 0.009 0.015 0.017 0.042 
249    C4135    (0)    5 :  0.459 0.005 0.005 0.008 0.161 0.315 0.006 0.009 0.013 0.018 
250    C4136    (0)    5 :  0.606 0.097 0.044 0.065 0.025 0.015 0.021 0.081 0.025 0.021 
251    C4137    (9)    5 :  0.337 0.023 0.014 0.035 0.209 0.292 0.017 0.021 0.035 0.017 
252    C4139    (0)    5 :  0.848 0.007 0.011 0.013 0.026 0.034 0.009 0.016 0.015 0.020 
253    C4140    (9)    5 :  0.604 0.009 0.011 0.026 0.054 0.197 0.017 0.021 0.015 0.046 
254    C4167    (0)    5 :  0.454 0.036 0.011 0.056 0.020 0.263 0.037 0.086 0.023 0.015 
255    C4236    (0)    5 :  0.023 0.030 0.019 0.071 0.453 0.271 0.028 0.028 0.042 0.035 
256    C4237    (0)    5 :  0.054 0.540 0.099 0.053 0.043 0.056 0.020 0.064 0.059 0.011 
257    C4238    (0)    5 :  0.090 0.051 0.037 0.021 0.247 0.347 0.012 0.033 0.017 0.146 
258    C4241    (0)    5 :  0.054 0.014 0.025 0.028 0.309 0.368 0.018 0.024 0.028 0.132 
259    C4247    (9)    5 :  0.052 0.152 0.043 0.015 0.044 0.528 0.078 0.016 0.041 0.031 
260    C4257    (0)    5 :  0.028 0.020 0.047 0.016 0.336 0.050 0.022 0.059 0.017 0.405 
261    C4383    (0)    5 :  0.088 0.061 0.052 0.059 0.330 0.056 0.263 0.030 0.043 0.019 
262    C4397    (9)    5 :  0.057 0.008 0.008 0.020 0.127 0.745 0.008 0.009 0.010 0.009 
263    C4514    (0)    5 :  0.673 0.014 0.018 0.014 0.112 0.085 0.021 0.027 0.015 0.021 
264    C4519    (0)    5 :  0.373 0.006 0.076 0.013 0.026 0.027 0.012 0.189 0.017 0.261 
265    C4527    (0)    5 :  0.269 0.016 0.015 0.020 0.237 0.021 0.018 0.016 0.016 0.372 
266    C4534    (0)    5 :  0.083 0.013 0.058 0.028 0.367 0.022 0.049 0.045 0.050 0.286 
267    C4699    (0)    5 :  0.676 0.056 0.015 0.024 0.016 0.031 0.024 0.029 0.014 0.115 
268    C1541    (9)    5 :  0.033 0.011 0.007 0.012 0.440 0.046 0.011 0.018 0.009 0.412 
269    C1542    (9)    5 :  0.013 0.014 0.013 0.013 0.406 0.014 0.009 0.010 0.010 0.498 
270    C1544    (0)    5 :  0.023 0.042 0.029 0.020 0.525 0.184 0.011 0.016 0.020 0.130 
271    C1547    (9)    5 :  0.028 0.065 0.225 0.076 0.129 0.063 0.112 0.175 0.074 0.054 
272    C1553    (9)    5 :  0.229 0.048 0.131 0.106 0.018 0.182 0.078 0.040 0.122 0.047 
273    C1555    (9)    5 :  0.015 0.014 0.018 0.016 0.041 0.839 0.010 0.016 0.017 0.015 
274    C1557    (0)    5 :  0.015 0.017 0.009 0.013 0.022 0.879 0.011 0.012 0.010 0.012 
275    C1560    (0)    5 :  0.010 0.007 0.025 0.010 0.016 0.885 0.009 0.011 0.013 0.014 
276    C1565    (0)    5 :  0.025 0.011 0.015 0.065 0.377 0.086 0.058 0.040 0.044 0.278 
277    C1567    (0)    5 :  0.020 0.025 0.067 0.024 0.139 0.631 0.019 0.032 0.015 0.028 
278    C1569    (0)    5 :  0.021 0.010 0.012 0.014 0.073 0.778 0.015 0.023 0.011 0.043 
279    C1571    (0)    5 :  0.033 0.067 0.131 0.029 0.089 0.265 0.036 0.034 0.029 0.287 
280    C1576    (0)    5 :  0.062 0.038 0.022 0.017 0.556 0.059 0.015 0.166 0.015 0.049 
281    C1577    (9)    5 :  0.020 0.030 0.028 0.025 0.085 0.073 0.014 0.021 0.021 0.683 
282    C1579    (0)    5 :  0.019 0.018 0.018 0.034 0.196 0.347 0.014 0.034 0.034 0.285 
283    C3990    (0)    6 :  0.915 0.007 0.006 0.007 0.016 0.012 0.007 0.006 0.006 0.018 
284    C3991    (0)    6 :  0.441 0.035 0.014 0.015 0.044 0.017 0.033 0.334 0.027 0.040 
285    C3992    (0)    6 :  0.661 0.027 0.028 0.014 0.022 0.017 0.015 0.136 0.036 0.044 
286    C3994    (0)    6 :  0.085 0.028 0.015 0.020 0.384 0.042 0.108 0.157 0.070 0.091 
287    C4172    (0)    6 :  0.598 0.056 0.036 0.037 0.009 0.009 0.043 0.136 0.051 0.025 
288    C4173    (9)    6 :  0.566 0.011 0.013 0.013 0.017 0.017 0.263 0.063 0.011 0.025 
289    C4232    (9)    6 :  0.012 0.008 0.010 0.008 0.290 0.048 0.007 0.012 0.008 0.597 
290    C4234    (9)    6 :  0.018 0.010 0.010 0.010 0.608 0.072 0.008 0.010 0.013 0.240 
291    C4259    (0)    6 :  0.019 0.009 0.007 0.010 0.435 0.445 0.009 0.009 0.010 0.048 
292    C4260    (0)    6 :  0.033 0.007 0.009 0.007 0.137 0.015 0.007 0.012 0.011 0.763 
293    C4261    (9)    6 :  0.032 0.020 0.039 0.061 0.017 0.024 0.056 0.050 0.019 0.682 
294    C4262    (0)    6 :  0.086 0.009 0.017 0.030 0.045 0.581 0.053 0.112 0.015 0.052 
295    C4263    (0)    6 :  0.021 0.052 0.015 0.020 0.069 0.729 0.019 0.016 0.015 0.045 
296    C4267    (9)    6 :  0.076 0.039 0.017 0.018 0.648 0.039 0.012 0.071 0.014 0.067 
297    C4269    (0)    6 :  0.130 0.018 0.011 0.035 0.176 0.306 0.037 0.111 0.022 0.155 
298    C4272    (0)    6 :  0.011 0.006 0.009 0.010 0.855 0.072 0.009 0.008 0.011 0.009 
299    C4274    (0)    6 :  0.021 0.009 0.262 0.030 0.335 0.084 0.008 0.187 0.021 0.044 
300    C4276    (9)    6 :  0.009 0.028 0.785 0.017 0.022 0.034 0.012 0.036 0.018 0.040 
301    C4278    (0)    6 :  0.060 0.015 0.035 0.025 0.275 0.438 0.025 0.043 0.042 0.041 
302    C4280    (0)    6 :  0.114 0.011 0.019 0.030 0.060 0.079 0.015 0.075 0.040 0.557 
303    C4281    (0)    6 :  0.022 0.017 0.010 0.016 0.295 0.544 0.011 0.043 0.012 0.031 
304    C4282    (0)    6 :  0.020 0.055 0.034 0.140 0.115 0.181 0.191 0.014 0.135 0.114 
305    C4284    (9)    6 :  0.187 0.008 0.008 0.009 0.360 0.358 0.009 0.014 0.009 0.037 
306    C4286    (9)    6 :  0.104 0.018 0.052 0.031 0.041 0.128 0.019 0.278 0.027 0.302 
307    C4287    (0)    6 :  0.064 0.009 0.024 0.033 0.029 0.184 0.050 0.230 0.045 0.333 
308    C4290    (0)    6 :  0.028 0.104 0.413 0.040 0.067 0.043 0.041 0.219 0.033 0.012 
309    C4307   (18)    6 :  0.115 0.011 0.017 0.016 0.071 0.086 0.018 0.017 0.112 0.538 
310    C4310    (9)    6 :  0.056 0.066 0.058 0.017 0.236 0.363 0.010 0.023 0.023 0.147 
311    C4311   (18)    6 :  0.024 0.017 0.043 0.024 0.131 0.169 0.019 0.020 0.040 0.514 
312    C4312    (0)    6 :  0.023 0.014 0.015 0.009 0.111 0.240 0.009 0.008 0.011 0.561 
313    C4314    (0)    6 :  0.017 0.162 0.023 0.034 0.243 0.278 0.009 0.146 0.032 0.058 
314    C4318    (9)    6 :  0.056 0.010 0.012 0.019 0.203 0.474 0.032 0.068 0.088 0.038 
315    C4321    (9)    6 :  0.077 0.010 0.063 0.019 0.163 0.136 0.046 0.051 0.035 0.399 
316    C4324    (0)    6 :  0.064 0.009 0.026 0.016 0.634 0.122 0.037 0.033 0.017 0.042 
317    C4334    (0)    6 :  0.076 0.009 0.019 0.010 0.594 0.186 0.050 0.013 0.025 0.019 
318    C4529    (0)    6 :  0.036 0.040 0.025 0.034 0.553 0.043 0.022 0.040 0.032 0.174 
319    C1582    (9)    6 :  0.136 0.014 0.020 0.017 0.304 0.348 0.013 0.020 0.011 0.117 
320    C1583    (0)    6 :  0.035 0.071 0.032 0.021 0.076 0.471 0.019 0.047 0.032 0.197 
321    C1584    (9)    6 :  0.036 0.020 0.034 0.010 0.158 0.668 0.008 0.019 0.014 0.033 
322    C1585    (0)    6 :  0.069 0.014 0.017 0.007 0.386 0.460 0.007 0.014 0.010 0.015 
323    C1586    (0)    6 :  0.029 0.021 0.012 0.018 0.116 0.674 0.050 0.010 0.016 0.054 
324    C1589    (0)    6 :  0.141 0.010 0.012 0.011 0.439 0.284 0.012 0.034 0.011 0.046 
325    C1591    (0)    6 :  0.046 0.011 0.012 0.008 0.569 0.283 0.012 0.015 0.010 0.034 
326    C1592    (0)    6 :  0.011 0.017 0.013 0.020 0.111 0.605 0.020 0.119 0.017 0.067 
327    C1594    (0)    6 :  0.044 0.068 0.023 0.020 0.180 0.367 0.015 0.043 0.015 0.226 
328    C1597    (9)    6 :  0.044 0.024 0.055 0.036 0.496 0.059 0.020 0.016 0.026 0.225 
329    C1598    (9)    6 :  0.193 0.038 0.018 0.019 0.265 0.275 0.014 0.053 0.024 0.102 
330    C1599    (0)    6 :  0.015 0.009 0.031 0.015 0.104 0.389 0.012 0.030 0.025 0.372 
331    C1601    (0)    6 :  0.339 0.058 0.021 0.069 0.054 0.156 0.021 0.053 0.051 0.178 
332    C1605    (0)    6 :  0.044 0.056 0.070 0.025 0.305 0.025 0.022 0.169 0.245 0.038 
333    C1609    (0)    6 :  0.052 0.010 0.011 0.010 0.346 0.502 0.008 0.018 0.010 0.032 
334    C1610    (0)    6 :  0.015 0.069 0.073 0.090 0.099 0.186 0.013 0.045 0.092 0.319 
335    C1611    (0)    6 :  0.011 0.010 0.013 0.014 0.032 0.320 0.036 0.010 0.033 0.521 
336    C1612    (0)    6 :  0.010 0.009 0.009 0.008 0.015 0.457 0.007 0.008 0.011 0.467 
337    C1613    (0)    6 :  0.021 0.025 0.034 0.018 0.459 0.075 0.030 0.031 0.020 0.287 
338    C3173    (9)    6 :  0.039 0.026 0.040 0.053 0.141 0.444 0.037 0.022 0.044 0.153 
339    C3204    (0)    6 :  0.019 0.015 0.017 0.013 0.070 0.026 0.013 0.015 0.018 0.794 
340    C3223    (9)    6 :  0.018 0.014 0.118 0.021 0.073 0.015 0.069 0.021 0.274 0.378 
341    C3262    (0)    6 :  0.028 0.067 0.047 0.017 0.137 0.391 0.023 0.032 0.044 0.213 
342    C3270    (0)    6 :  0.106 0.014 0.017 0.019 0.132 0.328 0.016 0.027 0.024 0.317 
343    C3300    (0)    6 :  0.239 0.007 0.010 0.009 0.531 0.079 0.008 0.012 0.013 0.091 
344    C3330    (0)    6 :  0.067 0.011 0.014 0.022 0.645 0.040 0.014 0.048 0.074 0.064 
345    C3390    (9)    6 :  0.044 0.014 0.012 0.020 0.364 0.299 0.019 0.018 0.022 0.188 
346    C3424    (9)    6 :  0.039 0.017 0.022 0.048 0.125 0.324 0.014 0.036 0.058 0.317 
347    C3958    (0)    6 :  0.829 0.006 0.007 0.011 0.041 0.059 0.010 0.013 0.011 0.013 
348    C3962    (0)    6 :  0.825 0.005 0.009 0.025 0.080 0.010 0.008 0.013 0.013 0.011 
349    C4019    (0)    6 :  0.085 0.021 0.051 0.625 0.009 0.028 0.026 0.015 0.131 0.009 
350    C3995   (18)    6 :  0.819 0.015 0.013 0.018 0.024 0.011 0.034 0.026 0.015 0.025 
351    C4000    (0)    6 :  0.520 0.014 0.025 0.106 0.031 0.025 0.067 0.063 0.038 0.111 
352    C4002    (0)    6 :  0.813 0.012 0.009 0.019 0.017 0.028 0.015 0.017 0.012 0.057 
353    C1692    (0)    7 :  0.145 0.042 0.088 0.147 0.057 0.011 0.024 0.064 0.402 0.020 
354    C1693    (0)    7 :  0.029 0.012 0.043 0.022 0.291 0.014 0.051 0.081 0.401 0.055 
355    C1694    (0)    7 :  0.019 0.069 0.047 0.051 0.422 0.014 0.180 0.034 0.145 0.019 
356    C1698    (0)    7 :  0.008 0.051 0.041 0.191 0.053 0.017 0.075 0.027 0.531 0.006 
357    C1699    (0)    7 :  0.013 0.393 0.060 0.050 0.019 0.030 0.046 0.097 0.271 0.022 
358    C1700    (0)    7 :  0.071 0.050 0.046 0.357 0.034 0.067 0.157 0.099 0.088 0.032 
359    C1701    (0)    7 :  0.010 0.260 0.024 0.256 0.017 0.032 0.018 0.050 0.321 0.011 
360    C1702    (0)    7 :  0.013 0.055 0.031 0.127 0.008 0.015 0.042 0.027 0.672 0.010 
361    C1703    (0)    7 :  0.021 0.041 0.144 0.368 0.017 0.017 0.253 0.076 0.054 0.008 
362    C1704    (0)    7 :  0.023 0.015 0.043 0.063 0.554 0.042 0.120 0.031 0.097 0.011 
363    C1705    (0)    7 :  0.250 0.015 0.150 0.033 0.012 0.019 0.364 0.100 0.048 0.009 
364    C1706    (0)    7 :  0.009 0.340 0.073 0.067 0.024 0.011 0.034 0.072 0.353 0.016 
365    C1707    (0)    7 :  0.011 0.079 0.131 0.028 0.014 0.561 0.023 0.060 0.054 0.041 
366    C1708    (0)    7 :  0.011 0.021 0.016 0.049 0.013 0.025 0.470 0.028 0.350 0.018 
367    C1709    (0)    7 :  0.084 0.023 0.016 0.052 0.035 0.012 0.659 0.018 0.084 0.018 
368    C1710    (0)    7 :  0.019 0.068 0.022 0.233 0.027 0.038 0.049 0.020 0.509 0.017 
369    C1712    (0)    7 :  0.029 0.013 0.038 0.239 0.011 0.008 0.488 0.046 0.117 0.011 
370    C1714    (0)    7 :  0.013 0.016 0.020 0.026 0.026 0.023 0.764 0.019 0.083 0.009 
371    C1715    (0)    7 :  0.015 0.095 0.286 0.212 0.010 0.068 0.017 0.024 0.257 0.016 
372    C1717    (0)    7 :  0.016 0.017 0.374 0.101 0.033 0.073 0.045 0.033 0.264 0.043 
373    C1718   (18)    7 :  0.013 0.029 0.105 0.569 0.037 0.080 0.028 0.024 0.104 0.012 
374    C1719    (0)    7 :  0.089 0.015 0.015 0.083 0.081 0.036 0.560 0.047 0.022 0.051 
375    C1656    (0)    8 :  0.033 0.387 0.025 0.109 0.007 0.011 0.063 0.127 0.224 0.012 
376    C1657   (18)    8 :  0.021 0.198 0.079 0.068 0.017 0.013 0.432 0.023 0.110 0.040 
377    C1658    (0)    8 :  0.011 0.080 0.123 0.396 0.008 0.009 0.028 0.050 0.287 0.008 
378    C1659    (0)    8 :  0.024 0.106 0.449 0.050 0.024 0.024 0.016 0.037 0.197 0.074 
379    C1661    (9)    8 :  0.016 0.053 0.070 0.261 0.037 0.060 0.053 0.241 0.180 0.029 
380    C1665    (0)    8 :  0.014 0.208 0.069 0.333 0.025 0.012 0.025 0.045 0.241 0.027 
381    C1667    (9)    8 :  0.005 0.016 0.015 0.044 0.008 0.007 0.832 0.010 0.054 0.008 
382    C1676    (9)    8 :  0.024 0.141 0.020 0.411 0.010 0.019 0.122 0.058 0.181 0.013 
383    C1681    (9)    8 :  0.015 0.191 0.160 0.176 0.020 0.072 0.097 0.092 0.165 0.011 
384    C1682    (0)    8 :  0.015 0.070 0.054 0.121 0.014 0.015 0.475 0.078 0.141 0.018 
385    C1685    (0)    8 :  0.024 0.062 0.016 0.513 0.009 0.016 0.031 0.023 0.253 0.051 
386    C4707    (0)    9 :  0.047 0.017 0.014 0.629 0.022 0.036 0.025 0.126 0.058 0.025 
387    C4747    (0)    9 :  0.140 0.014 0.063 0.033 0.036 0.074 0.358 0.036 0.159 0.087 
388    C4772    (0)    9 :  0.288 0.055 0.034 0.288 0.036 0.037 0.023 0.151 0.029 0.059 
389    C4781    (0)    9 :  0.023 0.013 0.016 0.030 0.037 0.155 0.494 0.205 0.020 0.007 
