

----------------------------------------------------
STRUCTURE by Pritchard, Stephens and Donnelly (2000)
     and Falush, Stephens and Pritchard (2003)
       Code by Pritchard, Falush and Hubisz
             Version 2.3.4 (Jul 2012)
----------------------------------------------------



Command line arguments:   bin\structure -m C:\Users\eschumacher\Documents\Butternut\butternut_STRUCTURE_withQU\50-50\mainparams -e C:\Users\eschumacher\Documents\Butternut\butternut_STRUCTURE_withQU\50-50\extraparams 
Input File:    C:\Users\eschumacher\Documents\Butternut\butternut_STRUCTURE_withQU\project_data

Run parameters:
   1015 individuals
   11 loci
   7 populations assumed
   50000 Burn-in period
   50000 Reps


--------------------------------------------
Proportion of membership of each pre-defined
 population in each of the 7 clusters

Given    Inferred Clusters                                   Number of
 Pop       1      2      3      4      5      6      7      Individuals

  1:     0.044  0.124  0.451  0.230  0.047  0.048  0.057       40
  2:     0.043  0.308  0.327  0.211  0.040  0.027  0.044       46
  3:     0.028  0.123  0.237  0.495  0.045  0.026  0.046       63
  4:     0.039  0.336  0.153  0.338  0.030  0.047  0.056       48
  5:     0.041  0.226  0.376  0.218  0.044  0.058  0.038       85
  6:     0.042  0.166  0.405  0.259  0.036  0.032  0.060       70
  7:     0.243  0.049  0.069  0.033  0.280  0.111  0.214       22
  8:     0.340  0.024  0.023  0.026  0.234  0.191  0.162       11
  9:     0.253  0.184  0.058  0.038  0.190  0.094  0.183       33
 10:     0.245  0.180  0.041  0.055  0.110  0.179  0.190       48
 11:     0.217  0.324  0.046  0.032  0.165  0.086  0.130       48
 12:     0.097  0.672  0.026  0.014  0.030  0.079  0.081       13
 13:     0.026  0.696  0.030  0.039  0.023  0.127  0.059        9
 14:     0.273  0.032  0.051  0.048  0.178  0.149  0.269       90
 15:     0.144  0.022  0.025  0.032  0.563  0.059  0.154       63
 16:     0.262  0.036  0.085  0.073  0.142  0.132  0.271       16
 17:     0.123  0.086  0.104  0.065  0.097  0.177  0.347       31
 18:     0.075  0.069  0.018  0.012  0.033  0.764  0.029       16
 19:     0.167  0.024  0.098  0.087  0.453  0.060  0.110       24
 20:     0.415  0.036  0.084  0.042  0.114  0.146  0.163       12
 21:     0.252  0.032  0.067  0.038  0.217  0.185  0.209       54
 22:     0.207  0.047  0.066  0.041  0.080  0.330  0.230       96
 23:     0.137  0.019  0.077  0.026  0.176  0.392  0.171       22
 24:     0.097  0.086  0.083  0.052  0.031  0.578  0.072       23
 25:     0.239  0.026  0.027  0.032  0.078  0.401  0.197       13
 26:     0.272  0.041  0.056  0.096  0.203  0.117  0.215       19
--------------------------------------------

Allele-freq. divergence among pops (Net nucleotide distance),
computed using point estimates of P.

      1       2       3       4       5       6       7      
 1      -    0.0297  0.0298  0.0308  0.0082  0.0116  0.0069  
 2   0.0297     -    0.0314  0.0328  0.0309  0.0414  0.0347  
 3   0.0298  0.0314     -    0.0216  0.0306  0.0370  0.0300  
 4   0.0308  0.0328  0.0216     -    0.0328  0.0376  0.0282  
 5   0.0082  0.0309  0.0306  0.0328     -    0.0198  0.0112  
 6   0.0116  0.0414  0.0370  0.0376  0.0198     -    0.0137  
 7   0.0069  0.0347  0.0300  0.0282  0.0112  0.0137     -    

Average distances (expected heterozygosity) between individuals in same cluster:
cluster  1  : 0.8546 
cluster  2  : 0.8332 
cluster  3  : 0.8107 
cluster  4  : 0.8220 
cluster  5  : 0.8520 
cluster  6  : 0.8318 
cluster  7  : 0.8491 

--------------------------------------------
Estimated Ln Prob of Data   = -47763.4
Mean value of ln likelihood = -46334.6
Variance of ln likelihood   = 2857.7
Mean value of alpha         = 0.0535

Mean value of Fst_1         = 0.0183
Mean value of Fst_2         = 0.0558
Mean value of Fst_3         = 0.0594
Mean value of Fst_4         = 0.0625
Mean value of Fst_5         = 0.0273
Mean value of Fst_6         = 0.0359
Mean value of Fst_7         = 0.0221


Inferred ancestry of individuals:
        Label (%Miss) Pop:  Inferred clusters
  1    C3984    (0)    1 :  0.012 0.098 0.829 0.025 0.014 0.008 0.015 
  2    C3985    (0)    1 :  0.023 0.348 0.488 0.092 0.019 0.017 0.014 
  3    C3986    (0)    1 :  0.012 0.410 0.231 0.309 0.018 0.008 0.012 
  4    C4231    (0)    1 :  0.046 0.253 0.553 0.082 0.019 0.010 0.036 
  5    C4344    (0)    1 :  0.028 0.037 0.236 0.621 0.035 0.017 0.026 
  6    C4347   (18)    1 :  0.017 0.023 0.432 0.448 0.013 0.048 0.020 
  7    C4352   (18)    1 :  0.031 0.148 0.662 0.090 0.031 0.020 0.017 
  8    C4355    (9)    1 :  0.013 0.035 0.743 0.127 0.025 0.016 0.041 
  9    C4358   (18)    1 :  0.379 0.039 0.091 0.016 0.184 0.079 0.211 
 10    C4419    (9)    1 :  0.025 0.094 0.688 0.019 0.021 0.015 0.138 
 11    C4428    (9)    1 :  0.011 0.080 0.691 0.171 0.014 0.016 0.017 
 12    C4436    (0)    1 :  0.012 0.089 0.797 0.063 0.014 0.014 0.011 
 13    C4437   (18)    1 :  0.044 0.261 0.432 0.077 0.032 0.063 0.091 
 14    C4450    (0)    1 :  0.056 0.077 0.591 0.032 0.081 0.051 0.112 
 15    C4531    (0)    1 :  0.027 0.866 0.024 0.009 0.028 0.025 0.021 
 16    C1615    (0)    1 :  0.087 0.218 0.393 0.059 0.080 0.115 0.048 
 17    C1616    (0)    1 :  0.091 0.042 0.232 0.052 0.022 0.135 0.425 
 18    C1617    (9)    1 :  0.013 0.011 0.823 0.101 0.010 0.017 0.025 
 19    C1618    (0)    1 :  0.042 0.334 0.428 0.033 0.106 0.038 0.019 
 20    C1619    (0)    1 :  0.054 0.130 0.501 0.061 0.161 0.053 0.040 
 21    C1620    (9)    1 :  0.052 0.067 0.668 0.030 0.132 0.030 0.021 
 22    C1621    (0)    1 :  0.054 0.026 0.226 0.040 0.049 0.515 0.089 
 23    C1623    (9)    1 :  0.070 0.313 0.043 0.018 0.335 0.162 0.057 
 24    C1625    (0)    1 :  0.053 0.029 0.635 0.055 0.111 0.092 0.023 
 25    C1626    (0)    1 :  0.105 0.021 0.508 0.029 0.038 0.091 0.208 
 26    C1627    (9)    1 :  0.016 0.024 0.869 0.022 0.020 0.032 0.016 
 27    C1633    (0)    1 :  0.009 0.010 0.935 0.013 0.010 0.012 0.011 
 28    C1637    (0)    1 :  0.020 0.016 0.876 0.035 0.012 0.021 0.021 
 29    C1650    (0)    1 :  0.020 0.601 0.212 0.084 0.014 0.035 0.033 
 30    C3202    (0)    1 :  0.009 0.012 0.014 0.930 0.010 0.016 0.009 
 31    C3248    (0)    1 :  0.018 0.010 0.822 0.108 0.015 0.013 0.014 
 32    C3304    (9)    1 :  0.012 0.012 0.264 0.612 0.015 0.013 0.072 
 33    C3326    (0)    1 :  0.162 0.088 0.190 0.397 0.029 0.027 0.107 
 34    C3333    (0)    1 :  0.014 0.011 0.023 0.905 0.013 0.017 0.018 
 35    C3339   (18)    1 :  0.020 0.012 0.704 0.153 0.037 0.016 0.059 
 36    C3346    (0)    1 :  0.008 0.011 0.012 0.943 0.011 0.007 0.008 
 37    C3349    (0)    1 :  0.041 0.017 0.090 0.724 0.037 0.018 0.073 
 38    C3367   (18)    1 :  0.017 0.036 0.035 0.851 0.016 0.023 0.022 
 39    C3374    (0)    1 :  0.008 0.015 0.926 0.027 0.010 0.006 0.008 
 40    C3405    (0)    1 :  0.023 0.022 0.109 0.725 0.049 0.014 0.058 
 41    C4543    (0)    2 :  0.011 0.873 0.024 0.050 0.015 0.009 0.019 
 42    C4545    (9)    2 :  0.010 0.903 0.032 0.016 0.025 0.006 0.008 
 43    C4551    (9)    2 :  0.209 0.556 0.115 0.015 0.052 0.021 0.032 
 44    C4491    (0)    2 :  0.097 0.540 0.158 0.065 0.062 0.028 0.050 
 45    C4494    (0)    2 :  0.011 0.109 0.118 0.728 0.013 0.009 0.012 
 46    C4495    (0)    2 :  0.097 0.048 0.032 0.734 0.058 0.016 0.014 
 47    C4497    (9)    2 :  0.021 0.025 0.858 0.051 0.016 0.011 0.018 
 48    C4501    (0)    2 :  0.037 0.045 0.713 0.020 0.024 0.012 0.149 
 49    C4502    (0)    2 :  0.012 0.177 0.649 0.059 0.071 0.012 0.021 
 50    C4503    (0)    2 :  0.017 0.869 0.010 0.010 0.070 0.014 0.010 
 51    C4504    (0)    2 :  0.077 0.085 0.153 0.144 0.347 0.071 0.125 
 52    C4470    (0)    2 :  0.102 0.147 0.621 0.027 0.032 0.026 0.044 
 53    C4471    (0)    2 :  0.015 0.720 0.167 0.036 0.022 0.012 0.028 
 54    C4474    (9)    2 :  0.032 0.900 0.011 0.008 0.016 0.018 0.014 
 55    C4476    (0)    2 :  0.012 0.093 0.840 0.021 0.014 0.010 0.011 
 56    C4478    (0)    2 :  0.012 0.539 0.062 0.224 0.094 0.011 0.057 
 57    C4479    (0)    2 :  0.018 0.089 0.710 0.103 0.011 0.053 0.016 
 58    C4482    (0)    2 :  0.055 0.311 0.119 0.296 0.012 0.132 0.075 
 59    C4483    (0)    2 :  0.011 0.935 0.008 0.008 0.014 0.011 0.014 
 60    C4484    (0)    2 :  0.038 0.501 0.089 0.206 0.065 0.026 0.075 
 61    C4485    (0)    2 :  0.080 0.061 0.256 0.434 0.038 0.053 0.078 
 62    C4489    (0)    2 :  0.017 0.211 0.529 0.153 0.028 0.019 0.041 
 63    C4505    (0)    2 :  0.024 0.071 0.839 0.021 0.015 0.013 0.017 
 64    C4507    (0)    2 :  0.052 0.253 0.478 0.014 0.129 0.011 0.062 
 65    C4535    (0)    2 :  0.025 0.884 0.015 0.015 0.018 0.024 0.020 
 66    C4542    (0)    2 :  0.239 0.231 0.021 0.022 0.036 0.026 0.425 
 67    C4553    (9)    2 :  0.045 0.689 0.122 0.094 0.014 0.017 0.019 
 68    C4562   (18)    2 :  0.049 0.587 0.220 0.053 0.050 0.024 0.018 
 69    C4582   (18)    2 :  0.024 0.795 0.066 0.038 0.021 0.031 0.024 
 70    C4693    (0)    2 :  0.010 0.899 0.030 0.028 0.009 0.012 0.011 
 71    C4696    (0)    2 :  0.115 0.526 0.214 0.042 0.052 0.026 0.025 
 72    C3179    (0)    2 :  0.023 0.013 0.130 0.755 0.048 0.013 0.019 
 73    C3181    (0)    2 :  0.026 0.021 0.441 0.421 0.018 0.023 0.049 
 74    C3188    (0)    2 :  0.027 0.020 0.727 0.139 0.030 0.024 0.032 
 75    C3190    (0)    2 :  0.018 0.021 0.013 0.873 0.013 0.019 0.043 
 76    C3193    (0)    2 :  0.022 0.014 0.671 0.237 0.009 0.032 0.015 
 77    C3232    (0)    2 :  0.010 0.070 0.761 0.126 0.012 0.009 0.012 
 78    C3236    (0)    2 :  0.010 0.032 0.058 0.874 0.008 0.009 0.009 
 79    C3249    (0)    2 :  0.031 0.026 0.422 0.401 0.032 0.036 0.052 
 80    C3250    (0)    2 :  0.009 0.014 0.914 0.032 0.007 0.010 0.013 
 81    C3253    (0)    2 :  0.010 0.012 0.940 0.010 0.008 0.011 0.009 
 82    C3255    (0)    2 :  0.013 0.035 0.575 0.343 0.011 0.011 0.012 
 83    C3277    (0)    2 :  0.067 0.025 0.668 0.064 0.036 0.070 0.070 
 84    C3315    (0)    2 :  0.082 0.141 0.405 0.018 0.115 0.145 0.093 
 85    C3288    (0)    2 :  0.013 0.020 0.025 0.891 0.016 0.023 0.012 
 86    C3293    (0)    2 :  0.039 0.046 0.019 0.786 0.035 0.031 0.044 
 87    C4018    (0)    3 :  0.010 0.415 0.047 0.494 0.009 0.008 0.018 
 88    C3980    (0)    3 :  0.012 0.886 0.021 0.047 0.010 0.011 0.013 
 89    C3987    (0)    3 :  0.010 0.867 0.063 0.027 0.011 0.010 0.012 
 90    C3988    (0)    3 :  0.018 0.618 0.219 0.110 0.013 0.012 0.011 
 91    C3989    (0)    3 :  0.055 0.023 0.038 0.811 0.010 0.008 0.055 
 92    C4011    (0)    3 :  0.007 0.501 0.207 0.267 0.007 0.005 0.007 
 93    C4017    (0)    3 :  0.007 0.937 0.016 0.020 0.007 0.006 0.007 
 94    C4296    (0)    3 :  0.244 0.056 0.463 0.032 0.070 0.046 0.089 
 95    C4301    (9)    3 :  0.024 0.010 0.010 0.104 0.045 0.019 0.788 
 96    C4303    (0)    3 :  0.042 0.014 0.044 0.554 0.034 0.276 0.036 
 97    C4453    (0)    3 :  0.012 0.056 0.074 0.737 0.057 0.040 0.025 
 98    C4455    (9)    3 :  0.011 0.024 0.011 0.904 0.014 0.024 0.012 
 99    C4456   (18)    3 :  0.020 0.203 0.017 0.520 0.117 0.080 0.043 
100    C4457    (9)    3 :  0.037 0.021 0.065 0.720 0.027 0.059 0.072 
101    C4459    (9)    3 :  0.027 0.196 0.296 0.431 0.012 0.021 0.018 
102    C4464   (18)    3 :  0.011 0.032 0.284 0.645 0.010 0.008 0.010 
103    C4468    (9)    3 :  0.016 0.034 0.680 0.187 0.016 0.048 0.018 
104    C4783    (0)    3 :  0.028 0.295 0.008 0.632 0.011 0.013 0.013 
105    C4786    (0)    3 :  0.012 0.099 0.035 0.818 0.010 0.010 0.016 
106    C4789    (9)    3 :  0.015 0.217 0.134 0.568 0.009 0.010 0.046 
107    C4891    (0)    3 :  0.026 0.029 0.011 0.899 0.015 0.009 0.011 
108    C4896    (0)    3 :  0.021 0.243 0.013 0.639 0.017 0.031 0.036 
109    C4898    (0)    3 :  0.024 0.468 0.040 0.423 0.016 0.016 0.013 
110    C4901    (0)    3 :  0.009 0.095 0.014 0.852 0.007 0.010 0.013 
111    C4903    (9)    3 :  0.015 0.038 0.014 0.875 0.012 0.022 0.024 
112    C4904    (0)    3 :  0.028 0.315 0.021 0.598 0.012 0.009 0.016 
113    C3263    (0)    3 :  0.016 0.012 0.629 0.137 0.173 0.022 0.012 
114    C3271    (0)    3 :  0.023 0.011 0.875 0.037 0.022 0.011 0.022 
115    C3272    (0)    3 :  0.022 0.013 0.860 0.039 0.017 0.010 0.039 
116    C3276    (0)    3 :  0.042 0.024 0.026 0.465 0.084 0.030 0.330 
117    C3280    (9)    3 :  0.051 0.024 0.750 0.022 0.100 0.023 0.029 
118    C3305    (9)    3 :  0.009 0.011 0.944 0.009 0.008 0.008 0.011 
119    C3306    (0)    3 :  0.032 0.014 0.780 0.053 0.079 0.020 0.022 
120    C3324    (0)    3 :  0.063 0.013 0.731 0.014 0.144 0.014 0.021 
121    C3329    (0)    3 :  0.086 0.130 0.544 0.085 0.071 0.031 0.052 
122    C3336    (0)    3 :  0.031 0.022 0.806 0.070 0.015 0.016 0.039 
123    C3341   (18)    3 :  0.050 0.074 0.071 0.029 0.714 0.032 0.031 
124    C3409   (18)    3 :  0.069 0.086 0.459 0.177 0.060 0.047 0.102 
125    C3168    (9)    3 :  0.009 0.013 0.011 0.942 0.009 0.008 0.009 
126    C3170    (0)    3 :  0.011 0.012 0.039 0.900 0.011 0.008 0.019 
127    C3214   (18)    3 :  0.015 0.023 0.139 0.558 0.012 0.037 0.216 
128    C3227    (0)    3 :  0.008 0.010 0.010 0.939 0.007 0.011 0.014 
129    C3228    (0)    3 :  0.035 0.078 0.743 0.036 0.036 0.036 0.036 
130    C3278    (0)    3 :  0.012 0.006 0.009 0.934 0.011 0.010 0.018 
131    C3279    (0)    3 :  0.030 0.008 0.017 0.881 0.012 0.013 0.039 
132    C3321    (0)    3 :  0.006 0.013 0.011 0.953 0.006 0.006 0.006 
133    C3322    (0)    3 :  0.036 0.028 0.011 0.846 0.011 0.047 0.022 
134    C3303    (0)    3 :  0.040 0.014 0.040 0.816 0.033 0.015 0.042 
135    C3317    (0)    3 :  0.016 0.016 0.883 0.041 0.019 0.015 0.012 
136    C3355    (0)    3 :  0.016 0.036 0.271 0.635 0.020 0.011 0.010 
137    C3376    (9)    3 :  0.027 0.028 0.598 0.241 0.018 0.019 0.069 
138    C3401    (0)    3 :  0.025 0.022 0.816 0.067 0.021 0.022 0.026 
139    C3203    (9)    3 :  0.018 0.031 0.228 0.542 0.061 0.047 0.073 
140    C3245    (0)    3 :  0.014 0.009 0.034 0.894 0.011 0.020 0.019 
141    C3302    (0)    3 :  0.016 0.008 0.012 0.925 0.014 0.013 0.013 
142    C3307    (0)    3 :  0.037 0.126 0.062 0.531 0.148 0.083 0.014 
143    C3310    (0)    3 :  0.010 0.008 0.008 0.942 0.013 0.008 0.010 
144    C3312    (9)    3 :  0.054 0.040 0.451 0.379 0.022 0.035 0.018 
145    C3345    (0)    3 :  0.010 0.013 0.017 0.918 0.020 0.011 0.011 
146    C3371    (0)    3 :  0.011 0.007 0.014 0.916 0.033 0.010 0.009 
147    C3372    (0)    3 :  0.023 0.022 0.145 0.713 0.052 0.024 0.020 
148    C3380    (9)    3 :  0.006 0.014 0.015 0.944 0.006 0.007 0.008 
149    C3417    (0)    3 :  0.033 0.062 0.034 0.631 0.182 0.025 0.033 
150    C4569    (9)    4 :  0.099 0.564 0.053 0.014 0.097 0.037 0.137 
151    C4570    (9)    4 :  0.013 0.884 0.052 0.017 0.012 0.011 0.012 
152    C4571    (9)    4 :  0.014 0.602 0.283 0.036 0.016 0.027 0.022 
153    C4572    (9)    4 :  0.013 0.898 0.033 0.013 0.013 0.018 0.012 
154    C4573    (9)    4 :  0.073 0.154 0.133 0.014 0.040 0.449 0.137 
155    C4575    (9)    4 :  0.019 0.809 0.032 0.021 0.023 0.062 0.034 
156    C4577    (9)    4 :  0.014 0.922 0.024 0.014 0.009 0.007 0.010 
157    C4578    (9)    4 :  0.042 0.750 0.052 0.021 0.023 0.050 0.062 
158    C4600   (18)    4 :  0.304 0.446 0.065 0.041 0.029 0.036 0.078 
159    C4612    (9)    4 :  0.016 0.874 0.013 0.016 0.011 0.013 0.057 
160    C4621    (0)    4 :  0.009 0.802 0.051 0.102 0.006 0.017 0.013 
161    C4622    (9)    4 :  0.012 0.903 0.013 0.047 0.008 0.009 0.008 
162    C4623    (0)    4 :  0.046 0.268 0.122 0.160 0.298 0.051 0.057 
163    C4624    (0)    4 :  0.019 0.873 0.030 0.015 0.016 0.033 0.014 
164    C4625    (0)    4 :  0.101 0.140 0.152 0.017 0.018 0.495 0.077 
165    C4627    (0)    4 :  0.014 0.737 0.025 0.144 0.023 0.029 0.028 
166    C4631    (0)    4 :  0.017 0.862 0.010 0.010 0.076 0.014 0.010 
167    C4632    (0)    4 :  0.020 0.795 0.091 0.046 0.015 0.019 0.015 
168    C3939    (0)    4 :  0.017 0.770 0.025 0.147 0.010 0.009 0.021 
169    C3940    (0)    4 :  0.045 0.767 0.014 0.059 0.019 0.008 0.088 
170    C3945    (0)    4 :  0.022 0.788 0.051 0.112 0.010 0.007 0.010 
171    C4520    (0)    4 :  0.155 0.033 0.138 0.078 0.075 0.037 0.483 
172    C4522    (0)    4 :  0.012 0.447 0.046 0.459 0.012 0.010 0.014 
173    C3182    (0)    4 :  0.018 0.036 0.080 0.809 0.028 0.012 0.017 
174    C3189    (0)    4 :  0.064 0.024 0.586 0.069 0.029 0.155 0.072 
175    C3191    (9)    4 :  0.018 0.018 0.688 0.163 0.029 0.060 0.023 
176    C3196    (0)    4 :  0.019 0.014 0.099 0.800 0.015 0.025 0.028 
177    C3208    (0)    4 :  0.029 0.201 0.034 0.606 0.044 0.046 0.039 
178    C3211    (0)    4 :  0.013 0.015 0.015 0.923 0.010 0.009 0.014 
179    C3212    (0)    4 :  0.106 0.050 0.103 0.134 0.120 0.010 0.478 
180    C3213    (0)    4 :  0.017 0.007 0.016 0.916 0.016 0.010 0.018 
181    C3215    (0)    4 :  0.014 0.016 0.008 0.903 0.010 0.037 0.013 
182    C3217    (0)    4 :  0.030 0.019 0.388 0.477 0.041 0.014 0.030 
183    C3225    (9)    4 :  0.045 0.022 0.559 0.260 0.026 0.035 0.053 
184    C3226    (0)    4 :  0.010 0.066 0.168 0.723 0.012 0.011 0.009 
185    C3238    (9)    4 :  0.014 0.078 0.054 0.804 0.011 0.019 0.020 
186    C3239    (0)    4 :  0.013 0.021 0.775 0.129 0.025 0.013 0.024 
187    C3269   (18)    4 :  0.037 0.137 0.484 0.049 0.027 0.141 0.124 
188    C3273    (0)    4 :  0.015 0.021 0.503 0.377 0.010 0.043 0.031 
189    C3274    (0)    4 :  0.174 0.054 0.025 0.549 0.015 0.021 0.160 
190    C3354    (0)    4 :  0.024 0.020 0.135 0.772 0.012 0.017 0.019 
191    C3361    (0)    4 :  0.016 0.027 0.036 0.875 0.010 0.015 0.020 
192    C3289    (0)    4 :  0.011 0.010 0.015 0.929 0.010 0.013 0.013 
193    C3169    (0)    4 :  0.009 0.030 0.573 0.350 0.010 0.013 0.015 
194    C3199    (9)    4 :  0.015 0.085 0.117 0.711 0.014 0.037 0.022 
195    C3224    (0)    4 :  0.013 0.011 0.131 0.795 0.011 0.020 0.019 
196    C3261   (18)    4 :  0.017 0.029 0.150 0.766 0.016 0.008 0.014 
197    C3320    (0)    4 :  0.036 0.037 0.112 0.746 0.016 0.025 0.028 
198    C4151    (0)    5 :  0.009 0.917 0.028 0.021 0.008 0.008 0.009 
199    C4152    (0)    5 :  0.010 0.783 0.148 0.015 0.012 0.014 0.017 
200    C4153    (0)    5 :  0.023 0.307 0.127 0.462 0.014 0.023 0.045 
201    C4154   (18)    5 :  0.039 0.484 0.124 0.291 0.024 0.010 0.028 
202    C4157    (0)    5 :  0.082 0.077 0.754 0.030 0.017 0.018 0.022 
203    C4158    (0)    5 :  0.008 0.928 0.021 0.019 0.007 0.010 0.007 
204    C4163    (0)    5 :  0.007 0.926 0.025 0.021 0.007 0.007 0.007 
205    C4165    (0)    5 :  0.265 0.292 0.047 0.102 0.226 0.048 0.021 
206    C4248    (9)    5 :  0.028 0.021 0.594 0.298 0.016 0.022 0.021 
207    C4371    (9)    5 :  0.016 0.055 0.854 0.017 0.029 0.015 0.016 
208    C3936    (0)    5 :  0.021 0.866 0.042 0.031 0.016 0.011 0.012 
209    C3937    (0)    5 :  0.010 0.891 0.023 0.045 0.010 0.012 0.009 
210    C3944    (0)    5 :  0.008 0.662 0.217 0.087 0.011 0.007 0.008 
211    C3954    (0)    5 :  0.010 0.044 0.803 0.086 0.008 0.033 0.017 
212    C3955    (9)    5 :  0.018 0.276 0.249 0.391 0.009 0.029 0.029 
213    C3961    (0)    5 :  0.017 0.655 0.053 0.186 0.056 0.012 0.020 
214    C3974    (0)    5 :  0.020 0.821 0.042 0.045 0.017 0.021 0.036 
215    C4024    (0)    5 :  0.027 0.182 0.608 0.066 0.078 0.014 0.024 
216    C4025    (0)    5 :  0.010 0.878 0.050 0.010 0.025 0.014 0.012 
217    C4028    (0)    5 :  0.044 0.689 0.090 0.049 0.024 0.061 0.045 
218    C4032   (18)    5 :  0.009 0.040 0.894 0.025 0.009 0.012 0.011 
219    C4033   (18)    5 :  0.015 0.026 0.317 0.602 0.013 0.016 0.012 
220    C4034    (0)    5 :  0.081 0.039 0.447 0.278 0.096 0.021 0.038 
221    C4041    (9)    5 :  0.040 0.027 0.645 0.050 0.103 0.015 0.119 
222    C4043    (9)    5 :  0.019 0.162 0.647 0.118 0.020 0.018 0.017 
223    C4044    (9)    5 :  0.071 0.105 0.090 0.121 0.476 0.074 0.062 
224    C4045    (9)    5 :  0.033 0.092 0.619 0.187 0.014 0.038 0.018 
225    C4046    (9)    5 :  0.017 0.031 0.785 0.104 0.030 0.022 0.011 
226    C4047    (0)    5 :  0.043 0.014 0.026 0.836 0.015 0.037 0.028 
227    C4048    (9)    5 :  0.052 0.017 0.092 0.697 0.052 0.054 0.037 
228    C4055    (9)    5 :  0.030 0.042 0.820 0.026 0.019 0.035 0.027 
229    C4057   (18)    5 :  0.012 0.013 0.884 0.039 0.029 0.009 0.013 
230    C4059    (0)    5 :  0.014 0.039 0.700 0.185 0.012 0.026 0.025 
231    C4060    (9)    5 :  0.028 0.064 0.687 0.132 0.019 0.020 0.051 
232    C4064    (9)    5 :  0.124 0.044 0.515 0.025 0.020 0.231 0.041 
233    C4067    (0)    5 :  0.027 0.021 0.040 0.770 0.049 0.074 0.019 
234    C4068    (9)    5 :  0.024 0.033 0.043 0.831 0.018 0.029 0.022 
235    C4070    (9)    5 :  0.051 0.134 0.171 0.439 0.157 0.028 0.021 
236    C4075   (18)    5 :  0.017 0.023 0.044 0.858 0.022 0.014 0.023 
237    C4081    (9)    5 :  0.036 0.020 0.838 0.042 0.020 0.022 0.022 
238    C4082    (0)    5 :  0.020 0.057 0.063 0.784 0.016 0.031 0.030 
239    C4083    (0)    5 :  0.181 0.143 0.314 0.043 0.221 0.054 0.044 
240    C4086    (0)    5 :  0.023 0.025 0.664 0.107 0.014 0.140 0.027 
241    C4088    (9)    5 :  0.025 0.034 0.034 0.020 0.009 0.858 0.019 
242    C4092    (0)    5 :  0.019 0.079 0.777 0.042 0.054 0.009 0.020 
243    C4099    (9)    5 :  0.032 0.028 0.603 0.130 0.072 0.028 0.106 
244    C4104    (0)    5 :  0.036 0.251 0.171 0.421 0.071 0.026 0.023 
245    C4108   (18)    5 :  0.375 0.010 0.011 0.019 0.038 0.198 0.350 
246    C4118    (0)    5 :  0.061 0.021 0.809 0.011 0.018 0.034 0.046 
247    C4131    (0)    5 :  0.045 0.467 0.268 0.095 0.021 0.082 0.022 
248    C4133    (0)    5 :  0.012 0.012 0.918 0.023 0.009 0.011 0.014 
249    C4135    (0)    5 :  0.013 0.153 0.686 0.124 0.009 0.006 0.010 
250    C4136    (0)    5 :  0.069 0.624 0.027 0.040 0.027 0.131 0.082 
251    C4137    (9)    5 :  0.034 0.209 0.670 0.030 0.019 0.019 0.019 
252    C4139    (0)    5 :  0.014 0.831 0.079 0.045 0.010 0.007 0.013 
253    C4140    (9)    5 :  0.032 0.611 0.230 0.084 0.017 0.011 0.013 
254    C4167    (0)    5 :  0.039 0.741 0.135 0.015 0.027 0.029 0.015 
255    C4236    (0)    5 :  0.051 0.017 0.794 0.040 0.033 0.038 0.028 
256    C4237    (0)    5 :  0.053 0.052 0.071 0.013 0.026 0.691 0.092 
257    C4238    (0)    5 :  0.023 0.071 0.503 0.289 0.017 0.065 0.032 
258    C4241    (0)    5 :  0.035 0.038 0.501 0.356 0.024 0.017 0.028 
259    C4247    (9)    5 :  0.031 0.060 0.429 0.055 0.140 0.252 0.032 
260    C4257    (0)    5 :  0.016 0.036 0.176 0.678 0.020 0.027 0.047 
261    C4383    (0)    5 :  0.057 0.132 0.405 0.042 0.233 0.064 0.068 
262    C4397    (9)    5 :  0.011 0.026 0.927 0.012 0.007 0.009 0.008 
263    C4514    (0)    5 :  0.012 0.770 0.138 0.033 0.020 0.015 0.013 
264    C4519    (0)    5 :  0.017 0.361 0.034 0.424 0.015 0.008 0.140 
265    C4527    (0)    5 :  0.017 0.142 0.053 0.748 0.015 0.011 0.013 
266    C4534    (0)    5 :  0.026 0.075 0.098 0.661 0.065 0.019 0.057 
267    C4699    (0)    5 :  0.027 0.727 0.022 0.114 0.027 0.068 0.014 
268    C1541    (9)    5 :  0.013 0.014 0.183 0.759 0.011 0.012 0.010 
269    C1542    (9)    5 :  0.014 0.011 0.080 0.858 0.011 0.015 0.011 
270    C1544    (0)    5 :  0.025 0.025 0.580 0.272 0.014 0.057 0.028 
271    C1547    (9)    5 :  0.106 0.055 0.130 0.106 0.207 0.195 0.201 
272    C1553    (9)    5 :  0.227 0.213 0.080 0.075 0.144 0.100 0.160 
273    C1555    (9)    5 :  0.023 0.016 0.873 0.024 0.011 0.021 0.031 
274    C1557    (0)    5 :  0.017 0.025 0.888 0.021 0.014 0.023 0.012 
275    C1560    (0)    5 :  0.017 0.014 0.856 0.046 0.015 0.013 0.038 
276    C1565    (0)    5 :  0.073 0.040 0.307 0.471 0.066 0.016 0.027 
277    C1567    (0)    5 :  0.025 0.032 0.781 0.044 0.029 0.037 0.051 
278    C1569    (0)    5 :  0.018 0.036 0.790 0.104 0.020 0.016 0.016 
279    C1571    (0)    5 :  0.044 0.043 0.237 0.433 0.037 0.104 0.102 
280    C1576    (0)    5 :  0.021 0.127 0.637 0.074 0.023 0.089 0.029 
281    C1577    (9)    5 :  0.023 0.018 0.144 0.732 0.015 0.035 0.034 
282    C1579    (0)    5 :  0.032 0.020 0.554 0.341 0.015 0.019 0.019 
283    C3990    (0)    6 :  0.007 0.884 0.041 0.045 0.008 0.007 0.007 
284    C3991    (0)    6 :  0.026 0.792 0.037 0.041 0.039 0.039 0.026 
285    C3992    (0)    6 :  0.031 0.765 0.029 0.065 0.011 0.028 0.070 
286    C3994    (0)    6 :  0.040 0.168 0.346 0.216 0.128 0.042 0.059 
287    C4172    (0)    6 :  0.042 0.771 0.009 0.020 0.041 0.052 0.066 
288    C4173    (9)    6 :  0.014 0.814 0.012 0.025 0.113 0.010 0.012 
289    C4232    (9)    6 :  0.008 0.012 0.186 0.769 0.008 0.008 0.009 
290    C4234    (9)    6 :  0.011 0.012 0.511 0.433 0.009 0.011 0.011 
291    C4259    (0)    6 :  0.010 0.017 0.847 0.097 0.010 0.010 0.009 
292    C4260    (0)    6 :  0.008 0.019 0.030 0.919 0.007 0.007 0.011 
293    C4261    (9)    6 :  0.081 0.027 0.018 0.756 0.058 0.032 0.029 
294    C4262    (0)    6 :  0.038 0.242 0.533 0.079 0.062 0.012 0.034 
295    C4263    (0)    6 :  0.026 0.030 0.743 0.101 0.027 0.062 0.012 
296    C4267    (9)    6 :  0.021 0.222 0.545 0.146 0.015 0.037 0.015 
297    C4269    (0)    6 :  0.042 0.151 0.422 0.302 0.040 0.024 0.019 
298    C4272    (0)    6 :  0.013 0.011 0.932 0.013 0.011 0.008 0.013 
299    C4274    (0)    6 :  0.026 0.025 0.472 0.063 0.013 0.014 0.387 
300    C4276    (9)    6 :  0.020 0.010 0.052 0.035 0.028 0.080 0.775 
301    C4278    (0)    6 :  0.033 0.055 0.737 0.063 0.035 0.021 0.056 
302    C4280    (0)    6 :  0.046 0.094 0.113 0.680 0.018 0.014 0.036 
303    C4281    (0)    6 :  0.015 0.027 0.866 0.045 0.016 0.019 0.012 
304    C4282    (0)    6 :  0.176 0.014 0.152 0.189 0.367 0.070 0.031 
305    C4284    (9)    6 :  0.009 0.100 0.817 0.049 0.009 0.008 0.008 
306    C4286    (9)    6 :  0.043 0.272 0.120 0.433 0.029 0.025 0.079 
307    C4287    (0)    6 :  0.072 0.118 0.159 0.476 0.072 0.012 0.092 
308    C4290    (0)    6 :  0.067 0.097 0.152 0.015 0.119 0.227 0.322 
309    C4307   (18)    6 :  0.027 0.036 0.124 0.745 0.031 0.013 0.024 
310    C4310    (9)    6 :  0.018 0.048 0.585 0.212 0.015 0.070 0.051 
311    C4311   (18)    6 :  0.028 0.019 0.212 0.628 0.026 0.021 0.066 
312    C4312    (0)    6 :  0.012 0.014 0.382 0.548 0.015 0.018 0.011 
313    C4314    (0)    6 :  0.034 0.045 0.638 0.091 0.012 0.157 0.023 
314    C4318    (9)    6 :  0.031 0.035 0.799 0.045 0.038 0.009 0.043 
315    C4321    (9)    6 :  0.022 0.042 0.296 0.495 0.058 0.014 0.073 
316    C4324    (0)    6 :  0.022 0.107 0.720 0.075 0.038 0.012 0.026 
317    C4334    (0)    6 :  0.011 0.021 0.876 0.027 0.040 0.010 0.016 
318    C4529    (0)    6 :  0.030 0.042 0.438 0.376 0.037 0.052 0.025 
319    C1582    (9)    6 :  0.013 0.053 0.780 0.114 0.013 0.013 0.014 
320    C1583    (0)    6 :  0.026 0.032 0.673 0.160 0.018 0.060 0.032 
321    C1584    (9)    6 :  0.015 0.024 0.863 0.039 0.010 0.023 0.026 
322    C1585    (0)    6 :  0.007 0.017 0.929 0.016 0.007 0.013 0.011 
323    C1586    (0)    6 :  0.022 0.023 0.813 0.052 0.057 0.021 0.012 
324    C1589    (0)    6 :  0.010 0.128 0.767 0.061 0.012 0.011 0.011 
325    C1591    (0)    6 :  0.007 0.028 0.900 0.034 0.009 0.009 0.011 
326    C1592    (0)    6 :  0.024 0.019 0.829 0.062 0.025 0.016 0.024 
327    C1594    (0)    6 :  0.019 0.037 0.723 0.130 0.015 0.058 0.018 
328    C1597    (9)    6 :  0.054 0.031 0.269 0.527 0.032 0.031 0.056 
329    C1598    (9)    6 :  0.023 0.199 0.567 0.127 0.018 0.046 0.019 
330    C1599    (0)    6 :  0.016 0.011 0.614 0.305 0.010 0.011 0.033 
331    C1601    (0)    6 :  0.067 0.303 0.174 0.323 0.034 0.069 0.030 
332    C1605    (0)    6 :  0.101 0.086 0.151 0.094 0.053 0.117 0.399 
333    C1609    (0)    6 :  0.009 0.018 0.924 0.024 0.009 0.008 0.009 
334    C1610    (0)    6 :  0.122 0.015 0.237 0.378 0.015 0.097 0.135 
335    C1611    (0)    6 :  0.015 0.009 0.038 0.866 0.047 0.011 0.014 
336    C1612    (0)    6 :  0.008 0.009 0.056 0.903 0.007 0.010 0.008 
337    C1613    (0)    6 :  0.023 0.042 0.241 0.560 0.060 0.042 0.032 
338    C3173    (9)    6 :  0.078 0.029 0.527 0.224 0.056 0.036 0.051 
339    C3204    (0)    6 :  0.015 0.016 0.035 0.881 0.014 0.020 0.018 
340    C3223    (9)    6 :  0.039 0.017 0.025 0.551 0.075 0.016 0.276 
341    C3262    (0)    6 :  0.027 0.031 0.594 0.192 0.029 0.075 0.052 
342    C3270    (0)    6 :  0.023 0.045 0.290 0.592 0.015 0.015 0.019 
343    C3300    (0)    6 :  0.010 0.061 0.672 0.226 0.009 0.008 0.014 
344    C3330    (0)    6 :  0.045 0.147 0.548 0.173 0.026 0.015 0.046 
345    C3390    (9)    6 :  0.019 0.019 0.600 0.309 0.021 0.015 0.017 
346    C3424    (9)    6 :  0.041 0.030 0.314 0.536 0.016 0.015 0.048 
347    C3958    (0)    6 :  0.014 0.855 0.078 0.024 0.013 0.007 0.010 
348    C3962    (0)    6 :  0.020 0.894 0.043 0.018 0.011 0.006 0.009 
349    C4019    (0)    6 :  0.695 0.085 0.018 0.012 0.058 0.041 0.092 
350    C3995   (18)    6 :  0.018 0.848 0.020 0.052 0.034 0.016 0.012 
351    C4000    (0)    6 :  0.124 0.562 0.033 0.143 0.084 0.016 0.039 
352    C4002    (0)    6 :  0.028 0.749 0.039 0.135 0.022 0.015 0.012 
353    C1692    (0)    7 :  0.279 0.154 0.020 0.029 0.031 0.042 0.445 
354    C1693    (0)    7 :  0.072 0.046 0.103 0.156 0.162 0.019 0.441 
355    C1694    (0)    7 :  0.114 0.020 0.099 0.047 0.342 0.162 0.215 
356    C1698    (0)    7 :  0.384 0.010 0.043 0.008 0.197 0.086 0.273 
357    C1699    (0)    7 :  0.132 0.027 0.026 0.031 0.081 0.512 0.191 
358    C1700    (0)    7 :  0.386 0.091 0.062 0.042 0.215 0.071 0.132 
359    C1701    (0)    7 :  0.496 0.013 0.023 0.013 0.035 0.297 0.123 
360    C1702    (0)    7 :  0.501 0.020 0.012 0.014 0.075 0.094 0.283 
361    C1703    (0)    7 :  0.380 0.028 0.015 0.010 0.371 0.086 0.110 
362    C1704    (0)    7 :  0.102 0.025 0.506 0.019 0.227 0.027 0.094 
363    C1705    (0)    7 :  0.038 0.331 0.014 0.012 0.390 0.017 0.198 
364    C1706    (0)    7 :  0.186 0.012 0.017 0.017 0.074 0.415 0.279 
365    C1707    (0)    7 :  0.053 0.021 0.255 0.132 0.046 0.196 0.298 
366    C1708    (0)    7 :  0.108 0.013 0.020 0.016 0.789 0.021 0.035 
367    C1709    (0)    7 :  0.091 0.063 0.021 0.022 0.743 0.024 0.036 
368    C1710    (0)    7 :  0.584 0.021 0.042 0.018 0.090 0.082 0.163 
369    C1712    (0)    7 :  0.264 0.031 0.009 0.012 0.632 0.016 0.036 
370    C1714    (0)    7 :  0.042 0.012 0.023 0.008 0.874 0.016 0.025 
371    C1715    (0)    7 :  0.288 0.017 0.020 0.017 0.019 0.139 0.499 
372    C1717    (0)    7 :  0.152 0.016 0.044 0.036 0.084 0.032 0.636 
373    C1718   (18)    7 :  0.593 0.014 0.096 0.013 0.047 0.073 0.164 
374    C1719    (0)    7 :  0.103 0.097 0.053 0.063 0.642 0.021 0.022 
375    C1656    (0)    8 :  0.217 0.059 0.009 0.013 0.070 0.562 0.069 
376    C1657   (18)    8 :  0.115 0.023 0.015 0.038 0.502 0.242 0.066 
377    C1658    (0)    8 :  0.489 0.013 0.009 0.008 0.041 0.141 0.300 
378    C1659    (0)    8 :  0.084 0.018 0.025 0.063 0.017 0.154 0.639 
379    C1661    (9)    8 :  0.467 0.034 0.074 0.037 0.107 0.102 0.179 
380    C1665    (0)    8 :  0.550 0.013 0.018 0.026 0.040 0.206 0.147 
381    C1667    (9)    8 :  0.041 0.005 0.006 0.008 0.907 0.014 0.019 
382    C1676    (9)    8 :  0.592 0.031 0.013 0.013 0.125 0.189 0.038 
383    C1681    (9)    8 :  0.240 0.025 0.056 0.014 0.124 0.297 0.246 
384    C1682    (0)    8 :  0.182 0.020 0.016 0.018 0.601 0.108 0.054 
385    C1685    (0)    8 :  0.763 0.025 0.011 0.048 0.042 0.086 0.025 
386    C4707    (0)    9 :  0.792 0.085 0.035 0.027 0.022 0.022 0.017 
387    C4747    (0)    9 :  0.070 0.113 0.041 0.156 0.499 0.020 0.101 
388    C4772    (0)    9 :  0.172 0.608 0.037 0.054 0.023 0.057 0.049 
389    C4781    (0)    9 :  0.044 0.035 0.087 0.009 0.755 0.015 0.056 
390    C4782    (0)    9 :  0.264 0.118 0.143 0.020 0.186 0.082 0.188 
391    C4787    (0)    9 :  0.078 0.072 0.036 0.017 0.057 0.039 0.701 
392    C4790    (0)    9 :  0.205 0.070 0.025 0.014 0.628 0.036 0.023 
393    C4803    (0)    9 :  0.266 0.114 0.033 0.059 0.106 0.038 0.385 
394    C4813    (0)    9 :  0.042 0.830 0.007 0.019 0.024 0.027 0.050 
395    C4837    (0)    9 :  0.490 0.172 0.023 0.049 0.033 0.030 0.203 
396    C4838    (0)    9 :  0.170 0.087 0.014 0.013 0.051 0.078 0.587 
397    C4843    (0)    9 :  0.533 0.053 0.016 0.063 0.062 0.100 0.173 
398    C4857    (0)    9 :  0.034 0.719 0.102 0.049 0.024 0.031 0.041 
399    C4828    (0)    9 :  0.189 0.037 0.052 0.257 0.071 0.193 0.201 
400    C4835    (0)    9 :  0.056 0.609 0.026 0.020 0.024 0.062 0.204 
401    C4836    (9)    9 :  0.210 0.316 0.035 0.023 0.126 0.033 0.257 
402    C4842    (0)    9 :  0.346 0.040 0.009 0.030 0.143 0.280 0.151 
403    C4863    (9)    9 :  0.110 0.065 0.045 0.014 0.117 0.022 0.628 
404    C4744    (0)    9 :  0.322 0.024 0.010 0.073 0.292 0.146 0.133 
405    C4745    (0)    9 :  0.264 0.076 0.029 0.013 0.034 0.127 0.458 
406    C4768    (0)    9 :  0.320 0.183 0.083 0.024 0.297 0.058 0.036 
407    C4769    (0)    9 :  0.118 0.189 0.010 0.016 0.079 0.488 0.100 
408    C4771    (0)    9 :  0.756 0.023 0.011 0.010 0.065 0.075 0.059 
409    C4784    (0)    9 :  0.068 0.175 0.056 0.019 0.571 0.070 0.042 
410    C4785    (0)    9 :  0.025 0.028 0.030 0.015 0.847 0.035 0.020 
411    C4795    (0)    9 :  0.030 0.080 0.059 0.023 0.686 0.035 0.087 
412    C4796    (0)    9 :  0.691 0.018 0.018 0.011 0.114 0.032 0.116 
413    C4800    (0)    9 :  0.120 0.246 0.018 0.008 0.014 0.016 0.578 
414    C4801    (0)    9 :  0.051 0.478 0.059 0.009 0.064 0.278 0.060 
415    C4802    (0)    9 :  0.060 0.028 0.695 0.022 0.020 0.119 0.056 
416    C4805    (0)    9 :  0.478 0.103 0.023 0.011 0.171 0.176 0.038 
417    C4806    (0)    9 :  0.602 0.058 0.013 0.008 0.018 0.236 0.064 
418    C4850    (0)    9 :  0.385 0.214 0.051 0.095 0.035 0.053 0.167 
419    C4748    (0)   10 :  0.022 0.117 0.009 0.009 0.093 0.686 0.064 
420    C4753    (0)   10 :  0.548 0.041 0.040 0.011 0.146 0.080 0.133 
421    C4754    (0)   10 :  0.641 0.213 0.024 0.011 0.047 0.038 0.027 
422    C4760    (0)   10 :  0.253 0.339 0.082 0.103 0.027 0.019 0.178 
423    C4761    (0)   10 :  0.044 0.400 0.023 0.010 0.092 0.399 0.032 
424    C4762    (0)   10 :  0.047 0.300 0.011 0.026 0.475 0.044 0.097 
425    C4791    (0)   10 :  0.277 0.227 0.013 0.008 0.064 0.038 0.374 
426    C4810    (0)   10 :  0.039 0.026 0.081 0.038 0.019 0.742 0.054 
427    C4812    (0)   10 :  0.273 0.043 0.042 0.054 0.026 0.356 0.207 
428    C4821    (0)   10 :  0.447 0.138 0.033 0.098 0.064 0.032 0.188 
429    C4864    (0)   10 :  0.185 0.672 0.047 0.031 0.020 0.022 0.023 
430    C4866    (0)   10 :  0.063 0.027 0.008 0.063 0.029 0.722 0.088 
431    C1722    (0)   10 :  0.188 0.013 0.052 0.029 0.039 0.438 0.242 
432    C1724    (0)   10 :  0.048 0.017 0.007 0.010 0.012 0.732 0.174 
433    C1725    (0)   10 :  0.139 0.010 0.034 0.081 0.055 0.498 0.182 
434    C1726    (0)   10 :  0.512 0.015 0.012 0.012 0.114 0.075 0.262 
435    C1731    (0)   10 :  0.189 0.047 0.013 0.077 0.114 0.382 0.178 
436    C1733    (9)   10 :  0.078 0.025 0.025 0.025 0.018 0.235 0.595 
437    C1734    (0)   10 :  0.318 0.065 0.013 0.087 0.033 0.050 0.434 
438    C1735    (0)   10 :  0.167 0.008 0.009 0.016 0.031 0.187 0.582 
439    C1738    (0)   10 :  0.083 0.028 0.014 0.078 0.015 0.392 0.391 
440    C1740    (9)   10 :  0.288 0.031 0.041 0.225 0.053 0.158 0.205 
441    C1741    (0)   10 :  0.106 0.196 0.115 0.059 0.174 0.019 0.331 
442    C1742    (0)   10 :  0.864 0.018 0.014 0.018 0.013 0.043 0.030 
443    C1743    (0)   10 :  0.130 0.018 0.019 0.035 0.530 0.105 0.164 
444    C1745    (0)   10 :  0.315 0.041 0.025 0.022 0.026 0.040 0.531 
445    C1746    (0)   10 :  0.219 0.058 0.039 0.034 0.162 0.316 0.173 
446    C1747    (0)   10 :  0.055 0.018 0.253 0.021 0.179 0.296 0.177 
447    C4742    (9)   10 :  0.112 0.703 0.016 0.028 0.072 0.038 0.031 
448    C4752    (0)   10 :  0.018 0.773 0.021 0.059 0.025 0.070 0.034 
449    C4792    (0)   10 :  0.223 0.228 0.076 0.135 0.101 0.157 0.080 
450    C4811    (0)   10 :  0.026 0.814 0.042 0.044 0.018 0.014 0.043 
451    C4814    (0)   10 :  0.120 0.671 0.017 0.035 0.067 0.038 0.052 
452    C4815    (0)   10 :  0.072 0.058 0.057 0.028 0.036 0.020 0.729 
453    C4818    (0)   10 :  0.107 0.207 0.029 0.271 0.069 0.174 0.143 
454    C4819    (0)   10 :  0.185 0.341 0.031 0.086 0.078 0.200 0.080 
455    C4826    (0)   10 :  0.539 0.036 0.010 0.008 0.064 0.055 0.287 
456    C4829    (0)   10 :  0.346 0.020 0.096 0.023 0.317 0.059 0.139 
457    C4830    (0)   10 :  0.729 0.036 0.009 0.026 0.145 0.013 0.043 
458    C4831    (0)   10 :  0.079 0.657 0.107 0.034 0.048 0.057 0.016 
459    C4832    (0)   10 :  0.311 0.071 0.013 0.014 0.415 0.130 0.046 
460    C4858    (0)   10 :  0.046 0.373 0.036 0.008 0.461 0.017 0.058 
461    C4757    (0)   10 :  0.292 0.108 0.038 0.128 0.053 0.171 0.209 
462    C4770    (9)   10 :  0.042 0.040 0.203 0.344 0.061 0.015 0.294 
463    C4808    (0)   10 :  0.588 0.255 0.034 0.013 0.040 0.019 0.052 
464    C4809    (0)   10 :  0.853 0.015 0.010 0.009 0.015 0.055 0.042 
465    C4820    (0)   10 :  0.270 0.039 0.018 0.035 0.309 0.139 0.191 
466    C4824    (0)   10 :  0.272 0.043 0.016 0.008 0.218 0.014 0.430 
467    C4706    (0)   11 :  0.290 0.028 0.009 0.013 0.041 0.277 0.342 
468    C4708    (0)   11 :  0.010 0.902 0.028 0.033 0.009 0.009 0.008 
469    C4709    (0)   11 :  0.044 0.064 0.019 0.019 0.758 0.026 0.071 
470    C4714    (0)   11 :  0.089 0.318 0.057 0.037 0.423 0.032 0.043 
471    C4722    (0)   11 :  0.233 0.164 0.020 0.016 0.400 0.125 0.043 
472    C4726    (0)   11 :  0.131 0.146 0.082 0.076 0.028 0.266 0.272 
473    C4733    (0)   11 :  0.223 0.468 0.080 0.030 0.096 0.081 0.023 
474    C4734    (0)   11 :  0.348 0.203 0.017 0.021 0.053 0.287 0.071 
475    C4737    (0)   11 :  0.063 0.043 0.031 0.008 0.806 0.024 0.025 
476    C4882    (0)   11 :  0.722 0.016 0.010 0.018 0.059 0.084 0.091 
477    C4883    (0)   11 :  0.017 0.173 0.021 0.016 0.750 0.011 0.013 
478    C4702    (9)   11 :  0.233 0.144 0.106 0.071 0.183 0.098 0.165 
479    C4703    (0)   11 :  0.039 0.827 0.025 0.014 0.039 0.020 0.036 
480    C4727    (0)   11 :  0.226 0.084 0.009 0.018 0.157 0.397 0.108 
481    C4732    (0)   11 :  0.070 0.083 0.015 0.018 0.733 0.020 0.060 
482    C4735    (0)   11 :  0.186 0.084 0.026 0.013 0.030 0.018 0.643 
483    C4736    (0)   11 :  0.012 0.898 0.016 0.020 0.028 0.016 0.010 
484    C4746    (0)   11 :  0.111 0.479 0.009 0.024 0.253 0.038 0.086 
485    C4777    (0)   11 :  0.562 0.008 0.018 0.015 0.018 0.068 0.310 
486    C4846    (0)   11 :  0.141 0.387 0.177 0.094 0.091 0.067 0.042 
487    C4847    (0)   11 :  0.644 0.077 0.008 0.015 0.038 0.169 0.048 
488    C4884    (0)   11 :  0.332 0.205 0.023 0.011 0.175 0.030 0.224 
489    C4705    (0)   11 :  0.162 0.294 0.026 0.021 0.015 0.015 0.468 
490    C4711    (0)   11 :  0.081 0.153 0.019 0.016 0.191 0.503 0.037 
491    C4713    (9)   11 :  0.057 0.071 0.019 0.263 0.072 0.109 0.410 
492    C4716    (0)   11 :  0.305 0.243 0.032 0.017 0.129 0.064 0.210 
493    C4717    (0)   11 :  0.047 0.783 0.070 0.015 0.027 0.037 0.022 
494    C4719    (0)   11 :  0.887 0.015 0.015 0.009 0.033 0.026 0.015 
495    C4721    (0)   11 :  0.018 0.882 0.037 0.019 0.015 0.015 0.014 
496    C4729    (0)   11 :  0.438 0.208 0.010 0.018 0.023 0.027 0.276 
497    C4730    (0)   11 :  0.036 0.851 0.016 0.021 0.027 0.027 0.022 
498    C4773    (0)   11 :  0.017 0.878 0.038 0.016 0.009 0.033 0.009 
499    C4861    (0)   11 :  0.833 0.031 0.015 0.017 0.016 0.050 0.039 
500    C4890    (0)   11 :  0.129 0.724 0.021 0.010 0.048 0.018 0.049 
501    C4718    (0)   11 :  0.342 0.109 0.051 0.010 0.189 0.052 0.246 
502    C4724    (0)   11 :  0.091 0.656 0.010 0.021 0.028 0.049 0.145 
503    C4738    (0)   11 :  0.045 0.548 0.019 0.016 0.018 0.337 0.017 
504    C4739    (0)   11 :  0.659 0.055 0.042 0.026 0.034 0.136 0.048 
505    C4844    (0)   11 :  0.338 0.435 0.020 0.049 0.027 0.057 0.074 
