

----------------------------------------------------
STRUCTURE by Pritchard, Stephens and Donnelly (2000)
     and Falush, Stephens and Pritchard (2003)
       Code by Pritchard, Falush and Hubisz
             Version 2.3.4 (Jul 2012)
----------------------------------------------------



Command line arguments:   bin\structure -m C:\Users\eschumacher\Documents\Butternut\butternut_STRUCTURE_withQU\50-50\mainparams -e C:\Users\eschumacher\Documents\Butternut\butternut_STRUCTURE_withQU\50-50\extraparams 
Input File:    C:\Users\eschumacher\Documents\Butternut\butternut_STRUCTURE_withQU\project_data

Run parameters:
   1015 individuals
   11 loci
   5 populations assumed
   50000 Burn-in period
   50000 Reps


--------------------------------------------
Proportion of membership of each pre-defined
 population in each of the 5 clusters

Given    Inferred Clusters                     Number of
 Pop       1      2      3      4      5      Individuals

  1:     0.084  0.286  0.513  0.061  0.056       40
  2:     0.090  0.445  0.366  0.037  0.063       46
  3:     0.066  0.252  0.575  0.043  0.064       63
  4:     0.086  0.391  0.424  0.061  0.039       48
  5:     0.053  0.391  0.423  0.077  0.056       85
  6:     0.076  0.290  0.541  0.045  0.049       70
  7:     0.293  0.066  0.065  0.196  0.380       22
  8:     0.244  0.030  0.030  0.340  0.356       11
  9:     0.249  0.241  0.053  0.213  0.244       33
 10:     0.243  0.221  0.052  0.300  0.183       48
 11:     0.219  0.340  0.045  0.183  0.213       48
 12:     0.852  0.054  0.024  0.042  0.028       13
 13:     0.767  0.047  0.047  0.113  0.025        9
 14:     0.285  0.047  0.073  0.254  0.341       90
 15:     0.173  0.029  0.041  0.110  0.647       63
 16:     0.361  0.049  0.111  0.192  0.288       16
 17:     0.385  0.123  0.126  0.218  0.148       31
 18:     0.053  0.063  0.022  0.789  0.074       16
 19:     0.143  0.041  0.161  0.111  0.545       24
 20:     0.290  0.049  0.104  0.234  0.323       12
 21:     0.234  0.052  0.068  0.295  0.351       54
 22:     0.210  0.066  0.077  0.482  0.165       96
 23:     0.177  0.036  0.070  0.478  0.241       22
 24:     0.097  0.140  0.080  0.635  0.048       23
 25:     0.130  0.034  0.049  0.599  0.187       13
 26:     0.242  0.063  0.096  0.226  0.373       19
--------------------------------------------

Allele-freq. divergence among pops (Net nucleotide distance),
computed using point estimates of P.

      1       2       3       4       5      
 1      -    0.0265  0.0212  0.0084  0.0072  
 2   0.0265     -    0.0246  0.0393  0.0315  
 3   0.0212  0.0246     -    0.0300  0.0273  
 4   0.0084  0.0393  0.0300     -    0.0114  
 5   0.0072  0.0315  0.0273  0.0114     -    

Average distances (expected heterozygosity) between individuals in same cluster:
cluster  1  : 0.8594 
cluster  2  : 0.8319 
cluster  3  : 0.8196 
cluster  4  : 0.8396 
cluster  5  : 0.8533 

--------------------------------------------
Estimated Ln Prob of Data   = -48158.9
Mean value of ln likelihood = -46959.3
Variance of ln likelihood   = 2399.2
Mean value of alpha         = 0.0689

Mean value of Fst_1         = 0.0115
Mean value of Fst_2         = 0.0581
Mean value of Fst_3         = 0.0493
Mean value of Fst_4         = 0.0257
Mean value of Fst_5         = 0.0208


Inferred ancestry of individuals:
        Label (%Miss) Pop:  Inferred clusters
  1    C3984    (0)    1 :  0.040 0.714 0.219 0.011 0.016 
  2    C3985    (0)    1 :  0.017 0.760 0.187 0.019 0.018 
  3    C3986    (0)    1 :  0.011 0.916 0.049 0.009 0.015 
  4    C4231    (0)    1 :  0.114 0.566 0.272 0.024 0.025 
  5    C4344    (0)    1 :  0.025 0.089 0.830 0.019 0.037 
  6    C4347   (18)    1 :  0.017 0.048 0.880 0.040 0.014 
  7    C4352   (18)    1 :  0.028 0.660 0.254 0.024 0.035 
  8    C4355    (9)    1 :  0.048 0.122 0.789 0.017 0.024 
  9    C4358   (18)    1 :  0.331 0.054 0.031 0.118 0.466 
 10    C4419    (9)    1 :  0.358 0.406 0.187 0.023 0.026 
 11    C4428    (9)    1 :  0.026 0.339 0.601 0.018 0.017 
 12    C4436    (0)    1 :  0.015 0.432 0.517 0.019 0.015 
 13    C4437   (18)    1 :  0.046 0.689 0.185 0.056 0.023 
 14    C4450    (0)    1 :  0.164 0.339 0.280 0.092 0.126 
 15    C4531    (0)    1 :  0.037 0.886 0.014 0.029 0.033 
 16    C1615    (0)    1 :  0.081 0.473 0.184 0.164 0.098 
 17    C1616    (0)    1 :  0.235 0.117 0.237 0.380 0.032 
 18    C1617    (9)    1 :  0.019 0.017 0.935 0.018 0.011 
 19    C1618    (0)    1 :  0.027 0.755 0.088 0.055 0.074 
 20    C1619    (0)    1 :  0.122 0.284 0.342 0.068 0.184 
 21    C1620    (9)    1 :  0.074 0.389 0.358 0.072 0.107 
 22    C1621    (0)    1 :  0.256 0.058 0.212 0.415 0.060 
 23    C1623    (9)    1 :  0.174 0.471 0.032 0.126 0.197 
 24    C1625    (0)    1 :  0.076 0.109 0.565 0.103 0.147 
 25    C1626    (0)    1 :  0.420 0.036 0.394 0.101 0.049 
 26    C1627    (9)    1 :  0.040 0.210 0.666 0.044 0.039 
 27    C1633    (0)    1 :  0.055 0.090 0.811 0.025 0.019 
 28    C1637    (0)    1 :  0.038 0.037 0.883 0.025 0.018 
 29    C1650    (0)    1 :  0.047 0.714 0.178 0.041 0.021 
 30    C3202    (0)    1 :  0.014 0.035 0.906 0.026 0.018 
 31    C3248    (0)    1 :  0.024 0.015 0.927 0.016 0.018 
 32    C3304    (9)    1 :  0.038 0.023 0.908 0.016 0.016 
 33    C3326    (0)    1 :  0.104 0.129 0.655 0.070 0.041 
 34    C3333    (0)    1 :  0.019 0.020 0.915 0.024 0.022 
 35    C3339   (18)    1 :  0.037 0.027 0.876 0.025 0.034 
 36    C3346    (0)    1 :  0.010 0.019 0.950 0.008 0.013 
 37    C3349    (0)    1 :  0.042 0.021 0.876 0.021 0.040 
 38    C3367   (18)    1 :  0.033 0.273 0.632 0.035 0.026 
 39    C3374    (0)    1 :  0.019 0.072 0.885 0.010 0.014 
 40    C3405    (0)    1 :  0.069 0.045 0.827 0.023 0.036 
 41    C4543    (0)    2 :  0.027 0.902 0.036 0.014 0.020 
 42    C4545    (9)    2 :  0.013 0.931 0.020 0.009 0.027 
 43    C4551    (9)    2 :  0.113 0.643 0.060 0.036 0.149 
 44    C4491    (0)    2 :  0.078 0.666 0.093 0.047 0.116 
 45    C4494    (0)    2 :  0.017 0.341 0.614 0.011 0.016 
 46    C4495    (0)    2 :  0.048 0.243 0.459 0.040 0.209 
 47    C4497    (9)    2 :  0.039 0.159 0.757 0.020 0.024 
 48    C4501    (0)    2 :  0.645 0.132 0.144 0.022 0.056 
 49    C4502    (0)    2 :  0.036 0.754 0.165 0.013 0.033 
 50    C4503    (0)    2 :  0.025 0.822 0.014 0.028 0.111 
 51    C4504    (0)    2 :  0.084 0.343 0.072 0.040 0.461 
 52    C4470    (0)    2 :  0.270 0.287 0.267 0.061 0.115 
 53    C4471    (0)    2 :  0.049 0.872 0.045 0.013 0.021 
 54    C4474    (9)    2 :  0.035 0.891 0.010 0.033 0.032 
 55    C4476    (0)    2 :  0.044 0.584 0.321 0.019 0.032 
 56    C4478    (0)    2 :  0.045 0.856 0.049 0.010 0.039 
 57    C4479    (0)    2 :  0.020 0.082 0.854 0.031 0.013 
 58    C4482    (0)    2 :  0.080 0.679 0.109 0.112 0.020 
 59    C4483    (0)    2 :  0.036 0.928 0.010 0.012 0.015 
 60    C4484    (0)    2 :  0.098 0.630 0.167 0.033 0.072 
 61    C4485    (0)    2 :  0.245 0.167 0.426 0.077 0.085 
 62    C4489    (0)    2 :  0.062 0.489 0.403 0.018 0.028 
 63    C4505    (0)    2 :  0.062 0.567 0.287 0.046 0.037 
 64    C4507    (0)    2 :  0.125 0.616 0.071 0.028 0.160 
 65    C4535    (0)    2 :  0.040 0.880 0.014 0.032 0.035 
 66    C4542    (0)    2 :  0.573 0.290 0.018 0.059 0.060 
 67    C4553    (9)    2 :  0.031 0.838 0.078 0.028 0.024 
 68    C4562   (18)    2 :  0.028 0.736 0.142 0.040 0.054 
 69    C4582   (18)    2 :  0.035 0.869 0.035 0.035 0.025 
 70    C4693    (0)    2 :  0.017 0.926 0.033 0.014 0.010 
 71    C4696    (0)    2 :  0.057 0.749 0.086 0.043 0.064 
 72    C3179    (0)    2 :  0.025 0.042 0.777 0.020 0.136 
 73    C3181    (0)    2 :  0.105 0.031 0.809 0.027 0.028 
 74    C3188    (0)    2 :  0.089 0.070 0.755 0.034 0.052 
 75    C3190    (0)    2 :  0.061 0.036 0.844 0.036 0.023 
 76    C3193    (0)    2 :  0.018 0.030 0.908 0.028 0.016 
 77    C3232    (0)    2 :  0.026 0.267 0.678 0.013 0.016 
 78    C3236    (0)    2 :  0.010 0.038 0.932 0.010 0.010 
 79    C3249    (0)    2 :  0.051 0.034 0.849 0.034 0.031 
 80    C3250    (0)    2 :  0.027 0.072 0.872 0.017 0.013 
 81    C3253    (0)    2 :  0.056 0.243 0.648 0.030 0.023 
 82    C3255    (0)    2 :  0.024 0.127 0.821 0.013 0.015 
 83    C3277    (0)    2 :  0.127 0.036 0.711 0.075 0.051 
 84    C3315    (0)    2 :  0.305 0.193 0.099 0.206 0.197 
 85    C3288    (0)    2 :  0.021 0.092 0.833 0.030 0.024 
 86    C3293    (0)    2 :  0.122 0.274 0.421 0.082 0.101 
 87    C4018    (0)    3 :  0.012 0.898 0.071 0.009 0.010 
 88    C3980    (0)    3 :  0.025 0.923 0.027 0.015 0.011 
 89    C3987    (0)    3 :  0.015 0.922 0.037 0.014 0.012 
 90    C3988    (0)    3 :  0.013 0.867 0.093 0.013 0.013 
 91    C3989    (0)    3 :  0.110 0.283 0.569 0.017 0.022 
 92    C4011    (0)    3 :  0.009 0.814 0.163 0.007 0.007 
 93    C4017    (0)    3 :  0.010 0.956 0.018 0.008 0.008 
 94    C4296    (0)    3 :  0.294 0.139 0.270 0.094 0.202 
 95    C4301    (9)    3 :  0.653 0.017 0.049 0.098 0.183 
 96    C4303    (0)    3 :  0.034 0.027 0.529 0.360 0.051 
 97    C4453    (0)    3 :  0.056 0.361 0.465 0.047 0.071 
 98    C4455    (9)    3 :  0.043 0.227 0.638 0.061 0.030 
 99    C4456   (18)    3 :  0.056 0.619 0.095 0.137 0.093 
100    C4457    (9)    3 :  0.088 0.070 0.678 0.122 0.042 
101    C4459    (9)    3 :  0.024 0.483 0.440 0.033 0.019 
102    C4464   (18)    3 :  0.013 0.192 0.773 0.010 0.012 
103    C4468    (9)    3 :  0.031 0.095 0.818 0.037 0.018 
104    C4783    (0)    3 :  0.027 0.851 0.079 0.018 0.025 
105    C4786    (0)    3 :  0.025 0.549 0.387 0.024 0.016 
106    C4789    (9)    3 :  0.062 0.414 0.490 0.021 0.014 
107    C4891    (0)    3 :  0.057 0.365 0.469 0.048 0.062 
108    C4896    (0)    3 :  0.138 0.607 0.147 0.065 0.042 
109    C4898    (0)    3 :  0.032 0.852 0.074 0.020 0.022 
110    C4901    (0)    3 :  0.044 0.552 0.366 0.025 0.013 
111    C4903    (9)    3 :  0.144 0.196 0.552 0.078 0.029 
112    C4904    (0)    3 :  0.038 0.841 0.085 0.012 0.024 
113    C3263    (0)    3 :  0.014 0.018 0.885 0.017 0.066 
114    C3271    (0)    3 :  0.018 0.026 0.924 0.013 0.018 
115    C3272    (0)    3 :  0.062 0.022 0.862 0.015 0.039 
116    C3276    (0)    3 :  0.207 0.025 0.611 0.075 0.082 
117    C3280    (9)    3 :  0.077 0.127 0.471 0.049 0.276 
118    C3305    (9)    3 :  0.053 0.063 0.835 0.015 0.033 
119    C3306    (0)    3 :  0.048 0.048 0.821 0.036 0.047 
120    C3324    (0)    3 :  0.050 0.049 0.296 0.024 0.581 
121    C3329    (0)    3 :  0.112 0.405 0.340 0.049 0.094 
122    C3336    (0)    3 :  0.044 0.031 0.856 0.027 0.042 
123    C3341   (18)    3 :  0.156 0.127 0.095 0.063 0.558 
124    C3409   (18)    3 :  0.269 0.075 0.552 0.040 0.064 
125    C3168    (9)    3 :  0.017 0.026 0.929 0.012 0.016 
126    C3170    (0)    3 :  0.023 0.038 0.904 0.013 0.021 
127    C3214   (18)    3 :  0.114 0.021 0.810 0.041 0.013 
128    C3227    (0)    3 :  0.023 0.027 0.912 0.026 0.013 
129    C3228    (0)    3 :  0.063 0.185 0.639 0.058 0.055 
130    C3278    (0)    3 :  0.024 0.011 0.923 0.019 0.024 
131    C3279    (0)    3 :  0.040 0.015 0.899 0.024 0.021 
132    C3321    (0)    3 :  0.012 0.045 0.923 0.010 0.010 
133    C3322    (0)    3 :  0.094 0.088 0.526 0.242 0.050 
134    C3303    (0)    3 :  0.032 0.017 0.884 0.028 0.039 
135    C3317    (0)    3 :  0.023 0.043 0.888 0.016 0.030 
136    C3355    (0)    3 :  0.012 0.029 0.933 0.011 0.015 
137    C3376    (9)    3 :  0.065 0.039 0.860 0.020 0.016 
138    C3401    (0)    3 :  0.030 0.047 0.851 0.040 0.033 
139    C3203    (9)    3 :  0.073 0.048 0.798 0.034 0.047 
140    C3245    (0)    3 :  0.021 0.013 0.922 0.026 0.017 
141    C3302    (0)    3 :  0.026 0.023 0.885 0.026 0.039 
142    C3307    (0)    3 :  0.049 0.311 0.393 0.059 0.187 
143    C3310    (0)    3 :  0.015 0.016 0.922 0.018 0.028 
144    C3312    (9)    3 :  0.044 0.139 0.713 0.065 0.039 
145    C3345    (0)    3 :  0.019 0.031 0.905 0.015 0.029 
146    C3371    (0)    3 :  0.024 0.022 0.857 0.016 0.080 
147    C3372    (0)    3 :  0.027 0.047 0.859 0.019 0.047 
148    C3380    (9)    3 :  0.014 0.052 0.915 0.010 0.008 
149    C3417    (0)    3 :  0.091 0.405 0.249 0.036 0.219 
150    C4569    (9)    4 :  0.232 0.527 0.030 0.063 0.148 
151    C4570    (9)    4 :  0.022 0.925 0.024 0.014 0.016 
152    C4571    (9)    4 :  0.047 0.768 0.145 0.023 0.017 
153    C4572    (9)    4 :  0.016 0.935 0.015 0.019 0.015 
154    C4573    (9)    4 :  0.364 0.172 0.052 0.363 0.048 
155    C4575    (9)    4 :  0.104 0.738 0.046 0.075 0.037 
156    C4577    (9)    4 :  0.020 0.926 0.029 0.012 0.013 
157    C4578    (9)    4 :  0.170 0.690 0.046 0.053 0.041 
158    C4600   (18)    4 :  0.096 0.711 0.043 0.082 0.068 
159    C4612    (9)    4 :  0.207 0.715 0.023 0.031 0.025 
160    C4621    (0)    4 :  0.013 0.917 0.044 0.017 0.008 
161    C4622    (9)    4 :  0.012 0.948 0.015 0.013 0.012 
162    C4623    (0)    4 :  0.136 0.365 0.231 0.066 0.201 
163    C4624    (0)    4 :  0.023 0.882 0.021 0.052 0.022 
164    C4625    (0)    4 :  0.205 0.210 0.051 0.501 0.034 
165    C4627    (0)    4 :  0.020 0.918 0.022 0.023 0.017 
166    C4631    (0)    4 :  0.024 0.820 0.014 0.028 0.114 
167    C4632    (0)    4 :  0.017 0.911 0.036 0.017 0.018 
168    C3939    (0)    4 :  0.030 0.889 0.048 0.016 0.016 
169    C3940    (0)    4 :  0.108 0.813 0.031 0.015 0.034 
170    C3945    (0)    4 :  0.009 0.956 0.015 0.009 0.011 
171    C4520    (0)    4 :  0.351 0.113 0.235 0.143 0.159 
172    C4522    (0)    4 :  0.015 0.906 0.057 0.012 0.010 
173    C3182    (0)    4 :  0.017 0.037 0.906 0.016 0.023 
174    C3189    (0)    4 :  0.213 0.074 0.490 0.165 0.057 
175    C3191    (9)    4 :  0.027 0.023 0.887 0.033 0.029 
176    C3196    (0)    4 :  0.031 0.017 0.906 0.028 0.019 
177    C3208    (0)    4 :  0.046 0.255 0.599 0.051 0.048 
178    C3211    (0)    4 :  0.035 0.031 0.880 0.021 0.034 
179    C3212    (0)    4 :  0.577 0.081 0.187 0.019 0.136 
180    C3213    (0)    4 :  0.026 0.012 0.913 0.017 0.033 
181    C3215    (0)    4 :  0.116 0.105 0.391 0.347 0.041 
182    C3217    (0)    4 :  0.032 0.022 0.889 0.017 0.041 
183    C3225    (9)    4 :  0.046 0.027 0.845 0.043 0.037 
184    C3226    (0)    4 :  0.015 0.215 0.742 0.013 0.016 
185    C3238    (9)    4 :  0.028 0.135 0.799 0.024 0.014 
186    C3239    (0)    4 :  0.058 0.083 0.816 0.018 0.026 
187    C3269   (18)    4 :  0.135 0.279 0.341 0.211 0.036 
188    C3273    (0)    4 :  0.024 0.031 0.899 0.035 0.011 
189    C3274    (0)    4 :  0.222 0.052 0.648 0.048 0.030 
190    C3354    (0)    4 :  0.031 0.020 0.916 0.017 0.017 
191    C3361    (0)    4 :  0.027 0.025 0.915 0.019 0.014 
192    C3289    (0)    4 :  0.030 0.060 0.870 0.021 0.018 
193    C3169    (0)    4 :  0.020 0.048 0.909 0.012 0.012 
194    C3199    (9)    4 :  0.032 0.203 0.702 0.044 0.020 
195    C3224    (0)    4 :  0.020 0.035 0.901 0.029 0.016 
196    C3261   (18)    4 :  0.018 0.095 0.856 0.011 0.020 
197    C3320    (0)    4 :  0.039 0.032 0.872 0.032 0.025 
198    C4151    (0)    5 :  0.011 0.953 0.018 0.009 0.009 
199    C4152    (0)    5 :  0.021 0.926 0.025 0.015 0.013 
200    C4153    (0)    5 :  0.060 0.630 0.255 0.036 0.018 
201    C4154   (18)    5 :  0.033 0.812 0.111 0.015 0.029 
202    C4157    (0)    5 :  0.034 0.639 0.267 0.036 0.025 
203    C4158    (0)    5 :  0.013 0.945 0.020 0.012 0.010 
204    C4163    (0)    5 :  0.008 0.962 0.014 0.009 0.008 
205    C4165    (0)    5 :  0.064 0.485 0.054 0.032 0.365 
206    C4248    (9)    5 :  0.032 0.092 0.810 0.036 0.029 
207    C4371    (9)    5 :  0.085 0.462 0.374 0.024 0.056 
208    C3936    (0)    5 :  0.016 0.927 0.024 0.015 0.019 
209    C3937    (0)    5 :  0.011 0.947 0.021 0.012 0.010 
210    C3944    (0)    5 :  0.010 0.897 0.074 0.008 0.011 
211    C3954    (0)    5 :  0.017 0.356 0.590 0.028 0.009 
212    C3955    (9)    5 :  0.043 0.567 0.335 0.042 0.013 
213    C3961    (0)    5 :  0.016 0.912 0.031 0.014 0.027 
214    C3974    (0)    5 :  0.025 0.910 0.026 0.021 0.018 
215    C4024    (0)    5 :  0.025 0.810 0.099 0.016 0.049 
216    C4025    (0)    5 :  0.022 0.920 0.024 0.016 0.018 
217    C4028    (0)    5 :  0.059 0.762 0.067 0.082 0.030 
218    C4032   (18)    5 :  0.026 0.274 0.670 0.015 0.015 
219    C4033   (18)    5 :  0.017 0.070 0.878 0.016 0.018 
220    C4034    (0)    5 :  0.036 0.070 0.729 0.038 0.127 
221    C4041    (9)    5 :  0.137 0.065 0.622 0.036 0.141 
222    C4043    (9)    5 :  0.034 0.377 0.541 0.022 0.026 
223    C4044    (9)    5 :  0.093 0.158 0.134 0.078 0.537 
224    C4045    (9)    5 :  0.031 0.196 0.702 0.051 0.020 
225    C4046    (9)    5 :  0.022 0.093 0.808 0.031 0.047 
226    C4047    (0)    5 :  0.041 0.069 0.718 0.133 0.040 
227    C4048    (9)    5 :  0.069 0.057 0.694 0.103 0.077 
228    C4055    (9)    5 :  0.051 0.492 0.366 0.055 0.036 
229    C4057   (18)    5 :  0.034 0.409 0.486 0.016 0.055 
230    C4059    (0)    5 :  0.023 0.067 0.875 0.020 0.014 
231    C4060    (9)    5 :  0.075 0.529 0.352 0.023 0.022 
232    C4064    (9)    5 :  0.153 0.233 0.308 0.259 0.047 
233    C4067    (0)    5 :  0.033 0.040 0.771 0.088 0.068 
234    C4068    (9)    5 :  0.026 0.027 0.901 0.027 0.018 
235    C4070    (9)    5 :  0.035 0.265 0.520 0.035 0.145 
236    C4075   (18)    5 :  0.050 0.099 0.801 0.022 0.027 
237    C4081    (9)    5 :  0.037 0.050 0.838 0.042 0.034 
238    C4082    (0)    5 :  0.044 0.361 0.487 0.070 0.038 
239    C4083    (0)    5 :  0.145 0.200 0.257 0.105 0.292 
240    C4086    (0)    5 :  0.069 0.146 0.547 0.210 0.028 
241    C4088    (9)    5 :  0.072 0.065 0.072 0.771 0.021 
242    C4092    (0)    5 :  0.049 0.604 0.259 0.018 0.069 
243    C4099    (9)    5 :  0.064 0.084 0.761 0.042 0.048 
244    C4104    (0)    5 :  0.017 0.807 0.122 0.020 0.034 
245    C4108   (18)    5 :  0.182 0.015 0.018 0.626 0.159 
246    C4118    (0)    5 :  0.230 0.121 0.222 0.327 0.099 
247    C4131    (0)    5 :  0.058 0.690 0.144 0.077 0.031 
248    C4133    (0)    5 :  0.026 0.170 0.762 0.020 0.021 
249    C4135    (0)    5 :  0.009 0.857 0.119 0.007 0.008 
250    C4136    (0)    5 :  0.126 0.608 0.033 0.198 0.035 
251    C4137    (9)    5 :  0.034 0.674 0.222 0.039 0.032 
252    C4139    (0)    5 :  0.016 0.909 0.050 0.010 0.014 
253    C4140    (9)    5 :  0.014 0.870 0.082 0.015 0.019 
254    C4167    (0)    5 :  0.046 0.834 0.038 0.050 0.033 
255    C4236    (0)    5 :  0.078 0.087 0.746 0.053 0.036 
256    C4237    (0)    5 :  0.092 0.072 0.034 0.766 0.037 
257    C4238    (0)    5 :  0.039 0.280 0.584 0.076 0.022 
258    C4241    (0)    5 :  0.026 0.072 0.861 0.018 0.023 
259    C4247    (9)    5 :  0.058 0.263 0.320 0.178 0.181 
260    C4257    (0)    5 :  0.052 0.063 0.835 0.030 0.020 
261    C4383    (0)    5 :  0.090 0.435 0.149 0.078 0.248 
262    C4397    (9)    5 :  0.018 0.563 0.374 0.025 0.019 
263    C4514    (0)    5 :  0.017 0.899 0.051 0.015 0.018 
264    C4519    (0)    5 :  0.110 0.818 0.040 0.013 0.018 
265    C4527    (0)    5 :  0.022 0.503 0.422 0.024 0.029 
266    C4534    (0)    5 :  0.119 0.477 0.275 0.026 0.102 
267    C4699    (0)    5 :  0.015 0.901 0.022 0.044 0.017 
268    C1541    (9)    5 :  0.013 0.026 0.936 0.012 0.013 
269    C1542    (9)    5 :  0.015 0.019 0.929 0.021 0.016 
270    C1544    (0)    5 :  0.027 0.067 0.847 0.039 0.020 
271    C1547    (9)    5 :  0.298 0.072 0.201 0.213 0.217 
272    C1553    (9)    5 :  0.174 0.259 0.104 0.239 0.224 
273    C1555    (9)    5 :  0.070 0.064 0.797 0.043 0.026 
274    C1557    (0)    5 :  0.032 0.128 0.779 0.033 0.028 
275    C1560    (0)    5 :  0.030 0.027 0.904 0.022 0.017 
276    C1565    (0)    5 :  0.027 0.030 0.877 0.016 0.051 
277    C1567    (0)    5 :  0.035 0.051 0.820 0.064 0.030 
278    C1569    (0)    5 :  0.019 0.076 0.866 0.018 0.021 
279    C1571    (0)    5 :  0.074 0.067 0.700 0.117 0.042 
280    C1576    (0)    5 :  0.065 0.277 0.562 0.073 0.023 
281    C1577    (9)    5 :  0.033 0.031 0.871 0.044 0.021 
282    C1579    (0)    5 :  0.025 0.024 0.915 0.019 0.017 
283    C3990    (0)    6 :  0.009 0.949 0.025 0.009 0.009 
284    C3991    (0)    6 :  0.077 0.808 0.037 0.035 0.043 
285    C3992    (0)    6 :  0.069 0.853 0.024 0.035 0.020 
286    C3994    (0)    6 :  0.153 0.408 0.281 0.040 0.118 
287    C4172    (0)    6 :  0.147 0.693 0.013 0.104 0.043 
288    C4173    (9)    6 :  0.086 0.622 0.030 0.025 0.237 
289    C4232    (9)    6 :  0.011 0.016 0.955 0.009 0.009 
290    C4234    (9)    6 :  0.014 0.028 0.934 0.013 0.011 
291    C4259    (0)    6 :  0.011 0.033 0.931 0.013 0.012 
292    C4260    (0)    6 :  0.015 0.102 0.862 0.010 0.010 
293    C4261    (9)    6 :  0.105 0.290 0.317 0.136 0.152 
294    C4262    (0)    6 :  0.056 0.533 0.326 0.017 0.068 
295    C4263    (0)    6 :  0.017 0.052 0.839 0.052 0.041 
296    C4267    (9)    6 :  0.038 0.324 0.582 0.037 0.019 
297    C4269    (0)    6 :  0.026 0.651 0.259 0.027 0.036 
298    C4272    (0)    6 :  0.027 0.088 0.840 0.019 0.025 
299    C4274    (0)    6 :  0.361 0.042 0.547 0.031 0.019 
300    C4276    (9)    6 :  0.543 0.015 0.171 0.241 0.031 
301    C4278    (0)    6 :  0.080 0.387 0.441 0.037 0.055 
302    C4280    (0)    6 :  0.050 0.257 0.643 0.021 0.030 
303    C4281    (0)    6 :  0.026 0.065 0.861 0.027 0.021 
304    C4282    (0)    6 :  0.028 0.024 0.534 0.084 0.330 
305    C4284    (9)    6 :  0.012 0.494 0.471 0.011 0.012 
306    C4286    (9)    6 :  0.174 0.218 0.531 0.039 0.039 
307    C4287    (0)    6 :  0.127 0.281 0.491 0.021 0.079 
308    C4290    (0)    6 :  0.434 0.061 0.095 0.312 0.098 
309    C4307   (18)    6 :  0.067 0.432 0.419 0.020 0.062 
310    C4310    (9)    6 :  0.029 0.082 0.821 0.053 0.015 
311    C4311   (18)    6 :  0.034 0.038 0.879 0.026 0.024 
312    C4312    (0)    6 :  0.014 0.032 0.919 0.019 0.016 
313    C4314    (0)    6 :  0.084 0.031 0.782 0.085 0.019 
314    C4318    (9)    6 :  0.206 0.084 0.633 0.015 0.061 
315    C4321    (9)    6 :  0.068 0.411 0.446 0.020 0.055 
316    C4324    (0)    6 :  0.077 0.269 0.578 0.017 0.059 
317    C4334    (0)    6 :  0.025 0.579 0.338 0.012 0.046 
318    C4529    (0)    6 :  0.090 0.097 0.702 0.065 0.046 
319    C1582    (9)    6 :  0.018 0.228 0.716 0.023 0.015 
320    C1583    (0)    6 :  0.040 0.038 0.840 0.053 0.029 
321    C1584    (9)    6 :  0.031 0.107 0.805 0.040 0.017 
322    C1585    (0)    6 :  0.017 0.524 0.431 0.017 0.011 
323    C1586    (0)    6 :  0.023 0.115 0.717 0.030 0.115 
324    C1589    (0)    6 :  0.018 0.396 0.558 0.014 0.013 
325    C1591    (0)    6 :  0.020 0.214 0.735 0.016 0.014 
326    C1592    (0)    6 :  0.057 0.027 0.855 0.022 0.039 
327    C1594    (0)    6 :  0.021 0.057 0.859 0.045 0.018 
328    C1597    (9)    6 :  0.026 0.045 0.859 0.039 0.031 
329    C1598    (9)    6 :  0.031 0.512 0.402 0.035 0.019 
330    C1599    (0)    6 :  0.030 0.021 0.920 0.013 0.016 
331    C1601    (0)    6 :  0.058 0.496 0.297 0.089 0.059 
332    C1605    (0)    6 :  0.495 0.206 0.130 0.112 0.056 
333    C1609    (0)    6 :  0.019 0.438 0.512 0.015 0.015 
334    C1610    (0)    6 :  0.110 0.020 0.725 0.115 0.030 
335    C1611    (0)    6 :  0.016 0.018 0.914 0.013 0.039 
336    C1612    (0)    6 :  0.011 0.013 0.956 0.011 0.009 
337    C1613    (0)    6 :  0.022 0.035 0.881 0.026 0.035 
338    C3173    (9)    6 :  0.040 0.051 0.784 0.051 0.074 
339    C3204    (0)    6 :  0.022 0.034 0.898 0.027 0.018 
340    C3223    (9)    6 :  0.333 0.027 0.416 0.030 0.193 
341    C3262    (0)    6 :  0.048 0.034 0.836 0.057 0.026 
342    C3270    (0)    6 :  0.027 0.281 0.644 0.022 0.027 
343    C3300    (0)    6 :  0.015 0.642 0.322 0.011 0.010 
344    C3330    (0)    6 :  0.050 0.260 0.640 0.020 0.031 
345    C3390    (9)    6 :  0.027 0.287 0.638 0.020 0.029 
346    C3424    (9)    6 :  0.068 0.056 0.833 0.022 0.020 
347    C3958    (0)    6 :  0.014 0.933 0.029 0.010 0.015 
348    C3962    (0)    6 :  0.014 0.931 0.023 0.011 0.021 
349    C4019    (0)    6 :  0.107 0.285 0.020 0.332 0.256 
350    C3995   (18)    6 :  0.019 0.900 0.024 0.021 0.036 
351    C4000    (0)    6 :  0.047 0.794 0.032 0.027 0.099 
352    C4002    (0)    6 :  0.018 0.910 0.037 0.016 0.020 
353    C1692    (0)    7 :  0.596 0.203 0.023 0.108 0.070 
354    C1693    (0)    7 :  0.717 0.038 0.126 0.020 0.099 
355    C1694    (0)    7 :  0.368 0.036 0.089 0.111 0.396 
356    C1698    (0)    7 :  0.396 0.012 0.020 0.123 0.449 
357    C1699    (0)    7 :  0.349 0.038 0.030 0.475 0.108 
358    C1700    (0)    7 :  0.194 0.155 0.081 0.167 0.403 
359    C1701    (0)    7 :  0.246 0.018 0.029 0.570 0.138 
360    C1702    (0)    7 :  0.570 0.022 0.015 0.235 0.158 
361    C1703    (0)    7 :  0.167 0.029 0.012 0.175 0.617 
362    C1704    (0)    7 :  0.219 0.074 0.095 0.082 0.530 
363    C1705    (0)    7 :  0.298 0.387 0.013 0.032 0.270 
364    C1706    (0)    7 :  0.441 0.014 0.025 0.316 0.204 
365    C1707    (0)    7 :  0.297 0.039 0.382 0.245 0.037 
366    C1708    (0)    7 :  0.139 0.023 0.023 0.025 0.791 
367    C1709    (0)    7 :  0.066 0.085 0.027 0.036 0.787 
368    C1710    (0)    7 :  0.238 0.042 0.048 0.322 0.350 
369    C1712    (0)    7 :  0.070 0.031 0.010 0.026 0.862 
370    C1714    (0)    7 :  0.046 0.022 0.017 0.026 0.890 
371    C1715    (0)    7 :  0.354 0.022 0.034 0.538 0.051 
372    C1717    (0)    7 :  0.466 0.021 0.170 0.158 0.185 
373    C1718   (18)    7 :  0.155 0.023 0.070 0.486 0.266 
374    C1719    (0)    7 :  0.054 0.128 0.088 0.031 0.699 
375    C1656    (0)    8 :  0.158 0.052 0.011 0.657 0.122 
376    C1657   (18)    8 :  0.074 0.025 0.027 0.304 0.570 
377    C1658    (0)    8 :  0.471 0.013 0.011 0.337 0.168 
378    C1659    (0)    8 :  0.475 0.032 0.080 0.388 0.026 
379    C1661    (9)    8 :  0.650 0.026 0.052 0.112 0.160 
380    C1665    (0)    8 :  0.270 0.019 0.032 0.454 0.225 
381    C1667    (9)    8 :  0.018 0.007 0.009 0.019 0.946 
382    C1676    (9)    8 :  0.107 0.040 0.019 0.430 0.405 
383    C1681    (9)    8 :  0.311 0.025 0.031 0.454 0.179 
384    C1682    (0)    8 :  0.070 0.026 0.017 0.078 0.809 
385    C1685    (0)    8 :  0.081 0.064 0.037 0.508 0.309 
386    C4707    (0)    9 :  0.199 0.170 0.030 0.315 0.287 
387    C4747    (0)    9 :  0.160 0.213 0.150 0.037 0.440 
388    C4772    (0)    9 :  0.116 0.599 0.082 0.130 0.072 
389    C4781    (0)    9 :  0.323 0.097 0.034 0.038 0.509 
390    C4782    (0)    9 :  0.286 0.146 0.102 0.185 0.282 
391    C4787    (0)    9 :  0.448 0.231 0.029 0.181 0.111 
392    C4790    (0)    9 :  0.050 0.165 0.017 0.104 0.664 
393    C4803    (0)    9 :  0.517 0.130 0.055 0.078 0.221 
394    C4813    (0)    9 :  0.165 0.687 0.023 0.076 0.049 
395    C4837    (0)    9 :  0.441 0.271 0.045 0.100 0.143 
396    C4838    (0)    9 :  0.398 0.142 0.014 0.326 0.120 
397    C4843    (0)    9 :  0.343 0.112 0.040 0.347 0.158 
398    C4857    (0)    9 :  0.027 0.867 0.047 0.038 0.021 
399    C4828    (0)    9 :  0.382 0.063 0.250 0.190 0.115 
400    C4835    (0)    9 :  0.123 0.780 0.016 0.060 0.021 
401    C4836    (9)    9 :  0.287 0.362 0.035 0.100 0.216 
402    C4842    (0)    9 :  0.148 0.054 0.017 0.551 0.231 
403    C4863    (9)    9 :  0.816 0.042 0.020 0.038 0.084 
404    C4744    (0)    9 :  0.096 0.035 0.030 0.319 0.521 
405    C4745    (0)    9 :  0.474 0.106 0.024 0.307 0.090 
406    C4768    (0)    9 :  0.069 0.343 0.047 0.089 0.452 
407    C4769    (0)    9 :  0.068 0.162 0.013 0.681 0.076 
408    C4771    (0)    9 :  0.123 0.034 0.016 0.556 0.271 
409    C4784    (0)    9 :  0.114 0.313 0.027 0.073 0.473 
410    C4785    (0)    9 :  0.047 0.038 0.026 0.035 0.853 
411    C4795    (0)    9 :  0.292 0.218 0.066 0.048 0.376 
412    C4796    (0)    9 :  0.197 0.025 0.021 0.162 0.595 
413    C4800    (0)    9 :  0.600 0.312 0.011 0.055 0.022 
414    C4801    (0)    9 :  0.061 0.645 0.020 0.197 0.077 
415    C4802    (0)    9 :  0.236 0.144 0.322 0.244 0.054 
416    C4805    (0)    9 :  0.045 0.129 0.021 0.518 0.287 
417    C4806    (0)    9 :  0.092 0.074 0.014 0.741 0.080 
418    C4850    (0)    9 :  0.468 0.246 0.081 0.120 0.085 
419    C4748    (0)   10 :  0.127 0.273 0.012 0.522 0.066 
420    C4753    (0)   10 :  0.216 0.066 0.029 0.277 0.412 
421    C4754    (0)   10 :  0.162 0.222 0.023 0.222 0.372 
422    C4760    (0)   10 :  0.379 0.374 0.122 0.052 0.073 
423    C4761    (0)   10 :  0.053 0.369 0.016 0.457 0.105 
424    C4762    (0)   10 :  0.134 0.376 0.015 0.112 0.364 
425    C4791    (0)   10 :  0.319 0.255 0.010 0.167 0.248 
426    C4810    (0)   10 :  0.131 0.056 0.099 0.685 0.029 
427    C4812    (0)   10 :  0.168 0.063 0.056 0.665 0.049 
428    C4821    (0)   10 :  0.486 0.166 0.108 0.073 0.167 
429    C4864    (0)   10 :  0.099 0.726 0.051 0.074 0.050 
430    C4866    (0)   10 :  0.102 0.039 0.016 0.815 0.029 
431    C1722    (0)   10 :  0.094 0.016 0.054 0.773 0.062 
432    C1724    (0)   10 :  0.097 0.020 0.009 0.852 0.022 
433    C1725    (0)   10 :  0.142 0.015 0.059 0.633 0.151 
434    C1726    (0)   10 :  0.329 0.023 0.015 0.377 0.256 
435    C1731    (0)   10 :  0.138 0.055 0.030 0.635 0.143 
436    C1733    (9)   10 :  0.652 0.028 0.040 0.256 0.023 
437    C1734    (0)   10 :  0.394 0.117 0.038 0.354 0.097 
438    C1735    (0)   10 :  0.335 0.010 0.013 0.507 0.135 
439    C1738    (0)   10 :  0.310 0.032 0.034 0.603 0.022 
440    C1740    (9)   10 :  0.436 0.045 0.142 0.261 0.116 
441    C1741    (0)   10 :  0.328 0.379 0.090 0.033 0.171 
442    C1742    (0)   10 :  0.127 0.049 0.035 0.499 0.289 
443    C1743    (0)   10 :  0.097 0.029 0.028 0.178 0.668 
444    C1745    (0)   10 :  0.758 0.074 0.029 0.071 0.067 
445    C1746    (0)   10 :  0.151 0.128 0.045 0.452 0.225 
446    C1747    (0)   10 :  0.213 0.042 0.085 0.393 0.267 
447    C4742    (9)   10 :  0.111 0.616 0.028 0.085 0.160 
448    C4752    (0)   10 :  0.030 0.887 0.025 0.037 0.021 
449    C4792    (0)   10 :  0.189 0.484 0.108 0.150 0.069 
450    C4811    (0)   10 :  0.053 0.880 0.029 0.020 0.019 
451    C4814    (0)   10 :  0.275 0.559 0.031 0.062 0.074 
452    C4815    (0)   10 :  0.757 0.092 0.048 0.058 0.045 
453    C4818    (0)   10 :  0.133 0.333 0.108 0.347 0.079 
454    C4819    (0)   10 :  0.120 0.500 0.048 0.172 0.161 
455    C4826    (0)   10 :  0.328 0.055 0.012 0.318 0.286 
456    C4829    (0)   10 :  0.257 0.040 0.076 0.129 0.499 
457    C4830    (0)   10 :  0.107 0.061 0.018 0.057 0.757 
458    C4831    (0)   10 :  0.027 0.846 0.034 0.049 0.045 
459    C4832    (0)   10 :  0.192 0.070 0.018 0.238 0.483 
460    C4858    (0)   10 :  0.210 0.493 0.013 0.032 0.252 
461    C4757    (0)   10 :  0.369 0.135 0.068 0.364 0.064 
462    C4770    (9)   10 :  0.281 0.137 0.479 0.032 0.071 
463    C4808    (0)   10 :  0.417 0.237 0.029 0.171 0.146 
464    C4809    (0)   10 :  0.309 0.020 0.012 0.570 0.089 
465    C4820    (0)   10 :  0.080 0.076 0.022 0.477 0.345 
466    C4824    (0)   10 :  0.465 0.046 0.011 0.028 0.450 
467    C4706    (0)   11 :  0.252 0.029 0.014 0.602 0.103 
468    C4708    (0)   11 :  0.018 0.925 0.034 0.011 0.013 
469    C4709    (0)   11 :  0.167 0.085 0.017 0.028 0.702 
470    C4714    (0)   11 :  0.114 0.387 0.039 0.067 0.392 
471    C4722    (0)   11 :  0.074 0.158 0.021 0.160 0.588 
472    C4726    (0)   11 :  0.226 0.221 0.092 0.411 0.049 
473    C4733    (0)   11 :  0.101 0.605 0.058 0.122 0.115 
474    C4734    (0)   11 :  0.124 0.127 0.022 0.654 0.073 
475    C4737    (0)   11 :  0.066 0.079 0.015 0.025 0.815 
476    C4882    (0)   11 :  0.280 0.021 0.017 0.464 0.218 
477    C4883    (0)   11 :  0.041 0.483 0.023 0.015 0.437 
478    C4702    (9)   11 :  0.446 0.139 0.128 0.135 0.152 
479    C4703    (0)   11 :  0.219 0.635 0.037 0.032 0.076 
480    C4727    (0)   11 :  0.056 0.119 0.012 0.541 0.272 
481    C4732    (0)   11 :  0.096 0.112 0.018 0.045 0.730 
482    C4735    (0)   11 :  0.809 0.067 0.018 0.035 0.071 
483    C4736    (0)   11 :  0.031 0.849 0.031 0.034 0.054 
484    C4746    (0)   11 :  0.308 0.355 0.017 0.061 0.260 
485    C4777    (0)   11 :  0.270 0.016 0.033 0.597 0.084 
486    C4846    (0)   11 :  0.101 0.573 0.126 0.069 0.131 
487    C4847    (0)   11 :  0.207 0.079 0.012 0.489 0.213 
488    C4884    (0)   11 :  0.348 0.229 0.014 0.092 0.317 
489    C4705    (0)   11 :  0.678 0.234 0.031 0.035 0.023 
490    C4711    (0)   11 :  0.116 0.216 0.019 0.421 0.227 
491    C4713    (9)   11 :  0.471 0.102 0.076 0.269 0.081 
492    C4716    (0)   11 :  0.490 0.188 0.023 0.144 0.154 
493    C4717    (0)   11 :  0.029 0.853 0.025 0.070 0.023 
494    C4719    (0)   11 :  0.254 0.042 0.016 0.332 0.356 
495    C4721    (0)   11 :  0.020 0.912 0.031 0.021 0.016 
496    C4729    (0)   11 :  0.611 0.233 0.016 0.077 0.063 
497    C4730    (0)   11 :  0.060 0.828 0.026 0.044 0.043 
498    C4773    (0)   11 :  0.017 0.908 0.024 0.038 0.013 
499    C4861    (0)   11 :  0.368 0.058 0.026 0.344 0.203 
500    C4890    (0)   11 :  0.217 0.631 0.017 0.059 0.077 
501    C4718    (0)   11 :  0.287 0.147 0.033 0.150 0.383 
502    C4724    (0)   11 :  0.291 0.520 0.017 0.109 0.063 
503    C4738    (0)   11 :  0.036 0.504 0.018 0.415 0.027 
504    C4739    (0)   11 :  0.077 0.091 0.047 0.611 0.174 
505    C4844    (0)   11 :  0.208 0.491 0.048 0.150 0.104 
506    C4845    (0)   11 :  0.137 0.152 0.025 0.044 0.642 
507    C4681    (0)   11 :  0.025 0.646 0.275 0.028 0.026 
508    C4682    (0)   11 :  0.254 0.147 0.202 0.144 0.253 
509    C4683    (0)   11 :  0.140 0.647 0.103 0.036 0.074 
510    C4685    (0)   11 :  0.246 0.311 0.031 0.054 0.358 
511    C4715    (0)   11 :  0.634 0.083 0.062 0.040 0.181 
512    C4725    (0)   11 :  0.112 0.023 0.017 0.272 0.576 
513    C4799    (0)   11 :  0.339 0.322 0.142 0.047 0.150 
514    C4889    (9)   11 :  0.056 0.737 0.020 0.125 0.062 
515    C4641    (0)   12 :  0.916 0.046 0.012 0.012 0.014 
516    C4651    (0)   12 :  0.602 0.027 0.048 0.288 0.035 
517    C4657    (0)   12 :  0.611 0.305 0.042 0.014 0.027 
518    C4658    (0)   12 :  0.860 0.069 0.020 0.021 0.031 
519    C4660    (0)   12 :  0.818 0.050 0.031 0.032 0.069 
520    C4665    (0)   12 :  0.946 0.021 0.010 0.013 0.010 
521    C4666    (0)   12 :  0.940 0.014 0.015 0.012 0.019 
522    C4667    (0)   12 :  0.903 0.038 0.018 0.019 0.022 
523    C4668    (0)   12 :  0.909 0.026 0.022 0.030 0.013 
524    C4669    (0)   12 :  0.914 0.045 0.014 0.013 0.015 
525    C4670    (0)   12 :  0.870 0.021 0.007 0.037 0.065 
526    C4671    (0)   12 :  0.908 0.026 0.034 0.010 0.022 
527    C4672    (0)   12 :  0.875 0.015 0.044 0.044 0.022 
528    C4633    (0)   13 :  0.927 0.023 0.024 0.015 0.010 
529    C4635    (0)   13 :  0.751 0.123 0.018 0.079 0.030 
530    C4653    (0)   13 :  0.797 0.059 0.084 0.039 0.020 
531    C4654    (0)   13 :  0.900 0.025 0.028 0.022 0.025 
532    C4675    (0)   13 :  0.932 0.010 0.015 0.028 0.015 
533    C4679    (0)   13 :  0.099 0.013 0.012 0.794 0.082 
534    C4684    (0)   13 :  0.905 0.035 0.035 0.013 0.011 
535    C4686    (0)   13 :  0.862 0.059 0.049 0.013 0.017 
536    C4687    (0)   13 :  0.732 0.074 0.162 0.015 0.018 
537    U1941    (0)   14 :  0.781 0.015 0.070 0.117 0.017 
538    U1942    (0)   14 :  0.513 0.228 0.096 0.058 0.105 
539    U1957    (9)   14 :  0.265 0.042 0.544 0.080 0.069 
540    U2016    (0)   14 :  0.070 0.008 0.015 0.667 0.241 
541    U2021    (9)   14 :  0.176 0.032 0.039 0.067 0.687 
542    U2022    (0)   14 :  0.052 0.015 0.030 0.034 0.869 
543    U2023    (0)   14 :  0.227 0.026 0.015 0.232 0.500 
544    U2024    (0)   14 :  0.038 0.060 0.038 0.114 0.750 
545    U2025    (9)   14 :  0.249 0.023 0.060 0.055 0.613 
546    U2026    (0)   14 :  0.253 0.033 0.274 0.040 0.400 
547    U2027    (0)   14 :  0.225 0.045 0.032 0.556 0.142 
548    U2028    (0)   14 :  0.113 0.010 0.012 0.196 0.670 
549    U2029    (0)   14 :  0.054 0.033 0.013 0.076 0.823 
550    U2030    (0)   14 :  0.111 0.012 0.014 0.439 0.424 
551    U2031    (0)   14 :  0.201 0.014 0.015 0.450 0.319 
552    U1943    (0)   14 :  0.073 0.054 0.022 0.031 0.819 
553    U1944    (0)   14 :  0.114 0.034 0.022 0.261 0.569 
554    U1945    (0)   14 :  0.105 0.017 0.020 0.133 0.725 
555    U1946    (0)   14 :  0.121 0.019 0.029 0.721 0.111 
556    U1947    (0)   14 :  0.073 0.023 0.029 0.103 0.772 
557    U1948    (0)   14 :  0.492 0.095 0.094 0.157 0.162 
558    U1949    (0)   14 :  0.249 0.019 0.029 0.339 0.364 
559    U1955    (0)   14 :  0.187 0.045 0.244 0.476 0.048 
560    U2005    (0)   14 :  0.423 0.011 0.207 0.025 0.334 
561    U2006    (0)   14 :  0.716 0.011 0.020 0.194 0.059 
562    U2007    (0)   14 :  0.707 0.018 0.091 0.086 0.097 
563    U2008    (0)   14 :  0.868 0.007 0.010 0.027 0.088 
564    U2010    (9)   14 :  0.570 0.032 0.154 0.033 0.210 
565    U2011    (0)   14 :  0.233 0.012 0.040 0.651 0.063 
566    U2012    (0)   14 :  0.342 0.013 0.020 0.121 0.504 
567    U2014    (0)   14 :  0.677 0.053 0.021 0.050 0.198 
568    U2702    (0)   14 :  0.052 0.029 0.032 0.037 0.849 
569    U2703    (0)   14 :  0.208 0.097 0.023 0.030 0.642 
570    U2704    (0)   14 :  0.385 0.034 0.080 0.097 0.405 
571    U2706   (18)   14 :  0.571 0.043 0.021 0.201 0.164 
572    U2707    (0)   14 :  0.106 0.024 0.019 0.709 0.142 
573    U2708    (0)   14 :  0.128 0.033 0.017 0.061 0.761 
574    U2698    (0)   14 :  0.231 0.138 0.125 0.397 0.109 
575    U2700    (0)   14 :  0.198 0.022 0.061 0.281 0.437 
576    U1924    (0)   14 :  0.442 0.033 0.034 0.249 0.242 
577    U1930    (0)   14 :  0.213 0.026 0.023 0.688 0.050 
578    U1931    (0)   14 :  0.406 0.196 0.031 0.117 0.250 
579    U1933    (0)   14 :  0.386 0.061 0.016 0.261 0.276 
580    U1934    (0)   14 :  0.437 0.047 0.309 0.053 0.154 
581    U1935    (0)   14 :  0.404 0.044 0.391 0.048 0.112 
582    U1936    (9)   14 :  0.272 0.018 0.012 0.058 0.639 
583    U1938    (0)   14 :  0.407 0.107 0.026 0.232 0.227 
584    U1939    (0)   14 :  0.148 0.242 0.090 0.438 0.081 
585    U1950    (0)   14 :  0.204 0.023 0.018 0.695 0.059 
586    U1951    (0)   14 :  0.140 0.084 0.041 0.074 0.661 
587    U1953    (0)   14 :  0.043 0.009 0.024 0.844 0.080 
588    U1954    (0)   14 :  0.427 0.011 0.011 0.282 0.269 
589    U2044    (0)   14 :  0.086 0.015 0.064 0.016 0.819 
590    U2045    (0)   14 :  0.298 0.014 0.013 0.504 0.171 
591    U2046    (9)   14 :  0.178 0.037 0.034 0.120 0.631 
592    U2047    (0)   14 :  0.070 0.011 0.033 0.018 0.868 
593    U2048    (0)   14 :  0.197 0.019 0.041 0.200 0.544 
594    U2050    (0)   14 :  0.098 0.025 0.033 0.145 0.698 
595    U2051    (0)   14 :  0.167 0.015 0.017 0.123 0.679 
596    U2056    (0)   14 :  0.033 0.011 0.015 0.891 0.051 
597    U2057    (0)   14 :  0.627 0.022 0.077 0.204 0.070 
598    U2058    (0)   14 :  0.668 0.029 0.033 0.068 0.202 
599    U2059    (9)   14 :  0.424 0.135 0.083 0.319 0.039 
600    U2060    (0)   14 :  0.312 0.017 0.011 0.625 0.035 
601    U2061    (0)   14 :  0.030 0.009 0.018 0.836 0.107 
602    U2062    (9)   14 :  0.024 0.009 0.011 0.901 0.054 
603    U2063    (9)   14 :  0.054 0.016 0.026 0.860 0.044 
604    U2065    (0)   14 :  0.171 0.026 0.014 0.107 0.682 
605    U2067    (0)   14 :  0.386 0.039 0.035 0.371 0.169 
606    U2068    (0)   14 :  0.220 0.030 0.169 0.123 0.459 
607    U2069    (0)   14 :  0.405 0.014 0.013 0.310 0.258 
608    U2070    (0)   14 :  0.528 0.022 0.033 0.332 0.085 
609    U2071    (0)   14 :  0.130 0.012 0.025 0.055 0.778 
610    U2076    (0)   14 :  0.123 0.033 0.022 0.638 0.185 
611    U2077    (0)   14 :  0.105 0.217 0.159 0.277 0.242 
612    U2082    (0)   14 :  0.697 0.030 0.069 0.125 0.079 
613    U2084    (0)   14 :  0.485 0.026 0.266 0.092 0.131 
614    U2089    (0)   14 :  0.500 0.070 0.068 0.222 0.140 
615    U2090    (0)   14 :  0.464 0.234 0.038 0.194 0.070 
616    U2098    (0)   14 :  0.163 0.010 0.028 0.475 0.323 
617    U2108    (0)   14 :  0.029 0.166 0.190 0.016 0.599 
618    U2111    (0)   14 :  0.094 0.065 0.026 0.086 0.728 
619    U2113    (0)   14 :  0.210 0.044 0.060 0.086 0.601 
620    U2114    (0)   14 :  0.683 0.014 0.038 0.139 0.126 
