

----------------------------------------------------
STRUCTURE by Pritchard, Stephens and Donnelly (2000)
     and Falush, Stephens and Pritchard (2003)
       Code by Pritchard, Falush and Hubisz
             Version 2.3.4 (Jul 2012)
----------------------------------------------------



Command line arguments:   bin\structure -m C:\Users\eschumacher\Documents\Butternut\butternut_STRUCTURE_withQU\50-50\mainparams -e C:\Users\eschumacher\Documents\Butternut\butternut_STRUCTURE_withQU\50-50\extraparams 
Input File:    C:\Users\eschumacher\Documents\Butternut\butternut_STRUCTURE_withQU\project_data

Run parameters:
   1015 individuals
   11 loci
   3 populations assumed
   50000 Burn-in period
   50000 Reps


--------------------------------------------
Proportion of membership of each pre-defined
 population in each of the 3 clusters

Given    Inferred Clusters       Number of
 Pop       1      2      3      Individuals

  1:     0.090  0.795  0.115       40
  2:     0.061  0.754  0.184       46
  3:     0.071  0.832  0.097       63
  4:     0.103  0.761  0.136       48
  5:     0.099  0.813  0.088       85
  6:     0.081  0.816  0.103       70
  7:     0.397  0.075  0.528       22
  8:     0.612  0.030  0.358       11
  9:     0.344  0.166  0.491       33
 10:     0.439  0.175  0.386       48
 11:     0.276  0.240  0.483       48
 12:     0.047  0.033  0.920       13
 13:     0.116  0.081  0.803        9
 14:     0.490  0.081  0.429       90
 15:     0.287  0.046  0.667       63
 16:     0.402  0.143  0.455       16
 17:     0.498  0.199  0.303       31
 18:     0.825  0.043  0.132       16
 19:     0.260  0.124  0.616       24
 20:     0.457  0.098  0.445       12
 21:     0.491  0.091  0.418       54
 22:     0.691  0.102  0.207       96
 23:     0.633  0.081  0.286       22
 24:     0.699  0.216  0.085       23
 25:     0.750  0.041  0.209       13
 26:     0.431  0.104  0.465       19
--------------------------------------------

Allele-freq. divergence among pops (Net nucleotide distance),
computed using point estimates of P.

      1       2       3      
 1      -    0.0254  0.0066  
 2   0.0254     -    0.0178  
 3   0.0066  0.0178     -    

Average distances (expected heterozygosity) between individuals in same cluster:
cluster  1  : 0.8462 
cluster  2  : 0.8340 
cluster  3  : 0.8635 

--------------------------------------------
Estimated Ln Prob of Data   = -48386.0
Mean value of ln likelihood = -47751.0
Variance of ln likelihood   = 1269.9
Mean value of alpha         = 0.0706

Mean value of Fst_1         = 0.0182
Mean value of Fst_2         = 0.0386
Mean value of Fst_3         = 0.0053


Inferred ancestry of individuals:
        Label (%Miss) Pop:  Inferred clusters
  1    C3984    (0)    1 :  0.012 0.964 0.024 
  2    C3985    (0)    1 :  0.016 0.966 0.018 
  3    C3986    (0)    1 :  0.009 0.977 0.014 
  4    C4231    (0)    1 :  0.025 0.897 0.079 
  5    C4344    (0)    1 :  0.027 0.924 0.049 
  6    C4347   (18)    1 :  0.044 0.937 0.019 
  7    C4352   (18)    1 :  0.026 0.933 0.041 
  8    C4355    (9)    1 :  0.024 0.941 0.035 
  9    C4358   (18)    1 :  0.386 0.052 0.562 
 10    C4419    (9)    1 :  0.049 0.692 0.260 
 11    C4428    (9)    1 :  0.016 0.968 0.016 
 12    C4436    (0)    1 :  0.016 0.964 0.020 
 13    C4437   (18)    1 :  0.088 0.865 0.047 
 14    C4450    (0)    1 :  0.126 0.679 0.195 
 15    C4531    (0)    1 :  0.104 0.667 0.229 
 16    C1615    (0)    1 :  0.121 0.725 0.154 
 17    C1616    (0)    1 :  0.606 0.275 0.120 
 18    C1617    (9)    1 :  0.029 0.951 0.020 
 19    C1618    (0)    1 :  0.047 0.828 0.125 
 20    C1619    (0)    1 :  0.054 0.688 0.258 
 21    C1620    (9)    1 :  0.040 0.709 0.251 
 22    C1621    (0)    1 :  0.518 0.195 0.286 
 23    C1623    (9)    1 :  0.223 0.174 0.604 
 24    C1625    (0)    1 :  0.095 0.659 0.245 
 25    C1626    (0)    1 :  0.323 0.361 0.316 
 26    C1627    (9)    1 :  0.055 0.890 0.054 
 27    C1633    (0)    1 :  0.033 0.927 0.040 
 28    C1637    (0)    1 :  0.036 0.934 0.030 
 29    C1650    (0)    1 :  0.052 0.913 0.035 
 30    C3202    (0)    1 :  0.026 0.959 0.016 
 31    C3248    (0)    1 :  0.029 0.930 0.041 
 32    C3304    (9)    1 :  0.046 0.931 0.024 
 33    C3326    (0)    1 :  0.076 0.844 0.081 
 34    C3333    (0)    1 :  0.058 0.905 0.036 
 35    C3339   (18)    1 :  0.037 0.916 0.047 
 36    C3346    (0)    1 :  0.012 0.973 0.015 
 37    C3349    (0)    1 :  0.034 0.919 0.047 
 38    C3367   (18)    1 :  0.030 0.940 0.030 
 39    C3374    (0)    1 :  0.010 0.972 0.018 
 40    C3405    (0)    1 :  0.050 0.845 0.104 
 41    C4543    (0)    2 :  0.018 0.937 0.045 
 42    C4545    (9)    2 :  0.012 0.910 0.079 
 43    C4551    (9)    2 :  0.057 0.365 0.579 
 44    C4491    (0)    2 :  0.074 0.717 0.210 
 45    C4494    (0)    2 :  0.011 0.974 0.015 
 46    C4495    (0)    2 :  0.047 0.634 0.319 
 47    C4497    (9)    2 :  0.017 0.957 0.026 
 48    C4501    (0)    2 :  0.064 0.557 0.379 
 49    C4502    (0)    2 :  0.017 0.911 0.071 
 50    C4503    (0)    2 :  0.028 0.250 0.722 
 51    C4504    (0)    2 :  0.197 0.345 0.457 
 52    C4470    (0)    2 :  0.081 0.648 0.271 
 53    C4471    (0)    2 :  0.023 0.852 0.125 
 54    C4474    (9)    2 :  0.144 0.230 0.626 
 55    C4476    (0)    2 :  0.022 0.939 0.039 
 56    C4478    (0)    2 :  0.019 0.875 0.106 
 57    C4479    (0)    2 :  0.031 0.945 0.024 
 58    C4482    (0)    2 :  0.110 0.849 0.041 
 59    C4483    (0)    2 :  0.032 0.377 0.591 
 60    C4484    (0)    2 :  0.040 0.812 0.149 
 61    C4485    (0)    2 :  0.118 0.733 0.149 
 62    C4489    (0)    2 :  0.018 0.950 0.032 
 63    C4505    (0)    2 :  0.035 0.924 0.042 
 64    C4507    (0)    2 :  0.056 0.557 0.387 
 65    C4535    (0)    2 :  0.102 0.454 0.443 
 66    C4542    (0)    2 :  0.172 0.077 0.751 
 67    C4553    (9)    2 :  0.037 0.908 0.055 
 68    C4562   (18)    2 :  0.036 0.880 0.084 
 69    C4582   (18)    2 :  0.098 0.776 0.126 
 70    C4693    (0)    2 :  0.018 0.959 0.024 
 71    C4696    (0)    2 :  0.057 0.705 0.238 
 72    C3179    (0)    2 :  0.035 0.888 0.078 
 73    C3181    (0)    2 :  0.049 0.860 0.092 
 74    C3188    (0)    2 :  0.054 0.897 0.050 
 75    C3190    (0)    2 :  0.041 0.935 0.024 
 76    C3193    (0)    2 :  0.030 0.955 0.016 
 77    C3232    (0)    2 :  0.013 0.967 0.020 
 78    C3236    (0)    2 :  0.011 0.978 0.011 
 79    C3249    (0)    2 :  0.060 0.892 0.048 
 80    C3250    (0)    2 :  0.018 0.966 0.016 
 81    C3253    (0)    2 :  0.027 0.946 0.027 
 82    C3255    (0)    2 :  0.014 0.962 0.024 
 83    C3277    (0)    2 :  0.191 0.620 0.189 
 84    C3315    (0)    2 :  0.288 0.206 0.506 
 85    C3288    (0)    2 :  0.032 0.943 0.025 
 86    C3293    (0)    2 :  0.159 0.687 0.154 
 87    C4018    (0)    3 :  0.012 0.975 0.013 
 88    C3980    (0)    3 :  0.020 0.939 0.041 
 89    C3987    (0)    3 :  0.018 0.957 0.025 
 90    C3988    (0)    3 :  0.012 0.971 0.016 
 91    C3989    (0)    3 :  0.023 0.873 0.103 
 92    C4011    (0)    3 :  0.007 0.985 0.008 
 93    C4017    (0)    3 :  0.010 0.975 0.015 
 94    C4296    (0)    3 :  0.257 0.372 0.371 
 95    C4301    (9)    3 :  0.651 0.051 0.298 
 96    C4303    (0)    3 :  0.564 0.380 0.056 
 97    C4453    (0)    3 :  0.044 0.905 0.051 
 98    C4455    (9)    3 :  0.033 0.941 0.027 
 99    C4456   (18)    3 :  0.222 0.626 0.152 
100    C4457    (9)    3 :  0.242 0.661 0.097 
101    C4459    (9)    3 :  0.022 0.961 0.017 
102    C4464   (18)    3 :  0.012 0.973 0.015 
103    C4468    (9)    3 :  0.041 0.934 0.025 
104    C4783    (0)    3 :  0.017 0.946 0.037 
105    C4786    (0)    3 :  0.019 0.967 0.015 
106    C4789    (9)    3 :  0.022 0.957 0.021 
107    C4891    (0)    3 :  0.034 0.927 0.039 
108    C4896    (0)    3 :  0.053 0.864 0.083 
109    C4898    (0)    3 :  0.018 0.933 0.049 
110    C4901    (0)    3 :  0.020 0.958 0.022 
111    C4903    (9)    3 :  0.094 0.839 0.067 
112    C4904    (0)    3 :  0.017 0.934 0.050 
113    C3263    (0)    3 :  0.036 0.826 0.138 
114    C3271    (0)    3 :  0.020 0.958 0.022 
115    C3272    (0)    3 :  0.038 0.903 0.059 
116    C3276    (0)    3 :  0.216 0.600 0.183 
117    C3280    (9)    3 :  0.104 0.621 0.275 
118    C3305    (9)    3 :  0.025 0.927 0.048 
119    C3306    (0)    3 :  0.064 0.825 0.112 
120    C3324    (0)    3 :  0.045 0.345 0.610 
121    C3329    (0)    3 :  0.067 0.757 0.176 
122    C3336    (0)    3 :  0.051 0.897 0.052 
123    C3341   (18)    3 :  0.097 0.129 0.773 
124    C3409   (18)    3 :  0.093 0.507 0.401 
125    C3168    (9)    3 :  0.019 0.955 0.027 
126    C3170    (0)    3 :  0.026 0.945 0.028 
127    C3214   (18)    3 :  0.131 0.825 0.044 
128    C3227    (0)    3 :  0.036 0.942 0.022 
129    C3228    (0)    3 :  0.058 0.860 0.083 
130    C3278    (0)    3 :  0.039 0.924 0.037 
131    C3279    (0)    3 :  0.052 0.883 0.065 
132    C3321    (0)    3 :  0.010 0.979 0.011 
133    C3322    (0)    3 :  0.203 0.732 0.064 
134    C3303    (0)    3 :  0.060 0.870 0.070 
135    C3317    (0)    3 :  0.021 0.951 0.028 
136    C3355    (0)    3 :  0.013 0.969 0.018 
137    C3376    (9)    3 :  0.035 0.928 0.037 
138    C3401    (0)    3 :  0.068 0.884 0.048 
139    C3203    (9)    3 :  0.050 0.900 0.050 
140    C3245    (0)    3 :  0.052 0.905 0.043 
141    C3302    (0)    3 :  0.043 0.895 0.062 
142    C3307    (0)    3 :  0.032 0.735 0.233 
143    C3310    (0)    3 :  0.027 0.943 0.030 
144    C3312    (9)    3 :  0.049 0.889 0.062 
145    C3345    (0)    3 :  0.018 0.948 0.034 
146    C3371    (0)    3 :  0.020 0.881 0.099 
147    C3372    (0)    3 :  0.026 0.871 0.102 
148    C3380    (9)    3 :  0.011 0.978 0.011 
149    C3417    (0)    3 :  0.050 0.740 0.209 
150    C4569    (9)    4 :  0.228 0.186 0.586 
151    C4570    (9)    4 :  0.026 0.904 0.070 
152    C4571    (9)    4 :  0.022 0.934 0.043 
153    C4572    (9)    4 :  0.041 0.823 0.136 
154    C4573    (9)    4 :  0.570 0.161 0.270 
155    C4575    (9)    4 :  0.194 0.537 0.269 
156    C4577    (9)    4 :  0.020 0.857 0.123 
157    C4578    (9)    4 :  0.256 0.455 0.289 
158    C4600   (18)    4 :  0.163 0.573 0.264 
159    C4612    (9)    4 :  0.313 0.446 0.241 
160    C4621    (0)    4 :  0.022 0.965 0.013 
161    C4622    (9)    4 :  0.019 0.946 0.035 
162    C4623    (0)    4 :  0.052 0.380 0.568 
163    C4624    (0)    4 :  0.088 0.738 0.174 
164    C4625    (0)    4 :  0.782 0.146 0.072 
165    C4627    (0)    4 :  0.060 0.876 0.064 
166    C4631    (0)    4 :  0.029 0.255 0.716 
167    C4632    (0)    4 :  0.024 0.943 0.032 
168    C3939    (0)    4 :  0.021 0.948 0.031 
169    C3940    (0)    4 :  0.040 0.626 0.334 
170    C3945    (0)    4 :  0.013 0.967 0.020 
171    C4520    (0)    4 :  0.286 0.494 0.221 
172    C4522    (0)    4 :  0.013 0.971 0.015 
173    C3182    (0)    4 :  0.020 0.952 0.028 
174    C3189    (0)    4 :  0.298 0.603 0.098 
175    C3191    (9)    4 :  0.102 0.837 0.061 
176    C3196    (0)    4 :  0.051 0.906 0.043 
177    C3208    (0)    4 :  0.059 0.887 0.054 
178    C3211    (0)    4 :  0.034 0.936 0.031 
179    C3212    (0)    4 :  0.075 0.218 0.707 
180    C3213    (0)    4 :  0.035 0.911 0.054 
181    C3215    (0)    4 :  0.286 0.577 0.138 
182    C3217    (0)    4 :  0.029 0.928 0.043 
183    C3225    (9)    4 :  0.059 0.899 0.042 
184    C3226    (0)    4 :  0.011 0.976 0.013 
185    C3238    (9)    4 :  0.023 0.960 0.017 
186    C3239    (0)    4 :  0.023 0.920 0.056 
187    C3269   (18)    4 :  0.196 0.719 0.085 
188    C3273    (0)    4 :  0.044 0.939 0.017 
189    C3274    (0)    4 :  0.098 0.671 0.231 
190    C3354    (0)    4 :  0.038 0.907 0.055 
191    C3361    (0)    4 :  0.028 0.947 0.024 
192    C3289    (0)    4 :  0.024 0.958 0.018 
193    C3169    (0)    4 :  0.013 0.973 0.014 
194    C3199    (9)    4 :  0.023 0.959 0.017 
195    C3224    (0)    4 :  0.047 0.930 0.023 
196    C3261   (18)    4 :  0.015 0.962 0.023 
197    C3320    (0)    4 :  0.031 0.935 0.034 
198    C4151    (0)    5 :  0.015 0.958 0.028 
199    C4152    (0)    5 :  0.029 0.923 0.047 
200    C4153    (0)    5 :  0.035 0.934 0.032 
201    C4154   (18)    5 :  0.016 0.945 0.039 
202    C4157    (0)    5 :  0.030 0.942 0.028 
203    C4158    (0)    5 :  0.026 0.939 0.035 
204    C4163    (0)    5 :  0.012 0.969 0.018 
205    C4165    (0)    5 :  0.046 0.218 0.737 
206    C4248    (9)    5 :  0.036 0.939 0.025 
207    C4371    (9)    5 :  0.024 0.891 0.085 
208    C3936    (0)    5 :  0.030 0.923 0.047 
209    C3937    (0)    5 :  0.017 0.955 0.028 
210    C3944    (0)    5 :  0.009 0.974 0.016 
211    C3954    (0)    5 :  0.019 0.971 0.010 
212    C3955    (9)    5 :  0.037 0.947 0.017 
213    C3961    (0)    5 :  0.017 0.935 0.048 
214    C3974    (0)    5 :  0.045 0.900 0.055 
215    C4024    (0)    5 :  0.019 0.936 0.044 
216    C4025    (0)    5 :  0.022 0.836 0.142 
217    C4028    (0)    5 :  0.116 0.821 0.063 
218    C4032   (18)    5 :  0.015 0.967 0.018 
219    C4033   (18)    5 :  0.021 0.958 0.021 
220    C4034    (0)    5 :  0.064 0.788 0.148 
221    C4041    (9)    5 :  0.129 0.632 0.239 
222    C4043    (9)    5 :  0.026 0.937 0.037 
223    C4044    (9)    5 :  0.151 0.191 0.658 
224    C4045    (9)    5 :  0.036 0.939 0.025 
225    C4046    (9)    5 :  0.032 0.918 0.049 
226    C4047    (0)    5 :  0.176 0.781 0.043 
227    C4048    (9)    5 :  0.231 0.562 0.207 
228    C4055    (9)    5 :  0.063 0.886 0.051 
229    C4057   (18)    5 :  0.018 0.937 0.045 
230    C4059    (0)    5 :  0.027 0.954 0.019 
231    C4060    (9)    5 :  0.023 0.932 0.045 
232    C4064    (9)    5 :  0.264 0.597 0.139 
233    C4067    (0)    5 :  0.139 0.715 0.145 
234    C4068    (9)    5 :  0.033 0.940 0.027 
235    C4070    (9)    5 :  0.056 0.757 0.188 
236    C4075   (18)    5 :  0.027 0.922 0.051 
237    C4081    (9)    5 :  0.060 0.894 0.046 
238    C4082    (0)    5 :  0.041 0.930 0.030 
239    C4083    (0)    5 :  0.133 0.326 0.542 
240    C4086    (0)    5 :  0.152 0.826 0.022 
241    C4088    (9)    5 :  0.744 0.194 0.062 
242    C4092    (0)    5 :  0.020 0.919 0.061 
243    C4099    (9)    5 :  0.115 0.818 0.066 
244    C4104    (0)    5 :  0.030 0.933 0.037 
245    C4108   (18)    5 :  0.915 0.016 0.068 
246    C4118    (0)    5 :  0.470 0.410 0.121 
247    C4131    (0)    5 :  0.052 0.909 0.040 
248    C4133    (0)    5 :  0.021 0.958 0.020 
249    C4135    (0)    5 :  0.008 0.980 0.012 
250    C4136    (0)    5 :  0.383 0.374 0.244 
251    C4137    (9)    5 :  0.030 0.941 0.029 
252    C4139    (0)    5 :  0.013 0.968 0.019 
253    C4140    (9)    5 :  0.015 0.957 0.028 
254    C4167    (0)    5 :  0.089 0.710 0.201 
255    C4236    (0)    5 :  0.071 0.869 0.060 
256    C4237    (0)    5 :  0.820 0.091 0.089 
257    C4238    (0)    5 :  0.062 0.909 0.029 
258    C4241    (0)    5 :  0.024 0.944 0.032 
259    C4247    (9)    5 :  0.219 0.648 0.133 
260    C4257    (0)    5 :  0.044 0.923 0.033 
261    C4383    (0)    5 :  0.171 0.546 0.283 
262    C4397    (9)    5 :  0.017 0.969 0.013 
263    C4514    (0)    5 :  0.013 0.957 0.029 
264    C4519    (0)    5 :  0.034 0.871 0.095 
265    C4527    (0)    5 :  0.018 0.960 0.022 
266    C4534    (0)    5 :  0.050 0.823 0.127 
267    C4699    (0)    5 :  0.117 0.818 0.066 
268    C1541    (9)    5 :  0.014 0.966 0.020 
269    C1542    (9)    5 :  0.026 0.948 0.026 
270    C1544    (0)    5 :  0.031 0.950 0.018 
271    C1547    (9)    5 :  0.421 0.322 0.257 
272    C1553    (9)    5 :  0.304 0.373 0.323 
273    C1555    (9)    5 :  0.048 0.900 0.052 
274    C1557    (0)    5 :  0.031 0.940 0.029 
275    C1560    (0)    5 :  0.040 0.933 0.027 
276    C1565    (0)    5 :  0.029 0.873 0.098 
277    C1567    (0)    5 :  0.086 0.873 0.041 
278    C1569    (0)    5 :  0.020 0.950 0.030 
279    C1571    (0)    5 :  0.144 0.796 0.059 
280    C1576    (0)    5 :  0.069 0.895 0.036 
281    C1577    (9)    5 :  0.072 0.899 0.030 
282    C1579    (0)    5 :  0.034 0.931 0.035 
283    C3990    (0)    6 :  0.014 0.973 0.013 
284    C3991    (0)    6 :  0.048 0.730 0.222 
285    C3992    (0)    6 :  0.109 0.814 0.077 
286    C3994    (0)    6 :  0.043 0.758 0.200 
287    C4172    (0)    6 :  0.395 0.093 0.512 
288    C4173    (9)    6 :  0.040 0.262 0.698 
289    C4232    (9)    6 :  0.013 0.976 0.012 
290    C4234    (9)    6 :  0.018 0.969 0.013 
291    C4259    (0)    6 :  0.015 0.970 0.015 
292    C4260    (0)    6 :  0.011 0.976 0.013 
293    C4261    (9)    6 :  0.175 0.618 0.207 
294    C4262    (0)    6 :  0.022 0.908 0.069 
295    C4263    (0)    6 :  0.049 0.913 0.039 
296    C4267    (9)    6 :  0.026 0.949 0.025 
297    C4269    (0)    6 :  0.028 0.908 0.064 
298    C4272    (0)    6 :  0.023 0.951 0.026 
299    C4274    (0)    6 :  0.207 0.668 0.124 
300    C4276    (9)    6 :  0.825 0.052 0.123 
301    C4278    (0)    6 :  0.054 0.875 0.070 
302    C4280    (0)    6 :  0.026 0.923 0.051 
303    C4281    (0)    6 :  0.031 0.935 0.034 
304    C4282    (0)    6 :  0.290 0.360 0.350 
305    C4284    (9)    6 :  0.011 0.978 0.012 
306    C4286    (9)    6 :  0.064 0.819 0.117 
307    C4287    (0)    6 :  0.032 0.826 0.142 
308    C4290    (0)    6 :  0.501 0.107 0.392 
309    C4307   (18)    6 :  0.025 0.898 0.077 
310    C4310    (9)    6 :  0.050 0.933 0.017 
311    C4311   (18)    6 :  0.053 0.914 0.034 
312    C4312    (0)    6 :  0.028 0.957 0.015 
313    C4314    (0)    6 :  0.156 0.791 0.054 
314    C4318    (9)    6 :  0.028 0.763 0.209 
315    C4321    (9)    6 :  0.025 0.930 0.045 
316    C4324    (0)    6 :  0.029 0.884 0.087 
317    C4334    (0)    6 :  0.016 0.959 0.026 
318    C4529    (0)    6 :  0.046 0.886 0.068 
319    C1582    (9)    6 :  0.020 0.961 0.019 
320    C1583    (0)    6 :  0.055 0.896 0.049 
321    C1584    (9)    6 :  0.043 0.936 0.021 
322    C1585    (0)    6 :  0.016 0.971 0.012 
323    C1586    (0)    6 :  0.037 0.896 0.067 
324    C1589    (0)    6 :  0.014 0.970 0.016 
325    C1591    (0)    6 :  0.014 0.972 0.014 
326    C1592    (0)    6 :  0.028 0.921 0.052 
327    C1594    (0)    6 :  0.044 0.933 0.023 
328    C1597    (9)    6 :  0.050 0.913 0.037 
329    C1598    (9)    6 :  0.026 0.949 0.024 
330    C1599    (0)    6 :  0.020 0.959 0.021 
331    C1601    (0)    6 :  0.071 0.858 0.071 
332    C1605    (0)    6 :  0.319 0.228 0.453 
333    C1609    (0)    6 :  0.013 0.973 0.015 
334    C1610    (0)    6 :  0.232 0.700 0.068 
335    C1611    (0)    6 :  0.024 0.836 0.140 
336    C1612    (0)    6 :  0.018 0.967 0.015 
337    C1613    (0)    6 :  0.036 0.909 0.055 
338    C3173    (9)    6 :  0.117 0.775 0.108 
339    C3204    (0)    6 :  0.032 0.942 0.026 
340    C3223    (9)    6 :  0.201 0.362 0.438 
341    C3262    (0)    6 :  0.059 0.891 0.050 
342    C3270    (0)    6 :  0.021 0.958 0.021 
343    C3300    (0)    6 :  0.010 0.979 0.011 
344    C3330    (0)    6 :  0.025 0.927 0.047 
345    C3390    (9)    6 :  0.021 0.960 0.019 
346    C3424    (9)    6 :  0.023 0.950 0.028 
347    C3958    (0)    6 :  0.016 0.946 0.038 
348    C3962    (0)    6 :  0.011 0.968 0.021 
349    C4019    (0)    6 :  0.412 0.067 0.521 
350    C3995   (18)    6 :  0.042 0.830 0.128 
351    C4000    (0)    6 :  0.040 0.656 0.304 
352    C4002    (0)    6 :  0.022 0.934 0.044 
353    C1692    (0)    7 :  0.303 0.052 0.645 
354    C1693    (0)    7 :  0.090 0.223 0.687 
355    C1694    (0)    7 :  0.470 0.097 0.433 
356    C1698    (0)    7 :  0.450 0.019 0.532 
357    C1699    (0)    7 :  0.842 0.029 0.129 
358    C1700    (0)    7 :  0.404 0.180 0.416 
359    C1701    (0)    7 :  0.659 0.021 0.320 
360    C1702    (0)    7 :  0.418 0.017 0.566 
361    C1703    (0)    7 :  0.413 0.016 0.571 
362    C1704    (0)    7 :  0.239 0.157 0.604 
363    C1705    (0)    7 :  0.118 0.044 0.838 
364    C1706    (0)    7 :  0.776 0.019 0.205 
365    C1707    (0)    7 :  0.439 0.385 0.176 
366    C1708    (0)    7 :  0.032 0.018 0.951 
367    C1709    (0)    7 :  0.063 0.034 0.903 
368    C1710    (0)    7 :  0.400 0.043 0.557 
369    C1712    (0)    7 :  0.073 0.015 0.912 
370    C1714    (0)    7 :  0.080 0.020 0.900 
371    C1715    (0)    7 :  0.898 0.027 0.075 
372    C1717    (0)    7 :  0.666 0.055 0.279 
373    C1718   (18)    7 :  0.819 0.040 0.142 
374    C1719    (0)    7 :  0.077 0.149 0.774 
375    C1656    (0)    8 :  0.702 0.020 0.277 
376    C1657   (18)    8 :  0.653 0.025 0.322 
377    C1658    (0)    8 :  0.838 0.012 0.150 
378    C1659    (0)    8 :  0.849 0.047 0.103 
379    C1661    (9)    8 :  0.335 0.056 0.610 
380    C1665    (0)    8 :  0.821 0.023 0.156 
381    C1667    (9)    8 :  0.107 0.010 0.883 
382    C1676    (9)    8 :  0.630 0.028 0.342 
383    C1681    (9)    8 :  0.696 0.028 0.276 
384    C1682    (0)    8 :  0.399 0.025 0.576 
385    C1685    (0)    8 :  0.703 0.057 0.239 
386    C4707    (0)    9 :  0.163 0.037 0.800 
387    C4747    (0)    9 :  0.077 0.268 0.654 
388    C4772    (0)    9 :  0.200 0.483 0.317 
389    C4781    (0)    9 :  0.025 0.037 0.937 
390    C4782    (0)    9 :  0.325 0.202 0.473 
391    C4787    (0)    9 :  0.509 0.105 0.386 
392    C4790    (0)    9 :  0.227 0.058 0.715 
393    C4803    (0)    9 :  0.332 0.124 0.544 
394    C4813    (0)    9 :  0.083 0.255 0.662 
395    C4837    (0)    9 :  0.155 0.120 0.725 
396    C4838    (0)    9 :  0.785 0.037 0.178 
397    C4843    (0)    9 :  0.243 0.081 0.676 
398    C4857    (0)    9 :  0.064 0.891 0.045 
399    C4828    (0)    9 :  0.347 0.323 0.330 
400    C4835    (0)    9 :  0.407 0.364 0.229 
401    C4836    (9)    9 :  0.220 0.133 0.648 
402    C4842    (0)    9 :  0.718 0.025 0.257 
403    C4863    (9)    9 :  0.155 0.045 0.800 
404    C4744    (0)    9 :  0.530 0.036 0.434 
405    C4745    (0)    9 :  0.632 0.058 0.310 
406    C4768    (0)    9 :  0.124 0.129 0.747 
407    C4769    (0)    9 :  0.894 0.026 0.080 
408    C4771    (0)    9 :  0.641 0.021 0.338 
409    C4784    (0)    9 :  0.089 0.142 0.769 
410    C4785    (0)    9 :  0.048 0.028 0.924 
411    C4795    (0)    9 :  0.049 0.106 0.845 
412    C4796    (0)    9 :  0.334 0.023 0.643 
413    C4800    (0)    9 :  0.220 0.164 0.617 
414    C4801    (0)    9 :  0.628 0.180 0.192 
415    C4802    (0)    9 :  0.331 0.589 0.081 
416    C4805    (0)    9 :  0.742 0.048 0.209 
417    C4806    (0)    9 :  0.858 0.024 0.118 
418    C4850    (0)    9 :  0.187 0.303 0.510 
419    C4748    (0)   10 :  0.602 0.048 0.350 
420    C4753    (0)   10 :  0.519 0.046 0.434 
421    C4754    (0)   10 :  0.110 0.038 0.853 
422    C4760    (0)   10 :  0.111 0.319 0.570 
423    C4761    (0)   10 :  0.600 0.086 0.314 
424    C4762    (0)   10 :  0.258 0.061 0.681 
425    C4791    (0)   10 :  0.492 0.032 0.476 
426    C4810    (0)   10 :  0.652 0.149 0.199 
427    C4812    (0)   10 :  0.862 0.072 0.066 
428    C4821    (0)   10 :  0.104 0.219 0.677 
429    C4864    (0)   10 :  0.101 0.614 0.285 
430    C4866    (0)   10 :  0.931 0.022 0.047 
431    C1722    (0)   10 :  0.914 0.039 0.047 
432    C1724    (0)   10 :  0.962 0.013 0.026 
433    C1725    (0)   10 :  0.887 0.031 0.082 
434    C1726    (0)   10 :  0.506 0.018 0.477 
435    C1731    (0)   10 :  0.827 0.039 0.134 
436    C1733    (9)   10 :  0.746 0.038 0.215 
437    C1734    (0)   10 :  0.746 0.046 0.208 
438    C1735    (0)   10 :  0.899 0.013 0.089 
439    C1738    (0)   10 :  0.918 0.037 0.045 
440    C1740    (9)   10 :  0.557 0.121 0.321 
441    C1741    (0)   10 :  0.118 0.487 0.395 
442    C1742    (0)   10 :  0.634 0.041 0.325 
443    C1743    (0)   10 :  0.516 0.037 0.447 
444    C1745    (0)   10 :  0.283 0.046 0.671 
445    C1746    (0)   10 :  0.749 0.067 0.185 
446    C1747    (0)   10 :  0.739 0.060 0.201 
447    C4742    (9)   10 :  0.160 0.169 0.671 
448    C4752    (0)   10 :  0.115 0.780 0.105 
449    C4792    (0)   10 :  0.119 0.473 0.408 
450    C4811    (0)   10 :  0.056 0.836 0.109 
451    C4814    (0)   10 :  0.047 0.132 0.821 
452    C4815    (0)   10 :  0.299 0.241 0.459 
453    C4818    (0)   10 :  0.412 0.447 0.141 
454    C4819    (0)   10 :  0.352 0.245 0.403 
455    C4826    (0)   10 :  0.573 0.020 0.407 
456    C4829    (0)   10 :  0.128 0.058 0.813 
457    C4830    (0)   10 :  0.157 0.031 0.811 
458    C4831    (0)   10 :  0.073 0.788 0.139 
459    C4832    (0)   10 :  0.139 0.021 0.841 
460    C4858    (0)   10 :  0.035 0.043 0.922 
461    C4757    (0)   10 :  0.385 0.310 0.304 
462    C4770    (9)   10 :  0.072 0.798 0.129 
463    C4808    (0)   10 :  0.158 0.083 0.759 
464    C4809    (0)   10 :  0.496 0.015 0.489 
465    C4820    (0)   10 :  0.769 0.053 0.178 
466    C4824    (0)   10 :  0.187 0.020 0.793 
467    C4706    (0)   11 :  0.836 0.016 0.148 
468    C4708    (0)   11 :  0.017 0.929 0.054 
469    C4709    (0)   11 :  0.088 0.031 0.881 
470    C4714    (0)   11 :  0.064 0.161 0.775 
471    C4722    (0)   11 :  0.294 0.041 0.665 
472    C4726    (0)   11 :  0.488 0.322 0.190 
473    C4733    (0)   11 :  0.140 0.332 0.527 
474    C4734    (0)   11 :  0.684 0.059 0.257 
475    C4737    (0)   11 :  0.056 0.029 0.915 
476    C4882    (0)   11 :  0.534 0.019 0.447 
477    C4883    (0)   11 :  0.023 0.134 0.844 
478    C4702    (9)   11 :  0.115 0.181 0.704 
479    C4703    (0)   11 :  0.059 0.252 0.689 
480    C4727    (0)   11 :  0.827 0.024 0.149 
481    C4732    (0)   11 :  0.132 0.039 0.829 
482    C4735    (0)   11 :  0.144 0.037 0.819 
483    C4736    (0)   11 :  0.035 0.565 0.400 
484    C4746    (0)   11 :  0.031 0.030 0.939 
485    C4777    (0)   11 :  0.865 0.019 0.116 
486    C4846    (0)   11 :  0.058 0.699 0.243 
487    C4847    (0)   11 :  0.562 0.023 0.415 
488    C4884    (0)   11 :  0.164 0.039 0.797 
489    C4705    (0)   11 :  0.358 0.219 0.423 
490    C4711    (0)   11 :  0.329 0.038 0.633 
491    C4713    (9)   11 :  0.471 0.152 0.377 
492    C4716    (0)   11 :  0.337 0.072 0.590 
493    C4717    (0)   11 :  0.200 0.669 0.130 
494    C4719    (0)   11 :  0.258 0.024 0.718 
495    C4721    (0)   11 :  0.028 0.924 0.048 
496    C4729    (0)   11 :  0.149 0.037 0.815 
497    C4730    (0)   11 :  0.097 0.379 0.524 
498    C4773    (0)   11 :  0.069 0.868 0.062 
499    C4861    (0)   11 :  0.458 0.037 0.505 
500    C4890    (0)   11 :  0.086 0.128 0.786 
501    C4718    (0)   11 :  0.483 0.065 0.452 
502    C4724    (0)   11 :  0.175 0.194 0.631 
503    C4738    (0)   11 :  0.683 0.196 0.121 
504    C4739    (0)   11 :  0.718 0.089 0.193 
505    C4844    (0)   11 :  0.368 0.277 0.354 
506    C4845    (0)   11 :  0.075 0.040 0.885 
507    C4681    (0)   11 :  0.038 0.904 0.058 
508    C4682    (0)   11 :  0.267 0.359 0.373 
509    C4683    (0)   11 :  0.070 0.584 0.346 
510    C4685    (0)   11 :  0.168 0.103 0.729 
511    C4715    (0)   11 :  0.163 0.156 0.681 
512    C4725    (0)   11 :  0.636 0.020 0.344 
513    C4799    (0)   11 :  0.120 0.605 0.275 
514    C4889    (9)   11 :  0.236 0.417 0.347 
515    C4641    (0)   12 :  0.016 0.019 0.965 
516    C4651    (0)   12 :  0.250 0.055 0.696 
517    C4657    (0)   12 :  0.011 0.081 0.908 
518    C4658    (0)   12 :  0.022 0.040 0.938 
519    C4660    (0)   12 :  0.034 0.035 0.930 
520    C4665    (0)   12 :  0.019 0.021 0.960 
521    C4666    (0)   12 :  0.042 0.019 0.939 
522    C4667    (0)   12 :  0.022 0.022 0.956 
523    C4668    (0)   12 :  0.052 0.035 0.913 
524    C4669    (0)   12 :  0.016 0.018 0.967 
525    C4670    (0)   12 :  0.025 0.011 0.963 
526    C4671    (0)   12 :  0.013 0.032 0.955 
527    C4672    (0)   12 :  0.090 0.040 0.871 
528    C4633    (0)   13 :  0.019 0.034 0.947 
529    C4635    (0)   13 :  0.041 0.029 0.930 
530    C4653    (0)   13 :  0.063 0.128 0.809 
531    C4654    (0)   13 :  0.016 0.022 0.962 
532    C4675    (0)   13 :  0.052 0.019 0.930 
533    C4679    (0)   13 :  0.773 0.013 0.214 
534    C4684    (0)   13 :  0.033 0.129 0.839 
535    C4686    (0)   13 :  0.018 0.061 0.921 
536    C4687    (0)   13 :  0.026 0.295 0.679 
537    U1941    (0)   14 :  0.865 0.054 0.081 
538    U1942    (0)   14 :  0.096 0.233 0.671 
539    U1957    (9)   14 :  0.271 0.489 0.240 
540    U2016    (0)   14 :  0.926 0.010 0.064 
541    U2021    (9)   14 :  0.376 0.052 0.572 
542    U2022    (0)   14 :  0.270 0.027 0.703 
543    U2023    (0)   14 :  0.656 0.018 0.326 
544    U2024    (0)   14 :  0.354 0.074 0.572 
545    U2025    (9)   14 :  0.279 0.060 0.661 
546    U2026    (0)   14 :  0.070 0.219 0.711 
547    U2027    (0)   14 :  0.463 0.046 0.492 
548    U2028    (0)   14 :  0.254 0.012 0.734 
549    U2029    (0)   14 :  0.177 0.014 0.808 
550    U2030    (0)   14 :  0.758 0.012 0.231 
551    U2031    (0)   14 :  0.829 0.014 0.157 
552    U1943    (0)   14 :  0.090 0.047 0.864 
553    U1944    (0)   14 :  0.533 0.027 0.441 
554    U1945    (0)   14 :  0.535 0.021 0.444 
555    U1946    (0)   14 :  0.874 0.027 0.098 
556    U1947    (0)   14 :  0.542 0.029 0.428 
557    U1948    (0)   14 :  0.296 0.101 0.602 
558    U1949    (0)   14 :  0.744 0.020 0.236 
559    U1955    (0)   14 :  0.735 0.153 0.112 
560    U2005    (0)   14 :  0.169 0.074 0.757 
561    U2006    (0)   14 :  0.883 0.016 0.101 
562    U2007    (0)   14 :  0.680 0.050 0.271 
563    U2008    (0)   14 :  0.416 0.012 0.572 
564    U2010    (9)   14 :  0.177 0.120 0.703 
565    U2011    (0)   14 :  0.919 0.022 0.059 
566    U2012    (0)   14 :  0.564 0.016 0.420 
567    U2014    (0)   14 :  0.129 0.027 0.845 
568    U2702    (0)   14 :  0.055 0.026 0.919 
569    U2703    (0)   14 :  0.046 0.033 0.920 
570    U2704    (0)   14 :  0.422 0.081 0.497 
571    U2706   (18)   14 :  0.455 0.026 0.518 
572    U2707    (0)   14 :  0.838 0.020 0.142 
573    U2708    (0)   14 :  0.140 0.022 0.838 
574    U2698    (0)   14 :  0.619 0.192 0.189 
575    U2700    (0)   14 :  0.619 0.040 0.341 
576    U1924    (0)   14 :  0.213 0.033 0.755 
577    U1930    (0)   14 :  0.916 0.029 0.055 
578    U1931    (0)   14 :  0.471 0.099 0.430 
579    U1933    (0)   14 :  0.778 0.026 0.196 
580    U1934    (0)   14 :  0.252 0.431 0.317 
581    U1935    (0)   14 :  0.365 0.324 0.311 
582    U1936    (9)   14 :  0.289 0.015 0.696 
583    U1938    (0)   14 :  0.463 0.057 0.480 
584    U1939    (0)   14 :  0.532 0.240 0.228 
585    U1950    (0)   14 :  0.888 0.020 0.091 
586    U1951    (0)   14 :  0.108 0.055 0.837 
587    U1953    (0)   14 :  0.914 0.014 0.072 
588    U1954    (0)   14 :  0.857 0.011 0.133 
589    U2044    (0)   14 :  0.041 0.055 0.904 
590    U2045    (0)   14 :  0.764 0.015 0.222 
591    U2046    (9)   14 :  0.380 0.053 0.568 
592    U2047    (0)   14 :  0.032 0.019 0.949 
593    U2048    (0)   14 :  0.347 0.032 0.620 
594    U2050    (0)   14 :  0.268 0.026 0.706 
595    U2051    (0)   14 :  0.487 0.017 0.496 
596    U2056    (0)   14 :  0.965 0.013 0.022 
597    U2057    (0)   14 :  0.711 0.052 0.237 
598    U2058    (0)   14 :  0.288 0.037 0.675 
599    U2059    (9)   14 :  0.757 0.121 0.122 
600    U2060    (0)   14 :  0.939 0.013 0.048 
601    U2061    (0)   14 :  0.917 0.013 0.070 
602    U2062    (9)   14 :  0.950 0.012 0.038 
603    U2063    (9)   14 :  0.948 0.020 0.032 
604    U2065    (0)   14 :  0.211 0.017 0.772 
605    U2067    (0)   14 :  0.617 0.041 0.343 
606    U2068    (0)   14 :  0.352 0.078 0.570 
607    U2069    (0)   14 :  0.875 0.014 0.111 
608    U2070    (0)   14 :  0.804 0.032 0.163 
609    U2071    (0)   14 :  0.236 0.020 0.744 
610    U2076    (0)   14 :  0.833 0.026 0.141 
611    U2077    (0)   14 :  0.357 0.312 0.331 
612    U2082    (0)   14 :  0.546 0.101 0.353 
613    U2084    (0)   14 :  0.459 0.200 0.340 
614    U2089    (0)   14 :  0.362 0.088 0.550 
615    U2090    (0)   14 :  0.466 0.181 0.353 
616    U2098    (0)   14 :  0.835 0.015 0.149 
617    U2108    (0)   14 :  0.035 0.323 0.642 
618    U2111    (0)   14 :  0.267 0.042 0.691 
619    U2113    (0)   14 :  0.199 0.133 0.669 
620    U2114    (0)   14 :  0.766 0.027 0.207 
621    U2115    (0)   14 :  0.256 0.015 0.729 
622    U2116    (9)   14 :  0.850 0.014 0.136 
623    U2117    (0)   14 :  0.073 0.510 0.417 
624    U2119    (0)   14 :  0.041 0.094 0.865 
625    U2120    (0)   14 :  0.584 0.069 0.347 
626    U2664    (0)   14 :  0.133 0.575 0.292 
627    U1198    (9)   15 :  0.395 0.132 0.473 
628    U1199    (0)   15 :  0.321 0.044 0.635 
629    U1200    (0)   15 :  0.279 0.016 0.705 
630    U1201    (0)   15 :  0.024 0.013 0.964 
631    U1202    (0)   15 :  0.088 0.021 0.891 
632    U1203    (0)   15 :  0.065 0.019 0.916 
633    U1205    (0)   15 :  0.216 0.026 0.758 
634    U1206    (0)   15 :  0.152 0.065 0.784 
635    U1207    (0)   15 :  0.050 0.024 0.926 
636    U1208    (0)   15 :  0.161 0.038 0.801 
637    U1209    (0)   15 :  0.064 0.029 0.907 
638    U1210    (0)   15 :  0.203 0.028 0.769 
639    U1211    (0)   15 :  0.045 0.045 0.910 
640    U1212    (0)   15 :  0.479 0.045 0.477 
641    U1213    (0)   15 :  0.379 0.044 0.577 
642    U1214    (9)   15 :  0.019 0.036 0.946 
643    U1215    (0)   15 :  0.017 0.024 0.959 
644    U1220    (0)   15 :  0.043 0.084 0.872 
645    U1224    (0)   15 :  0.166 0.020 0.813 
646    U1227    (0)   15 :  0.613 0.018 0.368 
647    U1229    (0)   15 :  0.026 0.012 0.962 
648    U1230    (0)   15 :  0.517 0.012 0.472 
649    U1231    (0)   15 :  0.480 0.018 0.502 
650    U1232    (0)   15 :  0.048 0.008 0.945 
651    U1233    (9)   15 :  0.110 0.047 0.844 
652    U1234    (0)   15 :  0.369 0.017 0.614 
653    U1235    (0)   15 :  0.073 0.008 0.919 
654    U1236    (0)   15 :  0.346 0.086 0.568 
655    U1238    (0)   15 :  0.185 0.021 0.794 
656    U1239    (0)   15 :  0.301 0.076 0.622 
657    U1240    (0)   15 :  0.096 0.024 0.880 
658    U1242    (0)   15 :  0.045 0.077 0.879 
659    U1243    (0)   15 :  0.049 0.012 0.939 
660    U1245    (0)   15 :  0.132 0.017 0.851 
661    U1246    (0)   15 :  0.034 0.023 0.943 
662    U1251    (0)   15 :  0.270 0.009 0.721 
663    U1273   (18)   15 :  0.736 0.018 0.246 
664    U1274    (0)   15 :  0.656 0.017 0.328 
665    U1294    (0)   15 :  0.034 0.012 0.954 
666    U1304   (18)   15 :  0.112 0.027 0.861 
667    U1307    (9)   15 :  0.057 0.040 0.903 
668    U1314    (9)   15 :  0.260 0.059 0.682 
669    U1315    (0)   15 :  0.493 0.021 0.486 
670    U1319    (0)   15 :  0.742 0.055 0.202 
671    U1320    (0)   15 :  0.869 0.015 0.116 
672    U1324    (0)   15 :  0.094 0.014 0.892 
673    U1331    (9)   15 :  0.209 0.021 0.770 
674    U1333    (9)   15 :  0.420 0.129 0.451 
675    U1340    (0)   15 :  0.447 0.020 0.532 
676    U1341    (9)   15 :  0.201 0.029 0.771 
677    U1344    (9)   15 :  0.605 0.069 0.326 
678    U1345    (0)   15 :  0.636 0.026 0.338 
679    U1346    (0)   15 :  0.258 0.010 0.732 
680    U1347    (0)   15 :  0.895 0.009 0.096 
681    U1348    (0)   15 :  0.013 0.013 0.974 
682    U1349    (0)   15 :  0.410 0.014 0.576 
683    U1354    (0)   15 :  0.039 0.010 0.951 
684    U1375    (0)   15 :  0.870 0.023 0.106 
685    U1383    (9)   15 :  0.702 0.016 0.282 
686    U1385    (0)   15 :  0.068 0.862 0.070 
687    U1386    (0)   15 :  0.857 0.019 0.125 
688    U1413    (9)   15 :  0.170 0.022 0.808 
689    U1417    (9)   15 :  0.398 0.087 0.516 
690    U1852    (0)   16 :  0.259 0.031 0.710 
691    U1853    (0)   16 :  0.469 0.060 0.471 
692    U1854    (0)   16 :  0.446 0.139 0.415 
693    U1855    (0)   16 :  0.581 0.107 0.312 
694    U1856    (0)   16 :  0.832 0.013 0.155 
695    U1858    (0)   16 :  0.548 0.036 0.416 
696    U1859    (0)   16 :  0.048 0.017 0.935 
697    U1860    (0)   16 :  0.778 0.024 0.199 
698    U1861    (0)   16 :  0.333 0.026 0.642 
699    U1862    (0)   16 :  0.674 0.034 0.292 
700    U1863    (0)   16 :  0.196 0.213 0.591 
701    U1865    (0)   16 :  0.099 0.513 0.388 
702    U1871    (0)   16 :  0.404 0.110 0.487 
703    U1873    (0)   16 :  0.518 0.045 0.437 
704    U1875    (0)   16 :  0.139 0.518 0.343 
705    U1876    (0)   16 :  0.116 0.402 0.482 
706    U2448    (0)   17 :  0.117 0.255 0.628 
707    U2449    (0)   17 :  0.151 0.506 0.343 
708    U2450    (0)   17 :  0.711 0.051 0.239 
709    U2451   (18)   17 :  0.402 0.364 0.234 
710    U2453    (0)   17 :  0.204 0.728 0.068 
711    U2454    (0)   17 :  0.552 0.211 0.237 
712    U2455    (0)   17 :  0.109 0.458 0.433 
713    U2456    (9)   17 :  0.451 0.103 0.446 
714    U2457    (0)   17 :  0.123 0.320 0.557 
715    U2458    (0)   17 :  0.622 0.027 0.351 
716    U2459    (0)   17 :  0.105 0.419 0.476 
717    U2460    (0)   17 :  0.388 0.051 0.561 
718    U2461    (0)   17 :  0.856 0.014 0.131 
719    U1826    (0)   17 :  0.417 0.239 0.343 
720    U1827    (0)   17 :  0.766 0.100 0.133 
721    U1828    (0)   17 :  0.877 0.038 0.085 
722    U1829    (0)   17 :  0.146 0.225 0.629 
723    U1830    (0)   17 :  0.084 0.685 0.231 
724    U1831    (0)   17 :  0.656 0.020 0.324 
725    U1833    (0)   17 :  0.575 0.019 0.406 
726    U1834    (9)   17 :  0.884 0.019 0.097 
727    U1835    (0)   17 :  0.725 0.031 0.244 
728    U1836    (9)   17 :  0.176 0.096 0.727 
729    U1837    (0)   17 :  0.673 0.094 0.233 
730    U1838    (0)   17 :  0.767 0.121 0.112 
731    U1839    (0)   17 :  0.804 0.101 0.095 
732    U1840    (9)   17 :  0.780 0.079 0.141 
733    U1842    (0)   17 :  0.325 0.536 0.139 
734    U1844   (18)   17 :  0.229 0.182 0.589 
735    U1845    (0)   17 :  0.874 0.039 0.088 
736    U1846    (0)   17 :  0.887 0.034 0.079 
737    U1762    (0)   18 :  0.210 0.330 0.460 
738    U1763    (0)   18 :  0.963 0.008 0.029 
739    U1766    (9)   18 :  0.923 0.028 0.049 
740    U1767    (0)   18 :  0.741 0.018 0.242 
741    U1770    (0)   18 :  0.886 0.022 0.092 
742    U1771    (0)   18 :  0.944 0.014 0.042 
743    U1772    (0)   18 :  0.791 0.051 0.158 
744    U1773    (9)   18 :  0.933 0.029 0.039 
745    U1777    (0)   18 :  0.939 0.017 0.044 
746    U1778    (0)   18 :  0.527 0.025 0.448 
747    U1779    (0)   18 :  0.751 0.011 0.238 
748    U1780    (0)   18 :  0.886 0.020 0.094 
749    U1781    (0)   18 :  0.893 0.062 0.045 
750    U1786    (0)   18 :  0.949 0.013 0.038 
751    U1789    (0)   18 :  0.925 0.018 0.057 
752    U1790    (0)   18 :  0.948 0.020 0.033 
753    U2467    (0)   19 :  0.184 0.140 0.676 
754    U2468    (0)   19 :  0.362 0.061 0.577 
755    U2469    (0)   19 :  0.514 0.122 0.363 
756    U2470    (0)   19 :  0.504 0.031 0.465 
757    U2472    (9)   19 :  0.085 0.079 0.835 
758    U2473    (0)   19 :  0.073 0.113 0.814 
759    U2475    (0)   19 :  0.043 0.224 0.733 
760    U2477    (0)   19 :  0.774 0.026 0.201 
761    U2478    (0)   19 :  0.155 0.683 0.162 
762    U2482    (0)   19 :  0.044 0.027 0.929 
763    U2483    (0)   19 :  0.188 0.025 0.787 
764    U2484    (0)   19 :  0.336 0.027 0.638 
765    U2485    (0)   19 :  0.125 0.011 0.865 
766    U2487    (9)   19 :  0.121 0.039 0.840 
767    U2490    (0)   19 :  0.147 0.112 0.741 
768    U2491    (0)   19 :  0.655 0.034 0.311 
769    U2493   (18)   19 :  0.435 0.023 0.542 
770    U2495    (0)   19 :  0.056 0.048 0.896 
771    U2496    (0)   19 :  0.610 0.014 0.376 
772    U2497    (0)   19 :  0.103 0.790 0.107 
773    U2498    (0)   19 :  0.089 0.151 0.761 
774    U2499    (0)   19 :  0.044 0.121 0.835 
775    U2502    (0)   19 :  0.193 0.032 0.775 
776    U2503    (0)   19 :  0.396 0.051 0.554 
777    U2202    (0)   20 :  0.897 0.022 0.081 
778    U2203    (0)   20 :  0.538 0.044 0.418 
779    U2205    (0)   20 :  0.607 0.157 0.235 
780    U2206    (9)   20 :  0.510 0.023 0.467 
781    U2207    (0)   20 :  0.260 0.050 0.689 
782    U2212   (18)   20 :  0.060 0.545 0.395 
783    U2215    (0)   20 :  0.695 0.168 0.138 
784    U2216    (9)   20 :  0.376 0.028 0.597 
785    U2217    (0)   20 :  0.193 0.010 0.797 
786    U2221    (0)   20 :  0.421 0.020 0.560 
787    U2222    (0)   20 :  0.417 0.065 0.518 
788    U2225    (9)   20 :  0.507 0.049 0.444 
789    U1120    (9)   21 :  0.201 0.073 0.726 
790    U1122    (9)   21 :  0.374 0.070 0.556 
791    U1125    (0)   21 :  0.601 0.025 0.374 
792    U1126    (0)   21 :  0.909 0.016 0.075 
