

----------------------------------------------------
STRUCTURE by Pritchard, Stephens and Donnelly (2000)
     and Falush, Stephens and Pritchard (2003)
       Code by Pritchard, Falush and Hubisz
             Version 2.3.4 (Jul 2012)
----------------------------------------------------



Command line arguments:   bin\structure -m C:\Users\eschumacher\Documents\Butternut\butternut_STRUCTURE_withQU\50-50\mainparams -e C:\Users\eschumacher\Documents\Butternut\butternut_STRUCTURE_withQU\50-50\extraparams 
Input File:    C:\Users\eschumacher\Documents\Butternut\butternut_STRUCTURE_withQU\project_data

Run parameters:
   1015 individuals
   11 loci
   3 populations assumed
   50000 Burn-in period
   50000 Reps


--------------------------------------------
Proportion of membership of each pre-defined
 population in each of the 3 clusters

Given    Inferred Clusters       Number of
 Pop       1      2      3      Individuals

  1:     0.077  0.138  0.785       40
  2:     0.098  0.115  0.787       46
  3:     0.083  0.082  0.835       63
  4:     0.069  0.174  0.757       48
  5:     0.083  0.105  0.812       85
  6:     0.083  0.107  0.810       70
  7:     0.590  0.334  0.076       22
  8:     0.509  0.461  0.030       11
  9:     0.390  0.434  0.176       33
 10:     0.345  0.484  0.171       48
 11:     0.365  0.380  0.255       48
 12:     0.046  0.905  0.049       13
 13:     0.034  0.894  0.072        9
 14:     0.583  0.335  0.082       90
 15:     0.758  0.196  0.046       63
 16:     0.455  0.401  0.144       16
 17:     0.267  0.555  0.178       31
 18:     0.162  0.801  0.037       16
 19:     0.705  0.156  0.139       24
 20:     0.649  0.252  0.099       12
 21:     0.564  0.353  0.083       54
 22:     0.411  0.490  0.099       96
 23:     0.493  0.425  0.083       22
 24:     0.136  0.665  0.199       23
 25:     0.436  0.519  0.045       13
 26:     0.615  0.275  0.109       19
--------------------------------------------

Allele-freq. divergence among pops (Net nucleotide distance),
computed using point estimates of P.

      1       2       3      
 1      -    0.0056  0.0229  
 2   0.0056     -    0.0210  
 3   0.0229  0.0210     -    

Average distances (expected heterozygosity) between individuals in same cluster:
cluster  1  : 0.8561 
cluster  2  : 0.8531 
cluster  3  : 0.8343 

--------------------------------------------
Estimated Ln Prob of Data   = -48302.9
Mean value of ln likelihood = -47729.3
Variance of ln likelihood   = 1147.1
Mean value of alpha         = 0.0727

Mean value of Fst_1         = 0.0123
Mean value of Fst_2         = 0.0123
Mean value of Fst_3         = 0.0394


Inferred ancestry of individuals:
        Label (%Miss) Pop:  Inferred clusters
  1    C3984    (0)    1 :  0.017 0.015 0.968 
  2    C3985    (0)    1 :  0.016 0.019 0.965 
  3    C3986    (0)    1 :  0.013 0.010 0.977 
  4    C4231    (0)    1 :  0.031 0.067 0.902 
  5    C4344    (0)    1 :  0.049 0.025 0.927 
  6    C4347   (18)    1 :  0.021 0.048 0.931 
  7    C4352   (18)    1 :  0.035 0.032 0.933 
  8    C4355    (9)    1 :  0.026 0.035 0.939 
  9    C4358   (18)    1 :  0.715 0.236 0.049 
 10    C4419    (9)    1 :  0.044 0.329 0.627 
 11    C4428    (9)    1 :  0.013 0.022 0.965 
 12    C4436    (0)    1 :  0.016 0.024 0.960 
 13    C4437   (18)    1 :  0.036 0.151 0.813 
 14    C4450    (0)    1 :  0.129 0.204 0.667 
 15    C4531    (0)    1 :  0.064 0.377 0.559 
 16    C1615    (0)    1 :  0.100 0.197 0.703 
 17    C1616    (0)    1 :  0.195 0.552 0.253 
 18    C1617    (9)    1 :  0.019 0.036 0.945 
 19    C1618    (0)    1 :  0.069 0.078 0.853 
 20    C1619    (0)    1 :  0.144 0.089 0.767 
 21    C1620    (9)    1 :  0.156 0.103 0.741 
 22    C1621    (0)    1 :  0.199 0.684 0.117 
 23    C1623    (9)    1 :  0.204 0.638 0.158 
 24    C1625    (0)    1 :  0.167 0.189 0.644 
 25    C1626    (0)    1 :  0.090 0.699 0.211 
 26    C1627    (9)    1 :  0.048 0.080 0.871 
 27    C1633    (0)    1 :  0.024 0.053 0.923 
 28    C1637    (0)    1 :  0.026 0.053 0.921 
 29    C1650    (0)    1 :  0.031 0.062 0.908 
 30    C3202    (0)    1 :  0.021 0.023 0.956 
 31    C3248    (0)    1 :  0.033 0.030 0.937 
 32    C3304    (9)    1 :  0.027 0.039 0.934 
 33    C3326    (0)    1 :  0.069 0.075 0.857 
 34    C3333    (0)    1 :  0.050 0.039 0.911 
 35    C3339   (18)    1 :  0.041 0.031 0.927 
 36    C3346    (0)    1 :  0.016 0.011 0.974 
 37    C3349    (0)    1 :  0.051 0.030 0.919 
 38    C3367   (18)    1 :  0.023 0.038 0.939 
 39    C3374    (0)    1 :  0.015 0.015 0.970 
 40    C3405    (0)    1 :  0.055 0.063 0.882 
 41    C4543    (0)    2 :  0.022 0.030 0.948 
 42    C4545    (9)    2 :  0.026 0.022 0.951 
 43    C4551    (9)    2 :  0.287 0.193 0.520 
 44    C4491    (0)    2 :  0.143 0.077 0.780 
 45    C4494    (0)    2 :  0.014 0.011 0.975 
 46    C4495    (0)    2 :  0.256 0.032 0.712 
 47    C4497    (9)    2 :  0.022 0.018 0.959 
 48    C4501    (0)    2 :  0.125 0.209 0.666 
 49    C4502    (0)    2 :  0.027 0.025 0.948 
 50    C4503    (0)    2 :  0.306 0.123 0.571 
 51    C4504    (0)    2 :  0.547 0.070 0.383 
 52    C4470    (0)    2 :  0.151 0.127 0.723 
 53    C4471    (0)    2 :  0.044 0.037 0.919 
 54    C4474    (9)    2 :  0.208 0.539 0.254 
 55    C4476    (0)    2 :  0.029 0.025 0.946 
 56    C4478    (0)    2 :  0.035 0.029 0.936 
 57    C4479    (0)    2 :  0.019 0.057 0.924 
 58    C4482    (0)    2 :  0.039 0.130 0.830 
 59    C4483    (0)    2 :  0.094 0.374 0.532 
 60    C4484    (0)    2 :  0.072 0.056 0.872 
 61    C4485    (0)    2 :  0.151 0.111 0.738 
 62    C4489    (0)    2 :  0.021 0.021 0.958 
 63    C4505    (0)    2 :  0.052 0.035 0.913 
 64    C4507    (0)    2 :  0.207 0.079 0.715 
 65    C4535    (0)    2 :  0.158 0.322 0.520 
 66    C4542    (0)    2 :  0.179 0.740 0.081 
 67    C4553    (9)    2 :  0.041 0.058 0.901 
 68    C4562   (18)    2 :  0.058 0.047 0.895 
 69    C4582   (18)    2 :  0.065 0.223 0.712 
 70    C4693    (0)    2 :  0.013 0.083 0.904 
 71    C4696    (0)    2 :  0.123 0.111 0.766 
 72    C3179    (0)    2 :  0.121 0.019 0.860 
 73    C3181    (0)    2 :  0.054 0.076 0.870 
 74    C3188    (0)    2 :  0.058 0.046 0.896 
 75    C3190    (0)    2 :  0.027 0.046 0.926 
 76    C3193    (0)    2 :  0.020 0.023 0.957 
 77    C3232    (0)    2 :  0.015 0.016 0.969 
 78    C3236    (0)    2 :  0.010 0.011 0.978 
 79    C3249    (0)    2 :  0.048 0.070 0.883 
 80    C3250    (0)    2 :  0.015 0.022 0.963 
 81    C3253    (0)    2 :  0.025 0.027 0.948 
 82    C3255    (0)    2 :  0.016 0.017 0.967 
 83    C3277    (0)    2 :  0.133 0.198 0.669 
 84    C3315    (0)    2 :  0.264 0.514 0.223 
 85    C3288    (0)    2 :  0.027 0.037 0.936 
 86    C3293    (0)    2 :  0.165 0.134 0.701 
 87    C4018    (0)    3 :  0.011 0.015 0.975 
 88    C3980    (0)    3 :  0.020 0.042 0.938 
 89    C3987    (0)    3 :  0.017 0.031 0.952 
 90    C3988    (0)    3 :  0.015 0.014 0.971 
 91    C3989    (0)    3 :  0.061 0.031 0.908 
 92    C4011    (0)    3 :  0.007 0.008 0.984 
 93    C4017    (0)    3 :  0.011 0.015 0.974 
 94    C4296    (0)    3 :  0.294 0.320 0.387 
 95    C4301    (9)    3 :  0.473 0.473 0.054 
 96    C4303    (0)    3 :  0.147 0.439 0.414 
 97    C4453    (0)    3 :  0.043 0.056 0.901 
 98    C4455    (9)    3 :  0.024 0.037 0.939 
 99    C4456   (18)    3 :  0.124 0.267 0.608 
100    C4457    (9)    3 :  0.134 0.217 0.649 
101    C4459    (9)    3 :  0.017 0.023 0.960 
102    C4464   (18)    3 :  0.014 0.012 0.974 
103    C4468    (9)    3 :  0.024 0.063 0.913 
104    C4783    (0)    3 :  0.029 0.027 0.944 
105    C4786    (0)    3 :  0.015 0.021 0.964 
106    C4789    (9)    3 :  0.017 0.028 0.955 
107    C4891    (0)    3 :  0.043 0.041 0.917 
108    C4896    (0)    3 :  0.043 0.143 0.813 
109    C4898    (0)    3 :  0.028 0.037 0.935 
110    C4901    (0)    3 :  0.014 0.044 0.942 
111    C4903    (9)    3 :  0.046 0.187 0.767 
112    C4904    (0)    3 :  0.036 0.021 0.943 
113    C3263    (0)    3 :  0.114 0.024 0.862 
114    C3271    (0)    3 :  0.028 0.017 0.955 
115    C3272    (0)    3 :  0.071 0.029 0.900 
116    C3276    (0)    3 :  0.184 0.238 0.578 
117    C3280    (9)    3 :  0.275 0.078 0.647 
118    C3305    (9)    3 :  0.036 0.026 0.938 
119    C3306    (0)    3 :  0.091 0.075 0.835 
120    C3324    (0)    3 :  0.578 0.036 0.386 
121    C3329    (0)    3 :  0.099 0.097 0.805 
122    C3336    (0)    3 :  0.072 0.039 0.889 
123    C3341   (18)    3 :  0.588 0.219 0.193 
124    C3409   (18)    3 :  0.144 0.272 0.583 
125    C3168    (9)    3 :  0.024 0.019 0.957 
126    C3170    (0)    3 :  0.035 0.021 0.945 
127    C3214   (18)    3 :  0.016 0.253 0.731 
128    C3227    (0)    3 :  0.024 0.046 0.930 
129    C3228    (0)    3 :  0.060 0.102 0.838 
130    C3278    (0)    3 :  0.056 0.034 0.910 
131    C3279    (0)    3 :  0.062 0.048 0.890 
132    C3321    (0)    3 :  0.011 0.012 0.977 
133    C3322    (0)    3 :  0.071 0.254 0.675 
134    C3303    (0)    3 :  0.085 0.052 0.863 
135    C3317    (0)    3 :  0.030 0.022 0.948 
136    C3355    (0)    3 :  0.017 0.014 0.969 
137    C3376    (9)    3 :  0.024 0.079 0.898 
138    C3401    (0)    3 :  0.054 0.054 0.892 
139    C3203    (9)    3 :  0.049 0.067 0.885 
140    C3245    (0)    3 :  0.051 0.049 0.900 
141    C3302    (0)    3 :  0.064 0.043 0.893 
142    C3307    (0)    3 :  0.089 0.048 0.863 
143    C3310    (0)    3 :  0.040 0.019 0.940 
144    C3312    (9)    3 :  0.055 0.052 0.893 
145    C3345    (0)    3 :  0.032 0.016 0.953 
146    C3371    (0)    3 :  0.066 0.019 0.915 
147    C3372    (0)    3 :  0.060 0.031 0.909 
148    C3380    (9)    3 :  0.009 0.015 0.976 
149    C3417    (0)    3 :  0.137 0.060 0.802 
150    C4569    (9)    4 :  0.266 0.499 0.235 
151    C4570    (9)    4 :  0.030 0.059 0.911 
152    C4571    (9)    4 :  0.018 0.080 0.901 
153    C4572    (9)    4 :  0.032 0.165 0.803 
154    C4573    (9)    4 :  0.064 0.858 0.078 
155    C4575    (9)    4 :  0.056 0.526 0.418 
156    C4577    (9)    4 :  0.033 0.057 0.910 
157    C4578    (9)    4 :  0.102 0.575 0.323 
158    C4600   (18)    4 :  0.220 0.189 0.590 
159    C4612    (9)    4 :  0.052 0.635 0.313 
160    C4621    (0)    4 :  0.012 0.041 0.946 
161    C4622    (9)    4 :  0.023 0.026 0.951 
162    C4623    (0)    4 :  0.238 0.161 0.601 
163    C4624    (0)    4 :  0.056 0.276 0.668 
164    C4625    (0)    4 :  0.049 0.833 0.118 
165    C4627    (0)    4 :  0.048 0.091 0.861 
166    C4631    (0)    4 :  0.310 0.114 0.577 
167    C4632    (0)    4 :  0.025 0.033 0.942 
168    C3939    (0)    4 :  0.025 0.029 0.946 
169    C3940    (0)    4 :  0.083 0.203 0.713 
170    C3945    (0)    4 :  0.018 0.015 0.967 
171    C4520    (0)    4 :  0.246 0.304 0.450 
172    C4522    (0)    4 :  0.015 0.015 0.970 
173    C3182    (0)    4 :  0.026 0.019 0.955 
174    C3189    (0)    4 :  0.142 0.222 0.636 
175    C3191    (9)    4 :  0.073 0.077 0.849 
176    C3196    (0)    4 :  0.055 0.042 0.904 
177    C3208    (0)    4 :  0.044 0.065 0.890 
178    C3211    (0)    4 :  0.037 0.027 0.936 
179    C3212    (0)    4 :  0.283 0.379 0.338 
180    C3213    (0)    4 :  0.068 0.032 0.900 
181    C3215    (0)    4 :  0.061 0.653 0.286 
182    C3217    (0)    4 :  0.043 0.026 0.931 
183    C3225    (9)    4 :  0.050 0.054 0.896 
184    C3226    (0)    4 :  0.013 0.012 0.975 
185    C3238    (9)    4 :  0.016 0.028 0.955 
186    C3239    (0)    4 :  0.028 0.031 0.942 
187    C3269   (18)    4 :  0.044 0.364 0.592 
188    C3273    (0)    4 :  0.019 0.044 0.937 
189    C3274    (0)    4 :  0.086 0.232 0.682 
190    C3354    (0)    4 :  0.045 0.052 0.903 
191    C3361    (0)    4 :  0.022 0.037 0.941 
192    C3289    (0)    4 :  0.023 0.026 0.952 
193    C3169    (0)    4 :  0.013 0.019 0.968 
194    C3199    (9)    4 :  0.016 0.033 0.951 
195    C3224    (0)    4 :  0.036 0.030 0.934 
196    C3261   (18)    4 :  0.026 0.015 0.959 
197    C3320    (0)    4 :  0.033 0.041 0.927 
198    C4151    (0)    5 :  0.014 0.026 0.961 
199    C4152    (0)    5 :  0.020 0.074 0.905 
200    C4153    (0)    5 :  0.027 0.049 0.924 
201    C4154   (18)    5 :  0.033 0.018 0.950 
202    C4157    (0)    5 :  0.036 0.028 0.937 
203    C4158    (0)    5 :  0.018 0.088 0.894 
204    C4163    (0)    5 :  0.013 0.024 0.963 
205    C4165    (0)    5 :  0.495 0.074 0.432 
206    C4248    (9)    5 :  0.033 0.029 0.937 
207    C4371    (9)    5 :  0.046 0.031 0.923 
208    C3936    (0)    5 :  0.036 0.038 0.926 
209    C3937    (0)    5 :  0.015 0.041 0.944 
210    C3944    (0)    5 :  0.011 0.013 0.976 
211    C3954    (0)    5 :  0.011 0.021 0.967 
212    C3955    (9)    5 :  0.015 0.039 0.946 
213    C3961    (0)    5 :  0.030 0.020 0.949 
214    C3974    (0)    5 :  0.031 0.106 0.862 
215    C4024    (0)    5 :  0.035 0.019 0.945 
216    C4025    (0)    5 :  0.036 0.052 0.912 
217    C4028    (0)    5 :  0.033 0.231 0.736 
218    C4032   (18)    5 :  0.016 0.022 0.962 
219    C4033   (18)    5 :  0.022 0.020 0.958 
220    C4034    (0)    5 :  0.188 0.043 0.769 
221    C4041    (9)    5 :  0.228 0.096 0.676 
222    C4043    (9)    5 :  0.028 0.027 0.944 
223    C4044    (9)    5 :  0.635 0.124 0.241 
224    C4045    (9)    5 :  0.024 0.045 0.931 
225    C4046    (9)    5 :  0.042 0.039 0.920 
226    C4047    (0)    5 :  0.098 0.109 0.793 
227    C4048    (9)    5 :  0.222 0.133 0.645 
228    C4055    (9)    5 :  0.045 0.072 0.883 
229    C4057   (18)    5 :  0.035 0.018 0.947 
230    C4059    (0)    5 :  0.019 0.034 0.946 
231    C4060    (9)    5 :  0.027 0.045 0.928 
232    C4064    (9)    5 :  0.074 0.501 0.425 
233    C4067    (0)    5 :  0.178 0.085 0.737 
234    C4068    (9)    5 :  0.030 0.040 0.930 
235    C4070    (9)    5 :  0.148 0.043 0.809 
236    C4075   (18)    5 :  0.029 0.033 0.938 
237    C4081    (9)    5 :  0.052 0.063 0.885 
238    C4082    (0)    5 :  0.029 0.042 0.929 
239    C4083    (0)    5 :  0.474 0.148 0.378 
240    C4086    (0)    5 :  0.047 0.115 0.839 
241    C4088    (9)    5 :  0.042 0.837 0.122 
242    C4092    (0)    5 :  0.050 0.019 0.931 
243    C4099    (9)    5 :  0.073 0.093 0.834 
244    C4104    (0)    5 :  0.045 0.029 0.926 
245    C4108   (18)    5 :  0.572 0.410 0.018 
246    C4118    (0)    5 :  0.262 0.261 0.478 
247    C4131    (0)    5 :  0.027 0.079 0.893 
248    C4133    (0)    5 :  0.019 0.021 0.961 
249    C4135    (0)    5 :  0.011 0.009 0.979 
250    C4136    (0)    5 :  0.104 0.611 0.285 
251    C4137    (9)    5 :  0.027 0.035 0.938 
252    C4139    (0)    5 :  0.018 0.017 0.965 
253    C4140    (9)    5 :  0.022 0.014 0.964 
254    C4167    (0)    5 :  0.057 0.341 0.602 
255    C4236    (0)    5 :  0.051 0.122 0.826 
256    C4237    (0)    5 :  0.064 0.864 0.072 
257    C4238    (0)    5 :  0.027 0.062 0.911 
258    C4241    (0)    5 :  0.030 0.024 0.946 
259    C4247    (9)    5 :  0.232 0.144 0.624 
260    C4257    (0)    5 :  0.025 0.073 0.902 
261    C4383    (0)    5 :  0.252 0.178 0.569 
262    C4397    (9)    5 :  0.016 0.019 0.965 
263    C4514    (0)    5 :  0.020 0.019 0.962 
264    C4519    (0)    5 :  0.032 0.118 0.850 
265    C4527    (0)    5 :  0.021 0.016 0.963 
266    C4534    (0)    5 :  0.101 0.038 0.861 
267    C4699    (0)    5 :  0.066 0.120 0.814 
268    C1541    (9)    5 :  0.018 0.018 0.964 
269    C1542    (9)    5 :  0.025 0.025 0.950 
270    C1544    (0)    5 :  0.021 0.028 0.951 
271    C1547    (9)    5 :  0.296 0.435 0.269 
272    C1553    (9)    5 :  0.320 0.282 0.398 
273    C1555    (9)    5 :  0.036 0.095 0.869 
274    C1557    (0)    5 :  0.028 0.032 0.940 
275    C1560    (0)    5 :  0.031 0.033 0.936 
276    C1565    (0)    5 :  0.073 0.025 0.902 
277    C1567    (0)    5 :  0.041 0.089 0.870 
278    C1569    (0)    5 :  0.025 0.032 0.943 
279    C1571    (0)    5 :  0.072 0.117 0.811 
280    C1576    (0)    5 :  0.029 0.122 0.849 
281    C1577    (9)    5 :  0.044 0.065 0.891 
282    C1579    (0)    5 :  0.034 0.032 0.934 
283    C3990    (0)    6 :  0.012 0.016 0.972 
284    C3991    (0)    6 :  0.064 0.205 0.731 
285    C3992    (0)    6 :  0.032 0.271 0.697 
286    C3994    (0)    6 :  0.093 0.100 0.808 
287    C4172    (0)    6 :  0.115 0.814 0.071 
288    C4173    (9)    6 :  0.482 0.117 0.401 
289    C4232    (9)    6 :  0.011 0.013 0.976 
290    C4234    (9)    6 :  0.016 0.016 0.968 
291    C4259    (0)    6 :  0.017 0.017 0.966 
292    C4260    (0)    6 :  0.011 0.014 0.975 
293    C4261    (9)    6 :  0.222 0.123 0.655 
294    C4262    (0)    6 :  0.050 0.037 0.914 
295    C4263    (0)    6 :  0.043 0.039 0.918 
296    C4267    (9)    6 :  0.020 0.039 0.941 
297    C4269    (0)    6 :  0.042 0.037 0.921 
298    C4272    (0)    6 :  0.029 0.018 0.953 
299    C4274    (0)    6 :  0.030 0.502 0.468 
300    C4276    (9)    6 :  0.036 0.937 0.028 
301    C4278    (0)    6 :  0.074 0.048 0.878 
302    C4280    (0)    6 :  0.032 0.032 0.936 
303    C4281    (0)    6 :  0.021 0.058 0.920 
304    C4282    (0)    6 :  0.731 0.043 0.226 
305    C4284    (9)    6 :  0.012 0.013 0.975 
306    C4286    (9)    6 :  0.038 0.179 0.783 
307    C4287    (0)    6 :  0.067 0.052 0.881 
308    C4290    (0)    6 :  0.069 0.875 0.056 
309    C4307   (18)    6 :  0.052 0.027 0.921 
310    C4310    (9)    6 :  0.019 0.063 0.917 
311    C4311   (18)    6 :  0.045 0.040 0.915 
312    C4312    (0)    6 :  0.018 0.029 0.953 
313    C4314    (0)    6 :  0.024 0.391 0.585 
314    C4318    (9)    6 :  0.122 0.046 0.833 
315    C4321    (9)    6 :  0.033 0.028 0.939 
316    C4324    (0)    6 :  0.069 0.034 0.897 
317    C4334    (0)    6 :  0.028 0.015 0.957 
318    C4529    (0)    6 :  0.053 0.078 0.869 
319    C1582    (9)    6 :  0.017 0.026 0.957 
320    C1583    (0)    6 :  0.039 0.071 0.891 
321    C1584    (9)    6 :  0.024 0.046 0.930 
322    C1585    (0)    6 :  0.013 0.017 0.970 
323    C1586    (0)    6 :  0.082 0.026 0.892 
324    C1589    (0)    6 :  0.013 0.019 0.968 
325    C1591    (0)    6 :  0.013 0.016 0.971 
326    C1592    (0)    6 :  0.039 0.050 0.911 
327    C1594    (0)    6 :  0.023 0.070 0.907 
328    C1597    (9)    6 :  0.053 0.037 0.910 
329    C1598    (9)    6 :  0.019 0.037 0.945 
330    C1599    (0)    6 :  0.021 0.021 0.958 
331    C1601    (0)    6 :  0.061 0.087 0.852 
332    C1605    (0)    6 :  0.206 0.564 0.229 
333    C1609    (0)    6 :  0.016 0.013 0.971 
334    C1610    (0)    6 :  0.119 0.168 0.713 
335    C1611    (0)    6 :  0.124 0.023 0.853 
336    C1612    (0)    6 :  0.015 0.015 0.970 
337    C1613    (0)    6 :  0.042 0.035 0.923 
338    C3173    (9)    6 :  0.141 0.089 0.770 
339    C3204    (0)    6 :  0.032 0.038 0.930 
340    C3223    (9)    6 :  0.600 0.090 0.310 
341    C3262    (0)    6 :  0.037 0.104 0.858 
342    C3270    (0)    6 :  0.021 0.020 0.958 
343    C3300    (0)    6 :  0.010 0.012 0.978 
344    C3330    (0)    6 :  0.036 0.032 0.932 
345    C3390    (9)    6 :  0.021 0.019 0.960 
346    C3424    (9)    6 :  0.024 0.037 0.939 
347    C3958    (0)    6 :  0.026 0.019 0.955 
348    C3962    (0)    6 :  0.015 0.013 0.973 
349    C4019    (0)    6 :  0.766 0.177 0.057 
350    C3995   (18)    6 :  0.091 0.053 0.856 
351    C4000    (0)    6 :  0.159 0.082 0.758 
352    C4002    (0)    6 :  0.032 0.029 0.939 
353    C1692    (0)    7 :  0.379 0.561 0.060 
354    C1693    (0)    7 :  0.433 0.261 0.306 
355    C1694    (0)    7 :  0.701 0.205 0.095 
356    C1698    (0)    7 :  0.870 0.114 0.016 
357    C1699    (0)    7 :  0.408 0.556 0.036 
358    C1700    (0)    7 :  0.425 0.400 0.175 
359    C1701    (0)    7 :  0.350 0.631 0.020 
360    C1702    (0)    7 :  0.511 0.470 0.019 
361    C1703    (0)    7 :  0.719 0.263 0.018 
362    C1704    (0)    7 :  0.720 0.137 0.143 
363    C1705    (0)    7 :  0.438 0.502 0.059 
364    C1706    (0)    7 :  0.364 0.617 0.020 
365    C1707    (0)    7 :  0.062 0.672 0.266 
366    C1708    (0)    7 :  0.950 0.030 0.019 
367    C1709    (0)    7 :  0.883 0.066 0.051 
368    C1710    (0)    7 :  0.696 0.263 0.041 
369    C1712    (0)    7 :  0.945 0.039 0.016 
370    C1714    (0)    7 :  0.940 0.039 0.021 
371    C1715    (0)    7 :  0.191 0.781 0.028 
372    C1717    (0)    7 :  0.519 0.424 0.057 
373    C1718   (18)    7 :  0.687 0.267 0.045 
374    C1719    (0)    7 :  0.781 0.056 0.163 
375    C1656    (0)    8 :  0.158 0.823 0.019 
376    C1657   (18)    8 :  0.763 0.208 0.029 
377    C1658    (0)    8 :  0.329 0.659 0.012 
378    C1659    (0)    8 :  0.054 0.897 0.048 
379    C1661    (9)    8 :  0.217 0.734 0.049 
380    C1665    (0)    8 :  0.577 0.394 0.029 
381    C1667    (9)    8 :  0.970 0.022 0.008 
382    C1676    (9)    8 :  0.628 0.343 0.029 
383    C1681    (9)    8 :  0.302 0.666 0.033 
384    C1682    (0)    8 :  0.826 0.148 0.026 
385    C1685    (0)    8 :  0.771 0.177 0.052 
386    C4707    (0)    9 :  0.489 0.457 0.054 
387    C4747    (0)    9 :  0.499 0.112 0.389 
388    C4772    (0)    9 :  0.223 0.277 0.500 
389    C4781    (0)    9 :  0.531 0.397 0.072 
390    C4782    (0)    9 :  0.348 0.456 0.196 
391    C4787    (0)    9 :  0.408 0.486 0.105 
392    C4790    (0)    9 :  0.913 0.045 0.042 
393    C4803    (0)    9 :  0.422 0.458 0.121 
394    C4813    (0)    9 :  0.152 0.503 0.344 
395    C4837    (0)    9 :  0.396 0.457 0.148 
396    C4838    (0)    9 :  0.170 0.791 0.039 
397    C4843    (0)    9 :  0.376 0.538 0.086 
398    C4857    (0)    9 :  0.037 0.123 0.840 
399    C4828    (0)    9 :  0.158 0.492 0.350 
400    C4835    (0)    9 :  0.076 0.644 0.279 
401    C4836    (9)    9 :  0.448 0.379 0.173 
402    C4842    (0)    9 :  0.554 0.417 0.029 
403    C4863    (9)    9 :  0.512 0.428 0.060 
404    C4744    (0)    9 :  0.825 0.141 0.034 
405    C4745    (0)    9 :  0.294 0.650 0.056 
406    C4768    (0)    9 :  0.631 0.192 0.177 
407    C4769    (0)    9 :  0.131 0.844 0.026 
408    C4771    (0)    9 :  0.419 0.559 0.021 
409    C4784    (0)    9 :  0.526 0.279 0.195 
410    C4785    (0)    9 :  0.865 0.093 0.041 
411    C4795    (0)    9 :  0.340 0.452 0.209 
412    C4796    (0)    9 :  0.757 0.219 0.024 
413    C4800    (0)    9 :  0.084 0.819 0.097 
414    C4801    (0)    9 :  0.158 0.700 0.142 
415    C4802    (0)    9 :  0.116 0.314 0.569 
416    C4805    (0)    9 :  0.598 0.351 0.051 
417    C4806    (0)    9 :  0.234 0.741 0.025 
418    C4850    (0)    9 :  0.182 0.519 0.299 
419    C4748    (0)   10 :  0.057 0.915 0.028 
420    C4753    (0)   10 :  0.762 0.193 0.045 
421    C4754    (0)   10 :  0.519 0.432 0.049 
422    C4760    (0)   10 :  0.149 0.502 0.349 
423    C4761    (0)   10 :  0.146 0.782 0.072 
424    C4762    (0)   10 :  0.676 0.252 0.072 
425    C4791    (0)   10 :  0.508 0.459 0.033 
426    C4810    (0)   10 :  0.058 0.843 0.100 
427    C4812    (0)   10 :  0.128 0.799 0.073 
428    C4821    (0)   10 :  0.202 0.528 0.270 
429    C4864    (0)   10 :  0.079 0.386 0.534 
430    C4866    (0)   10 :  0.055 0.926 0.019 
431    C1722    (0)   10 :  0.151 0.808 0.041 
432    C1724    (0)   10 :  0.169 0.817 0.014 
433    C1725    (0)   10 :  0.535 0.429 0.036 
434    C1726    (0)   10 :  0.657 0.325 0.018 
435    C1731    (0)   10 :  0.336 0.622 0.041 
436    C1733    (9)   10 :  0.033 0.939 0.028 
437    C1734    (0)   10 :  0.354 0.596 0.049 
438    C1735    (0)   10 :  0.554 0.432 0.014 
439    C1738    (0)   10 :  0.066 0.896 0.037 
440    C1740    (9)   10 :  0.198 0.701 0.102 
441    C1741    (0)   10 :  0.289 0.172 0.539 
442    C1742    (0)   10 :  0.803 0.156 0.041 
443    C1743    (0)   10 :  0.848 0.120 0.032 
444    C1745    (0)   10 :  0.375 0.571 0.054 
445    C1746    (0)   10 :  0.285 0.633 0.082 
446    C1747    (0)   10 :  0.364 0.578 0.058 
447    C4742    (9)   10 :  0.436 0.357 0.208 
448    C4752    (0)   10 :  0.048 0.257 0.695 
449    C4792    (0)   10 :  0.121 0.495 0.384 
450    C4811    (0)   10 :  0.044 0.137 0.819 
451    C4814    (0)   10 :  0.182 0.566 0.253 
452    C4815    (0)   10 :  0.186 0.591 0.222 
453    C4818    (0)   10 :  0.105 0.498 0.397 
454    C4819    (0)   10 :  0.327 0.457 0.216 
455    C4826    (0)   10 :  0.582 0.399 0.019 
456    C4829    (0)   10 :  0.774 0.164 0.062 
457    C4830    (0)   10 :  0.820 0.145 0.034 
458    C4831    (0)   10 :  0.087 0.137 0.777 
459    C4832    (0)   10 :  0.519 0.457 0.024 
460    C4858    (0)   10 :  0.636 0.265 0.099 
461    C4757    (0)   10 :  0.146 0.626 0.228 
462    C4770    (9)   10 :  0.076 0.130 0.794 
463    C4808    (0)   10 :  0.236 0.703 0.061 
464    C4809    (0)   10 :  0.366 0.621 0.014 
465    C4820    (0)   10 :  0.613 0.328 0.059 
466    C4824    (0)   10 :  0.885 0.094 0.021 
467    C4706    (0)   11 :  0.190 0.795 0.015 
468    C4708    (0)   11 :  0.018 0.040 0.942 
469    C4709    (0)   11 :  0.769 0.184 0.047 
470    C4714    (0)   11 :  0.457 0.265 0.278 
471    C4722    (0)   11 :  0.716 0.238 0.046 
472    C4726    (0)   11 :  0.108 0.655 0.237 
473    C4733    (0)   11 :  0.188 0.413 0.399 
474    C4734    (0)   11 :  0.207 0.745 0.047 
475    C4737    (0)   11 :  0.912 0.057 0.031 
476    C4882    (0)   11 :  0.394 0.585 0.020 
477    C4883    (0)   11 :  0.636 0.049 0.315 
478    C4702    (9)   11 :  0.377 0.378 0.245 
479    C4703    (0)   11 :  0.200 0.481 0.319 
480    C4727    (0)   11 :  0.499 0.474 0.027 
481    C4732    (0)   11 :  0.880 0.076 0.043 
482    C4735    (0)   11 :  0.313 0.642 0.044 
483    C4736    (0)   11 :  0.099 0.169 0.733 
484    C4746    (0)   11 :  0.576 0.337 0.087 
485    C4777    (0)   11 :  0.705 0.271 0.024 
486    C4846    (0)   11 :  0.165 0.064 0.770 
487    C4847    (0)   11 :  0.440 0.538 0.021 
488    C4884    (0)   11 :  0.718 0.230 0.051 
489    C4705    (0)   11 :  0.113 0.733 0.154 
490    C4711    (0)   11 :  0.161 0.798 0.041 
491    C4713    (9)   11 :  0.111 0.781 0.108 
492    C4716    (0)   11 :  0.272 0.648 0.080 
493    C4717    (0)   11 :  0.090 0.302 0.607 
494    C4719    (0)   11 :  0.815 0.160 0.026 
495    C4721    (0)   11 :  0.023 0.083 0.895 
496    C4729    (0)   11 :  0.254 0.707 0.039 
497    C4730    (0)   11 :  0.213 0.316 0.472 
498    C4773    (0)   11 :  0.031 0.161 0.807 
499    C4861    (0)   11 :  0.639 0.316 0.044 
500    C4890    (0)   11 :  0.402 0.437 0.161 
501    C4718    (0)   11 :  0.489 0.452 0.059 
502    C4724    (0)   11 :  0.166 0.641 0.193 
503    C4738    (0)   11 :  0.075 0.792 0.133 
504    C4739    (0)   11 :  0.393 0.509 0.098 
505    C4844    (0)   11 :  0.281 0.455 0.263 
506    C4845    (0)   11 :  0.743 0.197 0.060 
507    C4681    (0)   11 :  0.036 0.049 0.915 
508    C4682    (0)   11 :  0.221 0.461 0.318 
509    C4683    (0)   11 :  0.111 0.170 0.719 
510    C4685    (0)   11 :  0.754 0.125 0.121 
511    C4715    (0)   11 :  0.401 0.393 0.206 
512    C4725    (0)   11 :  0.831 0.148 0.021 
513    C4799    (0)   11 :  0.221 0.104 0.675 
514    C4889    (9)   11 :  0.079 0.616 0.305 
515    C4641    (0)   12 :  0.017 0.958 0.026 
516    C4651    (0)   12 :  0.020 0.948 0.032 
517    C4657    (0)   12 :  0.024 0.754 0.222 
518    C4658    (0)   12 :  0.038 0.904 0.058 
519    C4660    (0)   12 :  0.059 0.886 0.056 
520    C4665    (0)   12 :  0.015 0.969 0.016 
521    C4666    (0)   12 :  0.122 0.853 0.026 
522    C4667    (0)   12 :  0.026 0.951 0.023 
523    C4668    (0)   12 :  0.013 0.967 0.020 
524    C4669    (0)   12 :  0.018 0.956 0.027 
525    C4670    (0)   12 :  0.121 0.868 0.012 
526    C4671    (0)   12 :  0.101 0.808 0.091 
527    C4672    (0)   12 :  0.031 0.943 0.027 
528    C4633    (0)   13 :  0.012 0.964 0.024 
529    C4635    (0)   13 :  0.016 0.959 0.025 
530    C4653    (0)   13 :  0.029 0.835 0.135 
531    C4654    (0)   13 :  0.022 0.955 0.023 
532    C4675    (0)   13 :  0.015 0.973 0.011 
533    C4679    (0)   13 :  0.142 0.845 0.013 
534    C4684    (0)   13 :  0.017 0.909 0.074 
535    C4686    (0)   13 :  0.029 0.882 0.088 
536    C4687    (0)   13 :  0.023 0.723 0.254 
537    U1941    (0)   14 :  0.060 0.894 0.045 
538    U1942    (0)   14 :  0.294 0.361 0.345 
539    U1957    (9)   14 :  0.235 0.333 0.432 
540    U2016    (0)   14 :  0.834 0.155 0.011 
541    U2021    (9)   14 :  0.813 0.144 0.042 
542    U2022    (0)   14 :  0.956 0.022 0.022 
543    U2023    (0)   14 :  0.832 0.149 0.019 
544    U2024    (0)   14 :  0.910 0.034 0.056 
545    U2025    (9)   14 :  0.907 0.047 0.045 
546    U2026    (0)   14 :  0.751 0.044 0.205 
547    U2027    (0)   14 :  0.308 0.648 0.044 
548    U2028    (0)   14 :  0.963 0.027 0.010 
549    U2029    (0)   14 :  0.927 0.057 0.015 
550    U2030    (0)   14 :  0.869 0.116 0.016 
551    U2031    (0)   14 :  0.559 0.427 0.014 
552    U1943    (0)   14 :  0.899 0.052 0.049 
553    U1944    (0)   14 :  0.670 0.303 0.027 
554    U1945    (0)   14 :  0.852 0.128 0.020 
555    U1946    (0)   14 :  0.227 0.749 0.024 
556    U1947    (0)   14 :  0.951 0.027 0.021 
557    U1948    (0)   14 :  0.655 0.241 0.104 
558    U1949    (0)   14 :  0.606 0.373 0.021 
559    U1955    (0)   14 :  0.266 0.504 0.230 
560    U2005    (0)   14 :  0.908 0.043 0.049 
561    U2006    (0)   14 :  0.552 0.432 0.017 
562    U2007    (0)   14 :  0.753 0.205 0.041 
563    U2008    (0)   14 :  0.788 0.200 0.012 
564    U2010    (9)   14 :  0.680 0.177 0.143 
565    U2011    (0)   14 :  0.250 0.723 0.026 
566    U2012    (0)   14 :  0.836 0.147 0.016 
567    U2014    (0)   14 :  0.387 0.579 0.034 
568    U2702    (0)   14 :  0.916 0.051 0.033 
569    U2703    (0)   14 :  0.826 0.118 0.056 
570    U2704    (0)   14 :  0.751 0.165 0.084 
571    U2706   (18)   14 :  0.319 0.658 0.022 
572    U2707    (0)   14 :  0.377 0.603 0.020 
573    U2708    (0)   14 :  0.850 0.125 0.025 
574    U2698    (0)   14 :  0.197 0.633 0.170 
575    U2700    (0)   14 :  0.912 0.065 0.024 
576    U1924    (0)   14 :  0.369 0.603 0.028 
577    U1930    (0)   14 :  0.066 0.911 0.023 
578    U1931    (0)   14 :  0.347 0.567 0.087 
579    U1933    (0)   14 :  0.456 0.515 0.029 
580    U1934    (0)   14 :  0.379 0.193 0.428 
581    U1935    (0)   14 :  0.332 0.360 0.307 
582    U1936    (9)   14 :  0.813 0.172 0.015 
583    U1938    (0)   14 :  0.547 0.398 0.054 
584    U1939    (0)   14 :  0.403 0.308 0.289 
585    U1950    (0)   14 :  0.442 0.537 0.022 
586    U1951    (0)   14 :  0.843 0.066 0.091 
587    U1953    (0)   14 :  0.381 0.600 0.020 
588    U1954    (0)   14 :  0.577 0.412 0.010 
589    U2044    (0)   14 :  0.925 0.022 0.053 
590    U2045    (0)   14 :  0.500 0.487 0.014 
591    U2046    (9)   14 :  0.885 0.073 0.042 
592    U2047    (0)   14 :  0.949 0.030 0.020 
593    U2048    (0)   14 :  0.798 0.172 0.030 
594    U2050    (0)   14 :  0.895 0.081 0.025 
595    U2051    (0)   14 :  0.862 0.121 0.017 
596    U2056    (0)   14 :  0.589 0.398 0.013 
597    U2057    (0)   14 :  0.436 0.497 0.067 
598    U2058    (0)   14 :  0.386 0.577 0.038 
599    U2059    (9)   14 :  0.085 0.808 0.107 
600    U2060    (0)   14 :  0.271 0.716 0.013 
601    U2061    (0)   14 :  0.768 0.217 0.015 
602    U2062    (9)   14 :  0.556 0.431 0.013 
603    U2063    (9)   14 :  0.384 0.591 0.026 
604    U2065    (0)   14 :  0.791 0.189 0.020 
605    U2067    (0)   14 :  0.298 0.666 0.036 
606    U2068    (0)   14 :  0.560 0.347 0.093 
607    U2069    (0)   14 :  0.572 0.413 0.015 
608    U2070    (0)   14 :  0.288 0.679 0.033 
609    U2071    (0)   14 :  0.919 0.062 0.020 
610    U2076    (0)   14 :  0.607 0.365 0.028 
611    U2077    (0)   14 :  0.409 0.236 0.355 
612    U2082    (0)   14 :  0.343 0.544 0.113 
613    U2084    (0)   14 :  0.416 0.369 0.215 
614    U2089    (0)   14 :  0.177 0.751 0.072 
615    U2090    (0)   14 :  0.141 0.728 0.132 
616    U2098    (0)   14 :  0.702 0.280 0.018 
617    U2108    (0)   14 :  0.691 0.022 0.287 
618    U2111    (0)   14 :  0.877 0.080 0.043 
619    U2113    (0)   14 :  0.825 0.072 0.103 
620    U2114    (0)   14 :  0.527 0.443 0.030 
621    U2115    (0)   14 :  0.928 0.056 0.016 
622    U2116    (9)   14 :  0.248 0.737 0.016 
623    U2117    (0)   14 :  0.086 0.433 0.481 
624    U2119    (0)   14 :  0.838 0.051 0.112 
625    U2120    (0)   14 :  0.140 0.810 0.050 
626    U2664    (0)   14 :  0.189 0.188 0.623 
627    U1198    (9)   15 :  0.344 0.542 0.113 
628    U1199    (0)   15 :  0.799 0.160 0.042 
629    U1200    (0)   15 :  0.959 0.024 0.017 
630    U1201    (0)   15 :  0.958 0.027 0.015 
631    U1202    (0)   15 :  0.946 0.033 0.021 
632    U1203    (0)   15 :  0.951 0.030 0.020 
633    U1205    (0)   15 :  0.928 0.052 0.020 
634    U1206    (0)   15 :  0.707 0.225 0.068 
635    U1207    (0)   15 :  0.908 0.059 0.033 
636    U1208    (0)   15 :  0.865 0.096 0.039 
637    U1209    (0)   15 :  0.939 0.036 0.026 
638    U1210    (0)   15 :  0.932 0.045 0.023 
639    U1211    (0)   15 :  0.893 0.035 0.073 
640    U1212    (0)   15 :  0.797 0.164 0.040 
641    U1213    (0)   15 :  0.834 0.122 0.044 
642    U1214    (9)   15 :  0.952 0.015 0.034 
643    U1215    (0)   15 :  0.943 0.025 0.032 
644    U1220    (0)   15 :  0.913 0.015 0.072 
645    U1224    (0)   15 :  0.917 0.064 0.019 
646    U1227    (0)   15 :  0.101 0.883 0.017 
647    U1229    (0)   15 :  0.940 0.046 0.015 
648    U1230    (0)   15 :  0.349 0.639 0.012 
649    U1231    (0)   15 :  0.523 0.461 0.015 
650    U1232    (0)   15 :  0.959 0.033 0.009 
651    U1233    (9)   15 :  0.689 0.243 0.067 
652    U1234    (0)   15 :  0.891 0.091 0.018 
653    U1235    (0)   15 :  0.970 0.022 0.008 
654    U1236    (0)   15 :  0.790 0.134 0.076 
655    U1238    (0)   15 :  0.943 0.041 0.016 
656    U1239    (0)   15 :  0.906 0.044 0.050 
657    U1240    (0)   15 :  0.893 0.084 0.023 
658    U1242    (0)   15 :  0.797 0.079 0.125 
659    U1243    (0)   15 :  0.869 0.116 0.015 
660    U1245    (0)   15 :  0.740 0.242 0.018 
661    U1246    (0)   15 :  0.922 0.049 0.028 
662    U1251    (0)   15 :  0.958 0.035 0.008 
663    U1273   (18)   15 :  0.087 0.897 0.016 
664    U1274    (0)   15 :  0.268 0.716 0.015 
665    U1294    (0)   15 :  0.946 0.040 0.014 
666    U1304   (18)   15 :  0.743 0.221 0.036 
667    U1307    (9)   15 :  0.890 0.061 0.049 
668    U1314    (9)   15 :  0.875 0.073 0.051 
669    U1315    (0)   15 :  0.832 0.148 0.020 
670    U1319    (0)   15 :  0.370 0.560 0.070 
671    U1320    (0)   15 :  0.567 0.417 0.016 
672    U1324    (0)   15 :  0.936 0.051 0.013 
673    U1331    (9)   15 :  0.880 0.104 0.017 
674    U1333    (9)   15 :  0.663 0.214 0.123 
675    U1340    (0)   15 :  0.900 0.079 0.021 
676    U1341    (9)   15 :  0.822 0.147 0.031 
677    U1344    (9)   15 :  0.698 0.244 0.059 
678    U1345    (0)   15 :  0.596 0.374 0.030 
679    U1346    (0)   15 :  0.957 0.033 0.010 
680    U1347    (0)   15 :  0.163 0.828 0.009 
681    U1348    (0)   15 :  0.950 0.030 0.019 
682    U1349    (0)   15 :  0.927 0.060 0.013 
683    U1354    (0)   15 :  0.966 0.022 0.012 
684    U1375    (0)   15 :  0.117 0.859 0.023 
685    U1383    (9)   15 :  0.532 0.451 0.016 
686    U1385    (0)   15 :  0.124 0.051 0.825 
687    U1386    (0)   15 :  0.641 0.338 0.021 
688    U1413    (9)   15 :  0.871 0.105 0.024 
689    U1417    (9)   15 :  0.692 0.225 0.082 
690    U1852    (0)   16 :  0.920 0.051 0.029 
691    U1853    (0)   16 :  0.787 0.150 0.063 
692    U1854    (0)   16 :  0.058 0.861 0.081 
693    U1855    (0)   16 :  0.160 0.772 0.067 
694    U1856    (0)   16 :  0.325 0.663 0.012 
695    U1858    (0)   16 :  0.938 0.038 0.024 
696    U1859    (0)   16 :  0.912 0.072 0.016 
697    U1860    (0)   16 :  0.366 0.613 0.022 
698    U1861    (0)   16 :  0.453 0.524 0.023 
699    U1862    (0)   16 :  0.281 0.685 0.034 
700    U1863    (0)   16 :  0.245 0.506 0.250 
701    U1865    (0)   16 :  0.382 0.070 0.548 
702    U1871    (0)   16 :  0.277 0.610 0.113 
703    U1873    (0)   16 :  0.681 0.272 0.047 
704    U1875    (0)   16 :  0.225 0.266 0.509 
705    U1876    (0)   16 :  0.270 0.258 0.473 
706    U2448    (0)   17 :  0.625 0.090 0.285 
707    U2449    (0)   17 :  0.251 0.256 0.493 
708    U2450    (0)   17 :  0.640 0.304 0.056 
709    U2451   (18)   17 :  0.171 0.506 0.323 
710    U2453    (0)   17 :  0.048 0.388 0.564 
711    U2454    (0)   17 :  0.468 0.325 0.207 
712    U2455    (0)   17 :  0.142 0.403 0.455 
713    U2456    (9)   17 :  0.651 0.239 0.110 
714    U2457    (0)   17 :  0.514 0.094 0.393 
715    U2458    (0)   17 :  0.835 0.141 0.024 
716    U2459    (0)   17 :  0.209 0.361 0.430 
717    U2460    (0)   17 :  0.636 0.304 0.061 
718    U2461    (0)   17 :  0.127 0.859 0.014 
719    U1826    (0)   17 :  0.087 0.766 0.147 
720    U1827    (0)   17 :  0.181 0.740 0.079 
721    U1828    (0)   17 :  0.405 0.546 0.049 
722    U1829    (0)   17 :  0.069 0.786 0.145 
723    U1830    (0)   17 :  0.033 0.545 0.422 
724    U1831    (0)   17 :  0.238 0.742 0.019 
725    U1833    (0)   17 :  0.167 0.816 0.017 
726    U1834    (9)   17 :  0.046 0.939 0.015 
727    U1835    (0)   17 :  0.121 0.853 0.025 
728    U1836    (9)   17 :  0.340 0.526 0.134 
729    U1837    (0)   17 :  0.357 0.539 0.104 
730    U1838    (0)   17 :  0.050 0.883 0.067 
731    U1839    (0)   17 :  0.071 0.843 0.086 
732    U1840    (9)   17 :  0.161 0.765 0.074 
733    U1842    (0)   17 :  0.080 0.480 0.440 
734    U1844   (18)   17 :  0.437 0.355 0.209 
735    U1845    (0)   17 :  0.085 0.879 0.036 
736    U1846    (0)   17 :  0.032 0.943 0.024 
737    U1762    (0)   18 :  0.088 0.641 0.271 
738    U1763    (0)   18 :  0.094 0.898 0.009 
739    U1766    (9)   18 :  0.044 0.929 0.026 
740    U1767    (0)   18 :  0.703 0.279 0.018 
741    U1770    (0)   18 :  0.253 0.723 0.023 
742    U1771    (0)   18 :  0.260 0.723 0.017 
743    U1772    (0)   18 :  0.046 0.916 0.038 
744    U1773    (9)   18 :  0.037 0.941 0.022 
745    U1777    (0)   18 :  0.035 0.951 0.014 
746    U1778    (0)   18 :  0.246 0.729 0.024 
747    U1779    (0)   18 :  0.360 0.629 0.012 
748    U1780    (0)   18 :  0.104 0.878 0.018 
749    U1781    (0)   18 :  0.040 0.910 0.051 
750    U1786    (0)   18 :  0.070 0.916 0.013 
751    U1789    (0)   18 :  0.188 0.794 0.019 
752    U1790    (0)   18 :  0.025 0.958 0.017 
753    U2467    (0)   19 :  0.785 0.064 0.151 
754    U2468    (0)   19 :  0.843 0.097 0.060 
755    U2469    (0)   19 :  0.216 0.670 0.114 
756    U2470    (0)   19 :  0.303 0.665 0.032 
757    U2472    (9)   19 :  0.829 0.061 0.110 
758    U2473    (0)   19 :  0.599 0.183 0.218 
759    U2475    (0)   19 :  0.601 0.066 0.333 
760    U2477    (0)   19 :  0.671 0.295 0.033 
761    U2478    (0)   19 :  0.243 0.068 0.689 
762    U2482    (0)   19 :  0.889 0.073 0.038 
763    U2483    (0)   19 :  0.835 0.140 0.025 
764    U2484    (0)   19 :  0.727 0.246 0.027 
765    U2485    (0)   19 :  0.956 0.034 0.010 
766    U2487    (9)   19 :  0.820 0.137 0.043 
767    U2490    (0)   19 :  0.824 0.054 0.121 
768    U2491    (0)   19 :  0.782 0.191 0.027 
769    U2493   (18)   19 :  0.847 0.133 0.021 
770    U2495    (0)   19 :  0.895 0.032 0.073 
771    U2496    (0)   19 :  0.898 0.088 0.014 
772    U2497    (0)   19 :  0.149 0.071 0.779 
773    U2498    (0)   19 :  0.779 0.072 0.148 
774    U2499    (0)   19 :  0.747 0.056 0.197 
775    U2502    (0)   19 :  0.865 0.104 0.031 
776    U2503    (0)   19 :  0.809 0.144 0.047 
777    U2202    (0)   20 :  0.273 0.698 0.029 
778    U2203    (0)   20 :  0.563 0.384 0.053 
779    U2205    (0)   20 :  0.221 0.607 0.172 
780    U2206    (9)   20 :  0.884 0.096 0.020 
781    U2207    (0)   20 :  0.858 0.094 0.048 
782    U2212   (18)   20 :  0.421 0.058 0.521 
783    U2215    (0)   20 :  0.375 0.444 0.181 
784    U2216    (9)   20 :  0.784 0.186 0.030 
785    U2217    (0)   20 :  0.957 0.034 0.009 
786    U2221    (0)   20 :  0.943 0.040 0.017 
787    U2222    (0)   20 :  0.838 0.103 0.059 
788    U2225    (9)   20 :  0.667 0.281 0.052 
789    U1120    (9)   21 :  0.677 0.232 0.091 
790    U1122    (9)   21 :  0.450 0.497 0.052 
791    U1125    (0)   21 :  0.830 0.145 0.025 
792    U1126    (0)   21 :  0.601 0.383 0.016 
