

----------------------------------------------------
STRUCTURE by Pritchard, Stephens and Donnelly (2000)
     and Falush, Stephens and Pritchard (2003)
       Code by Pritchard, Falush and Hubisz
             Version 2.3.4 (Jul 2012)
----------------------------------------------------



Command line arguments:   bin\structure -m C:\Users\eschumacher\Documents\Butternut\butternut_STRUCTURE_withQU\50-50\mainparams -e C:\Users\eschumacher\Documents\Butternut\butternut_STRUCTURE_withQU\50-50\extraparams 
Input File:    C:\Users\eschumacher\Documents\Butternut\butternut_STRUCTURE_withQU\project_data

Run parameters:
   1015 individuals
   11 loci
   6 populations assumed
   50000 Burn-in period
   50000 Reps


--------------------------------------------
Proportion of membership of each pre-defined
 population in each of the 6 clusters

Given    Inferred Clusters                            Number of
 Pop       1      2      3      4      5      6      Individuals

  1:     0.052  0.475  0.056  0.079  0.283  0.055       40
  2:     0.054  0.312  0.060  0.093  0.449  0.032       46
  3:     0.040  0.549  0.069  0.059  0.245  0.037       63
  4:     0.046  0.400  0.042  0.097  0.359  0.055       48
  5:     0.050  0.358  0.054  0.054  0.418  0.066       85
  6:     0.049  0.460  0.048  0.081  0.330  0.033       70
  7:     0.317  0.058  0.313  0.157  0.039  0.117       22
  8:     0.386  0.024  0.239  0.144  0.022  0.185       11
  9:     0.287  0.040  0.201  0.190  0.170  0.112       33
 10:     0.274  0.045  0.131  0.186  0.153  0.211       48
 11:     0.252  0.039  0.183  0.178  0.249  0.099       48
 12:     0.026  0.019  0.021  0.858  0.035  0.042       13
 13:     0.018  0.033  0.019  0.780  0.035  0.114        9
 14:     0.328  0.061  0.207  0.182  0.035  0.186       90
 15:     0.155  0.035  0.588  0.119  0.021  0.082       63
 16:     0.270  0.085  0.170  0.291  0.041  0.143       16
 17:     0.162  0.102  0.111  0.316  0.091  0.219       31
 18:     0.080  0.019  0.040  0.046  0.040  0.775       16
 19:     0.170  0.143  0.492  0.083  0.028  0.083       24
 20:     0.471  0.089  0.139  0.091  0.036  0.174       12
 21:     0.277  0.049  0.249  0.170  0.037  0.219       54
 22:     0.259  0.060  0.094  0.147  0.052  0.387       96
 23:     0.169  0.053  0.195  0.118  0.030  0.435       22
 24:     0.099  0.055  0.036  0.101  0.119  0.589       23
 25:     0.219  0.039  0.094  0.090  0.022  0.538       13
 26:     0.325  0.081  0.257  0.143  0.040  0.154       19
--------------------------------------------

Allele-freq. divergence among pops (Net nucleotide distance),
computed using point estimates of P.

      1       2       3       4       5       6      
 1      -    0.0260  0.0071  0.0065  0.0335  0.0096  
 2   0.0260     -    0.0275  0.0219  0.0237  0.0317  
 3   0.0071  0.0275     -    0.0098  0.0331  0.0170  
 4   0.0065  0.0219  0.0098     -    0.0271  0.0116  
 5   0.0335  0.0237  0.0331  0.0271     -    0.0451  
 6   0.0096  0.0317  0.0170  0.0116  0.0451     -    

Average distances (expected heterozygosity) between individuals in same cluster:
cluster  1  : 0.8544 
cluster  2  : 0.8183 
cluster  3  : 0.8526 
cluster  4  : 0.8567 
cluster  5  : 0.8271 
cluster  6  : 0.8345 

--------------------------------------------
Estimated Ln Prob of Data   = -48024.4
Mean value of ln likelihood = -46695.7
Variance of ln likelihood   = 2657.5
Mean value of alpha         = 0.0578

Mean value of Fst_1         = 0.0167
Mean value of Fst_2         = 0.0523
Mean value of Fst_3         = 0.0241
Mean value of Fst_4         = 0.0166
Mean value of Fst_5         = 0.0662
Mean value of Fst_6         = 0.0308


Inferred ancestry of individuals:
        Label (%Miss) Pop:  Inferred clusters
  1    C3984    (0)    1 :  0.015 0.029 0.013 0.031 0.902 0.009 
  2    C3985    (0)    1 :  0.020 0.152 0.017 0.011 0.785 0.014 
  3    C3986    (0)    1 :  0.009 0.033 0.015 0.010 0.926 0.007 
  4    C4231    (0)    1 :  0.050 0.170 0.025 0.107 0.637 0.012 
  5    C4344    (0)    1 :  0.031 0.758 0.048 0.019 0.129 0.015 
  6    C4347   (18)    1 :  0.015 0.875 0.011 0.019 0.044 0.036 
  7    C4352   (18)    1 :  0.026 0.159 0.033 0.028 0.735 0.019 
  8    C4355    (9)    1 :  0.017 0.701 0.027 0.053 0.184 0.018 
  9    C4358   (18)    1 :  0.468 0.028 0.203 0.157 0.048 0.096 
 10    C4419    (9)    1 :  0.032 0.101 0.027 0.458 0.365 0.017 
 11    C4428    (9)    1 :  0.012 0.407 0.016 0.026 0.522 0.017 
 12    C4436    (0)    1 :  0.013 0.583 0.016 0.014 0.360 0.015 
 13    C4437   (18)    1 :  0.048 0.206 0.027 0.041 0.631 0.047 
 14    C4450    (0)    1 :  0.122 0.210 0.136 0.126 0.332 0.074 
 15    C4531    (0)    1 :  0.054 0.013 0.045 0.041 0.820 0.027 
 16    C1615    (0)    1 :  0.089 0.194 0.102 0.082 0.394 0.138 
 17    C1616    (0)    1 :  0.168 0.215 0.024 0.162 0.127 0.303 
 18    C1617    (9)    1 :  0.013 0.921 0.011 0.019 0.018 0.018 
 19    C1618    (0)    1 :  0.047 0.129 0.114 0.042 0.618 0.051 
 20    C1619    (0)    1 :  0.064 0.332 0.260 0.101 0.177 0.066 
 21    C1620    (9)    1 :  0.079 0.401 0.183 0.061 0.223 0.054 
 22    C1621    (0)    1 :  0.047 0.145 0.060 0.266 0.044 0.439 
 23    C1623    (9)    1 :  0.081 0.024 0.278 0.159 0.321 0.137 
 24    C1625    (0)    1 :  0.045 0.544 0.165 0.074 0.063 0.109 
 25    C1626    (0)    1 :  0.069 0.319 0.044 0.423 0.030 0.114 
 26    C1627    (9)    1 :  0.023 0.612 0.039 0.036 0.236 0.053 
 27    C1633    (0)    1 :  0.018 0.676 0.028 0.073 0.177 0.029 
 28    C1637    (0)    1 :  0.018 0.838 0.018 0.047 0.048 0.031 
 29    C1650    (0)    1 :  0.022 0.108 0.014 0.064 0.742 0.050 
 30    C3202    (0)    1 :  0.015 0.900 0.015 0.013 0.032 0.025 
 31    C3248    (0)    1 :  0.019 0.920 0.016 0.016 0.016 0.013 
 32    C3304    (9)    1 :  0.019 0.883 0.019 0.035 0.027 0.018 
 33    C3326    (0)    1 :  0.151 0.641 0.027 0.071 0.084 0.026 
 34    C3333    (0)    1 :  0.018 0.920 0.014 0.014 0.015 0.019 
 35    C3339   (18)    1 :  0.025 0.871 0.033 0.032 0.022 0.018 
 36    C3346    (0)    1 :  0.008 0.949 0.010 0.008 0.017 0.006 
 37    C3349    (0)    1 :  0.038 0.857 0.033 0.037 0.019 0.016 
 38    C3367   (18)    1 :  0.023 0.637 0.023 0.034 0.250 0.032 
 39    C3374    (0)    1 :  0.014 0.780 0.014 0.038 0.147 0.008 
 40    C3405    (0)    1 :  0.029 0.743 0.044 0.131 0.037 0.016 
 41    C4543    (0)    2 :  0.016 0.030 0.020 0.038 0.881 0.015 
 42    C4545    (9)    2 :  0.010 0.016 0.040 0.014 0.912 0.008 
 43    C4551    (9)    2 :  0.182 0.041 0.076 0.135 0.543 0.023 
 44    C4491    (0)    2 :  0.131 0.078 0.097 0.052 0.612 0.030 
 45    C4494    (0)    2 :  0.014 0.371 0.015 0.020 0.569 0.011 
 46    C4495    (0)    2 :  0.150 0.352 0.144 0.037 0.288 0.029 
 47    C4497    (9)    2 :  0.031 0.583 0.025 0.039 0.305 0.017 
 48    C4501    (0)    2 :  0.057 0.093 0.054 0.632 0.148 0.017 
 49    C4502    (0)    2 :  0.010 0.157 0.059 0.048 0.713 0.013 
 50    C4503    (0)    2 :  0.025 0.014 0.283 0.032 0.627 0.020 
 51    C4504    (0)    2 :  0.061 0.027 0.364 0.054 0.396 0.098 
 52    C4470    (0)    2 :  0.167 0.157 0.058 0.285 0.297 0.036 
 53    C4471    (0)    2 :  0.017 0.025 0.019 0.043 0.885 0.012 
 54    C4474    (9)    2 :  0.044 0.008 0.023 0.075 0.820 0.031 
 55    C4476    (0)    2 :  0.022 0.192 0.040 0.054 0.677 0.015 
 56    C4478    (0)    2 :  0.012 0.044 0.097 0.063 0.774 0.010 
 57    C4479    (0)    2 :  0.015 0.768 0.012 0.035 0.133 0.038 
 58    C4482    (0)    2 :  0.049 0.056 0.014 0.049 0.725 0.107 
 59    C4483    (0)    2 :  0.018 0.008 0.015 0.072 0.875 0.012 
 60    C4484    (0)    2 :  0.038 0.116 0.088 0.092 0.637 0.030 
 61    C4485    (0)    2 :  0.155 0.358 0.057 0.158 0.202 0.069 
 62    C4489    (0)    2 :  0.017 0.260 0.030 0.082 0.592 0.019 
 63    C4505    (0)    2 :  0.072 0.164 0.026 0.067 0.643 0.028 
 64    C4507    (0)    2 :  0.067 0.037 0.232 0.190 0.460 0.013 
 65    C4535    (0)    2 :  0.040 0.014 0.042 0.076 0.791 0.036 
 66    C4542    (0)    2 :  0.185 0.015 0.041 0.612 0.119 0.028 
 67    C4553    (9)    2 :  0.047 0.061 0.021 0.037 0.808 0.026 
 68    C4562   (18)    2 :  0.042 0.148 0.073 0.035 0.671 0.030 
 69    C4582   (18)    2 :  0.035 0.025 0.023 0.057 0.826 0.034 
 70    C4693    (0)    2 :  0.009 0.029 0.009 0.044 0.898 0.012 
 71    C4696    (0)    2 :  0.096 0.114 0.057 0.086 0.613 0.034 
 72    C3179    (0)    2 :  0.029 0.802 0.094 0.014 0.038 0.022 
 73    C3181    (0)    2 :  0.039 0.778 0.023 0.085 0.048 0.028 
 74    C3188    (0)    2 :  0.052 0.652 0.050 0.080 0.129 0.037 
 75    C3190    (0)    2 :  0.030 0.835 0.017 0.052 0.035 0.032 
 76    C3193    (0)    2 :  0.023 0.879 0.010 0.016 0.045 0.027 
 77    C3232    (0)    2 :  0.015 0.465 0.017 0.024 0.467 0.013 
 78    C3236    (0)    2 :  0.009 0.930 0.008 0.009 0.035 0.008 
 79    C3249    (0)    2 :  0.028 0.838 0.029 0.048 0.031 0.025 
 80    C3250    (0)    2 :  0.013 0.766 0.012 0.047 0.147 0.015 
 81    C3253    (0)    2 :  0.036 0.421 0.018 0.052 0.447 0.025 
 82    C3255    (0)    2 :  0.015 0.717 0.014 0.021 0.221 0.012 
 83    C3277    (0)    2 :  0.086 0.684 0.046 0.091 0.035 0.058 
 84    C3315    (0)    2 :  0.088 0.048 0.189 0.317 0.181 0.177 
 85    C3288    (0)    2 :  0.016 0.853 0.018 0.017 0.068 0.028 
 86    C3293    (0)    2 :  0.154 0.317 0.074 0.100 0.290 0.065 
 87    C4018    (0)    3 :  0.008 0.036 0.008 0.012 0.927 0.008 
 88    C3980    (0)    3 :  0.013 0.026 0.011 0.018 0.919 0.012 
 89    C3987    (0)    3 :  0.012 0.027 0.016 0.015 0.918 0.012 
 90    C3988    (0)    3 :  0.016 0.095 0.014 0.010 0.853 0.012 
 91    C3989    (0)    3 :  0.132 0.428 0.011 0.050 0.367 0.012 
 92    C4011    (0)    3 :  0.006 0.064 0.006 0.007 0.910 0.006 
 93    C4017    (0)    3 :  0.007 0.013 0.007 0.008 0.959 0.007 
 94    C4296    (0)    3 :  0.212 0.203 0.118 0.284 0.127 0.055 
 95    C4301    (9)    3 :  0.121 0.047 0.230 0.506 0.014 0.083 
 96    C4303    (0)    3 :  0.039 0.566 0.036 0.034 0.021 0.305 
 97    C4453    (0)    3 :  0.020 0.388 0.105 0.047 0.380 0.061 
 98    C4455    (9)    3 :  0.035 0.522 0.033 0.037 0.321 0.052 
 99    C4456   (18)    3 :  0.041 0.132 0.201 0.047 0.423 0.155 
100    C4457    (9)    3 :  0.076 0.643 0.046 0.066 0.073 0.097 
101    C4459    (9)    3 :  0.029 0.263 0.013 0.024 0.650 0.021 
102    C4464   (18)    3 :  0.013 0.637 0.012 0.011 0.319 0.009 
103    C4468    (9)    3 :  0.019 0.729 0.025 0.036 0.138 0.053 
104    C4783    (0)    3 :  0.049 0.063 0.016 0.017 0.839 0.016 
105    C4786    (0)    3 :  0.018 0.397 0.013 0.030 0.523 0.018 
106    C4789    (9)    3 :  0.024 0.474 0.012 0.081 0.390 0.020 
107    C4891    (0)    3 :  0.110 0.493 0.039 0.051 0.282 0.026 
108    C4896    (0)    3 :  0.059 0.158 0.042 0.163 0.462 0.116 
109    C4898    (0)    3 :  0.027 0.083 0.022 0.032 0.818 0.019 
110    C4901    (0)    3 :  0.018 0.456 0.012 0.055 0.437 0.022 
111    C4903    (9)    3 :  0.056 0.625 0.022 0.114 0.120 0.062 
112    C4904    (0)    3 :  0.038 0.067 0.013 0.021 0.852 0.009 
113    C3263    (0)    3 :  0.014 0.839 0.104 0.012 0.015 0.015 
114    C3271    (0)    3 :  0.018 0.905 0.018 0.012 0.037 0.009 
115    C3272    (0)    3 :  0.035 0.853 0.036 0.040 0.023 0.013 
116    C3276    (0)    3 :  0.064 0.648 0.087 0.129 0.016 0.056 
117    C3280    (9)    3 :  0.083 0.345 0.330 0.071 0.129 0.042 
118    C3305    (9)    3 :  0.031 0.786 0.034 0.059 0.078 0.013 
119    C3306    (0)    3 :  0.050 0.775 0.073 0.041 0.036 0.024 
120    C3324    (0)    3 :  0.096 0.270 0.529 0.042 0.047 0.015 
121    C3329    (0)    3 :  0.090 0.343 0.154 0.124 0.252 0.037 
122    C3336    (0)    3 :  0.041 0.835 0.032 0.039 0.032 0.021 
123    C3341   (18)    3 :  0.058 0.055 0.719 0.088 0.051 0.028 
124    C3409   (18)    3 :  0.062 0.546 0.052 0.263 0.040 0.035 
125    C3168    (9)    3 :  0.010 0.932 0.012 0.012 0.023 0.010 
126    C3170    (0)    3 :  0.016 0.901 0.018 0.018 0.035 0.011 
127    C3214   (18)    3 :  0.013 0.729 0.011 0.196 0.020 0.032 
128    C3227    (0)    3 :  0.011 0.920 0.011 0.019 0.019 0.020 
129    C3228    (0)    3 :  0.049 0.512 0.045 0.113 0.230 0.050 
130    C3278    (0)    3 :  0.021 0.922 0.017 0.015 0.010 0.016 
131    C3279    (0)    3 :  0.036 0.897 0.015 0.022 0.011 0.018 
132    C3321    (0)    3 :  0.008 0.927 0.008 0.010 0.039 0.008 
133    C3322    (0)    3 :  0.117 0.518 0.022 0.079 0.063 0.201 
134    C3303    (0)    3 :  0.025 0.893 0.025 0.029 0.013 0.016 
135    C3317    (0)    3 :  0.019 0.879 0.023 0.024 0.041 0.015 
136    C3355    (0)    3 :  0.011 0.934 0.013 0.010 0.024 0.008 
137    C3376    (9)    3 :  0.019 0.807 0.016 0.088 0.047 0.023 
138    C3401    (0)    3 :  0.028 0.849 0.028 0.030 0.040 0.025 
139    C3203    (9)    3 :  0.019 0.782 0.050 0.068 0.033 0.047 
140    C3245    (0)    3 :  0.017 0.924 0.012 0.015 0.010 0.021 
141    C3302    (0)    3 :  0.024 0.890 0.026 0.025 0.016 0.020 
142    C3307    (0)    3 :  0.040 0.316 0.258 0.075 0.246 0.065 
143    C3310    (0)    3 :  0.021 0.922 0.019 0.012 0.014 0.013 
144    C3312    (9)    3 :  0.074 0.588 0.035 0.035 0.235 0.034 
145    C3345    (0)    3 :  0.014 0.897 0.033 0.014 0.028 0.014 
146    C3371    (0)    3 :  0.021 0.856 0.072 0.018 0.020 0.013 
147    C3372    (0)    3 :  0.027 0.810 0.056 0.038 0.049 0.020 
148    C3380    (9)    3 :  0.008 0.910 0.008 0.017 0.049 0.009 
149    C3417    (0)    3 :  0.046 0.261 0.258 0.058 0.341 0.036 
150    C4569    (9)    4 :  0.138 0.026 0.211 0.267 0.302 0.056 
151    C4570    (9)    4 :  0.013 0.017 0.015 0.037 0.904 0.014 
152    C4571    (9)    4 :  0.017 0.117 0.017 0.079 0.744 0.026 
153    C4572    (9)    4 :  0.013 0.012 0.016 0.016 0.921 0.022 
154    C4573    (9)    4 :  0.070 0.030 0.038 0.402 0.120 0.340 
155    C4575    (9)    4 :  0.036 0.038 0.038 0.210 0.542 0.134 
156    C4577    (9)    4 :  0.024 0.026 0.017 0.023 0.899 0.011 
157    C4578    (9)    4 :  0.066 0.040 0.031 0.277 0.511 0.075 
158    C4600   (18)    4 :  0.348 0.036 0.032 0.072 0.464 0.047 
159    C4612    (9)    4 :  0.033 0.023 0.019 0.343 0.546 0.035 
160    C4621    (0)    4 :  0.009 0.024 0.007 0.015 0.931 0.015 
161    C4622    (9)    4 :  0.013 0.013 0.012 0.012 0.939 0.011 
162    C4623    (0)    4 :  0.047 0.146 0.357 0.222 0.171 0.056 
163    C4624    (0)    4 :  0.025 0.024 0.023 0.056 0.791 0.081 
164    C4625    (0)    4 :  0.140 0.041 0.020 0.156 0.237 0.406 
165    C4627    (0)    4 :  0.017 0.022 0.019 0.021 0.895 0.025 
166    C4631    (0)    4 :  0.027 0.016 0.270 0.032 0.635 0.021 
167    C4632    (0)    4 :  0.015 0.022 0.015 0.015 0.918 0.015 
168    C3939    (0)    4 :  0.024 0.058 0.017 0.037 0.850 0.012 
169    C3940    (0)    4 :  0.059 0.022 0.027 0.153 0.728 0.011 
170    C3945    (0)    4 :  0.012 0.012 0.009 0.008 0.951 0.007 
171    C4520    (0)    4 :  0.202 0.144 0.123 0.351 0.120 0.060 
172    C4522    (0)    4 :  0.011 0.041 0.010 0.012 0.917 0.009 
173    C3182    (0)    4 :  0.016 0.904 0.021 0.015 0.032 0.011 
174    C3189    (0)    4 :  0.125 0.370 0.042 0.151 0.100 0.213 
175    C3191    (9)    4 :  0.018 0.843 0.032 0.033 0.029 0.045 
176    C3196    (0)    4 :  0.026 0.890 0.016 0.028 0.017 0.024 
177    C3208    (0)    4 :  0.031 0.633 0.048 0.051 0.178 0.058 
178    C3211    (0)    4 :  0.030 0.876 0.023 0.025 0.028 0.018 
179    C3212    (0)    4 :  0.052 0.141 0.145 0.567 0.081 0.014 
180    C3213    (0)    4 :  0.023 0.916 0.021 0.017 0.011 0.013 
181    C3215    (0)    4 :  0.047 0.417 0.033 0.201 0.063 0.239 
182    C3217    (0)    4 :  0.023 0.889 0.027 0.024 0.021 0.016 
183    C3225    (9)    4 :  0.035 0.819 0.027 0.056 0.029 0.034 
184    C3226    (0)    4 :  0.011 0.624 0.013 0.014 0.327 0.012 
185    C3238    (9)    4 :  0.018 0.785 0.014 0.026 0.134 0.024 
186    C3239    (0)    4 :  0.017 0.662 0.054 0.093 0.155 0.019 
187    C3269   (18)    4 :  0.065 0.239 0.034 0.157 0.297 0.207 
188    C3273    (0)    4 :  0.019 0.893 0.010 0.016 0.032 0.031 
189    C3274    (0)    4 :  0.136 0.648 0.017 0.154 0.017 0.028 
190    C3354    (0)    4 :  0.024 0.909 0.012 0.022 0.018 0.016 
191    C3361    (0)    4 :  0.016 0.905 0.011 0.028 0.025 0.015 
192    C3289    (0)    4 :  0.020 0.824 0.015 0.025 0.095 0.021 
193    C3169    (0)    4 :  0.010 0.866 0.010 0.022 0.080 0.012 
194    C3199    (9)    4 :  0.018 0.694 0.018 0.035 0.192 0.043 
195    C3224    (0)    4 :  0.015 0.868 0.016 0.017 0.060 0.023 
196    C3261   (18)    4 :  0.025 0.800 0.016 0.011 0.140 0.009 
197    C3320    (0)    4 :  0.033 0.855 0.016 0.033 0.036 0.026 
198    C4151    (0)    5 :  0.009 0.014 0.008 0.011 0.949 0.009 
199    C4152    (0)    5 :  0.011 0.021 0.013 0.033 0.909 0.013 
200    C4153    (0)    5 :  0.031 0.174 0.020 0.079 0.661 0.035 
201    C4154   (18)    5 :  0.025 0.057 0.021 0.021 0.867 0.009 
202    C4157    (0)    5 :  0.136 0.244 0.015 0.027 0.561 0.017 
203    C4158    (0)    5 :  0.013 0.019 0.009 0.017 0.927 0.014 
204    C4163    (0)    5 :  0.006 0.009 0.007 0.009 0.962 0.007 
205    C4165    (0)    5 :  0.131 0.041 0.345 0.062 0.390 0.031 
206    C4248    (9)    5 :  0.041 0.757 0.020 0.024 0.132 0.025 
207    C4371    (9)    5 :  0.028 0.180 0.056 0.067 0.649 0.020 
208    C3936    (0)    5 :  0.020 0.019 0.017 0.017 0.913 0.014 
209    C3937    (0)    5 :  0.008 0.013 0.010 0.012 0.948 0.009 
210    C3944    (0)    5 :  0.009 0.039 0.010 0.010 0.926 0.007 
211    C3954    (0)    5 :  0.011 0.278 0.008 0.016 0.661 0.027 
212    C3955    (9)    5 :  0.027 0.148 0.010 0.031 0.749 0.035 
213    C3961    (0)    5 :  0.015 0.029 0.033 0.018 0.889 0.015 
214    C3974    (0)    5 :  0.018 0.018 0.014 0.034 0.897 0.019 
215    C4024    (0)    5 :  0.019 0.074 0.050 0.023 0.820 0.015 
216    C4025    (0)    5 :  0.013 0.029 0.043 0.041 0.856 0.017 
217    C4028    (0)    5 :  0.047 0.043 0.032 0.063 0.769 0.047 
218    C4032   (18)    5 :  0.012 0.431 0.014 0.033 0.494 0.015 
219    C4033   (18)    5 :  0.015 0.868 0.015 0.012 0.075 0.015 
220    C4034    (0)    5 :  0.070 0.682 0.123 0.036 0.065 0.024 
221    C4041    (9)    5 :  0.054 0.548 0.205 0.119 0.048 0.026 
222    C4043    (9)    5 :  0.024 0.373 0.023 0.038 0.519 0.022 
223    C4044    (9)    5 :  0.100 0.097 0.509 0.077 0.148 0.070 
224    C4045    (9)    5 :  0.032 0.578 0.017 0.038 0.294 0.041 
225    C4046    (9)    5 :  0.022 0.762 0.051 0.025 0.108 0.031 
226    C4047    (0)    5 :  0.119 0.667 0.026 0.029 0.082 0.077 
227    C4048    (9)    5 :  0.087 0.624 0.098 0.043 0.051 0.097 
228    C4055    (9)    5 :  0.033 0.111 0.028 0.062 0.725 0.042 
229    C4057   (18)    5 :  0.023 0.153 0.077 0.035 0.697 0.016 
230    C4059    (0)    5 :  0.010 0.883 0.012 0.020 0.052 0.023 
231    C4060    (9)    5 :  0.020 0.068 0.018 0.095 0.780 0.020 
232    C4064    (9)    5 :  0.153 0.241 0.028 0.157 0.250 0.170 
233    C4067    (0)    5 :  0.040 0.707 0.086 0.027 0.041 0.099 
234    C4068    (9)    5 :  0.019 0.892 0.016 0.026 0.024 0.023 
235    C4070    (9)    5 :  0.040 0.530 0.194 0.023 0.186 0.027 
236    C4075   (18)    5 :  0.029 0.721 0.030 0.049 0.150 0.022 
237    C4081    (9)    5 :  0.045 0.769 0.034 0.043 0.081 0.029 
238    C4082    (0)    5 :  0.038 0.283 0.026 0.039 0.561 0.053 
239    C4083    (0)    5 :  0.244 0.160 0.277 0.116 0.149 0.055 
240    C4086    (0)    5 :  0.052 0.351 0.023 0.070 0.226 0.277 
241    C4088    (9)    5 :  0.038 0.047 0.013 0.043 0.042 0.816 
242    C4092    (0)    5 :  0.032 0.116 0.071 0.034 0.732 0.014 
243    C4099    (9)    5 :  0.036 0.646 0.100 0.077 0.106 0.035 
244    C4104    (0)    5 :  0.018 0.024 0.023 0.013 0.907 0.015 
245    C4108   (18)    5 :  0.327 0.015 0.076 0.119 0.012 0.451 
246    C4118    (0)    5 :  0.239 0.112 0.070 0.281 0.143 0.154 
247    C4131    (0)    5 :  0.047 0.119 0.026 0.067 0.651 0.091 
248    C4133    (0)    5 :  0.019 0.560 0.017 0.028 0.353 0.024 
249    C4135    (0)    5 :  0.008 0.017 0.007 0.007 0.957 0.005 
250    C4136    (0)    5 :  0.060 0.025 0.026 0.247 0.459 0.183 
251    C4137    (9)    5 :  0.047 0.176 0.022 0.033 0.697 0.025 
252    C4139    (0)    5 :  0.013 0.035 0.011 0.015 0.918 0.008 
253    C4140    (9)    5 :  0.017 0.032 0.011 0.010 0.921 0.010 
254    C4167    (0)    5 :  0.078 0.053 0.055 0.103 0.668 0.043 
255    C4236    (0)    5 :  0.068 0.645 0.029 0.111 0.106 0.041 
256    C4237    (0)    5 :  0.099 0.027 0.034 0.106 0.067 0.667 
257    C4238    (0)    5 :  0.032 0.442 0.024 0.039 0.390 0.072 
258    C4241    (0)    5 :  0.024 0.858 0.019 0.019 0.064 0.016 
259    C4247    (9)    5 :  0.044 0.175 0.162 0.034 0.292 0.293 
260    C4257    (0)    5 :  0.018 0.840 0.016 0.061 0.043 0.022 
261    C4383    (0)    5 :  0.052 0.091 0.250 0.087 0.440 0.080 
262    C4397    (9)    5 :  0.036 0.242 0.012 0.013 0.683 0.014 
263    C4514    (0)    5 :  0.011 0.024 0.013 0.014 0.927 0.011 
264    C4519    (0)    5 :  0.016 0.046 0.020 0.236 0.672 0.011 
265    C4527    (0)    5 :  0.031 0.378 0.026 0.018 0.529 0.019 
266    C4534    (0)    5 :  0.064 0.208 0.087 0.087 0.525 0.029 
267    C4699    (0)    5 :  0.026 0.025 0.030 0.016 0.856 0.047 
268    C1541    (9)    5 :  0.012 0.920 0.012 0.015 0.030 0.010 
269    C1542    (9)    5 :  0.015 0.926 0.011 0.013 0.018 0.017 
270    C1544    (0)    5 :  0.023 0.794 0.015 0.024 0.095 0.048 
271    C1547    (9)    5 :  0.106 0.161 0.202 0.291 0.063 0.177 
272    C1553    (9)    5 :  0.406 0.096 0.149 0.115 0.137 0.097 
273    C1555    (9)    5 :  0.041 0.784 0.018 0.058 0.067 0.032 
274    C1557    (0)    5 :  0.026 0.783 0.025 0.032 0.106 0.029 
275    C1560    (0)    5 :  0.020 0.896 0.017 0.027 0.023 0.016 
276    C1565    (0)    5 :  0.036 0.871 0.034 0.020 0.028 0.011 
277    C1567    (0)    5 :  0.027 0.810 0.030 0.036 0.050 0.047 
278    C1569    (0)    5 :  0.017 0.872 0.019 0.020 0.057 0.015 
279    C1571    (0)    5 :  0.050 0.664 0.037 0.053 0.079 0.117 
280    C1576    (0)    5 :  0.027 0.398 0.030 0.131 0.328 0.086 
281    C1577    (9)    5 :  0.027 0.854 0.017 0.026 0.039 0.038 
282    C1579    (0)    5 :  0.022 0.913 0.013 0.020 0.020 0.013 
283    C3990    (0)    6 :  0.008 0.014 0.009 0.007 0.954 0.008 
284    C3991    (0)    6 :  0.021 0.026 0.048 0.106 0.768 0.031 
285    C3992    (0)    6 :  0.022 0.017 0.018 0.085 0.828 0.031 
286    C3994    (0)    6 :  0.033 0.210 0.153 0.129 0.441 0.035 
287    C4172    (0)    6 :  0.112 0.012 0.074 0.292 0.405 0.104 
288    C4173    (9)    6 :  0.021 0.035 0.513 0.072 0.343 0.015 
289    C4232    (9)    6 :  0.008 0.950 0.008 0.008 0.019 0.008 
290    C4234    (9)    6 :  0.012 0.916 0.009 0.012 0.040 0.011 
291    C4259    (0)    6 :  0.011 0.924 0.012 0.009 0.033 0.010 
292    C4260    (0)    6 :  0.011 0.752 0.009 0.015 0.204 0.009 
293    C4261    (9)    6 :  0.189 0.261 0.173 0.095 0.217 0.065 
294    C4262    (0)    6 :  0.027 0.258 0.077 0.060 0.567 0.012 
295    C4263    (0)    6 :  0.020 0.817 0.029 0.015 0.067 0.053 
296    C4267    (9)    6 :  0.020 0.407 0.016 0.049 0.470 0.037 
297    C4269    (0)    6 :  0.028 0.146 0.035 0.029 0.745 0.017 
298    C4272    (0)    6 :  0.027 0.730 0.029 0.022 0.177 0.016 
299    C4274    (0)    6 :  0.026 0.251 0.014 0.655 0.041 0.013 
300    C4276    (9)    6 :  0.032 0.097 0.035 0.692 0.012 0.132 
301    C4278    (0)    6 :  0.048 0.152 0.053 0.089 0.625 0.033 
302    C4280    (0)    6 :  0.058 0.490 0.023 0.057 0.354 0.018 
303    C4281    (0)    6 :  0.018 0.842 0.023 0.035 0.061 0.022 
304    C4282    (0)    6 :  0.175 0.508 0.229 0.019 0.019 0.050 
305    C4284    (9)    6 :  0.010 0.268 0.010 0.012 0.689 0.010 
306    C4286    (9)    6 :  0.044 0.489 0.028 0.245 0.160 0.033 
307    C4287    (0)    6 :  0.082 0.395 0.061 0.154 0.293 0.014 
308    C4290    (0)    6 :  0.053 0.052 0.068 0.605 0.032 0.191 
309    C4307   (18)    6 :  0.041 0.267 0.044 0.034 0.595 0.020 
310    C4310    (9)    6 :  0.018 0.784 0.013 0.025 0.102 0.058 
311    C4311   (18)    6 :  0.028 0.857 0.020 0.027 0.047 0.020 
312    C4312    (0)    6 :  0.013 0.890 0.012 0.013 0.056 0.017 
313    C4314    (0)    6 :  0.030 0.728 0.012 0.096 0.029 0.104 
314    C4318    (9)    6 :  0.063 0.623 0.070 0.143 0.088 0.013 
315    C4321    (9)    6 :  0.024 0.309 0.055 0.058 0.538 0.016 
316    C4324    (0)    6 :  0.027 0.407 0.076 0.083 0.395 0.012 
317    C4334    (0)    6 :  0.010 0.062 0.022 0.011 0.885 0.009 
318    C4529    (0)    6 :  0.042 0.627 0.041 0.091 0.130 0.070 
319    C1582    (9)    6 :  0.016 0.590 0.018 0.023 0.332 0.020 
320    C1583    (0)    6 :  0.030 0.815 0.023 0.035 0.035 0.062 
321    C1584    (9)    6 :  0.022 0.701 0.017 0.032 0.188 0.039 
322    C1585    (0)    6 :  0.009 0.090 0.009 0.011 0.864 0.017 
323    C1586    (0)    6 :  0.034 0.637 0.124 0.016 0.155 0.034 
324    C1589    (0)    6 :  0.012 0.382 0.012 0.019 0.562 0.013 
325    C1591    (0)    6 :  0.012 0.524 0.014 0.023 0.411 0.016 
326    C1592    (0)    6 :  0.020 0.817 0.036 0.071 0.035 0.021 
327    C1594    (0)    6 :  0.016 0.821 0.014 0.028 0.070 0.050 
328    C1597    (9)    6 :  0.034 0.828 0.026 0.024 0.056 0.032 
329    C1598    (9)    6 :  0.017 0.207 0.016 0.026 0.707 0.028 
330    C1599    (0)    6 :  0.018 0.899 0.013 0.031 0.028 0.012 
331    C1601    (0)    6 :  0.071 0.316 0.044 0.048 0.453 0.067 
332    C1605    (0)    6 :  0.170 0.078 0.061 0.411 0.174 0.106 
333    C1609    (0)    6 :  0.013 0.167 0.015 0.016 0.776 0.013 
334    C1610    (0)    6 :  0.120 0.701 0.017 0.060 0.021 0.081 
335    C1611    (0)    6 :  0.016 0.904 0.045 0.012 0.013 0.011 
336    C1612    (0)    6 :  0.010 0.957 0.007 0.007 0.011 0.009 
337    C1613    (0)    6 :  0.016 0.846 0.045 0.029 0.041 0.022 
338    C3173    (9)    6 :  0.057 0.765 0.057 0.032 0.053 0.036 
339    C3204    (0)    6 :  0.017 0.900 0.014 0.021 0.029 0.020 
340    C3223    (9)    6 :  0.155 0.450 0.198 0.143 0.024 0.030 
341    C3262    (0)    6 :  0.025 0.830 0.026 0.039 0.023 0.057 
342    C3270    (0)    6 :  0.028 0.482 0.024 0.023 0.421 0.021 
343    C3300    (0)    6 :  0.009 0.071 0.008 0.011 0.893 0.008 
344    C3330    (0)    6 :  0.045 0.456 0.018 0.041 0.424 0.015 
345    C3390    (9)    6 :  0.029 0.413 0.029 0.026 0.482 0.020 
346    C3424    (9)    6 :  0.038 0.828 0.017 0.055 0.047 0.015 
347    C3958    (0)    6 :  0.016 0.022 0.016 0.012 0.927 0.007 
348    C3962    (0)    6 :  0.023 0.017 0.014 0.015 0.924 0.007 
349    C4019    (0)    6 :  0.788 0.013 0.052 0.047 0.058 0.043 
350    C3995   (18)    6 :  0.023 0.024 0.042 0.018 0.873 0.021 
351    C4000    (0)    6 :  0.090 0.045 0.113 0.069 0.662 0.021 
352    C4002    (0)    6 :  0.020 0.031 0.021 0.016 0.898 0.015 
353    C1692    (0)    7 :  0.514 0.018 0.042 0.263 0.103 0.061 
354    C1693    (0)    7 :  0.111 0.159 0.157 0.522 0.035 0.017 
355    C1694    (0)    7 :  0.135 0.076 0.382 0.222 0.026 0.159 
356    C1698    (0)    7 :  0.591 0.013 0.203 0.118 0.010 0.065 
357    C1699    (0)    7 :  0.255 0.023 0.079 0.146 0.030 0.467 
358    C1700    (0)    7 :  0.397 0.052 0.206 0.178 0.093 0.073 
359    C1701    (0)    7 :  0.549 0.020 0.053 0.107 0.013 0.259 
360    C1702    (0)    7 :  0.663 0.012 0.074 0.145 0.013 0.092 
361    C1703    (0)    7 :  0.364 0.011 0.380 0.133 0.021 0.092 
362    C1704    (0)    7 :  0.267 0.065 0.405 0.135 0.068 0.059 
363    C1705    (0)    7 :  0.060 0.012 0.561 0.221 0.122 0.024 
364    C1706    (0)    7 :  0.250 0.020 0.086 0.232 0.013 0.399 
365    C1707    (0)    7 :  0.060 0.392 0.045 0.258 0.025 0.221 
366    C1708    (0)    7 :  0.137 0.016 0.745 0.064 0.016 0.021 
367    C1709    (0)    7 :  0.101 0.020 0.766 0.034 0.055 0.025 
368    C1710    (0)    7 :  0.656 0.031 0.114 0.069 0.026 0.103 
369    C1712    (0)    7 :  0.220 0.010 0.686 0.046 0.020 0.017 
370    C1714    (0)    7 :  0.041 0.012 0.891 0.021 0.016 0.019 
371    C1715    (0)    7 :  0.594 0.025 0.027 0.129 0.018 0.206 
372    C1717    (0)    7 :  0.302 0.172 0.156 0.272 0.015 0.082 
373    C1718   (18)    7 :  0.644 0.054 0.100 0.100 0.018 0.084 
374    C1719    (0)    7 :  0.061 0.069 0.717 0.039 0.091 0.022 
375    C1656    (0)    8 :  0.357 0.009 0.073 0.095 0.034 0.432 
376    C1657   (18)    8 :  0.148 0.022 0.511 0.032 0.020 0.267 
377    C1658    (0)    8 :  0.583 0.009 0.051 0.182 0.010 0.165 
378    C1659    (0)    8 :  0.243 0.077 0.029 0.355 0.028 0.269 
379    C1661    (9)    8 :  0.306 0.043 0.095 0.449 0.028 0.079 
380    C1665    (0)    8 :  0.586 0.024 0.053 0.100 0.016 0.221 
381    C1667    (9)    8 :  0.039 0.008 0.918 0.014 0.006 0.016 
382    C1676    (9)    8 :  0.641 0.014 0.121 0.056 0.023 0.145 
383    C1681    (9)    8 :  0.322 0.024 0.159 0.218 0.019 0.257 
384    C1682    (0)    8 :  0.194 0.014 0.585 0.062 0.025 0.120 
385    C1685    (0)    8 :  0.822 0.022 0.040 0.021 0.032 0.064 
386    C4707    (0)    9 :  0.686 0.026 0.066 0.128 0.066 0.027 
387    C4747    (0)    9 :  0.063 0.101 0.650 0.073 0.092 0.022 
388    C4772    (0)    9 :  0.199 0.087 0.039 0.140 0.440 0.094 
389    C4781    (0)    9 :  0.033 0.019 0.752 0.146 0.031 0.018 
390    C4782    (0)    9 :  0.276 0.062 0.182 0.310 0.093 0.077 
391    C4787    (0)    9 :  0.269 0.020 0.111 0.316 0.171 0.112 
392    C4790    (0)    9 :  0.245 0.015 0.538 0.024 0.131 0.047 
393    C4803    (0)    9 :  0.253 0.047 0.115 0.470 0.066 0.049 
394    C4813    (0)    9 :  0.140 0.022 0.046 0.225 0.507 0.060 
395    C4837    (0)    9 :  0.571 0.031 0.033 0.247 0.094 0.025 
396    C4838    (0)    9 :  0.427 0.012 0.081 0.245 0.082 0.153 
397    C4843    (0)    9 :  0.667 0.037 0.065 0.097 0.053 0.080 
398    C4857    (0)    9 :  0.036 0.029 0.018 0.025 0.864 0.028 
399    C4828    (0)    9 :  0.127 0.213 0.083 0.388 0.043 0.147 
400    C4835    (0)    9 :  0.040 0.011 0.024 0.150 0.712 0.063 
401    C4836    (9)    9 :  0.309 0.031 0.189 0.253 0.178 0.041 
402    C4842    (0)    9 :  0.524 0.014 0.106 0.055 0.039 0.262 
403    C4863    (9)    9 :  0.212 0.017 0.096 0.617 0.028 0.029 
404    C4744    (0)    9 :  0.497 0.025 0.253 0.039 0.023 0.164 
405    C4745    (0)    9 :  0.405 0.022 0.050 0.239 0.070 0.213 
406    C4768    (0)    9 :  0.228 0.038 0.372 0.065 0.224 0.072 
407    C4769    (0)    9 :  0.148 0.012 0.091 0.068 0.084 0.598 
408    C4771    (0)    9 :  0.654 0.013 0.084 0.123 0.016 0.110 
409    C4784    (0)    9 :  0.054 0.019 0.519 0.178 0.175 0.055 
410    C4785    (0)    9 :  0.024 0.019 0.866 0.029 0.029 0.033 
411    C4795    (0)    9 :  0.028 0.040 0.659 0.128 0.111 0.034 
412    C4796    (0)    9 :  0.617 0.017 0.203 0.106 0.015 0.043 
413    C4800    (0)    9 :  0.188 0.010 0.015 0.597 0.164 0.026 
414    C4801    (0)    9 :  0.060 0.017 0.049 0.051 0.541 0.282 
415    C4802    (0)    9 :  0.125 0.181 0.032 0.257 0.206 0.199 
416    C4805    (0)    9 :  0.477 0.015 0.157 0.036 0.078 0.237 
417    C4806    (0)    9 :  0.535 0.011 0.032 0.166 0.033 0.224 
418    C4850    (0)    9 :  0.359 0.082 0.044 0.293 0.167 0.056 
419    C4748    (0)   10 :  0.030 0.008 0.124 0.063 0.117 0.659 
420    C4753    (0)   10 :  0.674 0.019 0.114 0.069 0.035 0.089 
421    C4754    (0)   10 :  0.616 0.017 0.092 0.147 0.085 0.042 
422    C4760    (0)   10 :  0.207 0.114 0.036 0.484 0.135 0.024 
423    C4761    (0)   10 :  0.078 0.011 0.089 0.076 0.261 0.485 
424    C4762    (0)   10 :  0.069 0.011 0.643 0.064 0.159 0.055 
425    C4791    (0)   10 :  0.421 0.008 0.121 0.250 0.139 0.061 
426    C4810    (0)   10 :  0.032 0.064 0.025 0.114 0.044 0.721 
427    C4812    (0)   10 :  0.262 0.048 0.037 0.163 0.037 0.452 
428    C4821    (0)   10 :  0.373 0.072 0.075 0.403 0.054 0.022 
429    C4864    (0)   10 :  0.221 0.052 0.031 0.155 0.520 0.022 
430    C4866    (0)   10 :  0.062 0.014 0.036 0.102 0.025 0.760 
431    C1722    (0)   10 :  0.231 0.061 0.046 0.110 0.015 0.537 
432    C1724    (0)   10 :  0.059 0.008 0.013 0.055 0.013 0.853 
433    C1725    (0)   10 :  0.252 0.045 0.088 0.051 0.012 0.551 
434    C1726    (0)   10 :  0.642 0.013 0.148 0.112 0.014 0.070 
435    C1731    (0)   10 :  0.341 0.027 0.102 0.072 0.043 0.416 
436    C1733    (9)   10 :  0.078 0.025 0.019 0.611 0.022 0.246 
437    C1734    (0)   10 :  0.488 0.031 0.049 0.227 0.051 0.154 
438    C1735    (0)   10 :  0.371 0.014 0.058 0.111 0.009 0.437 
439    C1738    (0)   10 :  0.124 0.035 0.019 0.282 0.026 0.515 
440    C1740    (9)   10 :  0.389 0.090 0.059 0.293 0.039 0.130 
441    C1741    (0)   10 :  0.164 0.083 0.223 0.223 0.280 0.027 
442    C1742    (0)   10 :  0.764 0.025 0.026 0.045 0.024 0.117 
443    C1743    (0)   10 :  0.147 0.023 0.562 0.059 0.026 0.183 
444    C1745    (0)   10 :  0.492 0.026 0.042 0.327 0.058 0.055 
445    C1746    (0)   10 :  0.194 0.037 0.180 0.103 0.070 0.415 
446    C1747    (0)   10 :  0.088 0.043 0.312 0.188 0.034 0.335 
447    C4742    (9)   10 :  0.223 0.029 0.187 0.140 0.357 0.065 
448    C4752    (0)   10 :  0.021 0.023 0.029 0.032 0.836 0.058 
449    C4792    (0)   10 :  0.097 0.082 0.087 0.283 0.346 0.104 
450    C4811    (0)   10 :  0.031 0.033 0.022 0.082 0.809 0.022 
451    C4814    (0)   10 :  0.131 0.029 0.095 0.361 0.345 0.038 
452    C4815    (0)   10 :  0.163 0.036 0.052 0.625 0.077 0.047 
453    C4818    (0)   10 :  0.145 0.101 0.075 0.214 0.231 0.233 
454    C4819    (0)   10 :  0.281 0.050 0.108 0.077 0.319 0.165 
455    C4826    (0)   10 :  0.661 0.009 0.064 0.157 0.022 0.087 
456    C4829    (0)   10 :  0.258 0.045 0.364 0.247 0.028 0.058 
457    C4830    (0)   10 :  0.699 0.013 0.174 0.072 0.026 0.015 
458    C4831    (0)   10 :  0.047 0.036 0.059 0.032 0.774 0.052 
459    C4832    (0)   10 :  0.147 0.013 0.532 0.137 0.028 0.143 
460    C4858    (0)   10 :  0.071 0.008 0.357 0.157 0.384 0.023 
461    C4757    (0)   10 :  0.366 0.082 0.047 0.199 0.107 0.200 
462    C4770    (9)   10 :  0.058 0.475 0.076 0.244 0.117 0.029 
463    C4808    (0)   10 :  0.303 0.020 0.065 0.473 0.079 0.060 
464    C4809    (0)   10 :  0.812 0.009 0.016 0.122 0.011 0.029 
465    C4820    (0)   10 :  0.298 0.018 0.281 0.082 0.065 0.255 
466    C4824    (0)   10 :  0.487 0.009 0.242 0.209 0.028 0.025 
467    C4706    (0)   11 :  0.321 0.012 0.055 0.167 0.018 0.427 
468    C4708    (0)   11 :  0.013 0.026 0.013 0.016 0.920 0.012 
469    C4709    (0)   11 :  0.040 0.014 0.733 0.133 0.047 0.033 
470    C4714    (0)   11 :  0.094 0.026 0.405 0.225 0.218 0.032 
471    C4722    (0)   11 :  0.288 0.021 0.419 0.053 0.088 0.131 
472    C4726    (0)   11 :  0.134 0.082 0.047 0.221 0.176 0.340 
473    C4733    (0)   11 :  0.246 0.063 0.168 0.186 0.275 0.061 
474    C4734    (0)   11 :  0.282 0.018 0.090 0.205 0.084 0.320 
475    C4737    (0)   11 :  0.065 0.012 0.810 0.038 0.052 0.024 
476    C4882    (0)   11 :  0.692 0.012 0.069 0.132 0.013 0.081 
477    C4883    (0)   11 :  0.020 0.014 0.781 0.025 0.148 0.012 
478    C4702    (9)   11 :  0.308 0.128 0.150 0.262 0.072 0.081 
479    C4703    (0)   11 :  0.078 0.029 0.073 0.384 0.407 0.029 
480    C4727    (0)   11 :  0.367 0.011 0.161 0.035 0.067 0.359 
481    C4732    (0)   11 :  0.082 0.016 0.798 0.036 0.043 0.025 
482    C4735    (0)   11 :  0.214 0.016 0.048 0.671 0.031 0.020 
483    C4736    (0)   11 :  0.024 0.035 0.147 0.110 0.642 0.043 
484    C4746    (0)   11 :  0.152 0.018 0.305 0.304 0.173 0.048 
485    C4777    (0)   11 :  0.784 0.018 0.025 0.047 0.011 0.115 
486    C4846    (0)   11 :  0.122 0.098 0.096 0.047 0.586 0.051 
487    C4847    (0)   11 :  0.644 0.009 0.045 0.078 0.030 0.194 
488    C4884    (0)   11 :  0.407 0.010 0.197 0.198 0.147 0.042 
489    C4705    (0)   11 :  0.332 0.027 0.017 0.443 0.158 0.023 
490    C4711    (0)   11 :  0.065 0.018 0.190 0.046 0.145 0.535 
491    C4713    (9)   11 :  0.052 0.062 0.075 0.590 0.031 0.191 
492    C4716    (0)   11 :  0.268 0.018 0.117 0.476 0.076 0.045 
493    C4717    (0)   11 :  0.073 0.020 0.025 0.061 0.770 0.051 
494    C4719    (0)   11 :  0.829 0.011 0.050 0.060 0.019 0.030 
495    C4721    (0)   11 :  0.021 0.023 0.015 0.025 0.897 0.019 
496    C4729    (0)   11 :  0.429 0.014 0.033 0.437 0.055 0.031 
497    C4730    (0)   11 :  0.045 0.022 0.082 0.070 0.735 0.046 
498    C4773    (0)   11 :  0.020 0.025 0.013 0.025 0.867 0.051 
499    C4861    (0)   11 :  0.814 0.018 0.023 0.062 0.029 0.053 
500    C4890    (0)   11 :  0.251 0.016 0.089 0.288 0.334 0.023 
501    C4718    (0)   11 :  0.376 0.022 0.228 0.235 0.066 0.072 
502    C4724    (0)   11 :  0.192 0.014 0.041 0.296 0.385 0.072 
503    C4738    (0)   11 :  0.101 0.017 0.022 0.047 0.443 0.370 
504    C4739    (0)   11 :  0.669 0.040 0.063 0.046 0.057 0.125 
505    C4844    (0)   11 :  0.494 0.038 0.043 0.151 0.210 0.063 
506    C4845    (0)   11 :  0.064 0.017 0.736 0.110 0.050 0.022 
507    C4681    (0)   11 :  0.038 0.335 0.020 0.025 0.561 0.021 
508    C4682    (0)   11 :  0.033 0.120 0.405 0.300 0.049 0.092 
509    C4683    (0)   11 :  0.080 0.079 0.046 0.151 0.604 0.041 
510    C4685    (0)   11 :  0.403 0.022 0.208 0.131 0.206 0.030 
511    C4715    (0)   11 :  0.139 0.039 0.193 0.572 0.037 0.020 
512    C4725    (0)   11 :  0.602 0.015 0.248 0.053 0.013 0.068 
513    C4799    (0)   11 :  0.279 0.125 0.095 0.193 0.277 0.031 
514    C4889    (9)   11 :  0.041 0.015 0.071 0.082 0.628 0.162 
515    C4641    (0)   12 :  0.012 0.009 0.011 0.931 0.028 0.010 
516    C4651    (0)   12 :  0.030 0.036 0.026 0.559 0.020 0.329 
517    C4657    (0)   12 :  0.011 0.036 0.029 0.705 0.205 0.014 
518    C4658    (0)   12 :  0.016 0.013 0.023 0.896 0.035 0.017 
519    C4660    (0)   12 :  0.037 0.022 0.035 0.849 0.031 0.026 
520    C4665    (0)   12 :  0.008 0.008 0.011 0.945 0.016 0.012 
521    C4666    (0)   12 :  0.083 0.016 0.017 0.860 0.012 0.011 
522    C4667    (0)   12 :  0.023 0.014 0.019 0.896 0.030 0.018 
523    C4668    (0)   12 :  0.013 0.013 0.008 0.926 0.018 0.022 
524    C4669    (0)   12 :  0.008 0.010 0.011 0.940 0.021 0.010 
525    C4670    (0)   12 :  0.056 0.007 0.040 0.871 0.012 0.016 
526    C4671    (0)   12 :  0.022 0.027 0.021 0.900 0.021 0.009 
527    C4672    (0)   12 :  0.019 0.032 0.017 0.871 0.010 0.051 
528    C4633    (0)   13 :  0.008 0.016 0.009 0.939 0.016 0.012 
529    C4635    (0)   13 :  0.023 0.012 0.016 0.852 0.040 0.057 
530    C4653    (0)   13 :  0.027 0.061 0.023 0.789 0.062 0.038 
531    C4654    (0)   13 :  0.011 0.023 0.029 0.894 0.020 0.022 
532    C4675    (0)   13 :  0.016 0.013 0.012 0.930 0.008 0.021 
533    C4679    (0)   13 :  0.033 0.009 0.045 0.065 0.009 0.839 
534    C4684    (0)   13 :  0.010 0.023 0.010 0.907 0.035 0.014 
535    C4686    (0)   13 :  0.024 0.048 0.017 0.838 0.059 0.013 
536    C4687    (0)   13 :  0.010 0.093 0.015 0.807 0.064 0.012 
537    U1941    (0)   14 :  0.069 0.068 0.014 0.706 0.013 0.131 
538    U1942    (0)   14 :  0.225 0.080 0.088 0.334 0.226 0.047 
539    U1957    (9)   14 :  0.074 0.477 0.052 0.274 0.043 0.080 
540    U2016    (0)   14 :  0.763 0.011 0.046 0.021 0.006 0.153 
541    U2021    (9)   14 :  0.293 0.029 0.468 0.121 0.027 0.061 
542    U2022    (0)   14 :  0.661 0.021 0.257 0.028 0.011 0.021 
543    U2023    (0)   14 :  0.760 0.011 0.093 0.055 0.018 0.063 
544    U2024    (0)   14 :  0.747 0.037 0.119 0.017 0.041 0.040 
545    U2025    (9)   14 :  0.764 0.040 0.113 0.044 0.020 0.019 
546    U2026    (0)   14 :  0.546 0.193 0.154 0.060 0.025 0.022 
547    U2027    (0)   14 :  0.556 0.028 0.087 0.134 0.041 0.154 
548    U2028    (0)   14 :  0.894 0.008 0.057 0.012 0.007 0.021 
549    U2029    (0)   14 :  0.555 0.010 0.277 0.048 0.022 0.088 
550    U2030    (0)   14 :  0.625 0.013 0.143 0.054 0.009 0.157 
551    U2031    (0)   14 :  0.708 0.013 0.065 0.067 0.010 0.137 
552    U1943    (0)   14 :  0.055 0.016 0.823 0.037 0.041 0.028 
553    U1944    (0)   14 :  0.082 0.016 0.564 0.085 0.020 0.233 
554    U1945    (0)   14 :  0.429 0.014 0.397 0.066 0.015 0.079 
555    U1946    (0)   14 :  0.193 0.023 0.083 0.125 0.015 0.561 
556    U1947    (0)   14 :  0.685 0.024 0.204 0.030 0.015 0.043 
557    U1948    (0)   14 :  0.524 0.057 0.128 0.151 0.059 0.081 
