

----------------------------------------------------
STRUCTURE by Pritchard, Stephens and Donnelly (2000)
     and Falush, Stephens and Pritchard (2003)
       Code by Pritchard, Falush and Hubisz
             Version 2.3.4 (Jul 2012)
----------------------------------------------------



Command line arguments:   bin\structure -m C:\Users\eschumacher\Documents\Butternut\butternut_STRUCTURE_withQU\50-50\mainparams -e C:\Users\eschumacher\Documents\Butternut\butternut_STRUCTURE_withQU\50-50\extraparams 
Input File:    C:\Users\eschumacher\Documents\Butternut\butternut_STRUCTURE_withQU\project_data

Run parameters:
   1015 individuals
   11 loci
   8 populations assumed
   50000 Burn-in period
   50000 Reps


--------------------------------------------
Proportion of membership of each pre-defined
 population in each of the 8 clusters

Given    Inferred Clusters                                          Number of
 Pop       1      2      3      4      5      6      7      8      Individuals

  1:     0.044  0.056  0.104  0.457  0.043  0.038  0.216  0.042       40
  2:     0.034  0.061  0.301  0.289  0.026  0.047  0.208  0.034       46
  3:     0.045  0.038  0.121  0.226  0.025  0.029  0.475  0.042       63
  4:     0.050  0.047  0.320  0.145  0.044  0.040  0.329  0.026       48
  5:     0.046  0.040  0.217  0.360  0.051  0.041  0.205  0.040       85
  6:     0.054  0.048  0.156  0.395  0.029  0.041  0.244  0.033       70
  7:     0.127  0.241  0.041  0.056  0.091  0.182  0.028  0.235       22
  8:     0.122  0.201  0.021  0.022  0.159  0.247  0.024  0.203       11
  9:     0.118  0.163  0.155  0.054  0.072  0.246  0.034  0.159       33
 10:     0.145  0.169  0.148  0.036  0.144  0.217  0.048  0.092       48
 11:     0.098  0.119  0.280  0.047  0.076  0.206  0.027  0.148       48
 12:     0.042  0.117  0.635  0.023  0.073  0.069  0.014  0.026       13
 13:     0.072  0.030  0.670  0.028  0.118  0.024  0.035  0.023        9
 14:     0.207  0.195  0.029  0.044  0.125  0.220  0.042  0.138       90
 15:     0.137  0.109  0.020  0.023  0.042  0.123  0.029  0.517       63
 16:     0.214  0.179  0.033  0.076  0.107  0.228  0.062  0.101       16
 17:     0.293  0.138  0.082  0.085  0.150  0.121  0.059  0.073       31
 18:     0.022  0.061  0.066  0.017  0.732  0.061  0.012  0.030       16
 19:     0.100  0.166  0.022  0.082  0.045  0.120  0.079  0.385       24
 20:     0.086  0.289  0.033  0.075  0.128  0.246  0.039  0.105       12
 21:     0.169  0.203  0.028  0.057  0.150  0.186  0.034  0.174       54
 22:     0.227  0.156  0.041  0.056  0.268  0.154  0.035  0.064       96
 23:     0.164  0.181  0.018  0.065  0.304  0.094  0.023  0.150       22
 24:     0.079  0.054  0.080  0.071  0.557  0.089  0.041  0.028       23
 25:     0.232  0.099  0.021  0.026  0.319  0.209  0.030  0.064       13
 26:     0.153  0.240  0.033  0.045  0.087  0.220  0.070  0.153       19
--------------------------------------------

Allele-freq. divergence among pops (Net nucleotide distance),
computed using point estimates of P.

      1       2       3       4       5       6       7       8      
 1      -    0.0074  0.0405  0.0350  0.0157  0.0101  0.0327  0.0156  
 2   0.0074     -    0.0310  0.0263  0.0133  0.0056  0.0257  0.0095  
 3   0.0405  0.0310     -    0.0328  0.0453  0.0316  0.0348  0.0342  
 4   0.0350  0.0263  0.0328     -    0.0409  0.0326  0.0231  0.0340  
 5   0.0157  0.0133  0.0453  0.0409     -    0.0149  0.0416  0.0240  
 6   0.0101  0.0056  0.0316  0.0326  0.0149     -    0.0352  0.0105  
 7   0.0327  0.0257  0.0348  0.0231  0.0416  0.0352     -    0.0370  
 8   0.0156  0.0095  0.0342  0.0340  0.0240  0.0105  0.0370     -    

Average distances (expected heterozygosity) between individuals in same cluster:
cluster  1  : 0.8423 
cluster  2  : 0.8617 
cluster  3  : 0.8304 
cluster  4  : 0.8087 
cluster  5  : 0.8283 
cluster  6  : 0.8488 
cluster  7  : 0.8176 
cluster  8  : 0.8481 

--------------------------------------------
Estimated Ln Prob of Data   = -47867.7
Mean value of ln likelihood = -46154.6
Variance of ln likelihood   = 3426.2
Mean value of alpha         = 0.0534

Mean value of Fst_1         = 0.0316
Mean value of Fst_2         = 0.0157
Mean value of Fst_3         = 0.0619
Mean value of Fst_4         = 0.0638
Mean value of Fst_5         = 0.0437
Mean value of Fst_6         = 0.0240
Mean value of Fst_7         = 0.0683
Mean value of Fst_8         = 0.0331


Inferred ancestry of individuals:
        Label (%Miss) Pop:  Inferred clusters
  1    C3984    (0)    1 :  0.012 0.016 0.085 0.838 0.007 0.009 0.022 0.011 
  2    C3985    (0)    1 :  0.012 0.028 0.220 0.604 0.017 0.022 0.080 0.018 
  3    C3986    (0)    1 :  0.012 0.011 0.368 0.261 0.007 0.012 0.310 0.020 
  4    C4231    (0)    1 :  0.027 0.050 0.337 0.467 0.010 0.042 0.053 0.015 
  5    C4344    (0)    1 :  0.023 0.044 0.037 0.298 0.016 0.024 0.519 0.038 
  6    C4347   (18)    1 :  0.026 0.018 0.020 0.464 0.047 0.017 0.395 0.013 
  7    C4352   (18)    1 :  0.016 0.024 0.118 0.694 0.019 0.031 0.067 0.029 
  8    C4355    (9)    1 :  0.052 0.023 0.036 0.734 0.014 0.013 0.104 0.023 
  9    C4358   (18)    1 :  0.101 0.460 0.029 0.080 0.048 0.165 0.015 0.101 
 10    C4419    (9)    1 :  0.105 0.040 0.080 0.688 0.017 0.030 0.017 0.023 
 11    C4428    (9)    1 :  0.019 0.015 0.058 0.699 0.016 0.010 0.170 0.013 
 12    C4436    (0)    1 :  0.010 0.012 0.053 0.841 0.015 0.012 0.044 0.014 
 13    C4437   (18)    1 :  0.066 0.098 0.157 0.494 0.054 0.039 0.064 0.028 
 14    C4450    (0)    1 :  0.063 0.129 0.052 0.560 0.039 0.062 0.032 0.063 
 15    C4531    (0)    1 :  0.031 0.039 0.746 0.046 0.029 0.062 0.010 0.037 
 16    C1615    (0)    1 :  0.051 0.060 0.169 0.428 0.082 0.099 0.055 0.056 
 17    C1616    (0)    1 :  0.260 0.111 0.041 0.246 0.152 0.111 0.060 0.019 
 18    C1617    (9)    1 :  0.034 0.015 0.010 0.825 0.018 0.013 0.075 0.011 
 19    C1618    (0)    1 :  0.020 0.028 0.225 0.523 0.033 0.035 0.032 0.104 
 20    C1619    (0)    1 :  0.024 0.093 0.116 0.477 0.053 0.025 0.058 0.152 
 21    C1620    (9)    1 :  0.017 0.066 0.048 0.667 0.032 0.029 0.027 0.114 
 22    C1621    (0)    1 :  0.091 0.106 0.026 0.231 0.411 0.051 0.037 0.046 
 23    C1623    (9)    1 :  0.063 0.110 0.243 0.046 0.155 0.056 0.017 0.311 
 24    C1625    (0)    1 :  0.019 0.080 0.027 0.617 0.084 0.034 0.044 0.094 
 25    C1626    (0)    1 :  0.089 0.130 0.017 0.459 0.100 0.131 0.035 0.039 
 26    C1627    (9)    1 :  0.010 0.024 0.020 0.850 0.035 0.018 0.023 0.021 
 27    C1633    (0)    1 :  0.011 0.010 0.011 0.924 0.013 0.008 0.013 0.010 
 28    C1637    (0)    1 :  0.021 0.018 0.013 0.861 0.024 0.021 0.030 0.012 
 29    C1650    (0)    1 :  0.047 0.020 0.593 0.195 0.032 0.024 0.076 0.014 
 30    C3202    (0)    1 :  0.010 0.013 0.012 0.014 0.016 0.009 0.918 0.009 
 31    C3248    (0)    1 :  0.012 0.021 0.010 0.784 0.014 0.024 0.120 0.014 
 32    C3304    (9)    1 :  0.062 0.049 0.015 0.299 0.012 0.011 0.538 0.014 
 33    C3326    (0)    1 :  0.067 0.100 0.056 0.215 0.022 0.145 0.372 0.024 
 34    C3333    (0)    1 :  0.018 0.017 0.011 0.024 0.018 0.013 0.888 0.013 
 35    C3339   (18)    1 :  0.067 0.035 0.010 0.702 0.014 0.014 0.123 0.034 
 36    C3346    (0)    1 :  0.009 0.009 0.010 0.014 0.006 0.008 0.931 0.012 
 37    C3349    (0)    1 :  0.072 0.040 0.015 0.071 0.014 0.036 0.714 0.039 
 38    C3367   (18)    1 :  0.025 0.023 0.029 0.037 0.020 0.015 0.837 0.016 
 39    C3374    (0)    1 :  0.009 0.008 0.016 0.919 0.005 0.008 0.024 0.010 
 40    C3405    (0)    1 :  0.075 0.040 0.021 0.089 0.012 0.021 0.702 0.040 
 41    C4543    (0)    2 :  0.021 0.014 0.866 0.019 0.010 0.012 0.046 0.013 
 42    C4545    (9)    2 :  0.009 0.009 0.888 0.032 0.006 0.010 0.017 0.030 
 43    C4551    (9)    2 :  0.029 0.066 0.483 0.110 0.023 0.216 0.015 0.060 
 44    C4491    (0)    2 :  0.037 0.095 0.443 0.162 0.025 0.098 0.069 0.071 
 45    C4494    (0)    2 :  0.011 0.012 0.122 0.118 0.009 0.011 0.702 0.014 
 46    C4495    (0)    2 :  0.016 0.092 0.040 0.031 0.018 0.080 0.688 0.036 
 47    C4497    (9)    2 :  0.016 0.030 0.029 0.833 0.012 0.016 0.048 0.016 
 48    C4501    (0)    2 :  0.112 0.122 0.061 0.608 0.012 0.037 0.024 0.023 
 49    C4502    (0)    2 :  0.021 0.021 0.199 0.610 0.012 0.011 0.059 0.067 
 50    C4503    (0)    2 :  0.012 0.016 0.849 0.009 0.013 0.018 0.008 0.075 
 51    C4504    (0)    2 :  0.074 0.464 0.076 0.104 0.028 0.054 0.083 0.116 
 52    C4470    (0)    2 :  0.028 0.128 0.159 0.448 0.022 0.147 0.037 0.031 
 53    C4471    (0)    2 :  0.017 0.040 0.748 0.116 0.011 0.014 0.039 0.016 
 54    C4474    (9)    2 :  0.015 0.016 0.871 0.010 0.016 0.045 0.008 0.019 
 55    C4476    (0)    2 :  0.013 0.021 0.148 0.747 0.011 0.021 0.020 0.019 
 56    C4478    (0)    2 :  0.065 0.022 0.588 0.047 0.008 0.010 0.170 0.089 
 57    C4479    (0)    2 :  0.022 0.018 0.116 0.619 0.052 0.018 0.145 0.010 
 58    C4482    (0)    2 :  0.033 0.115 0.275 0.122 0.138 0.044 0.264 0.010 
 59    C4483    (0)    2 :  0.010 0.021 0.922 0.008 0.010 0.010 0.008 0.012 
 60    C4484    (0)    2 :  0.062 0.045 0.536 0.058 0.024 0.033 0.186 0.056 
 61    C4485    (0)    2 :  0.046 0.153 0.067 0.135 0.046 0.067 0.451 0.034 
 62    C4489    (0)    2 :  0.030 0.033 0.276 0.477 0.021 0.017 0.118 0.029 
 63    C4505    (0)    2 :  0.016 0.021 0.084 0.797 0.013 0.029 0.027 0.014 
 64    C4507    (0)    2 :  0.075 0.063 0.250 0.364 0.009 0.123 0.012 0.103 
 65    C4535    (0)    2 :  0.016 0.028 0.861 0.015 0.019 0.027 0.012 0.021 
 66    C4542    (0)    2 :  0.228 0.267 0.188 0.022 0.023 0.219 0.023 0.030 
 67    C4553    (9)    2 :  0.018 0.027 0.594 0.140 0.019 0.076 0.111 0.016 
 68    C4562   (18)    2 :  0.018 0.028 0.561 0.188 0.026 0.062 0.059 0.059 
 69    C4582   (18)    2 :  0.025 0.032 0.713 0.088 0.039 0.041 0.040 0.022 
 70    C4693    (0)    2 :  0.013 0.010 0.877 0.035 0.013 0.014 0.031 0.008 
 71    C4696    (0)    2 :  0.024 0.052 0.423 0.222 0.030 0.161 0.045 0.043 
 72    C3179    (0)    2 :  0.019 0.032 0.013 0.138 0.011 0.019 0.715 0.052 
 73    C3181    (0)    2 :  0.038 0.112 0.034 0.352 0.021 0.026 0.401 0.017 
 74    C3188    (0)    2 :  0.029 0.069 0.020 0.635 0.024 0.025 0.167 0.033 
 75    C3190    (0)    2 :  0.045 0.019 0.021 0.013 0.020 0.018 0.852 0.012 
 76    C3193    (0)    2 :  0.012 0.026 0.013 0.555 0.038 0.025 0.322 0.008 
 77    C3232    (0)    2 :  0.013 0.018 0.094 0.673 0.009 0.011 0.169 0.013 
 78    C3236    (0)    2 :  0.010 0.010 0.034 0.066 0.009 0.012 0.851 0.008 
 79    C3249    (0)    2 :  0.045 0.038 0.028 0.364 0.029 0.033 0.431 0.032 
 80    C3250    (0)    2 :  0.014 0.010 0.015 0.881 0.010 0.011 0.051 0.008 
 81    C3253    (0)    2 :  0.009 0.012 0.013 0.922 0.013 0.012 0.010 0.010 
 82    C3255    (0)    2 :  0.010 0.033 0.051 0.537 0.010 0.012 0.337 0.011 
 83    C3277    (0)    2 :  0.047 0.108 0.023 0.565 0.067 0.068 0.078 0.044 
 84    C3315    (0)    2 :  0.093 0.107 0.143 0.278 0.166 0.097 0.018 0.097 
 85    C3288    (0)    2 :  0.013 0.015 0.016 0.025 0.020 0.011 0.886 0.015 
 86    C3293    (0)    2 :  0.036 0.111 0.039 0.017 0.023 0.025 0.717 0.029 
 87    C4018    (0)    3 :  0.019 0.011 0.422 0.047 0.007 0.011 0.475 0.008 
 88    C3980    (0)    3 :  0.014 0.015 0.880 0.021 0.011 0.012 0.038 0.009 
 89    C3987    (0)    3 :  0.014 0.015 0.807 0.103 0.012 0.012 0.023 0.014 
 90    C3988    (0)    3 :  0.009 0.022 0.533 0.287 0.013 0.022 0.102 0.013 
 91    C3989    (0)    3 :  0.011 0.182 0.023 0.041 0.007 0.019 0.711 0.007 
 92    C4011    (0)    3 :  0.006 0.007 0.460 0.226 0.006 0.007 0.282 0.006 
 93    C4017    (0)    3 :  0.007 0.007 0.932 0.016 0.006 0.006 0.020 0.006 
 94    C4296    (0)    3 :  0.055 0.064 0.049 0.335 0.031 0.382 0.031 0.054 
 95    C4301    (9)    3 :  0.805 0.061 0.008 0.010 0.009 0.014 0.061 0.031 
 96    C4303    (0)    3 :  0.047 0.024 0.012 0.039 0.278 0.032 0.537 0.030 
 97    C4453    (0)    3 :  0.024 0.030 0.065 0.093 0.048 0.012 0.668 0.059 
 98    C4455    (9)    3 :  0.013 0.017 0.024 0.014 0.030 0.013 0.875 0.013 
 99    C4456   (18)    3 :  0.043 0.060 0.181 0.017 0.065 0.020 0.511 0.104 
100    C4457    (9)    3 :  0.057 0.102 0.021 0.086 0.055 0.027 0.626 0.026 
101    C4459    (9)    3 :  0.015 0.026 0.204 0.227 0.021 0.026 0.470 0.011 
102    C4464   (18)    3 :  0.009 0.011 0.031 0.300 0.008 0.011 0.621 0.010 
103    C4468    (9)    3 :  0.017 0.028 0.040 0.636 0.059 0.016 0.186 0.017 
104    C4783    (0)    3 :  0.010 0.022 0.288 0.008 0.013 0.032 0.617 0.010 
105    C4786    (0)    3 :  0.017 0.010 0.113 0.029 0.010 0.014 0.797 0.010 
106    C4789    (9)    3 :  0.059 0.020 0.222 0.123 0.011 0.014 0.541 0.009 
107    C4891    (0)    3 :  0.012 0.021 0.026 0.011 0.009 0.027 0.878 0.017 
108    C4896    (0)    3 :  0.040 0.032 0.256 0.016 0.026 0.030 0.586 0.013 
109    C4898    (0)    3 :  0.012 0.032 0.475 0.042 0.013 0.026 0.384 0.016 
110    C4901    (0)    3 :  0.015 0.013 0.090 0.017 0.009 0.009 0.842 0.005 
111    C4903    (9)    3 :  0.027 0.020 0.041 0.013 0.019 0.016 0.855 0.010 
112    C4904    (0)    3 :  0.014 0.038 0.413 0.021 0.008 0.022 0.473 0.011 
113    C3263    (0)    3 :  0.012 0.040 0.011 0.631 0.018 0.011 0.101 0.176 
114    C3271    (0)    3 :  0.024 0.021 0.010 0.864 0.008 0.018 0.033 0.021 
115    C3272    (0)    3 :  0.041 0.032 0.013 0.840 0.008 0.019 0.031 0.016 
116    C3276    (0)    3 :  0.301 0.095 0.022 0.026 0.024 0.029 0.429 0.075 
117    C3280    (9)    3 :  0.027 0.053 0.023 0.713 0.025 0.053 0.022 0.085 
118    C3305    (9)    3 :  0.012 0.009 0.009 0.937 0.007 0.008 0.008 0.009 
119    C3306    (0)    3 :  0.015 0.074 0.012 0.746 0.018 0.028 0.040 0.067 
120    C3324    (0)    3 :  0.016 0.071 0.017 0.651 0.016 0.048 0.017 0.164 
121    C3329    (0)    3 :  0.038 0.089 0.104 0.473 0.025 0.107 0.094 0.069 
122    C3336    (0)    3 :  0.049 0.028 0.020 0.772 0.016 0.031 0.067 0.016 
123    C3341   (18)    3 :  0.027 0.105 0.064 0.065 0.030 0.053 0.027 0.628 
124    C3409   (18)    3 :  0.095 0.144 0.069 0.420 0.040 0.065 0.112 0.056 
125    C3168    (9)    3 :  0.009 0.009 0.011 0.010 0.007 0.008 0.941 0.007 
126    C3170    (0)    3 :  0.017 0.016 0.014 0.035 0.008 0.012 0.888 0.011 
127    C3214   (18)    3 :  0.239 0.028 0.026 0.092 0.027 0.016 0.560 0.011 
128    C3227    (0)    3 :  0.022 0.009 0.011 0.010 0.010 0.007 0.925 0.006 
129    C3228    (0)    3 :  0.043 0.029 0.077 0.695 0.030 0.047 0.043 0.035 
130    C3278    (0)    3 :  0.017 0.012 0.006 0.008 0.009 0.012 0.927 0.009 
131    C3279    (0)    3 :  0.024 0.042 0.008 0.019 0.014 0.024 0.861 0.010 
132    C3321    (0)    3 :  0.006 0.006 0.014 0.012 0.005 0.006 0.944 0.005 
133    C3322    (0)    3 :  0.036 0.032 0.027 0.011 0.047 0.035 0.801 0.011 
134    C3303    (0)    3 :  0.045 0.019 0.012 0.037 0.014 0.052 0.790 0.030 
135    C3317    (0)    3 :  0.012 0.018 0.017 0.868 0.014 0.016 0.038 0.017 
136    C3355    (0)    3 :  0.010 0.015 0.031 0.314 0.011 0.016 0.584 0.020 
137    C3376    (9)    3 :  0.065 0.033 0.035 0.513 0.023 0.026 0.288 0.018 
138    C3401    (0)    3 :  0.026 0.023 0.019 0.800 0.023 0.034 0.058 0.017 
139    C3203    (9)    3 :  0.071 0.054 0.030 0.200 0.038 0.015 0.529 0.064 
140    C3245    (0)    3 :  0.018 0.025 0.009 0.040 0.021 0.012 0.863 0.013 
141    C3302    (0)    3 :  0.016 0.016 0.007 0.011 0.013 0.014 0.908 0.014 
142    C3307    (0)    3 :  0.011 0.073 0.118 0.059 0.107 0.030 0.466 0.135 
143    C3310    (0)    3 :  0.011 0.011 0.008 0.008 0.008 0.010 0.931 0.013 
144    C3312    (9)    3 :  0.018 0.067 0.049 0.355 0.032 0.033 0.425 0.019 
145    C3345    (0)    3 :  0.013 0.018 0.014 0.019 0.011 0.008 0.897 0.019 
146    C3371    (0)    3 :  0.008 0.019 0.007 0.017 0.009 0.009 0.897 0.033 
147    C3372    (0)    3 :  0.017 0.048 0.020 0.166 0.025 0.022 0.653 0.049 
148    C3380    (9)    3 :  0.008 0.007 0.015 0.015 0.007 0.005 0.938 0.006 
149    C3417    (0)    3 :  0.021 0.102 0.060 0.040 0.022 0.028 0.549 0.177 
150    C4569    (9)    4 :  0.117 0.091 0.404 0.052 0.034 0.205 0.014 0.083 
151    C4570    (9)    4 :  0.012 0.016 0.855 0.060 0.011 0.018 0.014 0.013 
152    C4571    (9)    4 :  0.020 0.018 0.544 0.321 0.028 0.018 0.035 0.016 
153    C4572    (9)    4 :  0.015 0.012 0.878 0.032 0.020 0.016 0.012 0.015 
154    C4573    (9)    4 :  0.112 0.126 0.146 0.145 0.353 0.073 0.014 0.030 
155    C4575    (9)    4 :  0.036 0.042 0.785 0.025 0.048 0.023 0.022 0.020 
156    C4577    (9)    4 :  0.010 0.012 0.908 0.023 0.007 0.016 0.013 0.010 
157    C4578    (9)    4 :  0.041 0.063 0.701 0.055 0.050 0.049 0.021 0.021 
158    C4600   (18)    4 :  0.040 0.168 0.315 0.069 0.034 0.316 0.038 0.020 
159    C4612    (9)    4 :  0.060 0.016 0.850 0.013 0.012 0.020 0.016 0.012 
160    C4621    (0)    4 :  0.018 0.012 0.798 0.071 0.016 0.009 0.069 0.006 
161    C4622    (9)    4 :  0.007 0.009 0.889 0.013 0.009 0.012 0.052 0.009 
162    C4623    (0)    4 :  0.056 0.121 0.215 0.130 0.051 0.053 0.134 0.239 
163    C4624    (0)    4 :  0.018 0.014 0.843 0.031 0.041 0.022 0.015 0.015 
164    C4625    (0)    4 :  0.058 0.057 0.126 0.162 0.489 0.075 0.016 0.015 
165    C4627    (0)    4 :  0.027 0.028 0.722 0.021 0.027 0.013 0.139 0.022 
166    C4631    (0)    4 :  0.011 0.016 0.844 0.009 0.013 0.017 0.008 0.082 
167    C4632    (0)    4 :  0.015 0.013 0.778 0.090 0.019 0.027 0.044 0.016 
168    C3939    (0)    4 :  0.021 0.016 0.775 0.023 0.009 0.020 0.127 0.010 
169    C3940    (0)    4 :  0.062 0.043 0.725 0.018 0.008 0.066 0.056 0.022 
170    C3945    (0)    4 :  0.009 0.018 0.769 0.065 0.006 0.020 0.103 0.010 
171    C4520    (0)    4 :  0.572 0.097 0.023 0.108 0.019 0.069 0.061 0.051 
172    C4522    (0)    4 :  0.015 0.016 0.449 0.046 0.010 0.012 0.440 0.012 
173    C3182    (0)    4 :  0.016 0.022 0.043 0.117 0.012 0.019 0.743 0.028 
174    C3189    (0)    4 :  0.049 0.164 0.033 0.456 0.137 0.056 0.078 0.028 
175    C3191    (9)    4 :  0.022 0.056 0.020 0.566 0.065 0.025 0.211 0.035 
176    C3196    (0)    4 :  0.030 0.027 0.013 0.107 0.024 0.018 0.766 0.015 
177    C3208    (0)    4 :  0.046 0.029 0.160 0.034 0.053 0.033 0.604 0.041 
178    C3211    (0)    4 :  0.015 0.014 0.012 0.015 0.008 0.012 0.912 0.011 
179    C3212    (0)    4 :  0.295 0.291 0.049 0.079 0.008 0.064 0.136 0.079 
180    C3213    (0)    4 :  0.017 0.020 0.006 0.013 0.010 0.016 0.905 0.013 
181    C3215    (0)    4 :  0.029 0.011 0.018 0.009 0.028 0.017 0.878 0.010 
182    C3217    (0)    4 :  0.023 0.039 0.020 0.368 0.015 0.024 0.474 0.038 
183    C3225    (9)    4 :  0.074 0.050 0.025 0.493 0.031 0.044 0.263 0.020 
184    C3226    (0)    4 :  0.010 0.013 0.084 0.145 0.011 0.009 0.716 0.012 
185    C3238    (9)    4 :  0.020 0.016 0.089 0.047 0.019 0.014 0.783 0.012 
186    C3239    (0)    4 :  0.021 0.051 0.027 0.665 0.018 0.015 0.172 0.031 
187    C3269   (18)    4 :  0.127 0.054 0.123 0.460 0.129 0.038 0.047 0.023 
188    C3273    (0)    4 :  0.024 0.030 0.019 0.503 0.040 0.013 0.363 0.008 
189    C3274    (0)    4 :  0.066 0.131 0.033 0.018 0.017 0.174 0.551 0.011 
190    C3354    (0)    4 :  0.018 0.058 0.021 0.109 0.017 0.020 0.746 0.011 
191    C3361    (0)    4 :  0.022 0.015 0.023 0.034 0.015 0.020 0.862 0.009 
192    C3289    (0)    4 :  0.013 0.013 0.010 0.012 0.014 0.011 0.917 0.010 
193    C3169    (0)    4 :  0.017 0.013 0.031 0.570 0.013 0.008 0.337 0.010 
194    C3199    (9)    4 :  0.024 0.019 0.089 0.132 0.038 0.017 0.665 0.016 
195    C3224    (0)    4 :  0.030 0.012 0.010 0.169 0.020 0.012 0.735 0.012 
196    C3261   (18)    4 :  0.009 0.028 0.028 0.144 0.009 0.014 0.755 0.014 
197    C3320    (0)    4 :  0.027 0.037 0.034 0.124 0.028 0.036 0.699 0.016 
198    C4151    (0)    5 :  0.007 0.012 0.909 0.030 0.009 0.008 0.018 0.007 
199    C4152    (0)    5 :  0.016 0.016 0.780 0.135 0.014 0.013 0.013 0.013 
200    C4153    (0)    5 :  0.052 0.029 0.291 0.162 0.024 0.025 0.403 0.014 
201    C4154   (18)    5 :  0.022 0.040 0.441 0.141 0.010 0.031 0.292 0.024 
202    C4157    (0)    5 :  0.014 0.031 0.046 0.713 0.017 0.137 0.024 0.017 
203    C4158    (0)    5 :  0.007 0.009 0.919 0.019 0.012 0.010 0.017 0.007 
204    C4163    (0)    5 :  0.007 0.008 0.922 0.023 0.007 0.008 0.018 0.007 
205    C4165    (0)    5 :  0.011 0.320 0.233 0.031 0.032 0.240 0.060 0.073 
206    C4248    (9)    5 :  0.014 0.038 0.021 0.600 0.020 0.027 0.268 0.012 
207    C4371    (9)    5 :  0.012 0.023 0.064 0.815 0.015 0.017 0.020 0.034 
208    C3936    (0)    5 :  0.014 0.016 0.842 0.036 0.013 0.030 0.032 0.017 
209    C3937    (0)    5 :  0.010 0.012 0.876 0.023 0.013 0.012 0.045 0.010 
210    C3944    (0)    5 :  0.008 0.009 0.641 0.228 0.007 0.010 0.085 0.012 
211    C3954    (0)    5 :  0.022 0.011 0.052 0.778 0.039 0.009 0.083 0.007 
212    C3955    (9)    5 :  0.023 0.022 0.258 0.301 0.028 0.019 0.342 0.008 
213    C3961    (0)    5 :  0.019 0.018 0.724 0.041 0.011 0.018 0.114 0.056 
214    C3974    (0)    5 :  0.046 0.018 0.761 0.055 0.021 0.044 0.037 0.019 
215    C4024    (0)    5 :  0.025 0.031 0.147 0.656 0.013 0.022 0.035 0.072 
216    C4025    (0)    5 :  0.016 0.016 0.839 0.066 0.016 0.011 0.010 0.026 
217    C4028    (0)    5 :  0.060 0.032 0.653 0.082 0.059 0.035 0.050 0.030 
218    C4032   (18)    5 :  0.011 0.012 0.044 0.875 0.012 0.009 0.028 0.009 
219    C4033   (18)    5 :  0.013 0.018 0.025 0.305 0.015 0.013 0.601 0.011 
220    C4034    (0)    5 :  0.051 0.055 0.040 0.406 0.021 0.085 0.252 0.092 
221    C4041    (9)    5 :  0.147 0.049 0.031 0.526 0.017 0.068 0.064 0.098 
222    C4043    (9)    5 :  0.015 0.023 0.204 0.594 0.019 0.022 0.105 0.018 
223    C4044    (9)    5 :  0.053 0.073 0.114 0.094 0.069 0.080 0.103 0.413 
224    C4045    (9)    5 :  0.017 0.033 0.081 0.587 0.037 0.028 0.202 0.014 
225    C4046    (9)    5 :  0.014 0.015 0.029 0.770 0.025 0.021 0.096 0.030 
226    C4047    (0)    5 :  0.035 0.023 0.014 0.022 0.034 0.041 0.814 0.017 
227    C4048    (9)    5 :  0.036 0.066 0.021 0.087 0.062 0.038 0.630 0.058 
228    C4055    (9)    5 :  0.027 0.027 0.046 0.776 0.036 0.035 0.034 0.019 
229    C4057   (18)    5 :  0.012 0.016 0.013 0.879 0.008 0.012 0.035 0.025 
230    C4059    (0)    5 :  0.029 0.019 0.043 0.634 0.023 0.013 0.224 0.015 
231    C4060    (9)    5 :  0.037 0.039 0.061 0.651 0.020 0.038 0.136 0.019 
232    C4064    (9)    5 :  0.052 0.071 0.029 0.483 0.194 0.126 0.027 0.017 
233    C4067    (0)    5 :  0.018 0.059 0.019 0.042 0.082 0.020 0.722 0.038 
234    C4068    (9)    5 :  0.031 0.028 0.036 0.054 0.032 0.027 0.772 0.021 
235    C4070    (9)    5 :  0.018 0.065 0.115 0.193 0.025 0.046 0.407 0.131 
236    C4075   (18)    5 :  0.026 0.031 0.025 0.052 0.014 0.016 0.813 0.022 
237    C4081    (9)    5 :  0.032 0.029 0.021 0.779 0.020 0.037 0.063 0.019 
238    C4082    (0)    5 :  0.046 0.022 0.065 0.069 0.030 0.019 0.734 0.015 
239    C4083    (0)    5 :  0.033 0.179 0.123 0.275 0.050 0.133 0.038 0.169 
240    C4086    (0)    5 :  0.031 0.041 0.036 0.517 0.190 0.030 0.142 0.013 
241    C4088    (9)    5 :  0.017 0.029 0.026 0.028 0.853 0.019 0.019 0.009 
242    C4092    (0)    5 :  0.016 0.040 0.121 0.695 0.009 0.018 0.045 0.056 
243    C4099    (9)    5 :  0.130 0.036 0.030 0.467 0.029 0.055 0.155 0.098 
244    C4104    (0)    5 :  0.016 0.048 0.243 0.159 0.029 0.030 0.393 0.082 
245    C4108   (18)    5 :  0.621 0.075 0.009 0.011 0.054 0.194 0.015 0.020 
246    C4118    (0)    5 :  0.055 0.117 0.021 0.655 0.034 0.091 0.012 0.015 
247    C4131    (0)    5 :  0.018 0.054 0.453 0.222 0.088 0.040 0.105 0.019 
248    C4133    (0)    5 :  0.015 0.018 0.014 0.887 0.010 0.012 0.035 0.008 
249    C4135    (0)    5 :  0.006 0.018 0.101 0.743 0.006 0.010 0.107 0.008 
250    C4136    (0)    5 :  0.071 0.034 0.562 0.028 0.123 0.122 0.038 0.023 
251    C4137    (9)    5 :  0.014 0.035 0.200 0.661 0.019 0.027 0.026 0.018 
252    C4139    (0)    5 :  0.015 0.017 0.788 0.087 0.007 0.016 0.061 0.010 
253    C4140    (9)    5 :  0.013 0.026 0.546 0.247 0.011 0.038 0.097 0.021 
254    C4167    (0)    5 :  0.016 0.053 0.550 0.190 0.034 0.097 0.016 0.043 
255    C4236    (0)    5 :  0.026 0.029 0.016 0.739 0.036 0.078 0.041 0.035 
256    C4237    (0)    5 :  0.137 0.086 0.038 0.072 0.553 0.078 0.013 0.023 
257    C4238    (0)    5 :  0.034 0.022 0.060 0.570 0.066 0.024 0.209 0.015 
258    C4241    (0)    5 :  0.029 0.043 0.037 0.512 0.020 0.034 0.299 0.025 
259    C4247    (9)    5 :  0.039 0.102 0.054 0.404 0.200 0.023 0.056 0.123 
260    C4257    (0)    5 :  0.072 0.018 0.042 0.169 0.029 0.021 0.629 0.020 
261    C4383    (0)    5 :  0.070 0.029 0.115 0.345 0.061 0.074 0.036 0.270 
262    C4397    (9)    5 :  0.008 0.010 0.018 0.922 0.008 0.017 0.010 0.007 
263    C4514    (0)    5 :  0.012 0.015 0.776 0.122 0.012 0.013 0.030 0.019 
264    C4519    (0)    5 :  0.152 0.027 0.406 0.033 0.007 0.022 0.337 0.016 
265    C4527    (0)    5 :  0.013 0.015 0.146 0.044 0.013 0.014 0.739 0.016 
266    C4534    (0)    5 :  0.067 0.058 0.116 0.105 0.016 0.036 0.547 0.056 
267    C4699    (0)    5 :  0.017 0.029 0.676 0.024 0.078 0.029 0.118 0.029 
268    C1541    (9)    5 :  0.008 0.013 0.014 0.128 0.011 0.015 0.799 0.011 
269    C1542    (9)    5 :  0.012 0.012 0.011 0.046 0.012 0.013 0.885 0.009 
270    C1544    (0)    5 :  0.041 0.024 0.028 0.547 0.055 0.024 0.265 0.017 
271    C1547    (9)    5 :  0.298 0.096 0.052 0.126 0.100 0.107 0.072 0.148 
272    C1553    (9)    5 :  0.181 0.209 0.177 0.081 0.058 0.128 0.061 0.105 
273    C1555    (9)    5 :  0.038 0.021 0.014 0.847 0.022 0.024 0.022 0.012 
274    C1557    (0)    5 :  0.014 0.013 0.024 0.869 0.022 0.018 0.021 0.019 
275    C1560    (0)    5 :  0.060 0.014 0.015 0.836 0.010 0.015 0.037 0.013 
276    C1565    (0)    5 :  0.024 0.059 0.034 0.263 0.015 0.068 0.467 0.070 
277    C1567    (0)    5 :  0.077 0.018 0.025 0.755 0.032 0.029 0.034 0.028 
278    C1569    (0)    5 :  0.016 0.015 0.032 0.791 0.015 0.019 0.087 0.024 
279    C1571    (0)    5 :  0.144 0.049 0.038 0.249 0.075 0.027 0.380 0.038 
280    C1576    (0)    5 :  0.040 0.028 0.121 0.611 0.074 0.030 0.073 0.024 
281    C1577    (9)    5 :  0.037 0.020 0.016 0.134 0.028 0.022 0.728 0.015 
282    C1579    (0)    5 :  0.020 0.034 0.020 0.571 0.017 0.033 0.290 0.015 
283    C3990    (0)    6 :  0.008 0.007 0.860 0.044 0.007 0.009 0.057 0.008 
284    C3991    (0)    6 :  0.021 0.045 0.763 0.038 0.043 0.024 0.036 0.031 
285    C3992    (0)    6 :  0.063 0.051 0.707 0.038 0.030 0.034 0.067 0.011 
286    C3994    (0)    6 :  0.031 0.134 0.135 0.286 0.042 0.032 0.224 0.116 
287    C4172    (0)    6 :  0.046 0.075 0.696 0.009 0.063 0.047 0.020 0.045 
288    C4173    (9)    6 :  0.013 0.016 0.752 0.012 0.010 0.012 0.030 0.154 
289    C4232    (9)    6 :  0.009 0.008 0.010 0.161 0.008 0.008 0.790 0.007 
290    C4234    (9)    6 :  0.011 0.013 0.013 0.434 0.011 0.010 0.499 0.008 
291    C4259    (0)    6 :  0.008 0.011 0.015 0.801 0.011 0.010 0.133 0.011 
292    C4260    (0)    6 :  0.010 0.010 0.020 0.027 0.008 0.007 0.910 0.007 
293    C4261    (9)    6 :  0.048 0.048 0.025 0.017 0.024 0.079 0.694 0.064 
294    C4262    (0)    6 :  0.026 0.025 0.170 0.600 0.010 0.040 0.063 0.066 
295    C4263    (0)    6 :  0.014 0.024 0.034 0.718 0.066 0.023 0.091 0.030 
296    C4267    (9)    6 :  0.017 0.021 0.232 0.485 0.040 0.028 0.164 0.015 
297    C4269    (0)    6 :  0.015 0.035 0.130 0.458 0.022 0.047 0.249 0.044 
298    C4272    (0)    6 :  0.012 0.017 0.011 0.916 0.008 0.014 0.012 0.011 
299    C4274    (0)    6 :  0.447 0.031 0.024 0.363 0.012 0.047 0.067 0.010 
300    C4276    (9)    6 :  0.798 0.058 0.009 0.035 0.038 0.016 0.029 0.015 
301    C4278    (0)    6 :  0.040 0.071 0.051 0.721 0.016 0.031 0.044 0.025 
302    C4280    (0)    6 :  0.029 0.044 0.085 0.109 0.013 0.046 0.657 0.016 
303    C4281    (0)    6 :  0.015 0.014 0.026 0.847 0.021 0.021 0.040 0.015 
304    C4282    (0)    6 :  0.025 0.169 0.015 0.105 0.046 0.164 0.165 0.310 
305    C4284    (9)    6 :  0.008 0.009 0.098 0.815 0.008 0.009 0.045 0.009 
306    C4286    (9)    6 :  0.080 0.047 0.230 0.120 0.023 0.046 0.426 0.027 
307    C4287    (0)    6 :  0.059 0.078 0.112 0.176 0.011 0.064 0.434 0.067 
308    C4290    (0)    6 :  0.479 0.047 0.065 0.084 0.130 0.108 0.013 0.073 
309    C4307   (18)    6 :  0.019 0.129 0.048 0.159 0.011 0.018 0.596 0.021 
310    C4310    (9)    6 :  0.064 0.025 0.033 0.619 0.054 0.019 0.175 0.011 
311    C4311   (18)    6 :  0.064 0.041 0.018 0.202 0.020 0.026 0.603 0.026 
312    C4312    (0)    6 :  0.014 0.017 0.011 0.451 0.014 0.013 0.467 0.015 
313    C4314    (0)    6 :  0.025 0.035 0.039 0.598 0.173 0.037 0.080 0.012 
314    C4318    (9)    6 :  0.018 0.113 0.048 0.709 0.009 0.018 0.047 0.039 
315    C4321    (9)    6 :  0.074 0.041 0.041 0.352 0.012 0.026 0.401 0.052 
316    C4324    (0)    6 :  0.038 0.026 0.118 0.648 0.010 0.018 0.098 0.043 
317    C4334    (0)    6 :  0.016 0.017 0.022 0.879 0.009 0.010 0.017 0.031 
318    C4529    (0)    6 :  0.028 0.047 0.042 0.323 0.050 0.029 0.447 0.033 
319    C1582    (9)    6 :  0.018 0.012 0.068 0.740 0.014 0.015 0.121 0.011 
320    C1583    (0)    6 :  0.026 0.042 0.028 0.696 0.052 0.020 0.118 0.017 
321    C1584    (9)    6 :  0.037 0.015 0.028 0.840 0.021 0.013 0.036 0.010 
322    C1585    (0)    6 :  0.012 0.009 0.021 0.914 0.014 0.006 0.017 0.006 
323    C1586    (0)    6 :  0.011 0.025 0.021 0.805 0.021 0.019 0.044 0.054 
324    C1589    (0)    6 :  0.012 0.010 0.126 0.768 0.010 0.011 0.051 0.011 
325    C1591    (0)    6 :  0.012 0.009 0.036 0.876 0.011 0.007 0.041 0.009 
326    C1592    (0)    6 :  0.020 0.027 0.018 0.830 0.016 0.023 0.044 0.023 
327    C1594    (0)    6 :  0.018 0.019 0.033 0.715 0.069 0.020 0.112 0.014 
328    C1597    (9)    6 :  0.070 0.033 0.031 0.203 0.030 0.049 0.554 0.029 
329    C1598    (9)    6 :  0.022 0.024 0.202 0.575 0.047 0.018 0.097 0.015 
330    C1599    (0)    6 :  0.028 0.025 0.011 0.614 0.009 0.015 0.286 0.012 
331    C1601    (0)    6 :  0.024 0.060 0.323 0.163 0.062 0.077 0.265 0.026 
332    C1605    (0)    6 :  0.139 0.441 0.071 0.124 0.085 0.045 0.062 0.034 
333    C1609    (0)    6 :  0.010 0.008 0.019 0.913 0.009 0.009 0.024 0.008 
334    C1610    (0)    6 :  0.102 0.111 0.013 0.239 0.085 0.083 0.355 0.013 
335    C1611    (0)    6 :  0.013 0.035 0.010 0.043 0.011 0.016 0.830 0.042 
336    C1612    (0)    6 :  0.008 0.012 0.008 0.060 0.009 0.007 0.889 0.006 
337    C1613    (0)    6 :  0.046 0.022 0.034 0.232 0.038 0.025 0.540 0.064 
338    C3173    (9)    6 :  0.051 0.058 0.027 0.477 0.034 0.072 0.238 0.043 
339    C3204    (0)    6 :  0.018 0.021 0.016 0.033 0.017 0.013 0.868 0.014 
340    C3223    (9)    6 :  0.183 0.207 0.019 0.025 0.015 0.026 0.438 0.088 
341    C3262    (0)    6 :  0.046 0.045 0.025 0.598 0.086 0.024 0.147 0.028 
342    C3270    (0)    6 :  0.019 0.023 0.037 0.347 0.014 0.023 0.520 0.016 
343    C3300    (0)    6 :  0.011 0.012 0.050 0.709 0.008 0.010 0.192 0.009 
344    C3330    (0)    6 :  0.025 0.087 0.142 0.522 0.012 0.034 0.159 0.020 
345    C3390    (9)    6 :  0.016 0.022 0.017 0.668 0.016 0.021 0.220 0.019 
346    C3424    (9)    6 :  0.031 0.054 0.026 0.288 0.016 0.048 0.522 0.016 
347    C3958    (0)    6 :  0.009 0.017 0.808 0.106 0.007 0.017 0.023 0.014 
348    C3962    (0)    6 :  0.008 0.015 0.885 0.035 0.006 0.025 0.017 0.009 
349    C4019    (0)    6 :  0.029 0.154 0.042 0.015 0.027 0.688 0.009 0.036 
350    C3995   (18)    6 :  0.012 0.021 0.826 0.022 0.017 0.020 0.047 0.036 
351    C4000    (0)    6 :  0.026 0.066 0.490 0.039 0.015 0.121 0.160 0.083 
352    C4002    (0)    6 :  0.012 0.018 0.713 0.042 0.016 0.034 0.138 0.027 
353    C1692    (0)    7 :  0.107 0.471 0.115 0.015 0.043 0.202 0.024 0.024 
354    C1693    (0)    7 :  0.147 0.501 0.044 0.062 0.012 0.034 0.103 0.097 
355    C1694    (0)    7 :  0.142 0.206 0.021 0.067 0.125 0.088 0.045 0.306 
356    C1698    (0)    7 :  0.111 0.342 0.008 0.033 0.063 0.282 0.008 0.154 
357    C1699    (0)    7 :  0.088 0.359 0.022 0.025 0.387 0.046 0.022 0.051 
358    C1700    (0)    7 :  0.071 0.116 0.063 0.059 0.048 0.452 0.035 0.157 
359    C1701    (0)    7 :  0.033 0.318 0.011 0.025 0.305 0.274 0.011 0.022 
360    C1702    (0)    7 :  0.082 0.592 0.013 0.011 0.070 0.172 0.010 0.050 
361    C1703    (0)    7 :  0.131 0.080 0.023 0.015 0.049 0.408 0.008 0.286 
362    C1704    (0)    7 :  0.088 0.120 0.031 0.345 0.029 0.111 0.019 0.257 
363    C1705    (0)    7 :  0.190 0.054 0.260 0.015 0.015 0.063 0.010 0.393 
364    C1706    (0)    7 :  0.092 0.359 0.010 0.015 0.397 0.073 0.015 0.039 
365    C1707    (0)    7 :  0.329 0.087 0.016 0.244 0.138 0.037 0.108 0.041 
366    C1708    (0)    7 :  0.026 0.283 0.013 0.019 0.020 0.066 0.015 0.557 
367    C1709    (0)    7 :  0.022 0.086 0.058 0.020 0.028 0.066 0.021 0.698 
368    C1710    (0)    7 :  0.047 0.424 0.017 0.033 0.056 0.347 0.018 0.057 
369    C1712    (0)    7 :  0.038 0.105 0.031 0.009 0.013 0.300 0.012 0.492 
370    C1714    (0)    7 :  0.021 0.119 0.012 0.020 0.017 0.029 0.009 0.774 
371    C1715    (0)    7 :  0.345 0.280 0.014 0.022 0.088 0.216 0.015 0.019 
372    C1717    (0)    7 :  0.482 0.190 0.015 0.044 0.024 0.143 0.036 0.067 
373    C1718   (18)    7 :  0.184 0.149 0.013 0.079 0.054 0.469 0.013 0.040 
374    C1719    (0)    7 :  0.024 0.055 0.094 0.050 0.020 0.118 0.061 0.578 
375    C1656    (0)    8 :  0.043 0.239 0.045 0.010 0.455 0.138 0.012 0.057 
376    C1657   (18)    8 :  0.070 0.142 0.020 0.014 0.233 0.088 0.034 0.398 
377    C1658    (0)    8 :  0.217 0.125 0.012 0.009 0.113 0.483 0.007 0.034 
378    C1659    (0)    8 :  0.480 0.208 0.016 0.026 0.124 0.069 0.062 0.015 
379    C1661    (9)    8 :  0.097 0.326 0.030 0.070 0.052 0.333 0.033 0.059 
380    C1665    (0)    8 :  0.080 0.258 0.013 0.015 0.210 0.367 0.027 0.031 
381    C1667    (9)    8 :  0.013 0.072 0.005 0.006 0.018 0.057 0.007 0.821 
382    C1676    (9)    8 :  0.026 0.191 0.029 0.014 0.186 0.411 0.012 0.129 
383    C1681    (9)    8 :  0.262 0.139 0.019 0.046 0.212 0.193 0.012 0.116 
384    C1682    (0)    8 :  0.044 0.172 0.017 0.014 0.076 0.130 0.015 0.533 
385    C1685    (0)    8 :  0.015 0.344 0.023 0.014 0.072 0.449 0.046 0.037 
386    C4707    (0)    9 :  0.015 0.117 0.078 0.033 0.021 0.690 0.021 0.025 
387    C4747    (0)    9 :  0.078 0.169 0.121 0.040 0.018 0.044 0.147 0.382 
388    C4772    (0)    9 :  0.046 0.042 0.466 0.037 0.061 0.264 0.060 0.025 
389    C4781    (0)    9 :  0.041 0.086 0.033 0.075 0.016 0.049 0.008 0.692 
390    C4782    (0)    9 :  0.175 0.116 0.075 0.105 0.061 0.335 0.019 0.114 
391    C4787    (0)    9 :  0.608 0.152 0.065 0.034 0.027 0.053 0.015 0.046 
392    C4790    (0)    9 :  0.020 0.085 0.066 0.026 0.030 0.179 0.013 0.581 
393    C4803    (0)    9 :  0.226 0.187 0.104 0.031 0.027 0.293 0.053 0.078 
394    C4813    (0)    9 :  0.036 0.066 0.770 0.007 0.033 0.041 0.023 0.024 
395    C4837    (0)    9 :  0.087 0.188 0.097 0.018 0.022 0.516 0.042 0.030 
396    C4838    (0)    9 :  0.568 0.108 0.068 0.013 0.043 0.143 0.011 0.044 
397    C4843    (0)    9 :  0.032 0.494 0.029 0.013 0.051 0.314 0.043 0.024 
398    C4857    (0)    9 :  0.058 0.061 0.567 0.147 0.034 0.051 0.062 0.021 
399    C4828    (0)    9 :  0.129 0.297 0.030 0.044 0.155 0.097 0.199 0.048 
400    C4835    (0)    9 :  0.135 0.075 0.588 0.020 0.070 0.070 0.019 0.022 
401    C4836    (9)    9 :  0.174 0.196 0.241 0.042 0.031 0.188 0.021 0.108 
402    C4842    (0)    9 :  0.036 0.402 0.031 0.010 0.197 0.228 0.024 0.072 
403    C4863    (9)    9 :  0.272 0.293 0.063 0.042 0.025 0.150 0.017 0.140 
404    C4744    (0)    9 :  0.067 0.345 0.017 0.009 0.091 0.181 0.049 0.241 
405    C4745    (0)    9 :  0.120 0.430 0.071 0.029 0.081 0.230 0.012 0.027 
406    C4768    (0)    9 :  0.017 0.108 0.140 0.074 0.052 0.332 0.026 0.252 
407    C4769    (0)    9 :  0.118 0.097 0.159 0.011 0.428 0.115 0.015 0.057 
408    C4771    (0)    9 :  0.045 0.073 0.017 0.009 0.035 0.782 0.010 0.029 
409    C4784    (0)    9 :  0.041 0.120 0.149 0.047 0.061 0.091 0.018 0.473 
410    C4785    (0)    9 :  0.022 0.073 0.025 0.029 0.045 0.024 0.017 0.765 
411    C4795    (0)    9 :  0.074 0.118 0.076 0.048 0.030 0.017 0.019 0.618 
412    C4796    (0)    9 :  0.079 0.049 0.015 0.015 0.028 0.732 0.010 0.073 
413    C4800    (0)    9 :  0.312 0.234 0.213 0.018 0.016 0.185 0.009 0.013 
414    C4801    (0)    9 :  0.078 0.091 0.457 0.057 0.198 0.052 0.009 0.059 
415    C4802    (0)    9 :  0.057 0.065 0.024 0.614 0.144 0.053 0.026 0.018 
416    C4805    (0)    9 :  0.034 0.062 0.061 0.018 0.115 0.603 0.009 0.099 
417    C4806    (0)    9 :  0.054 0.050 0.038 0.012 0.102 0.723 0.008 0.013 
418    C4850    (0)    9 :  0.042 0.333 0.147 0.048 0.034 0.302 0.074 0.020 
419    C4748    (0)   10 :  0.063 0.087 0.116 0.009 0.606 0.015 0.010 0.095 
420    C4753    (0)   10 :  0.085 0.363 0.036 0.033 0.053 0.289 0.012 0.130 
421    C4754    (0)   10 :  0.024 0.136 0.129 0.026 0.034 0.591 0.011 0.049 
422    C4760    (0)   10 :  0.178 0.148 0.225 0.062 0.015 0.289 0.066 0.017 
423    C4761    (0)   10 :  0.038 0.059 0.351 0.024 0.363 0.067 0.009 0.088 
424    C4762    (0)   10 :  0.129 0.038 0.262 0.011 0.038 0.040 0.031 0.452 
425    C4791    (0)   10 :  0.274 0.086 0.203 0.012 0.034 0.325 0.007 0.059 
426    C4810    (0)   10 :  0.047 0.046 0.025 0.068 0.732 0.027 0.036 0.019 
427    C4812    (0)   10 :  0.158 0.078 0.038 0.034 0.213 0.403 0.052 0.025 
428    C4821    (0)   10 :  0.064 0.316 0.093 0.026 0.023 0.341 0.093 0.044 
429    C4864    (0)   10 :  0.030 0.079 0.481 0.053 0.020 0.279 0.039 0.019 
430    C4866    (0)   10 :  0.163 0.067 0.024 0.009 0.564 0.079 0.062 0.033 
431    C1722    (0)   10 :  0.360 0.104 0.011 0.043 0.255 0.171 0.027 0.029 
432    C1724    (0)   10 :  0.146 0.038 0.016 0.006 0.739 0.032 0.010 0.013 
433    C1725    (0)   10 :  0.185 0.260 0.011 0.024 0.317 0.078 0.075 0.050 
434    C1726    (0)   10 :  0.216 0.380 0.016 0.011 0.056 0.235 0.013 0.073 
435    C1731    (0)   10 :  0.128 0.212 0.038 0.013 0.300 0.177 0.059 0.074 
436    C1733    (9)   10 :  0.381 0.238 0.031 0.024 0.236 0.052 0.023 0.016 
437    C1734    (0)   10 :  0.325 0.159 0.050 0.013 0.033 0.317 0.078 0.025 
438    C1735    (0)   10 :  0.393 0.304 0.008 0.008 0.177 0.067 0.016 0.027 
439    C1738    (0)   10 :  0.316 0.043 0.029 0.015 0.392 0.108 0.082 0.015 
440    C1740    (9)   10 :  0.078 0.335 0.027 0.041 0.091 0.222 0.174 0.033 
441    C1741    (0)   10 :  0.154 0.330 0.183 0.102 0.015 0.060 0.046 0.111 
442    C1742    (0)   10 :  0.024 0.027 0.014 0.014 0.030 0.864 0.018 0.010 
443    C1743    (0)   10 :  0.197 0.125 0.019 0.016 0.069 0.130 0.029 0.415 
444    C1745    (0)   10 :  0.053 0.789 0.025 0.018 0.026 0.054 0.016 0.017 
445    C1746    (0)   10 :  0.220 0.141 0.047 0.037 0.183 0.195 0.033 0.145 
446    C1747    (0)   10 :  0.252 0.118 0.017 0.141 0.232 0.059 0.019 0.163 
447    C4742    (9)   10 :  0.023 0.060 0.614 0.014 0.035 0.165 0.028 0.060 
448    C4752    (0)   10 :  0.035 0.048 0.735 0.024 0.072 0.016 0.049 0.021 
449    C4792    (0)   10 :  0.063 0.165 0.152 0.076 0.114 0.230 0.113 0.087 
450    C4811    (0)   10 :  0.036 0.037 0.777 0.043 0.016 0.027 0.046 0.017 
451    C4814    (0)   10 :  0.022 0.158 0.535 0.015 0.031 0.150 0.033 0.055 
452    C4815    (0)   10 :  0.503 0.206 0.063 0.055 0.025 0.083 0.026 0.039 
453    C4818    (0)   10 :  0.207 0.111 0.166 0.029 0.100 0.110 0.213 0.064 
454    C4819    (0)   10 :  0.025 0.359 0.210 0.029 0.142 0.131 0.060 0.044 
455    C4826    (0)   10 :  0.125 0.156 0.030 0.010 0.052 0.572 0.008 0.048 
456    C4829    (0)   10 :  0.105 0.189 0.015 0.079 0.042 0.345 0.022 0.202 
457    C4830    (0)   10 :  0.034 0.133 0.024 0.008 0.010 0.659 0.023 0.110 
458    C4831    (0)   10 :  0.018 0.047 0.550 0.140 0.050 0.112 0.034 0.050 
459    C4832    (0)   10 :  0.057 0.098 0.052 0.013 0.095 0.354 0.015 0.316 
460    C4858    (0)   10 :  0.072 0.055 0.331 0.031 0.013 0.055 0.007 0.435 
