

----------------------------------------------------
STRUCTURE by Pritchard, Stephens and Donnelly (2000)
     and Falush, Stephens and Pritchard (2003)
       Code by Pritchard, Falush and Hubisz
             Version 2.3.4 (Jul 2012)
----------------------------------------------------



Command line arguments:   bin\structure -m C:\Users\eschumacher\Documents\Butternut\butternut_STRUCTURE_withQU\50-50\mainparams -e C:\Users\eschumacher\Documents\Butternut\butternut_STRUCTURE_withQU\50-50\extraparams 
Input File:    C:\Users\eschumacher\Documents\Butternut\butternut_STRUCTURE_withQU\project_data

Run parameters:
   1015 individuals
   11 loci
   10 populations assumed
   50000 Burn-in period
   50000 Reps


--------------------------------------------
Proportion of membership of each pre-defined
 population in each of the 10 clusters

Given    Inferred Clusters                                                        Number of
 Pop       1      2      3      4      5      6      7      8      9     10      Individuals

  1:     0.139  0.023  0.396  0.043  0.026  0.102  0.168  0.032  0.028  0.043       40
  2:     0.342  0.030  0.075  0.040  0.028  0.240  0.140  0.024  0.022  0.059       46
  3:     0.092  0.022  0.197  0.029  0.033  0.127  0.408  0.038  0.021  0.033       63
  4:     0.145  0.030  0.065  0.031  0.024  0.289  0.264  0.039  0.038  0.076       48
  5:     0.232  0.032  0.206  0.029  0.033  0.207  0.142  0.035  0.044  0.041       85
  6:     0.284  0.034  0.173  0.037  0.029  0.137  0.178  0.044  0.027  0.058       70
  7:     0.055  0.165  0.062  0.217  0.209  0.045  0.021  0.097  0.079  0.051       22
  8:     0.016  0.258  0.024  0.141  0.201  0.019  0.025  0.111  0.127  0.078       11
  9:     0.057  0.213  0.036  0.113  0.136  0.170  0.029  0.088  0.059  0.099       33
 10:     0.039  0.192  0.036  0.128  0.083  0.160  0.045  0.116  0.123  0.077       48
 11:     0.033  0.180  0.046  0.088  0.128  0.255  0.024  0.065  0.068  0.112       48
 12:     0.018  0.024  0.014  0.031  0.015  0.023  0.013  0.015  0.043  0.805       13
 13:     0.052  0.015  0.018  0.022  0.016  0.027  0.032  0.031  0.101  0.685        9
 14:     0.036  0.198  0.036  0.185  0.120  0.028  0.038  0.186  0.103  0.069       90
 15:     0.023  0.111  0.025  0.110  0.486  0.017  0.027  0.125  0.036  0.040       63
 16:     0.064  0.197  0.049  0.155  0.076  0.024  0.056  0.154  0.084  0.140       16
 17:     0.060  0.095  0.053  0.110  0.059  0.061  0.049  0.272  0.126  0.116       31
 18:     0.010  0.054  0.038  0.044  0.025  0.038  0.011  0.020  0.714  0.045       16
 19:     0.030  0.097  0.150  0.153  0.319  0.020  0.063  0.096  0.035  0.037       24
 20:     0.025  0.196  0.082  0.340  0.080  0.038  0.039  0.054  0.112  0.036       12
 21:     0.041  0.170  0.038  0.195  0.149  0.029  0.028  0.143  0.132  0.074       54
 22:     0.048  0.152  0.037  0.151  0.052  0.036  0.031  0.201  0.232  0.061       96
 23:     0.066  0.086  0.028  0.169  0.131  0.017  0.021  0.156  0.275  0.051       22
 24:     0.087  0.089  0.038  0.036  0.023  0.067  0.030  0.071  0.504  0.054       23
 25:     0.016  0.176  0.038  0.106  0.056  0.022  0.032  0.258  0.259  0.039       13
 26:     0.049  0.188  0.039  0.237  0.134  0.039  0.060  0.120  0.072  0.062       19
--------------------------------------------

Allele-freq. divergence among pops (Net nucleotide distance),
computed using point estimates of P.

      1       2       3       4       5       6       7       8       9      10      
 1      -    0.0393  0.0242  0.0306  0.0408  0.0370  0.0294  0.0403  0.0456  0.0286  
 2   0.0393     -    0.0359  0.0082  0.0132  0.0417  0.0400  0.0130  0.0170  0.0144  
 3   0.0242  0.0359     -    0.0316  0.0369  0.0425  0.0311  0.0418  0.0462  0.0313  
 4   0.0306  0.0082  0.0316     -    0.0126  0.0415  0.0294  0.0104  0.0159  0.0140  
 5   0.0408  0.0132  0.0369  0.0126     -    0.0418  0.0423  0.0200  0.0284  0.0190  
 6   0.0370  0.0417  0.0425  0.0415  0.0418     -    0.0425  0.0533  0.0566  0.0299  
 7   0.0294  0.0400  0.0311  0.0294  0.0423  0.0425     -    0.0371  0.0455  0.0330  
 8   0.0403  0.0130  0.0418  0.0104  0.0200  0.0533  0.0371     -    0.0185  0.0178  
 9   0.0456  0.0170  0.0462  0.0159  0.0284  0.0566  0.0455  0.0185     -    0.0211  
10   0.0286  0.0144  0.0313  0.0140  0.0190  0.0299  0.0330  0.0178  0.0211     -    

Average distances (expected heterozygosity) between individuals in same cluster:
cluster  1  : 0.8062 
cluster  2  : 0.8452 
cluster  3  : 0.8002 
cluster  4  : 0.8581 
cluster  5  : 0.8454 
cluster  6  : 0.8169 
cluster  7  : 0.8163 
cluster  8  : 0.8368 
cluster  9  : 0.8256 
cluster 10  : 0.8531 

--------------------------------------------
Estimated Ln Prob of Data   = -47965.5
Mean value of ln likelihood = -45710.1
Variance of ln likelihood   = 4510.8
Mean value of alpha         = 0.0518

Mean value of Fst_1         = 0.0877
Mean value of Fst_2         = 0.0292
Mean value of Fst_3         = 0.0721
Mean value of Fst_4         = 0.0210
Mean value of Fst_5         = 0.0404
Mean value of Fst_6         = 0.0809
Mean value of Fst_7         = 0.0755
Mean value of Fst_8         = 0.0390
Mean value of Fst_9         = 0.0507
Mean value of Fst_10         = 0.0327


Inferred ancestry of individuals:
        Label (%Miss) Pop:  Inferred clusters
  1    C3984    (0)    1 :  0.721 0.010 0.049 0.018 0.012 0.122 0.016 0.015 0.007 0.030 
  2    C3985    (0)    1 :  0.029 0.016 0.641 0.013 0.012 0.234 0.025 0.010 0.011 0.009 
  3    C3986    (0)    1 :  0.110 0.010 0.163 0.011 0.017 0.502 0.153 0.010 0.007 0.015 
  4    C4231    (0)    1 :  0.573 0.030 0.072 0.022 0.011 0.141 0.034 0.021 0.009 0.087 
  5    C4344    (0)    1 :  0.087 0.022 0.624 0.038 0.022 0.040 0.116 0.025 0.014 0.013 
  6    C4347   (18)    1 :  0.057 0.014 0.456 0.014 0.010 0.026 0.337 0.018 0.047 0.021 
  7    C4352   (18)    1 :  0.275 0.032 0.309 0.021 0.030 0.168 0.074 0.017 0.019 0.055 
  8    C4355    (9)    1 :  0.720 0.011 0.092 0.018 0.019 0.026 0.049 0.031 0.011 0.024 
  9    C4358   (18)    1 :  0.028 0.032 0.091 0.633 0.039 0.026 0.013 0.040 0.045 0.053 
 10    C4419    (9)    1 :  0.349 0.020 0.230 0.029 0.018 0.109 0.017 0.086 0.016 0.126 
 11    C4428    (9)    1 :  0.228 0.010 0.350 0.014 0.014 0.087 0.195 0.020 0.019 0.063 
 12    C4436    (0)    1 :  0.013 0.008 0.894 0.008 0.009 0.024 0.017 0.007 0.011 0.009 
 13    C4437   (18)    1 :  0.027 0.020 0.548 0.040 0.015 0.237 0.034 0.029 0.036 0.013 
 14    C4450    (0)    1 :  0.093 0.047 0.484 0.094 0.051 0.073 0.027 0.060 0.033 0.037 
 15    C4531    (0)    1 :  0.009 0.025 0.045 0.019 0.024 0.816 0.008 0.017 0.018 0.019 
 16    C1615    (0)    1 :  0.057 0.057 0.558 0.027 0.037 0.117 0.031 0.024 0.047 0.043 
 17    C1616    (0)    1 :  0.116 0.074 0.288 0.102 0.016 0.038 0.029 0.211 0.093 0.034 
 18    C1617    (9)    1 :  0.022 0.010 0.868 0.010 0.008 0.009 0.030 0.020 0.012 0.011 
 19    C1618    (0)    1 :  0.029 0.032 0.523 0.020 0.072 0.214 0.025 0.019 0.024 0.041 
 20    C1619    (0)    1 :  0.018 0.015 0.777 0.027 0.042 0.045 0.019 0.013 0.020 0.024 
 21    C1620    (9)    1 :  0.013 0.013 0.867 0.015 0.020 0.028 0.011 0.009 0.013 0.012 
 22    C1621    (0)    1 :  0.027 0.031 0.258 0.051 0.027 0.012 0.019 0.059 0.222 0.295 
 23    C1623    (9)    1 :  0.018 0.037 0.060 0.074 0.236 0.231 0.014 0.049 0.122 0.159 
 24    C1625    (0)    1 :  0.010 0.014 0.859 0.021 0.018 0.009 0.015 0.010 0.026 0.019 
 25    C1626    (0)    1 :  0.021 0.041 0.681 0.032 0.018 0.013 0.018 0.034 0.036 0.106 
 26    C1627    (9)    1 :  0.016 0.008 0.905 0.009 0.009 0.012 0.012 0.006 0.013 0.010 
 27    C1633    (0)    1 :  0.082 0.007 0.825 0.011 0.009 0.011 0.010 0.013 0.013 0.019 
 28    C1637    (0)    1 :  0.015 0.014 0.890 0.009 0.008 0.010 0.012 0.012 0.013 0.016 
 29    C1650    (0)    1 :  0.257 0.024 0.065 0.018 0.013 0.434 0.067 0.043 0.024 0.055 
 30    C3202    (0)    1 :  0.011 0.008 0.012 0.012 0.008 0.014 0.904 0.008 0.014 0.008 
 31    C3248    (0)    1 :  0.658 0.019 0.208 0.014 0.012 0.008 0.043 0.010 0.014 0.014 
 32    C3304    (9)    1 :  0.294 0.010 0.187 0.044 0.012 0.015 0.348 0.064 0.013 0.014 
 33    C3326    (0)    1 :  0.074 0.095 0.227 0.076 0.021 0.106 0.276 0.045 0.023 0.057 
 34    C3333    (0)    1 :  0.056 0.015 0.042 0.022 0.016 0.017 0.781 0.021 0.018 0.013 
 35    C3339   (18)    1 :  0.015 0.012 0.834 0.018 0.017 0.009 0.041 0.034 0.009 0.012 
 36    C3346    (0)    1 :  0.018 0.009 0.023 0.009 0.012 0.016 0.889 0.009 0.006 0.009 
 37    C3349    (0)    1 :  0.063 0.042 0.061 0.031 0.033 0.013 0.655 0.058 0.014 0.029 
 38    C3367   (18)    1 :  0.018 0.012 0.047 0.018 0.013 0.030 0.795 0.018 0.021 0.027 
 39    C3374    (0)    1 :  0.185 0.008 0.690 0.010 0.010 0.022 0.038 0.008 0.005 0.024 
 40    C3405    (0)    1 :  0.137 0.020 0.043 0.033 0.036 0.012 0.528 0.071 0.011 0.111 
 41    C4543    (0)    2 :  0.125 0.012 0.012 0.014 0.014 0.705 0.051 0.026 0.010 0.031 
 42    C4545    (9)    2 :  0.039 0.009 0.042 0.009 0.046 0.797 0.017 0.008 0.007 0.027 
 43    C4551    (9)    2 :  0.074 0.131 0.061 0.048 0.052 0.391 0.011 0.023 0.020 0.190 
 44    C4491    (0)    2 :  0.152 0.068 0.049 0.072 0.053 0.489 0.037 0.026 0.026 0.027 
 45    C4494    (0)    2 :  0.596 0.008 0.012 0.011 0.010 0.081 0.248 0.009 0.007 0.018 
 46    C4495    (0)    2 :  0.049 0.065 0.025 0.068 0.033 0.037 0.640 0.011 0.015 0.057 
 47    C4497    (9)    2 :  0.838 0.014 0.043 0.018 0.013 0.018 0.020 0.013 0.010 0.013 
 48    C4501    (0)    2 :  0.575 0.025 0.059 0.045 0.013 0.024 0.012 0.057 0.013 0.178 
 49    C4502    (0)    2 :  0.137 0.008 0.592 0.014 0.042 0.108 0.039 0.015 0.009 0.037 
 50    C4503    (0)    2 :  0.031 0.018 0.012 0.016 0.169 0.678 0.012 0.011 0.016 0.039 
 51    C4504    (0)    2 :  0.358 0.020 0.008 0.382 0.049 0.054 0.037 0.053 0.014 0.025 
 52    C4470    (0)    2 :  0.691 0.047 0.019 0.059 0.017 0.058 0.012 0.018 0.015 0.063 
 53    C4471    (0)    2 :  0.741 0.009 0.009 0.018 0.012 0.149 0.011 0.012 0.008 0.031 
 54    C4474    (9)    2 :  0.015 0.034 0.007 0.016 0.016 0.808 0.007 0.013 0.019 0.065 
 55    C4476    (0)    2 :  0.857 0.011 0.034 0.007 0.011 0.037 0.008 0.008 0.008 0.020 
 56    C4478    (0)    2 :  0.153 0.008 0.034 0.019 0.092 0.510 0.087 0.054 0.008 0.033 
 57    C4479    (0)    2 :  0.642 0.010 0.098 0.012 0.008 0.040 0.054 0.015 0.040 0.082 
 58    C4482    (0)    2 :  0.368 0.032 0.028 0.060 0.009 0.219 0.079 0.025 0.133 0.047 
 59    C4483    (0)    2 :  0.018 0.009 0.007 0.028 0.013 0.803 0.009 0.009 0.010 0.094 
 60    C4484    (0)    2 :  0.135 0.027 0.032 0.047 0.055 0.485 0.111 0.053 0.021 0.034 
 61    C4485    (0)    2 :  0.708 0.032 0.010 0.055 0.018 0.020 0.080 0.024 0.026 0.025 
 62    C4489    (0)    2 :  0.406 0.015 0.186 0.023 0.023 0.223 0.047 0.027 0.018 0.034 
 63    C4505    (0)    2 :  0.731 0.031 0.081 0.017 0.012 0.058 0.013 0.015 0.012 0.031 
 64    C4507    (0)    2 :  0.467 0.060 0.027 0.028 0.060 0.227 0.012 0.036 0.009 0.075 
 65    C4535    (0)    2 :  0.024 0.024 0.018 0.027 0.019 0.723 0.012 0.014 0.024 0.115 
 66    C4542    (0)    2 :  0.016 0.098 0.014 0.091 0.022 0.245 0.021 0.115 0.018 0.360 
 67    C4553    (9)    2 :  0.320 0.068 0.053 0.023 0.014 0.352 0.068 0.018 0.018 0.066 
 68    C4562   (18)    2 :  0.309 0.058 0.076 0.017 0.037 0.390 0.032 0.016 0.021 0.044 
 69    C4582   (18)    2 :  0.083 0.029 0.041 0.027 0.020 0.621 0.038 0.018 0.040 0.083 
 70    C4693    (0)    2 :  0.015 0.010 0.023 0.010 0.007 0.799 0.039 0.010 0.011 0.076 
 71    C4696    (0)    2 :  0.043 0.106 0.105 0.028 0.035 0.486 0.033 0.020 0.022 0.121 
 72    C3179    (0)    2 :  0.051 0.018 0.343 0.046 0.057 0.020 0.419 0.025 0.011 0.009 
 73    C3181    (0)    2 :  0.333 0.017 0.130 0.053 0.012 0.013 0.316 0.028 0.021 0.077 
 74    C3188    (0)    2 :  0.856 0.014 0.015 0.027 0.016 0.012 0.018 0.016 0.015 0.010 
 75    C3190    (0)    2 :  0.014 0.015 0.014 0.019 0.010 0.020 0.827 0.044 0.017 0.020 
 76    C3193    (0)    2 :  0.758 0.018 0.029 0.016 0.007 0.012 0.111 0.010 0.028 0.012 
 77    C3232    (0)    2 :  0.788 0.010 0.027 0.011 0.012 0.068 0.047 0.011 0.008 0.018 
 78    C3236    (0)    2 :  0.028 0.010 0.127 0.008 0.007 0.038 0.755 0.008 0.008 0.011 
 79    C3249    (0)    2 :  0.558 0.024 0.073 0.031 0.023 0.014 0.185 0.036 0.025 0.030 
 80    C3250    (0)    2 :  0.850 0.009 0.038 0.008 0.007 0.010 0.025 0.011 0.009 0.033 
 81    C3253    (0)    2 :  0.687 0.019 0.208 0.014 0.009 0.016 0.008 0.009 0.014 0.017 
 82    C3255    (0)    2 :  0.364 0.010 0.245 0.023 0.009 0.033 0.257 0.009 0.010 0.040 
 83    C3277    (0)    2 :  0.380 0.043 0.278 0.080 0.030 0.023 0.040 0.025 0.054 0.048 
 84    C3315    (0)    2 :  0.324 0.050 0.056 0.060 0.069 0.070 0.012 0.053 0.128 0.177 
 85    C3288    (0)    2 :  0.022 0.011 0.026 0.016 0.014 0.018 0.844 0.012 0.021 0.016 
 86    C3293    (0)    2 :  0.026 0.022 0.011 0.107 0.029 0.039 0.686 0.020 0.022 0.039 
 87    C4018    (0)    3 :  0.146 0.009 0.016 0.007 0.007 0.571 0.214 0.014 0.006 0.011 
 88    C3980    (0)    3 :  0.095 0.010 0.011 0.012 0.009 0.801 0.026 0.012 0.010 0.015 
 89    C3987    (0)    3 :  0.049 0.009 0.072 0.009 0.011 0.801 0.019 0.011 0.009 0.012 
 90    C3988    (0)    3 :  0.108 0.012 0.172 0.017 0.010 0.631 0.025 0.006 0.010 0.010 
 91    C3989    (0)    3 :  0.059 0.012 0.016 0.163 0.005 0.018 0.687 0.010 0.006 0.025 
 92    C4011    (0)    3 :  0.351 0.006 0.042 0.006 0.005 0.486 0.086 0.006 0.005 0.006 
 93    C4017    (0)    3 :  0.082 0.006 0.011 0.007 0.007 0.855 0.013 0.006 0.006 0.009 
 94    C4296    (0)    3 :  0.134 0.251 0.310 0.020 0.034 0.029 0.022 0.038 0.024 0.137 
 95    C4301    (9)    3 :  0.010 0.012 0.011 0.073 0.025 0.008 0.072 0.761 0.008 0.021 
 96    C4303    (0)    3 :  0.017 0.028 0.138 0.026 0.027 0.012 0.490 0.037 0.208 0.016 
 97    C4453    (0)    3 :  0.063 0.010 0.044 0.028 0.056 0.086 0.629 0.026 0.032 0.028 
 98    C4455    (9)    3 :  0.018 0.011 0.011 0.012 0.013 0.031 0.841 0.010 0.029 0.022 
 99    C4456   (18)    3 :  0.009 0.014 0.045 0.030 0.074 0.261 0.461 0.030 0.053 0.023 
100    C4457    (9)    3 :  0.111 0.031 0.099 0.092 0.022 0.024 0.475 0.048 0.061 0.037 
101    C4459    (9)    3 :  0.467 0.025 0.031 0.022 0.011 0.170 0.215 0.014 0.018 0.028 
102    C4464   (18)    3 :  0.214 0.011 0.145 0.011 0.010 0.063 0.517 0.009 0.008 0.012 
103    C4468    (9)    3 :  0.281 0.015 0.365 0.022 0.016 0.040 0.149 0.016 0.054 0.041 
104    C4783    (0)    3 :  0.014 0.017 0.007 0.018 0.008 0.356 0.547 0.008 0.012 0.013 
105    C4786    (0)    3 :  0.030 0.013 0.042 0.009 0.009 0.137 0.716 0.019 0.009 0.016 
106    C4789    (9)    3 :  0.093 0.011 0.034 0.017 0.007 0.260 0.489 0.051 0.009 0.028 
107    C4891    (0)    3 :  0.014 0.028 0.016 0.015 0.016 0.031 0.846 0.010 0.009 0.016 
108    C4896    (0)    3 :  0.027 0.020 0.012 0.051 0.012 0.257 0.511 0.046 0.025 0.040 
109    C4898    (0)    3 :  0.025 0.017 0.047 0.019 0.012 0.444 0.344 0.010 0.012 0.070 
110    C4901    (0)    3 :  0.065 0.010 0.021 0.011 0.007 0.162 0.678 0.016 0.010 0.020 
111    C4903    (9)    3 :  0.017 0.015 0.024 0.021 0.010 0.032 0.804 0.034 0.019 0.025 
112    C4904    (0)    3 :  0.031 0.014 0.015 0.052 0.008 0.500 0.347 0.011 0.007 0.016 
113    C3263    (0)    3 :  0.017 0.008 0.881 0.013 0.035 0.006 0.017 0.007 0.008 0.008 
114    C3271    (0)    3 :  0.015 0.011 0.905 0.012 0.009 0.008 0.014 0.013 0.007 0.006 
115    C3272    (0)    3 :  0.154 0.019 0.638 0.036 0.017 0.013 0.052 0.043 0.008 0.020 
116    C3276    (0)    3 :  0.020 0.026 0.022 0.105 0.074 0.015 0.454 0.222 0.020 0.042 
117    C3280    (9)    3 :  0.278 0.058 0.402 0.029 0.081 0.031 0.019 0.028 0.027 0.047 
118    C3305    (9)    3 :  0.041 0.010 0.877 0.012 0.011 0.011 0.008 0.011 0.008 0.012 
119    C3306    (0)    3 :  0.014 0.011 0.889 0.020 0.020 0.009 0.012 0.007 0.009 0.009 
120    C3324    (0)    3 :  0.070 0.025 0.723 0.021 0.103 0.013 0.009 0.009 0.012 0.014 
121    C3329    (0)    3 :  0.081 0.070 0.539 0.033 0.044 0.076 0.045 0.023 0.019 0.069 
122    C3336    (0)    3 :  0.121 0.027 0.624 0.021 0.015 0.026 0.079 0.044 0.013 0.028 
123    C3341   (18)    3 :  0.048 0.042 0.063 0.066 0.544 0.058 0.023 0.023 0.027 0.105 
124    C3409   (18)    3 :  0.091 0.033 0.392 0.085 0.034 0.044 0.076 0.047 0.026 0.173 
125    C3168    (9)    3 :  0.013 0.007 0.013 0.009 0.007 0.010 0.917 0.009 0.007 0.008 
126    C3170    (0)    3 :  0.134 0.012 0.033 0.016 0.011 0.016 0.745 0.017 0.007 0.009 
127    C3214   (18)    3 :  0.052 0.012 0.115 0.012 0.010 0.026 0.441 0.210 0.030 0.092 
128    C3227    (0)    3 :  0.007 0.006 0.014 0.007 0.006 0.014 0.907 0.023 0.010 0.007 
129    C3228    (0)    3 :  0.498 0.039 0.153 0.029 0.039 0.071 0.041 0.045 0.027 0.058 
130    C3278    (0)    3 :  0.008 0.011 0.007 0.011 0.007 0.006 0.920 0.016 0.008 0.007 
131    C3279    (0)    3 :  0.008 0.020 0.067 0.041 0.008 0.010 0.805 0.019 0.011 0.011 
132    C3321    (0)    3 :  0.012 0.005 0.010 0.006 0.005 0.016 0.928 0.006 0.005 0.007 
133    C3322    (0)    3 :  0.009 0.023 0.009 0.020 0.008 0.030 0.831 0.019 0.036 0.015 
134    C3303    (0)    3 :  0.013 0.041 0.206 0.013 0.029 0.013 0.618 0.039 0.012 0.017 
135    C3317    (0)    3 :  0.033 0.013 0.855 0.018 0.011 0.015 0.021 0.009 0.013 0.011 
136    C3355    (0)    3 :  0.035 0.012 0.482 0.011 0.015 0.020 0.393 0.010 0.008 0.014 
137    C3376    (9)    3 :  0.309 0.020 0.296 0.021 0.013 0.031 0.165 0.054 0.018 0.073 
138    C3401    (0)    3 :  0.059 0.021 0.756 0.021 0.015 0.023 0.047 0.017 0.018 0.022 
139    C3203    (9)    3 :  0.134 0.011 0.162 0.040 0.053 0.028 0.438 0.055 0.029 0.050 
140    C3245    (0)    3 :  0.145 0.016 0.130 0.051 0.010 0.011 0.570 0.023 0.028 0.014 
141    C3302    (0)    3 :  0.013 0.013 0.014 0.014 0.012 0.009 0.885 0.015 0.011 0.014 
142    C3307    (0)    3 :  0.071 0.020 0.042 0.051 0.106 0.103 0.300 0.009 0.077 0.221 
143    C3310    (0)    3 :  0.010 0.012 0.008 0.012 0.012 0.009 0.908 0.012 0.007 0.009 
144    C3312    (9)    3 :  0.558 0.028 0.114 0.049 0.014 0.028 0.145 0.014 0.024 0.025 
145    C3345    (0)    3 :  0.024 0.008 0.020 0.020 0.024 0.017 0.853 0.010 0.012 0.012 
146    C3371    (0)    3 :  0.016 0.010 0.017 0.018 0.031 0.007 0.872 0.008 0.009 0.012 
147    C3372    (0)    3 :  0.102 0.017 0.115 0.036 0.040 0.024 0.551 0.015 0.022 0.078 
148    C3380    (9)    3 :  0.020 0.005 0.011 0.007 0.006 0.012 0.913 0.007 0.007 0.012 
149    C3417    (0)    3 :  0.049 0.023 0.039 0.096 0.160 0.078 0.479 0.014 0.023 0.038 
150    C4569    (9)    4 :  0.061 0.152 0.038 0.047 0.094 0.358 0.012 0.092 0.036 0.110 
151    C4570    (9)    4 :  0.043 0.017 0.030 0.009 0.013 0.760 0.013 0.009 0.010 0.095 
152    C4571    (9)    4 :  0.121 0.015 0.083 0.015 0.013 0.381 0.030 0.015 0.020 0.307 
153    C4572    (9)    4 :  0.031 0.013 0.024 0.010 0.013 0.848 0.011 0.012 0.019 0.020 
154    C4573    (9)    4 :  0.029 0.041 0.038 0.044 0.017 0.065 0.009 0.036 0.246 0.476 
155    C4575    (9)    4 :  0.035 0.020 0.036 0.047 0.021 0.527 0.026 0.045 0.063 0.180 
156    C4577    (9)    4 :  0.024 0.017 0.020 0.014 0.010 0.857 0.012 0.009 0.007 0.030 
157    C4578    (9)    4 :  0.031 0.042 0.041 0.049 0.020 0.470 0.020 0.036 0.043 0.249 
158    C4600   (18)    4 :  0.047 0.176 0.044 0.110 0.019 0.484 0.024 0.028 0.028 0.040 
159    C4612    (9)    4 :  0.030 0.025 0.015 0.018 0.013 0.531 0.023 0.114 0.013 0.217 
160    C4621    (0)    4 :  0.134 0.008 0.021 0.010 0.006 0.716 0.057 0.015 0.017 0.016 
161    C4622    (9)    4 :  0.072 0.011 0.013 0.009 0.008 0.840 0.018 0.008 0.009 0.011 
162    C4623    (0)    4 :  0.043 0.019 0.132 0.047 0.119 0.174 0.071 0.029 0.029 0.338 
163    C4624    (0)    4 :  0.021 0.021 0.029 0.012 0.014 0.736 0.018 0.024 0.053 0.072 
164    C4625    (0)    4 :  0.106 0.086 0.087 0.036 0.015 0.091 0.013 0.045 0.421 0.099 
165    C4627    (0)    4 :  0.071 0.013 0.011 0.026 0.017 0.711 0.082 0.023 0.027 0.019 
166    C4631    (0)    4 :  0.032 0.018 0.014 0.013 0.175 0.656 0.013 0.011 0.017 0.051 
167    C4632    (0)    4 :  0.080 0.016 0.026 0.010 0.014 0.787 0.022 0.010 0.017 0.018 
168    C3939    (0)    4 :  0.089 0.018 0.015 0.013 0.011 0.714 0.088 0.019 0.008 0.025 
169    C3940    (0)    4 :  0.014 0.032 0.011 0.038 0.021 0.646 0.078 0.039 0.006 0.116 
170    C3945    (0)    4 :  0.091 0.012 0.016 0.010 0.008 0.829 0.016 0.006 0.005 0.006 
171    C4520    (0)    4 :  0.162 0.082 0.023 0.094 0.055 0.031 0.072 0.397 0.021 0.065 
172    C4522    (0)    4 :  0.132 0.011 0.013 0.014 0.009 0.434 0.352 0.010 0.008 0.017 
173    C3182    (0)    4 :  0.054 0.019 0.395 0.019 0.024 0.041 0.409 0.012 0.012 0.016 
174    C3189    (0)    4 :  0.638 0.032 0.047 0.075 0.016 0.023 0.024 0.024 0.089 0.031 
175    C3191    (9)    4 :  0.727 0.014 0.059 0.025 0.024 0.014 0.056 0.016 0.045 0.021 
176    C3196    (0)    4 :  0.266 0.022 0.069 0.038 0.017 0.012 0.490 0.034 0.023 0.028 
177    C3208    (0)    4 :  0.064 0.030 0.029 0.022 0.044 0.237 0.452 0.041 0.042 0.039 
178    C3211    (0)    4 :  0.066 0.013 0.022 0.019 0.013 0.017 0.807 0.021 0.008 0.013 
179    C3212    (0)    4 :  0.069 0.033 0.068 0.092 0.066 0.028 0.120 0.152 0.009 0.362 
180    C3213    (0)    4 :  0.011 0.015 0.013 0.021 0.014 0.007 0.884 0.016 0.008 0.010 
181    C3215    (0)    4 :  0.007 0.011 0.007 0.008 0.007 0.010 0.899 0.016 0.020 0.014 
182    C3217    (0)    4 :  0.254 0.018 0.144 0.030 0.037 0.014 0.435 0.018 0.012 0.037 
183    C3225    (9)    4 :  0.241 0.046 0.223 0.039 0.017 0.017 0.262 0.081 0.026 0.048 
184    C3226    (0)    4 :  0.067 0.008 0.072 0.011 0.011 0.098 0.693 0.008 0.010 0.021 
185    C3238    (9)    4 :  0.139 0.013 0.023 0.016 0.010 0.109 0.628 0.023 0.016 0.022 
186    C3239    (0)    4 :  0.762 0.010 0.039 0.016 0.020 0.015 0.062 0.016 0.012 0.048 
187    C3269   (18)    4 :  0.135 0.026 0.186 0.047 0.019 0.219 0.061 0.100 0.137 0.070 
188    C3273    (0)    4 :  0.100 0.013 0.417 0.034 0.008 0.027 0.314 0.023 0.049 0.015 
189    C3274    (0)    4 :  0.020 0.126 0.032 0.075 0.012 0.055 0.525 0.054 0.018 0.084 
190    C3354    (0)    4 :  0.175 0.016 0.110 0.066 0.011 0.024 0.538 0.018 0.019 0.023 
191    C3361    (0)    4 :  0.070 0.018 0.031 0.013 0.009 0.021 0.769 0.020 0.014 0.034 
192    C3289    (0)    4 :  0.017 0.009 0.011 0.014 0.008 0.011 0.896 0.012 0.012 0.010 
193    C3169    (0)    4 :  0.777 0.006 0.022 0.010 0.008 0.013 0.122 0.015 0.010 0.018 
194    C3199    (9)    4 :  0.123 0.014 0.057 0.015 0.015 0.110 0.570 0.026 0.042 0.027 
195    C3224    (0)    4 :  0.093 0.014 0.107 0.011 0.014 0.015 0.682 0.038 0.015 0.012 
196    C3261   (18)    4 :  0.353 0.012 0.058 0.031 0.011 0.055 0.451 0.010 0.008 0.009 
197    C3320    (0)    4 :  0.237 0.031 0.121 0.044 0.012 0.029 0.439 0.023 0.028 0.037 
198    C4151    (0)    5 :  0.053 0.008 0.020 0.009 0.007 0.857 0.012 0.006 0.009 0.020 
199    C4152    (0)    5 :  0.033 0.008 0.066 0.010 0.011 0.828 0.010 0.009 0.012 0.014 
200    C4153    (0)    5 :  0.230 0.022 0.047 0.025 0.014 0.234 0.280 0.047 0.021 0.080 
201    C4154   (18)    5 :  0.195 0.025 0.028 0.026 0.018 0.555 0.103 0.016 0.008 0.025 
202    C4157    (0)    5 :  0.030 0.058 0.721 0.021 0.011 0.113 0.013 0.009 0.013 0.010 
203    C4158    (0)    5 :  0.015 0.009 0.017 0.008 0.006 0.906 0.013 0.006 0.011 0.010 
204    C4163    (0)    5 :  0.077 0.006 0.009 0.006 0.006 0.863 0.014 0.005 0.007 0.008 
205    C4165    (0)    5 :  0.068 0.149 0.025 0.146 0.046 0.163 0.052 0.008 0.024 0.319 
206    C4248    (9)    5 :  0.593 0.027 0.124 0.039 0.011 0.023 0.137 0.014 0.020 0.012 
207    C4371    (9)    5 :  0.800 0.015 0.047 0.019 0.031 0.031 0.010 0.009 0.018 0.019 
208    C3936    (0)    5 :  0.223 0.020 0.012 0.012 0.012 0.671 0.016 0.012 0.010 0.012 
209    C3937    (0)    5 :  0.026 0.010 0.011 0.007 0.010 0.851 0.038 0.008 0.010 0.030 
210    C3944    (0)    5 :  0.235 0.009 0.068 0.007 0.011 0.603 0.038 0.006 0.007 0.017 
211    C3954    (0)    5 :  0.827 0.008 0.026 0.010 0.006 0.037 0.028 0.018 0.030 0.009 
212    C3955    (9)    5 :  0.605 0.017 0.039 0.017 0.007 0.156 0.106 0.020 0.020 0.012 
213    C3961    (0)    5 :  0.051 0.012 0.027 0.016 0.054 0.731 0.061 0.023 0.009 0.016 
214    C3974    (0)    5 :  0.095 0.019 0.010 0.014 0.015 0.717 0.027 0.027 0.016 0.060 
215    C4024    (0)    5 :  0.082 0.018 0.466 0.027 0.072 0.256 0.022 0.028 0.011 0.018 
216    C4025    (0)    5 :  0.039 0.009 0.052 0.012 0.023 0.773 0.008 0.014 0.018 0.052 
217    C4028    (0)    5 :  0.115 0.049 0.033 0.028 0.032 0.484 0.060 0.038 0.050 0.111 
218    C4032   (18)    5 :  0.867 0.007 0.036 0.010 0.007 0.023 0.013 0.009 0.009 0.019 
219    C4033   (18)    5 :  0.076 0.015 0.557 0.016 0.011 0.038 0.251 0.012 0.013 0.011 
220    C4034    (0)    5 :  0.218 0.068 0.254 0.055 0.065 0.048 0.205 0.040 0.022 0.025 
221    C4041    (9)    5 :  0.143 0.030 0.558 0.017 0.059 0.025 0.040 0.093 0.011 0.024 
222    C4043    (9)    5 :  0.589 0.019 0.128 0.019 0.015 0.074 0.071 0.014 0.015 0.058 
223    C4044    (9)    5 :  0.153 0.066 0.031 0.052 0.390 0.083 0.082 0.039 0.052 0.051 
224    C4045    (9)    5 :  0.476 0.028 0.193 0.025 0.011 0.054 0.125 0.014 0.030 0.043 
225    C4046    (9)    5 :  0.046 0.011 0.818 0.009 0.017 0.018 0.041 0.009 0.017 0.015 
226    C4047    (0)    5 :  0.043 0.062 0.033 0.024 0.018 0.014 0.736 0.022 0.033 0.016 
227    C4048    (9)    5 :  0.045 0.047 0.167 0.036 0.047 0.017 0.543 0.024 0.051 0.022 
228    C4055    (9)    5 :  0.410 0.029 0.287 0.028 0.020 0.069 0.026 0.032 0.036 0.062 
229    C4057   (18)    5 :  0.734 0.013 0.087 0.018 0.043 0.015 0.034 0.017 0.012 0.027 
230    C4059    (0)    5 :  0.011 0.008 0.885 0.009 0.008 0.019 0.026 0.014 0.011 0.010 
231    C4060    (9)    5 :  0.671 0.013 0.015 0.016 0.013 0.035 0.059 0.013 0.012 0.154 
232    C4064    (9)    5 :  0.196 0.106 0.292 0.039 0.013 0.029 0.024 0.025 0.214 0.062 
233    C4067    (0)    5 :  0.055 0.027 0.109 0.072 0.051 0.027 0.487 0.021 0.119 0.034 
234    C4068    (9)    5 :  0.087 0.026 0.082 0.026 0.019 0.035 0.633 0.025 0.027 0.039 
235    C4070    (9)    5 :  0.014 0.015 0.684 0.022 0.050 0.072 0.109 0.010 0.012 0.012 
236    C4075   (18)    5 :  0.040 0.014 0.034 0.020 0.016 0.017 0.792 0.019 0.014 0.035 
237    C4081    (9)    5 :  0.694 0.035 0.145 0.017 0.015 0.016 0.023 0.016 0.015 0.025 
238    C4082    (0)    5 :  0.203 0.023 0.033 0.028 0.020 0.074 0.517 0.046 0.036 0.021 
239    C4083    (0)    5 :  0.232 0.101 0.084 0.147 0.148 0.090 0.030 0.023 0.043 0.102 
240    C4086    (0)    5 :  0.857 0.013 0.012 0.012 0.008 0.013 0.018 0.013 0.041 0.013 
241    C4088    (9)    5 :  0.029 0.019 0.022 0.027 0.007 0.026 0.017 0.018 0.804 0.032 
242    C4092    (0)    5 :  0.792 0.013 0.025 0.026 0.030 0.059 0.023 0.010 0.007 0.015 
243    C4099    (9)    5 :  0.634 0.034 0.098 0.015 0.040 0.022 0.062 0.056 0.016 0.025 
244    C4104    (0)    5 :  0.276 0.023 0.015 0.026 0.048 0.335 0.222 0.014 0.020 0.020 
245    C4108   (18)    5 :  0.009 0.178 0.011 0.077 0.018 0.010 0.015 0.618 0.045 0.020 
246    C4118    (0)    5 :  0.826 0.035 0.019 0.037 0.009 0.015 0.009 0.015 0.017 0.018 
247    C4131    (0)    5 :  0.232 0.034 0.054 0.047 0.012 0.446 0.029 0.017 0.090 0.039 
248    C4133    (0)    5 :  0.463 0.012 0.382 0.024 0.009 0.018 0.049 0.019 0.010 0.016 
249    C4135    (0)    5 :  0.561 0.010 0.081 0.013 0.006 0.285 0.027 0.005 0.005 0.008 
250    C4136    (0)    5 :  0.019 0.054 0.014 0.017 0.019 0.624 0.027 0.061 0.075 0.091 
251    C4137    (9)    5 :  0.227 0.038 0.325 0.040 0.016 0.280 0.016 0.017 0.022 0.019 
252    C4139    (0)    5 :  0.097 0.012 0.032 0.014 0.009 0.781 0.023 0.012 0.006 0.015 
253    C4140    (9)    5 :  0.224 0.026 0.046 0.019 0.017 0.586 0.048 0.010 0.009 0.014 
254    C4167    (0)    5 :  0.014 0.042 0.307 0.014 0.036 0.494 0.015 0.011 0.026 0.043 
255    C4236    (0)    5 :  0.349 0.093 0.351 0.028 0.029 0.027 0.035 0.024 0.034 0.029 
256    C4237    (0)    5 :  0.030 0.060 0.059 0.059 0.019 0.058 0.011 0.098 0.551 0.055 
257    C4238    (0)    5 :  0.410 0.022 0.278 0.016 0.011 0.059 0.098 0.027 0.048 0.030 
258    C4241    (0)    5 :  0.087 0.031 0.586 0.031 0.017 0.048 0.135 0.027 0.014 0.025 
259    C4247    (9)    5 :  0.088 0.017 0.324 0.122 0.084 0.097 0.039 0.047 0.164 0.017 
260    C4257    (0)    5 :  0.166 0.016 0.076 0.015 0.018 0.035 0.503 0.062 0.030 0.078 
261    C4383    (0)    5 :  0.350 0.059 0.038 0.022 0.289 0.084 0.022 0.049 0.056 0.031 
262    C4397    (9)    5 :  0.102 0.017 0.786 0.010 0.007 0.046 0.009 0.008 0.008 0.009 
263    C4514    (0)    5 :  0.348 0.013 0.024 0.015 0.018 0.512 0.023 0.010 0.012 0.026 
264    C4519    (0)    5 :  0.041 0.015 0.025 0.014 0.012 0.345 0.295 0.081 0.006 0.165 
265    C4527    (0)    5 :  0.272 0.024 0.027 0.016 0.022 0.196 0.401 0.015 0.013 0.014 
266    C4534    (0)    5 :  0.186 0.028 0.022 0.050 0.071 0.087 0.433 0.059 0.013 0.051 
267    C4699    (0)    5 :  0.020 0.024 0.024 0.014 0.028 0.682 0.115 0.012 0.057 0.023 
268    C1541    (9)    5 :  0.297 0.012 0.065 0.011 0.013 0.020 0.542 0.007 0.012 0.022 
269    C1542    (9)    5 :  0.221 0.015 0.020 0.012 0.011 0.012 0.670 0.012 0.015 0.013 
270    C1544    (0)    5 :  0.194 0.022 0.387 0.020 0.013 0.025 0.238 0.038 0.042 0.021 
271    C1547    (9)    5 :  0.046 0.082 0.076 0.067 0.121 0.032 0.061 0.217 0.067 0.232 
272    C1553    (9)    5 :  0.016 0.094 0.237 0.120 0.079 0.221 0.052 0.104 0.042 0.035 
273    C1555    (9)    5 :  0.023 0.017 0.871 0.012 0.008 0.012 0.014 0.016 0.012 0.017 
274    C1557    (0)    5 :  0.022 0.012 0.890 0.009 0.010 0.013 0.011 0.008 0.013 0.011 
275    C1560    (0)    5 :  0.016 0.009 0.896 0.009 0.009 0.009 0.015 0.022 0.006 0.009 
276    C1565    (0)    5 :  0.223 0.064 0.210 0.052 0.056 0.026 0.294 0.018 0.011 0.046 
277    C1567    (0)    5 :  0.055 0.023 0.734 0.011 0.017 0.021 0.032 0.057 0.024 0.026 
278    C1569    (0)    5 :  0.045 0.013 0.811 0.010 0.014 0.020 0.049 0.011 0.010 0.018 
279    C1571    (0)    5 :  0.061 0.034 0.247 0.039 0.036 0.030 0.372 0.084 0.063 0.036 
280    C1576    (0)    5 :  0.230 0.028 0.132 0.018 0.020 0.129 0.070 0.030 0.061 0.280 
281    C1577    (9)    5 :  0.049 0.023 0.046 0.020 0.014 0.020 0.752 0.030 0.026 0.020 
282    C1579    (0)    5 :  0.127 0.035 0.426 0.036 0.012 0.019 0.272 0.017 0.017 0.040 
283    C3990    (0)    6 :  0.082 0.007 0.012 0.006 0.007 0.849 0.019 0.006 0.006 0.006 
284    C3991    (0)    6 :  0.085 0.016 0.012 0.022 0.029 0.430 0.036 0.014 0.034 0.322 
285    C3992    (0)    6 :  0.070 0.017 0.016 0.022 0.014 0.643 0.043 0.036 0.028 0.113 
286    C3994    (0)    6 :  0.467 0.018 0.026 0.059 0.086 0.064 0.083 0.014 0.030 0.153 
287    C4172    (0)    6 :  0.009 0.032 0.010 0.034 0.036 0.696 0.021 0.030 0.052 0.080 
288    C4173    (9)    6 :  0.042 0.014 0.017 0.013 0.292 0.502 0.026 0.014 0.010 0.070 
289    C4232    (9)    6 :  0.272 0.008 0.062 0.008 0.008 0.010 0.600 0.011 0.009 0.013 
290    C4234    (9)    6 :  0.642 0.010 0.052 0.013 0.008 0.013 0.229 0.010 0.011 0.010 
291    C4259    (0)    6 :  0.175 0.009 0.714 0.010 0.009 0.015 0.045 0.007 0.009 0.008 
292    C4260    (0)    6 :  0.275 0.007 0.011 0.011 0.006 0.022 0.641 0.010 0.007 0.011 
293    C4261    (9)    6 :  0.018 0.056 0.023 0.031 0.049 0.025 0.705 0.025 0.022 0.047 
294    C4262    (0)    6 :  0.055 0.032 0.566 0.016 0.061 0.087 0.046 0.018 0.009 0.110 
295    C4263    (0)    6 :  0.056 0.018 0.743 0.020 0.017 0.025 0.044 0.014 0.049 0.015 
296    C4267    (9)    6 :  0.628 0.021 0.033 0.017 0.012 0.098 0.075 0.014 0.039 0.062 
297    C4269    (0)    6 :  0.341 0.040 0.149 0.020 0.043 0.105 0.161 0.010 0.019 0.114 
298    C4272    (0)    6 :  0.797 0.011 0.127 0.011 0.009 0.011 0.010 0.009 0.007 0.009 
299    C4274    (0)    6 :  0.333 0.025 0.089 0.013 0.008 0.017 0.038 0.272 0.009 0.196 
300    C4276    (9)    6 :  0.019 0.016 0.039 0.027 0.014 0.010 0.025 0.773 0.033 0.042 
301    C4278    (0)    6 :  0.728 0.018 0.063 0.042 0.019 0.035 0.026 0.022 0.012 0.035 
302    C4280    (0)    6 :  0.107 0.031 0.039 0.040 0.015 0.108 0.563 0.018 0.011 0.069 
303    C4281    (0)    6 :  0.096 0.015 0.771 0.010 0.012 0.017 0.027 0.011 0.014 0.027 
304    C4282    (0)    6 :  0.060 0.148 0.264 0.145 0.188 0.019 0.094 0.024 0.044 0.014 
305    C4284    (9)    6 :  0.391 0.009 0.334 0.010 0.009 0.181 0.038 0.007 0.009 0.013 
306    C4286    (9)    6 :  0.027 0.027 0.152 0.032 0.023 0.112 0.289 0.047 0.016 0.274 
307    C4287    (0)    6 :  0.061 0.040 0.102 0.040 0.046 0.063 0.359 0.029 0.009 0.250 
308    C4290    (0)    6 :  0.048 0.042 0.037 0.024 0.045 0.041 0.013 0.399 0.111 0.240 
309    C4307   (18)    6 :  0.120 0.011 0.059 0.167 0.016 0.097 0.487 0.014 0.011 0.019 
310    C4310    (9)    6 :  0.255 0.018 0.352 0.021 0.012 0.047 0.128 0.074 0.070 0.024 
311    C4311   (18)    6 :  0.115 0.025 0.183 0.034 0.020 0.023 0.514 0.046 0.020 0.020 
312    C4312    (0)    6 :  0.205 0.013 0.153 0.016 0.012 0.020 0.545 0.014 0.015 0.008 
313    C4314    (0)    6 :  0.116 0.034 0.347 0.024 0.011 0.020 0.047 0.026 0.194 0.181 
314    C4318    (9)    6 :  0.233 0.014 0.476 0.081 0.026 0.047 0.027 0.015 0.008 0.073 
315    C4321    (9)    6 :  0.247 0.022 0.086 0.035 0.060 0.071 0.351 0.064 0.011 0.054 
316    C4324    (0)    6 :  0.767 0.015 0.043 0.017 0.035 0.032 0.032 0.018 0.010 0.031 
317    C4334    (0)    6 :  0.849 0.009 0.022 0.019 0.034 0.022 0.014 0.012 0.008 0.010 
318    C4529    (0)    6 :  0.610 0.031 0.030 0.030 0.021 0.021 0.156 0.022 0.045 0.034 
319    C1582    (9)    6 :  0.456 0.017 0.250 0.011 0.013 0.091 0.110 0.017 0.014 0.021 
320    C1583    (0)    6 :  0.156 0.019 0.322 0.038 0.021 0.042 0.227 0.029 0.078 0.067 
321    C1584    (9)    6 :  0.260 0.013 0.535 0.017 0.009 0.040 0.041 0.044 0.021 0.020 
322    C1585    (0)    6 :  0.877 0.006 0.030 0.007 0.005 0.025 0.014 0.011 0.013 0.012 
323    C1586    (0)    6 :  0.291 0.019 0.449 0.033 0.061 0.032 0.059 0.014 0.025 0.017 
324    C1589    (0)    6 :  0.572 0.010 0.182 0.010 0.012 0.113 0.032 0.012 0.010 0.046 
325    C1591    (0)    6 :  0.816 0.008 0.072 0.010 0.010 0.022 0.028 0.012 0.010 0.013 
326    C1592    (0)    6 :  0.306 0.020 0.328 0.020 0.020 0.013 0.080 0.017 0.021 0.176 
327    C1594    (0)    6 :  0.359 0.021 0.157 0.018 0.016 0.046 0.192 0.020 0.099 0.072 
328    C1597    (9)    6 :  0.347 0.043 0.086 0.026 0.028 0.032 0.329 0.066 0.026 0.016 
329    C1598    (9)    6 :  0.403 0.018 0.141 0.024 0.012 0.206 0.087 0.017 0.041 0.051 
330    C1599    (0)    6 :  0.223 0.014 0.226 0.026 0.011 0.014 0.402 0.042 0.010 0.031 
331    C1601    (0)    6 :  0.084 0.068 0.139 0.048 0.021 0.287 0.192 0.019 0.065 0.077 
332    C1605    (0)    6 :  0.312 0.025 0.020 0.256 0.024 0.039 0.035 0.046 0.066 0.177 
333    C1609    (0)    6 :  0.861 0.009 0.034 0.008 0.007 0.023 0.027 0.009 0.008 0.014 
334    C1610    (0)    6 :  0.130 0.098 0.124 0.080 0.012 0.012 0.326 0.089 0.075 0.054 
335    C1611    (0)    6 :  0.019 0.011 0.447 0.028 0.029 0.010 0.427 0.010 0.010 0.010 
336    C1612    (0)    6 :  0.013 0.007 0.513 0.011 0.006 0.009 0.418 0.008 0.009 0.007 
337    C1613    (0)    6 :  0.329 0.018 0.174 0.024 0.036 0.029 0.287 0.041 0.027 0.035 
338    C3173    (9)    6 :  0.198 0.057 0.386 0.052 0.041 0.033 0.137 0.041 0.032 0.023 
339    C3204    (0)    6 :  0.058 0.013 0.026 0.017 0.013 0.015 0.810 0.017 0.015 0.016 
340    C3223    (9)    6 :  0.044 0.020 0.017 0.270 0.060 0.021 0.385 0.142 0.014 0.027 
341    C3262    (0)    6 :  0.154 0.017 0.425 0.040 0.020 0.029 0.145 0.047 0.083 0.039 
342    C3270    (0)    6 :  0.360 0.020 0.135 0.025 0.014 0.070 0.316 0.017 0.012 0.031 
343    C3300    (0)    6 :  0.854 0.007 0.012 0.009 0.007 0.060 0.030 0.007 0.007 0.009 
344    C3330    (0)    6 :  0.720 0.020 0.029 0.054 0.012 0.048 0.055 0.017 0.009 0.037 
345    C3390    (9)    6 :  0.588 0.019 0.142 0.021 0.017 0.029 0.136 0.013 0.015 0.020 
346    C3424    (9)    6 :  0.138 0.044 0.331 0.051 0.015 0.036 0.309 0.025 0.015 0.037 
347    C3958    (0)    6 :  0.109 0.013 0.063 0.010 0.013 0.755 0.013 0.007 0.006 0.013 
348    C3962    (0)    6 :  0.248 0.019 0.008 0.011 0.008 0.672 0.011 0.007 0.005 0.010 
349    C4019    (0)    6 :  0.012 0.639 0.031 0.124 0.029 0.100 0.008 0.018 0.027 0.013 
350    C3995   (18)    6 :  0.050 0.015 0.010 0.018 0.031 0.802 0.028 0.011 0.016 0.018 
351    C4000    (0)    6 :  0.055 0.097 0.030 0.046 0.074 0.477 0.122 0.021 0.014 0.064 
352    C4002    (0)    6 :  0.054 0.025 0.024 0.014 0.020 0.740 0.084 0.009 0.012 0.019 
353    C1692    (0)    7 :  0.037 0.116 0.012 0.442 0.023 0.163 0.019 0.072 0.045 0.071 
354    C1693    (0)    7 :  0.210 0.023 0.018 0.388 0.068 0.030 0.063 0.085 0.011 0.103 
355    C1694    (0)    7 :  0.171 0.084 0.026 0.144 0.254 0.021 0.031 0.119 0.093 0.057 
356    C1698    (0)    7 :  0.032 0.300 0.018 0.344 0.114 0.008 0.007 0.087 0.060 0.032 
357    C1699    (0)    7 :  0.025 0.056 0.019 0.355 0.042 0.015 0.021 0.080 0.306 0.080 
358    C1700    (0)    7 :  0.043 0.407 0.070 0.066 0.149 0.064 0.027 0.040 0.038 0.096 
359    C1701    (0)    7 :  0.019 0.191 0.034 0.305 0.019 0.011 0.010 0.022 0.333 0.058 
360    C1702    (0)    7 :  0.010 0.154 0.014 0.587 0.047 0.013 0.009 0.055 0.063 0.048 
361    C1703    (0)    7 :  0.016 0.354 0.016 0.106 0.246 0.026 0.007 0.125 0.041 0.063 
362    C1704    (0)    7 :  0.384 0.098 0.070 0.096 0.189 0.029 0.013 0.062 0.021 0.038 
363    C1705    (0)    7 :  0.010 0.039 0.020 0.034 0.386 0.278 0.009 0.129 0.013 0.082 
364    C1706    (0)    7 :  0.018 0.043 0.014 0.324 0.033 0.010 0.017 0.077 0.371 0.094 
365    C1707    (0)    7 :  0.013 0.030 0.618 0.036 0.023 0.011 0.038 0.127 0.060 0.041 
366    C1708    (0)    7 :  0.015 0.045 0.017 0.455 0.375 0.011 0.014 0.018 0.017 0.032 
367    C1709    (0)    7 :  0.025 0.051 0.014 0.064 0.673 0.096 0.018 0.018 0.021 0.019 
368    C1710    (0)    7 :  0.033 0.351 0.036 0.371 0.055 0.019 0.016 0.030 0.065 0.024 
369    C1712    (0)    7 :  0.012 0.285 0.008 0.072 0.496 0.029 0.011 0.034 0.011 0.042 
370    C1714    (0)    7 :  0.028 0.026 0.021 0.121 0.732 0.015 0.008 0.017 0.015 0.017 
371    C1715    (0)    7 :  0.011 0.217 0.065 0.198 0.021 0.018 0.015 0.348 0.086 0.022 
372    C1717    (0)    7 :  0.027 0.092 0.106 0.150 0.053 0.019 0.044 0.456 0.019 0.034 
373    C1718   (18)    7 :  0.020 0.547 0.112 0.088 0.028 0.015 0.013 0.122 0.032 0.023 
374    C1719    (0)    7 :  0.044 0.112 0.044 0.019 0.569 0.080 0.049 0.015 0.016 0.052 
375    C1656    (0)    8 :  0.009 0.155 0.010 0.164 0.053 0.038 0.013 0.036 0.374 0.148 
376    C1657   (18)    8 :  0.021 0.092 0.012 0.137 0.424 0.021 0.036 0.073 0.162 0.021 
377    C1658    (0)    8 :  0.008 0.557 0.009 0.075 0.027 0.010 0.007 0.198 0.064 0.045 
378    C1659    (0)    8 :  0.027 0.066 0.022 0.171 0.017 0.024 0.068 0.457 0.114 0.033 
379    C1661    (9)    8 :  0.031 0.208 0.068 0.207 0.044 0.015 0.024 0.064 0.041 0.298 
380    C1665    (0)    8 :  0.021 0.443 0.012 0.149 0.025 0.011 0.026 0.084 0.180 0.049 
381    C1667    (9)    8 :  0.006 0.049 0.007 0.038 0.850 0.005 0.007 0.014 0.016 0.009 
382    C1676    (9)    8 :  0.010 0.457 0.020 0.138 0.122 0.025 0.012 0.023 0.139 0.054 
383    C1681    (9)    8 :  0.018 0.197 0.080 0.072 0.114 0.018 0.011 0.228 0.167 0.095 
384    C1682    (0)    8 :  0.012 0.086 0.014 0.176 0.491 0.015 0.017 0.037 0.071 0.081 
385    C1685    (0)    8 :  0.012 0.534 0.011 0.220 0.040 0.026 0.053 0.011 0.066 0.028 
386    C4707    (0)    9 :  0.024 0.629 0.044 0.059 0.022 0.072 0.024 0.011 0.021 0.095 
387    C4747    (0)    9 :  0.044 0.031 0.079 0.125 0.387 0.126 0.093 0.065 0.014 0.036 
388    C4772    (0)    9 :  0.029 0.219 0.034 0.030 0.026 0.379 0.062 0.035 0.060 0.126 
389    C4781    (0)    9 :  0.029 0.032 0.151 0.030 0.527 0.024 0.007 0.017 0.011 0.173 
